1
290.9487,73.1157,62.2009,227.2061
289.7924,73.4149,62.7934,227.1380
287.0182,73.1928,63.8728,226.9057
282.7531,72.9526,64.9937,226.2068
282.2287,72.5434,65.8980,225.4071
279.3755,74.2189,67.1757,225.7126
274.5251,74.8200,67.6980,225.9671
274.1388,75.3036,68.0859,226.1009
271.2347,76.1423,68.7919,225.3671
263.1629,78.9497,69.8310,223.5093
262.3093,83.2722,70.6694,221.0222
258.7239,83.9688,71.9800,219.9732
254.0927,83.2983,73.5113,219.0232
253.0142,84.5450,74.6902,217.6191
252.5127,87.9540,75.8636,215.6680
249.3892,89.5595,76.2147,214.9033
247.8526,89.9397,77.2747,213.7419
245.0602,94.4134,78.2943,211.3913
242.4937,97.0542,79.4919,209.0352
240.7477,102.7009,81.8963,205.4507
238.6297,106.2569,83.6598,202.2379
236.5063,108.1671,85.9662,199.5965
231.7323,111.2292,87.6594,197.9274
229.1831,112.3201,89.3128,196.2389
224.7399,115.7888,93.5206,193.0614
221.7091,119.8330,96.5529,188.7503
220.5490,123.3909,98.3094,185.5459
219.7529,120.7496,99.7523,184.3712
225.2536,116.5650,98.2936,184.9471
229.7546,116.4563,97.0047,184.7909
234.6499,116.6594,95.5364,185.4536
242.9490,118.3426,92.5552,186.7964
247.1610,116.9747,90.6516,187.3942
247.5155,117.1159,90.8083,187.5029
242.6394,125.1861,93.0834,185.4606
238.5167,129.7224,95.3671,183.5778
234.7438,130.7650,98.2579,182.2560
231.8784,133.0282,104.4663,178.8045
229.4004,133.7862,109.2433,176.8155
226.1037,134.7325,115.5800,174.9327
220.8822,133.5487,123.4581,170.3623
217.7009,133.3178,129.5196,167.9184
208.3983,131.4829,136.7675,164.7108
225.4596,119.9709,140.6605,161.4579
220.2609,123.4802,143.9057,159.5958
239.9297,112.6911,145.9835,159.3312
240.2926,114.4108,144.5149,161.4893
239.7800,113.7139,144.2871,163.3611
240.5168,114.1825,144.6827,164.5134
241.2979,109.8345,142.0013,168.7548
243.9575,106.3675,140.2712,172.4990
250.9233,102.8755,136.9939,176.2447
256.2029,103.3237,132.3667,179.8552
258.6031,101.2755,128.7250,182.8002
258.8228,101.5713,125.5420,184.6706
261.3553,105.9141,123.4154,185.4112
261.2542,106.4183,121.4768,186.0291
264.0315,109.1075,120.2133,186.0887
261.0828,111.1525,119.9818,185.4148
259.2116,113.5444,119.1790,183.8787
252.8226,116.6750,118.6022,182.3077
250.1686,116.0584,117.9285,181.8530
248.8871,116.7094,117.6042,181.7180
245.7189,116.4531,124.6995,178.4435
254.9175,118.9223,134.2452,171.5867
264.6358,117.0686,138.5304,168.4870
272.5022,114.8304,139.5480,167.6762
263.0903,118.2795,140.4895,165.5567
272.8951,117.5990,139.0357,165.3204
263.0391,117.7538,140.4472,164.3470
252.0434,116.6394,144.0284,162.9746
258.9190,112.9626,144.2172,163.8185
250.3385,113.0087,146.2423,163.1068
244.8072,111.4726,148.4234,162.7914
241.5853,111.6753,150.8823,162.0928
237.9056,113.7148,153.9627,161.7393
237.5035,113.7327,155.0201,162.6100
235.7555,113.3535,156.9445,163.1297
238.1881,113.1740,158.0125,164.2779
246.8320,111.5044,153.2338,167.0505
253.3303,110.2293,148.6085,169.6067
262.2290,110.5895,144.6708,171.8257
280.9582,103.4200,138.1065,174.9086
283.1256,107.4023,134.5752,175.1383
282.3590,102.6108,129.2708,177.0603
287.4507,106.6082,128.8213,176.4989
282.9143,106.2115,125.6167,175.6313
284.7185,106.5898,124.4769,173.8224
296.3210,109.5935,124.9660,172.9326
290.2178,104.8146,123.6102,173.0749
299.0236,110.4347,124.6387,173.7714
297.7863,108.5894,123.4052,173.5624
298.1101,112.4395,123.5490,173.1996
299.2251,106.4902,122.7500,173.7431
300.1513,105.6963,123.1733,175.7751
299.3820,98.5107,122.5413,177.6754
298.7895,100.9512,122.7447,179.0197
296.2644,92.3067,122.1172,180.9953
295.4396,87.2239,121.3849,183.3257
293.3514,83.9243,121.2621,186.1938
288.6240,79.3520,120.4834,188.4523
286.4365,76.1903,120.1457,191.5319
283.3114,74.2669,119.7009,193.9416
266.4495,75.6514,119.7870,193.0079
267.5112,75.7442,119.9124,192.3307
265.9664,76.2634,119.6583,192.9222
247.9653,82.4668,120.7870,191.4408
249.5075,84.0241,121.5768,190.1237
247.6920,83.4631,118.4538,196.1022
248.3776,76.6266,114.7273,200.5015
248.3071,80.8684,111.7867,205.0578
248.3071,80.8684,111.7867,205.0578
226.9951,95.2787,120.0685,196.0841
224.7474,101.8752,127.3557,189.3357
220.0502,104.0814,134.3098,184.8261
216.1142,106.6341,138.3594,182.2609
216.1142,106.6341,138.3594,182.2609
216.1142,106.6341,138.3594,182.2609
243.7429,94.1595,129.5150,187.9498
235.5636,88.2036,121.8216,193.4368
257.7201,87.1357,115.3075,197.4254
265.6198,54.7123,113.5060,197.8988
264.7138,61.1544,110.3162,200.3474
265.9328,68.2041,107.0695,204.3031
268.4085,65.1415,104.0265,208.3484
273.9305,67.2870,100.9617,212.6573
278.4768,66.0715,98.4443,217.1584
282.6948,66.8475,96.4893,220.0314
285.7164,65.3856,95.1673,222.4032
288.2481,65.6325,94.5945,224.6036
289.0198,71.3230,93.8824,225.2637
290.0289,70.1688,93.5426,225.5331
289.7722,72.7619,93.6717,224.9380
288.1525,79.8420,94.8102,223.4238
288.5984,78.5073,95.3044,222.3797
287.0122,82.3194,96.4719,221.5405
284.9361,86.9377,97.6548,219.1538
284.4293,88.8578,98.1699,217.0994
283.4508,90.8010,99.0771,214.3589
283.7122,96.0116,99.4366,210.9716
285.1658,97.4418,99.2921,208.3950
286.2240,99.4982,99.4595,205.8976
287.1251,103.0086,99.9973,202.8668
288.1983,105.9690,100.1260,200.3559
289.0791,106.7572,100.5262,197.8796
290.3430,107.1636,101.0837,196.3782
290.6974,107.9648,101.1471,195.0532
291.2643,107.1409,101.1754,194.1944
292.2105,105.7484,101.7507,192.6476
290.4791,105.5374,102.0728,191.8079
288.8296,104.9629,102.4026,191.6634
285.7675,99.8868,102.1296,192.2199
282.7870,97.1418,101.3518,193.9436
280.3130,91.4434,100.8412,194.2243
274.3228,85.4180,99.9287,197.3174
272.2869,85.0109,98.7022,200.5129
268.7358,80.3998,97.8356,204.3546
264.4950,76.6098,96.7691,209.0125
262.3238,72.2406,96.0360,213.1113
261.9333,69.8397,94.9442,216.3071
258.8990,66.0062,94.8414,219.2742
257.6060,63.8447,94.4220,221.5700
258.0150,63.0984,93.9004,225.2261
255.6468,58.8382,93.8739,224.7287
255.8454,59.4756,93.4702,225.0799
254.8981,63.6818,93.1749,224.2460
248.8995,65.2497,91.5270,223.5208
248.1589,64.7181,90.0854,223.0034
246.1501,64.9096,88.4477,222.2139
241.8374,66.0907,86.9271,220.7982
241.0446,67.8669,84.2807,219.4189
240.0083,69.2802,81.4189,217.9200
234.9195,71.8464,79.5633,215.1189
235.2177,72.4978,77.7832,212.7409
236.5364,74.3941,76.3820,210.8887
238.2292,77.6105,75.6528,209.1267
238.3891,78.2346,75.2962,208.4604
241.9220,78.8623,74.8796,207.4548
245.3660,77.7058,74.2009,207.3663
248.2291,78.9924,73.6705,207.4976
248.6292,76.6329,74.4190,208.9520
252.0094,72.7979,74.5132,210.0376
254.2453,69.9972,74.1916,210.7552
255.1728,69.2927,74.2260,212.9104
261.5396,68.2777,73.8579,213.5703
263.8701,66.4813,73.7858,214.2484
266.2928,64.9179,73.8368,215.0019
266.1270,70.5762,75.0715,215.4246
267.3706,71.7684,76.2394,216.5329
268.0127,74.0742,76.4924,216.9640
271.2673,76.5899,75.6879,214.7378
271.1843,77.1406,75.2502,212.9864
274.6973,81.4283,74.8468,211.0135
276.5386,87.7689,74.6484,209.5127
277.5427,90.3659,74.6481,208.2395
280.2677,91.0267,74.2930,207.8657
284.2787,93.9436,73.7232,207.7676
285.5882,93.1351,72.7467,208.0515
287.8365,93.3303,71.9680,208.3559
292.0851,90.5454,70.6235,209.4307
293.7251,90.4412,69.6590,210.1089
295.6702,86.5466,69.7141,212.2890
294.8082,79.7464,70.7305,216.0523
295.1910,73.2713,71.0680,220.8339
295.4894,68.2418,71.8602,223.0201
292.1300,67.2176,72.5174,224.1888
291.3417,66.3607,72.9531,225.8528
290.7852,65.1373,73.3846,226.7043
282.3185,65.5180,75.3542,228.0055
279.8964,67.9146,76.0055,228.7345
273.6205,68.3551,77.0837,229.2969
264.8224,66.8345,78.6348,228.2295
261.0417,69.9829,79.1280,226.3970
259.7216,73.3467,79.3024,225.3850
268.5689,68.6392,78.7359,224.3286
271.7050,69.1297,78.3383,223.5343
275.7655,67.6598,78.0807,224.1738
278.3728,61.9593,77.5297,223.6105
277.9298,60.8181,77.1584,222.8837
274.4443,61.6660,76.5976,223.1295
277.8255,56.9255,75.8326,222.8733
277.1502,57.0065,75.4816,223.6370
278.5192,58.1830,75.4969,223.3855
278.9406,56.4545,75.6307,223.2906
278.9693,55.5103,75.4281,222.7623
282.3014,58.4356,75.2156,220.9789
288.1244,61.0180,74.9241,219.4172
289.5608,59.3738,74.8696,217.9041
291.1854,63.7138,74.5101,216.7871
292.7875,68.2879,73.9176,213.6349
292.5874,67.8971,73.5928,211.2900
293.8777,70.2883,73.4945,209.6158
297.4546,73.8840,73.3945,206.4422
297.2624,75.6024,73.3122,203.8149
299.4492,77.0197,73.3944,201.8628
303.3055,78.3927,73.8744,198.8375
305.9856,79.8428,74.1627,196.5905
305.5646,78.3010,73.7383,194.8044
308.2410,74.1567,72.5633,194.1359
307.9110,73.7855,71.5818,194.2335
307.8199,68.3206,70.8723,195.3321
310.3436,64.1143,70.1222,198.3523
310.7313,63.3434,70.0810,201.0521
312.2690,58.7425,70.0130,202.7486
310.4817,54.8899,70.5072,204.0095
309.7568,53.5445,70.4547,205.4762
312.3947,52.8049,71.0401,206.7251
319.1668,51.1754,70.9357,205.5318
322.5014,51.9628,71.0612,205.2955
324.2607,47.6991,70.7212,204.4898
326.4246,57.8658,69.7405,204.5896
330.0929,56.7847,69.0760,203.3954
330.5112,59.0845,68.6913,201.4140
329.8450,62.9126,69.4644,198.7223
328.7305,65.8113,70.0992,196.1631
327.2581,66.7428,70.6239,193.0412
323.9424,65.8626,72.0531,190.3853
323.4644,65.9585,72.2760,188.1944
322.4409,62.8367,72.5790,187.5300
322.3340,59.2587,72.2669,188.2838
323.2435,59.9456,72.3978,189.9873
321.5324,59.8920,72.5648,190.9288
316.9850,60.0623,73.6708,191.1170
315.8652,60.9674,74.6115,191.2001
314.5963,60.9360,75.4087,190.1700
318.8840,62.4510,74.9274,189.4930
319.7106,61.8313,74.2560,188.8727
324.1727,63.4226,72.9148,188.2126
326.1360,65.1827,72.5101,187.3792
329.8761,68.7024,71.7417,186.2370
328.9915,69.2113,71.7082,185.3150
330.2336,69.6952,71.8352,183.8048
330.3136,69.2844,71.6128,181.9765
331.1356,69.8918,71.6222,180.6925
328.9494,71.3732,71.2095,179.1806
324.3767,71.4644,70.6961,178.0903
323.5612,70.9244,70.0269,177.0441
320.2905,71.9995,69.2952,176.0397
315.7301,73.8118,69.9214,174.1830
311.7787,74.1586,70.7624,174.0116
309.4330,71.5853,72.1930,174.7736
306.3937,75.2913,74.7640,171.2426
303.8660,76.8019,77.0683,169.1470
313.1759,78.0717,76.1407,166.8825
312.0332,77.6788,75.6354,165.0654
312.0944,78.3918,75.6560,163.6786
311.9803,77.9350,74.9182,163.9558
308.0453,75.8321,74.0143,164.4212
306.3661,76.8080,73.4848,164.5977
302.6750,77.2004,73.8682,164.6429
296.3585,76.3382,74.5220,164.2877
305.8903,76.6210,74.7727,163.7668
299.1370,76.1736,75.3522,164.0387
292.2249,73.5079,75.6037,164.2971
285.8765,74.7193,76.0107,164.2930
282.4211,73.6528,75.7192,164.2411
279.9019,71.3116,73.5842,165.6668
279.6922,69.9161,71.1188,167.1310
277.9751,69.3318,69.5143,167.7978
273.9060,69.3802,68.4379,168.0210
271.7922,69.0307,67.1267,168.7272
269.2518,67.3703,66.2341,169.0975
266.7953,71.8084,65.3836,167.8399
266.3726,72.2022,64.6415,166.8743
268.2040,71.7595,63.7017,166.3728
269.4114,72.3188,62.4536,165.9834
270.3506,72.4549,61.4578,165.4783
269.8717,73.1734,60.8655,164.9844
271.7326,72.9534,59.8947,164.8634
271.7906,74.1324,59.1698,164.5661
273.3899,74.2430,58.8530,163.9112
271.9935,71.9307,58.2423,162.9727
271.2913,71.6257,57.3447,162.8746
271.1740,70.2642,55.7416,164.2911
271.5754,65.7904,54.3843,166.3507
271.9074,63.4295,53.6159,167.4384
273.8032,60.7599,53.2033,168.2590
273.8441,62.4644,52.8288,168.2230
273.2291,63.8265,52.5785,168.1353
274.3825,64.1176,52.4380,168.6719
276.9656,67.4571,52.6884,168.1851
276.7183,64.9525,52.9786,168.0721
278.5207,69.7092,53.1441,168.3932
279.0636,73.8333,53.0525,167.0370
278.5040,74.3648,53.0922,165.7015
279.8965,76.6495,53.5266,165.3352
277.8012,78.4554,53.7683,164.9767
278.3476,78.0530,53.8491,164.0484
278.4761,78.8200,54.0408,164.0475
280.8417,81.3013,53.6209,162.0691
280.4548,83.4621,53.7437,160.1657
282.7838,82.9331,53.5116,158.7133
282.9667,83.5670,53.9223,156.7993
283.2495,84.7808,54.1837,155.3467
283.0983,85.1861,55.0452,153.6880
282.9509,88.2237,55.9600,151.6555
282.7152,89.1150,56.1775,149.8512
283.7701,89.2933,57.1497,148.3492
286.1363,89.0326,58.7102,146.7853
286.4948,92.0284,59.8531,145.1360
288.1847,89.3213,60.9983,144.7381
294.7500,88.0758,61.3356,144.2246
295.9477,89.2107,62.2964,143.6030
298.0481,88.6415,62.6570,143.2558
303.0944,89.5965,61.5633,143.5581
303.8870,88.1031,60.6581,143.4487
305.2519,89.2625,59.4117,143.7666
302.9341,88.9335,58.0869,143.4549
309.2881,87.9581,57.9359,143.4821
305.0412,87.4609,57.5759,144.0220
302.3737,83.9315,56.9027,147.9165
300.7927,80.1534,55.9904,151.1774
297.3215,83.0778,55.4423,151.1921
290.9353,83.3461,55.3179,151.7643
289.2859,83.2999,54.6175,153.1830
287.3405,81.2657,54.5899,154.5146
289.9384,78.6402,54.6457,156.9649
291.0354,78.1538,55.1487,158.5441
288.5328,80.3101,55.0967,159.4882
285.8847,77.7821,55.9265,161.4318
284.7954,79.8003,56.1915,162.9530
283.8997,77.2535,56.3401,163.8357
278.6046,76.1796,56.5739,163.7116
277.5984,77.0119,56.7168,163.8921
275.5932,79.9622,56.5541,162.5506
275.8796,80.9523,57.5004,160.7868
275.5807,82.8226,58.2735,158.6625
272.6437,85.1511,58.9372,158.0914
269.5825,83.9669,58.8902,159.7617
267.3863,83.8365,59.0491,160.4377
270.9410,85.0352,59.4318,160.3641
276.5199,83.7878,60.1535,161.0367
277.4994,81.6692,60.5193,162.4353
281.6061,87.3115,61.0103,162.0802
288.4113,90.1641,60.4664,162.1398
291.6247,91.5071,60.7255,161.1250
295.0117,87.0926,60.7858,159.9831
294.4243,87.0761,61.4446,161.4744
293.8359,87.1937,61.9670,162.8217
293.1030,86.4869,62.5200,163.1512
296.5762,90.4732,63.6001,161.4405
297.7467,92.7040,64.9316,159.4812
300.7794,93.5179,65.2290,158.1945
302.7256,95.8714,64.8784,157.1254
302.9052,95.3929,64.7996,155.6846
301.9379,95.1898,64.7798,155.2438
306.3611,97.3472,64.4977,154.5837
307.0487,97.6319,64.3036,154.0283
309.2498,99.7261,63.6296,152.9445
311.3321,101.6943,63.1697,151.4461
313.1900,103.1580,62.9341,150.1967
316.9962,108.9686,63.2362,148.4867
313.2076,110.0056,64.0399,147.9433
310.5879,109.0978,64.2384,148.1171
307.2332,108.5409,64.8942,147.2982
300.7549,104.5271,65.6082,147.1135
294.9054,102.0845,66.1419,147.5003
288.0733,101.8800,67.1979,147.0897
312.3526,113.3064,71.9083,142.9959
308.6682,112.7245,76.5369,139.9463
322.2926,121.0076,79.2316,137.5010
324.0666,126.7467,81.7636,135.0822
334.9767,122.7392,77.2734,137.6292
332.0979,122.1517,74.4150,139.1746
328.9140,122.0837,73.0401,139.2466
328.3683,120.9560,71.8478,139.1483
325.6395,120.2168,71.2414,138.4129
316.8958,120.8114,74.7618,134.2947
318.7082,121.1564,74.5530,132.8913
315.6514,123.0142,74.3427,132.9514
310.8747,122.6244,77.2714,130.7824
308.9514,126.6698,80.3186,128.1348
305.1049,125.3858,82.2773,127.2967
304.6307,124.2007,84.1779,126.2296
303.5707,123.1007,85.2928,126.0498
303.6297,121.1089,86.1857,126.8406
296.6397,118.7945,86.4914,126.4656
290.5110,116.3477,88.1367,125.6468
279.4148,115.1957,90.4569,125.2475
275.1091,117.3286,90.8112,125.6881
271.5918,118.1020,90.5544,126.3090
264.8603,117.3395,89.8173,128.5173
259.1126,123.5618,89.1475,131.0558
267.0866,120.2094,88.5895,133.2794
264.0663,121.4987,88.3181,134.8061
270.1791,122.5272,88.6181,135.4615
263.8671,124.5339,89.9863,135.4085
257.2707,124.5545,92.7288,134.8208
249.5517,126.9800,93.9159,134.1493
248.3561,127.9956,95.5381,133.5489
246.6176,128.0271,96.7521,132.9199
253.9330,124.4621,96.0222,133.0469
257.2137,121.5695,94.0383,133.6540
261.6593,124.7643,93.5078,134.0661
259.6338,117.5050,90.7993,134.8018
259.9475,116.8406,88.1691,135.4755
260.5226,114.9462,86.3278,135.7913
258.8954,110.6426,85.2342,136.1876
259.4460,110.9214,84.6421,136.2598
260.4904,108.2488,84.1772,136.9880
261.8986,99.2329,84.1629,137.5924
262.9117,100.1004,84.0290,137.4939
260.7105,97.3293,78.3095,144.0096
268.1430,99.6092,80.0504,141.8906
271.4333,101.8196,81.2910,141.8747
275.0146,101.7665,83.2528,141.7905
276.7876,105.8851,84.5381,141.8129
277.9842,107.0151,85.9234,142.1132
279.1454,107.5583,87.0579,142.3098
278.2527,109.6963,82.9833,145.6979
279.5295,107.8399,79.8022,148.4137
281.2630,111.5924,77.5842,149.7054
283.4199,116.3917,77.3412,148.9249
284.3181,118.3232,77.2786,148.0529
277.0862,117.9866,76.3624,147.4543
275.0893,120.8023,76.7828,147.1479
274.2292,122.0052,77.1914,146.7893
273.4398,121.5173,77.6910,147.2551
261.3539,118.9029,78.3090,148.4294
256.3364,116.1912,77.9173,149.6188
257.8304,117.1898,78.7659,150.0701
247.4493,114.8455,79.4936,151.2253
248.5648,115.8345,80.6934,151.4061
248.9499,118.0918,86.8499,147.0281
241.7620,118.0309,92.7986,143.1231
239.3545,119.4182,97.1591,140.8156
237.5464,119.1559,100.9666,140.1518
235.5840,118.2063,101.7405,141.7321
235.0533,119.5529,102.7263,142.9497
237.6752,116.8416,102.7774,144.4727
238.8545,114.6464,101.8057,145.3135
239.0224,113.3462,101.4149,146.2337
243.8950,114.2915,101.8544,147.5644
248.0543,114.2405,101.9791,147.8959
247.5991,113.0900,101.6929,148.4225
248.2612,114.7285,102.5969,148.7171
247.7264,116.9848,103.8524,146.9270
247.4895,118.4718,104.5639,145.3860
246.7829,119.2502,106.1844,143.7581
245.9918,121.1827,107.0886,142.4428
245.8618,123.4165,107.8934,141.0477
244.7771,122.9819,107.8971,141.5294
245.0520,122.1986,106.6460,142.5157
245.8318,122.5290,105.6889,142.8672
246.6261,127.2979,105.1273,141.8294
249.8398,117.2317,101.8234,144.7822
253.3189,111.3699,98.7960,147.6581
256.7564,105.9699,96.4720,149.8839
262.3611,99.8884,91.3995,156.9389
265.9557,94.9852,87.5653,162.2649
266.7751,92.0176,82.7905,167.4828
271.8844,90.9382,79.3948,171.2832
273.4611,91.1278,78.1174,173.0684
271.9936,89.8918,76.0807,175.5638
274.0734,89.9649,75.1743,177.2915
273.8465,89.0591,74.5217,178.6674
277.1744,88.4361,73.6066,180.1253
285.9631,88.3923,72.7459,180.1298
285.8710,91.0724,71.5490,180.7616
286.9540,92.7270,70.6166,180.2299
289.7198,94.9177,69.3563,180.4740
290.9580,95.6442,68.4627,179.7029
291.1166,95.8144,68.0750,179.9184
293.8174,101.7081,67.7274,179.6685
292.7380,100.9780,67.5843,178.8311
293.8723,104.1354,67.7996,178.8444
294.4265,109.2696,68.2998,176.9258
294.1339,108.1571,68.0472,175.5945
294.7857,110.9592,68.6238,174.3823
292.8078,113.4645,69.3493,172.3376
291.0766,115.4645,69.6844,170.4242
288.5051,116.1903,69.7618,169.4117
283.3636,116.7549,70.3292,168.8800
281.5758,115.6771,70.8035,168.0201
277.8504,115.8226,71.4867,167.3657
272.1329,113.7780,71.0968,168.7177
270.9984,115.0952,71.0013,169.6961
271.4367,113.1672,70.5148,171.2619
267.8250,110.5595,70.8489,172.4796
261.8328,113.6346,72.0070,174.2874
263.5965,115.4016,72.9329,175.7003
258.7567,114.7212,74.4655,177.0120
264.5460,113.2619,75.2906,178.4995
257.8714,113.1706,76.7915,179.4345
251.7264,114.4062,80.0744,179.8641
246.7033,116.6429,83.3643,180.1237
254.4186,111.5819,83.7304,182.0059
260.4928,112.9936,84.3940,183.5311
253.4362,116.8254,85.0320,183.2912
259.3691,115.6947,85.3803,183.6090
253.2363,117.6178,86.4614,183.8171
252.5242,116.1222,86.3058,183.1708
252.5813,115.6346,86.7312,182.7681
250.2217,110.7509,86.6622,184.1267
245.1887,108.2549,85.7557,185.3282
242.9950,110.3021,85.3137,186.5995
237.9070,102.2186,85.7546,189.2978
232.1841,97.6249,86.0404,192.4193
227.3010,95.7179,86.9142,195.4261
235.4503,94.4206,87.6179,198.4572
230.5511,86.6832,85.5369,202.1806
226.3300,81.4297,83.4031,205.5985
224.9603,78.3282,81.0497,208.6186
238.1152,77.1350,80.9197,211.8696
235.5078,75.3529,80.4343,214.6987
236.1719,74.4404,80.4757,217.3046
239.4067,79.3897,81.4268,218.3183
241.4827,81.5926,82.6233,218.9304
243.2247,80.8411,84.3987,218.1211
243.5623,79.8625,87.0782,217.8063
243.0070,79.9393,89.4324,217.8714
243.2421,80.1065,91.8472,217.1841
245.9202,81.8380,95.0017,216.2862
245.9898,83.1956,97.6902,215.3489
247.0005,83.1193,99.7127,214.3785
252.7838,85.6655,101.0805,212.7225
254.3694,86.4782,101.8205,211.1547
258.6619,88.9873,102.5565,210.3030
264.1560,90.1210,103.9224,209.5243
264.3199,93.4403,104.7816,208.5209
265.9726,91.4125,105.8289,209.2042
266.1273,87.5816,105.3951,210.6364
267.2706,86.3817,104.3915,212.2824
268.1688,84.0891,102.8307,213.4946
264.5131,77.1604,100.9066,215.4849
262.8753,79.3026,99.0270,217.8197
262.6255,78.6869,98.4015,219.8611
262.6125,76.9587,97.0362,221.5780
262.4675,76.7962,95.9711,223.2415
263.5700,79.2668,94.8042,223.8932
257.9442,80.3700,95.2730,223.3046
257.2289,80.2670,95.0879,222.2383
258.1322,80.3777,96.0802,221.0262
252.7059,83.8824,96.9652,220.5345
252.2825,84.0398,98.2224,219.9609
248.7599,85.5154,99.7168,218.8578
247.6122,85.2528,100.2768,218.6427
246.4302,84.6346,100.9359,218.5652
246.8090,83.6638,100.4307,218.6556
250.8503,80.4681,98.1298,220.4016
254.8906,78.0124,96.3461,222.2139
257.1438,75.5313,96.0846,223.1235
264.1528,73.0893,98.2158,221.6055
269.3016,73.6445,98.7252,221.0362
273.3726,72.5881,99.3612,221.4469
280.8489,70.8451,97.9054,223.0486
285.9021,69.9095,97.1313,224.2550
289.5587,67.6304,96.2951,225.2008
285.2356,64.5996,97.2621,224.7482
282.9750,64.3052,97.8501,224.3231
280.3977,62.5388,98.1443,224.9874
277.7346,59.7430,96.7268,227.5161
275.8894,57.4156,95.1189,229.8084
289.3422,58.0345,95.8885,230.0705
262.8698,50.0588,95.8071,230.1388
259.8763,47.3695,94.9062,230.7337
2
0
0
0
0
1
379.8090,79.1142,88.2520,191.6958
382.9878,84.2292,89.0199,195.1938
388.8040,80.6680,89.0275,197.8230
400.6967,80.5225,88.0816,199.7019
403.6689,80.4916,86.2029,200.6142
404.4998,82.0822,86.2731,201.4933
409.7026,87.1345,85.7815,200.8748
409.2082,85.9919,85.6226,199.7116
409.0470,88.8482,85.5246,197.9617
413.1360,94.9105,87.4921,195.8135
415.5255,98.0113,89.3678,193.3553
407.8352,98.0819,92.2435,191.2475
401.5971,102.0602,93.9833,188.2825
394.2318,102.9193,93.5694,186.2482
403.3177,105.5951,95.2442,183.6409
396.8853,109.1206,96.4866,179.9396
394.8216,108.2563,95.8733,177.8544
392.0450,108.2759,93.3127,177.2052
390.2302,108.0630,90.7287,178.0370
389.6927,105.1109,87.6406,179.5414
396.9406,103.9293,86.6010,179.4497
389.5166,92.2662,83.2851,182.4025
387.0553,90.3282,80.1926,185.5210
387.1233,86.5115,76.4787,191.2217
389.7205,81.8982,73.0918,197.3260
390.7356,79.2907,70.4172,202.3839
392.4045,79.4190,68.5061,205.7303
393.8104,82.0279,67.1803,205.5782
394.5923,82.6276,66.4666,205.6983
395.5944,84.9526,66.1899,204.0778
395.0357,88.2052,66.0959,201.7611
394.2883,87.0062,65.8648,200.0394
394.2862,89.5432,65.7699,198.7059
391.3188,86.8474,65.9812,198.9535
391.9141,88.2323,66.0190,199.8459
389.6258,83.4599,65.8863,202.1725
383.8987,77.3637,64.2953,206.6997
382.3341,77.3251,62.8494,209.9469
381.4629,80.4301,61.8950,211.4757
384.0607,81.6682,61.9638,209.8194
384.2531,81.6010,62.0504,208.9566
384.3252,85.0403,61.4514,209.4447
385.5184,89.4599,60.8243,208.8122
385.1645,89.9827,60.4202,207.6067
384.3543,92.8910,60.7522,205.6511
382.1353,95.2039,61.1270,201.5484
381.9894,96.7271,61.3942,198.9184
380.9021,96.0289,62.3330,196.7600
380.4359,98.5109,63.5771,195.7105
380.8166,97.8792,64.3056,194.6347
379.7873,97.9364,65.2628,193.5902
378.3771,91.6859,65.4735,193.5735
378.0022,93.8450,65.9210,194.2174
375.3659,96.5361,65.7008,194.0116
372.4886,87.4234,65.7055,194.2771
372.3747,85.3368,65.6888,194.9576
371.3089,85.7908,65.6530,194.9702
367.3532,86.6188,65.4221,195.8037
365.2211,85.7438,65.6079,196.3785
363.6678,88.9924,66.5493,195.6581
359.8479,96.9567,68.6717,193.1362
358.1179,95.3765,70.3215,190.8545
354.3187,99.3905,71.3728,188.7231
351.1659,103.3987,70.9040,185.8907
349.9336,105.2811,70.5081,182.8304
348.6002,108.4966,69.1270,179.7468
343.4852,111.8675,68.3467,175.5819
342.3054,116.4408,67.8569,171.3446
340.0598,114.4142,67.3400,167.6469
334.7372,116.9778,66.3704,165.7355
335.8167,117.8363,65.5019,162.7321
333.8625,120.7153,65.3244,160.5255
327.7317,122.3229,65.3456,157.7491
326.9147,124.4514,65.9623,155.2921
324.9670,125.8784,66.0243,153.2266
320.2057,129.4945,65.4604,152.7134
316.9757,131.7594,65.2578,151.8218
313.7496,135.1345,64.9967,150.9003
310.9126,133.5573,63.6181,151.0711
311.3085,133.8886,62.3925,151.2117
309.6802,133.1737,61.0456,152.8761
305.0085,130.8404,59.9943,154.8275
304.1709,130.7079,59.1069,156.5299
302.7893,130.5228,58.7041,158.1544
300.9403,128.4474,58.6300,160.1776
301.0092,126.5706,58.4372,162.4250
301.7052,126.5698,57.9692,164.1898
299.5089,123.4023,57.8143,168.0770
299.9438,121.9457,57.5452,171.3344
299.5183,116.7508,58.2262,174.2264
301.7262,117.9167,58.7637,175.0107
304.1674,114.6968,58.8666,175.1842
308.7714,114.3489,59.1551,177.5327
313.3244,115.4740,60.1166,179.7915
315.1791,113.6941,60.5970,182.6532
317.5104,110.8666,61.7852,185.6771
320.9638,110.7801,62.2128,188.0578
320.9628,107.0161,61.9344,191.6237
321.8783,107.6478,62.0528,194.9037
324.3325,106.7991,63.0576,196.9753
323.7177,107.1722,63.6096,198.4185
324.5039,108.9926,64.5500,199.0148
326.6442,108.4685,65.6526,199.6518
327.7655,108.2035,66.2979,200.0099
