336.5,165.5,26,61
333.26426014916035,164.1916938640029,26.77738838164143,60.7500613496004
333.9380671009632,166.27515015298843,27.713848546105144,60.24853735576629
333.3332000467108,166.01789355544452,28.622407924547545,60.92995769742719
333.31403470819,165.32715425619546,29.51833750238412,61.44822263759251
332.1028980915579,160.5979518230986,30.25168499254529,62.96030887738239
330.9373459321538,158.12549610756213,30.881478676740482,65.15239123359572
328.78211956629855,156.53544598675302,31.68019310812747,66.81327791797062
326.3170756205573,156.23968508802085,32.28502798981381,68.6844254888648
324.3490355287975,159.19706371134617,32.725865339242176,69.65760769533915
326.0487212415376,162.57026143858405,32.17482941829396,69.77501181285436
327.96252071704833,164.608251999291,31.341483864260322,68.99280744200502
326.6808356620982,163.871892394394,30.995258484658635,68.43925769275364
325.40250632916326,163.61188271148825,31.17686422160397,68.04317387434197
326.0549462533544,167.01038477734423,31.290050159583387,69.12812870411683
326.5357084659256,164.86920794448372,31.567010713116865,69.75289150374897
323.89105794765874,160.23292343795924,31.774661492539906,71.03099564253037
321.88472063686584,158.2816844219538,32.13534927673872,71.89942487884115
321.22739759504003,160.58377332416143,33.07024737359678,70.97420334464383
324.5991672642261,162.4471418049746,33.43521662210823,71.16290169719596
325.3169468267937,162.85242283200296,32.815537795587474,70.97603918899952
325.8150291187519,163.71032252871052,32.21531595926396,70.68477042092769
326.1400646184348,161.55643620301825,32.21285991580031,70.63479170283593
327.0569553783002,158.75773435610242,32.7008321363802,70.59704591775522
324.8368086187729,158.5937237828079,33.420619941018174,70.54142772871191
324.11789208514085,160.19191390658224,33.111136290180845,71.12372685204339
324.04571658671733,159.4351818489727,32.61543991564038,70.82896831578086
325.60620729504274,157.08519980450995,31.905953707729864,71.05397350806933
327.29053429727907,154.34500922043026,32.156228374140355,71.26312159441116
325.14411173796617,156.02181784010395,32.43838995623665,70.81248086797265
325.7847978069584,156.06715416200356,32.517485371390876,70.98558151647656
324.6360716601973,155.21855106245215,32.555588318752235,70.61844354786999
326.1117619431972,153.38378373419482,32.64154410223966,70.7933671795281
327.0871876933914,151.84626918973674,32.638038573912425,70.73647187765138
327.0297540827928,150.05708831705138,32.991938153040834,71.15688107594876
327.6846370763285,152.44750238259408,33.0699757205043,71.73907050391489
330.56792992338524,153.276464377723,32.4842166903618,72.32734421415756
329.5112756851918,153.0382519297138,31.547614621399568,72.45713433477582
329.42199855283707,151.62668200998218,31.189739302082693,72.12348415615736
327.05171251544766,150.061245446422,32.16610806684865,71.70300978915238
327.7086567847099,149.99810157833727,32.598747676975364,70.49295900527174
330.1225290080846,150.3380179420928,32.628341658723265,69.56069324596334
330.4024042190173,151.40146469050114,32.270361795811084,69.42276490284075
330.90492989434637,152.3877969231591,32.13757393630671,69.56446220052536
330.12892777540736,149.8534159442532,32.16315305096998,69.75971618180517
329.009664700104,149.9107210602739,32.37486331031084,69.9374113894744
329.13022206578376,152.1321449725502,31.966626065895476,70.48912809815539
329.02942759496455,153.77075885095266,31.434473187675355,71.45761595948403
331.7257021263832,150.45638740819496,31.0553103743803,70.91995078301824
329.9016673061921,152.40658695190172,30.74529257045705,70.31472414853135
327.4048602410952,150.95272401191096,31.51225455526513,70.64101196393766
333.2916911488334,150.12681724005128,31.07802736350698,69.67231206847856
332.16860418774723,152.07391771711724,30.911030709583727,70.00851167663303
333.98590130692816,152.71486344014238,30.31087317395017,70.76916316500049
337.38717232916053,151.528031691324,30.408380339080217,71.74625764904162
336.53944469458315,151.45233932448963,30.52289095090921,72.16697553667345
336.57590983050244,152.00871855504752,30.382649034516433,72.3063755981636
337.2603937422106,152.22571367478983,29.75240198575066,72.83873054968085
336.6288713610429,150.80756902593407,29.30729195053214,73.66695033216413
334.38071176405276,147.42611947699578,29.818989619701604,73.71900586696088
333.4550458082537,148.03057386224012,30.622484989170175,73.6125334005646
332.3457950868851,147.7334840349949,31.241963685821297,73.45864972917309
333.80517437783794,150.14928203108363,31.22058807854022,73.24426746303931
331.7382339249356,149.91484416192918,31.10233847592197,73.62757067548932
329.9308136746467,149.11297209469336,30.95848551985006,73.3304547387787
328.54344996759,147.2892635498431,31.18725203079579,73.68099897424648
325.8285807659522,147.7807847082216,31.327299939534022,73.99284765728345
324.59447188998104,149.95210444969769,31.11030484090568,74.75201576863057
322.5522406960197,149.69130047709288,30.982766858802723,74.80273590384837
322.3352565478098,150.09806570457323,30.361588937876213,75.08587583806312
320.599037743372,147.01324164745395,30.752759666716557,74.1812107885443
320.2073094112772,146.60622302840127,31.565409929683163,73.70426876048299
320.1371742316137,148.03753784198506,31.85465107176697,73.15376767716921
321.13614640515283,149.33080061167772,31.671150670573375,72.56374131857763
324.0154041351324,148.96171481344328,31.43886602268702,72.93312139445092
321.9353549154914,147.79947437965637,31.241626510308816,73.61088423681724
321.20401352367855,146.7997187223882,31.278968403050147,73.64601135316482
322.3038870766352,147.89212817525708,31.157656479708276,74.44498499083826
321.297778757384,149.05537654974918,30.648871063996296,74.34326379460373
324.74288392649925,146.53120975962742,30.525649956875366,73.71914206402573
323.3031732312999,144.1185220487402,30.226868241347432,73.18282171935115
321.87694951675985,144.63007589904822,30.763450153765024,73.77335981074256
321.3844014508064,146.7739244182482,30.94249723677124,73.33792383877937
321.4329331123723,148.58465303151843,30.714993469885314,72.63017005385879
320.8053942557868,146.88998934368317,30.4211858375974,71.75579837481129
321.9134436098107,150.43812807611212,30.271192495302717,72.12388686912088
322.0226909127902,147.58775046998198,30.7046942634739,72.7136763526214
321.7965541150617,147.29418520212928,30.91509989943159,72.87984783290307
321.8871259161202,148.7809301660928,30.729362322403865,73.4674099889452
324.07267677084053,148.17335165988342,30.047243338106682,72.96496486761299
327.07556324034135,146.44302945788854,29.875292172634047,72.90859143026367
326.3268510453198,146.75030312846164,29.45745839350295,72.75572110394518
326.1297673403245,147.61737957789572,29.812309797488705,72.98599388809856
328.1720301852104,145.58475811926104,29.8607205853781,72.18268507425833
329.9645757514705,146.5300798120205,29.659529618415814,71.61250463086282
332.9292935338021,148.1661226188551,29.54484710932518,71.7693364251831
333.1988076244244,149.0981751461657,29.056750683533863,73.03600849115213
333.25828789778564,146.37907481653474,29.44717274236408,72.40071996126605
334.84269091961755,146.370150390292,29.146172894913004,72.01038559670292
334.7359425049101,145.30487299876648,28.995945641619546,71.033497523919
335.66881452195264,145.4208220161123,28.512897401639975,71.43069707013706
338.1103504095574,144.05084976154558,28.847418342647476,71.1362742563488
337.69697640956355,143.1846487981714,29.35227735938559,71.60677408920978
337.837905374005,143.74598272642191,29.569093972214436,72.39654569823153
338.1143656910443,142.13316803292133,29.887836133679514,71.72495614259049
338.8996427490327,144.66864623702224,29.980145391459125,71.07640259312282
341.28523967839374,147.6733095606578,30.37009006728291,71.50819418620813
342.1198213463483,147.89424409438394,31.110375116612484,72.96127062103706
340.81841411175645,146.57659716679746,32.17206369220329,73.1936084672989
343.169227053012,144.96012374771271,32.27064637826528,73.03510537718469
345.7004181678847,146.57380889520874,32.36703518657524,73.24779641298792
350.02060038572495,143.39124987141795,32.237839230814195,74.59298219051941
349.6933461568122,143.3918565557639,32.74659114595709,75.02940993582405
349.4799465245123,144.10920875030644,33.73292007268908,75.44958754861581
350.7526629348298,142.5428217336135,34.59017098694789,75.44343746014499
353.19986071376627,143.9947622291993,34.46335641509788,75.32536932374023
356.1384953280031,146.7473896661678,33.39823909549875,77.0140341084641
359.88267239310954,150.67621282400637,33.03105167137103,77.75121353741585
361.1993091099373,149.52641131059494,33.63864728297315,78.5930228516228
362.06054015585005,146.66502566837136,34.324530413620735,78.91496291353573
361.4493750711988,145.64837881108497,34.4595075918192,79.85054196555663
362.0878850291327,142.7685025354972,34.18170035819856,80.14458626096442
361.13220515561517,140.96354791250252,34.49410125532667,79.9381576830859
361.74051216265946,141.57787314344665,34.95633145472376,79.7868329229112
360.02133982308413,140.52012039021216,35.46454946685178,79.07932774632052
359.3877846354901,140.6460763358128,35.604889226462035,79.27722478050947
357.041690901696,139.40414476170827,35.2101864734083,79.09831575006865
354.9096781974274,140.32266448893003,35.40606994468959,78.41460554882184
354.8899757072942,142.02875872065664,35.17893424860061,77.81269812365292
353.8697720928181,141.87312480372583,34.916006049314916,77.07172951971702
358.95849676025466,141.06888855131726,35.102862210657534,76.85131670768538
365.1879276900805,142.11682672781473,35.52403384404788,77.41014611755358
365.0725426229503,139.00068877058249,35.601076431974036,77.64585716690576
373.64483136011313,143.33819488750336,35.639001704230424,78.01156682637459
376.7065331513235,143.70628797639134,36.07223350160082,78.27211270473954
381.7432951884172,142.91764957936846,36.120954262313404,78.11852413947895
380.57214165457674,146.1340640061376,35.01465555416122,79.13467895522166
380.60365721137674,144.2897803901513,33.93176536501491,80.00441331289619
381.16928730975843,146.07829315881605,33.52041531305748,80.00742942252408
381.75294740188133,153.18491735659725,33.740940764225854,80.1452800412439
389.75963995898644,155.69579915335763,33.93748416258878,79.94250858563208
390.11788578791686,158.26661614340125,34.130395173204036,79.62643708265664
389.9360255450551,157.95592371918326,33.351146408248596,80.3697811256336
392.01427986390837,156.13225772011515,32.96348213661565,79.46556655013094
393.17912847713256,160.63769924675165,33.18702807041504,79.68552513351563
401.2269145841267,160.6181168073847,33.788002410992206,78.65415649822674
402.60859525603473,162.4120797568841,33.76408532300497,78.146693293396
403.43262722919934,163.26034552869683,33.67634461504859,78.1190033501886
403.66787850345565,165.77038020366595,33.10277697814462,77.59460527252821
405.53331444548013,166.63760638727467,33.60635591120388,78.27342290195381
407.4420229287314,160.55122271159172,33.70373648918074,77.82646121126653
409.33909089922633,161.08783816829646,33.362070612354,76.3931124749715
410.117835990185,164.79806681653912,32.860355238366786,75.43650663036001
410.1446809054038,162.4119201693448,32.47361587217773,74.98996457089734
411.964638589635,159.17591094303924,32.595484103568864,73.30622035108411
412.2855872945828,158.30090197589044,32.772292669682656,72.08353673585165
406.3759196437776,156.41183158851348,32.58637799418121,71.27500234352186
406.21390877277605,158.97677303818455,32.38469469668314,70.5863616621973
408.9446946602036,161.6224482153923,31.658212223891002,71.03436067301618
405.7719569508228,165.3185988373252,31.536335252363326,71.35657845304564
412.3142946624516,165.1113266527993,31.865289360966155,72.67511511736264
411.7206979823104,163.17977818054072,32.61034482423383,73.10004925822987
413.36764189911077,160.2466619892342,32.37885470906272,72.7710974100385
415.25721410078506,161.63135705242613,31.839513858341707,73.72090980211777
415.9468820693733,161.7618173085008,31.158813260902118,74.05426357242385
418.89890053226446,161.9206868710503,31.223846292852954,74.23727755201162
420.61198304948914,159.71294088983456,31.668425486766672,73.67240042340914
423.72244512125746,159.00586690720667,32.216170948485114,72.44359070128701
434.98355386234203,160.98019833337804,32.28693099011965,72.29782339490376
437.7745395980119,160.10548213349853,32.18746865497984,72.65979282106812
440.3497679423129,161.07580259879467,32.31348405805271,72.61633352061037
447.9487181469288,162.2861257364147,32.623934021135376,73.66545982265606
451.49906770668,160.42728037865407,32.866591034140285,73.40886946556077
454.4938125402999,160.25266619114603,32.74386925020123,73.82707200023478
451.7253844732333,161.02489153579427,32.862091923335946,74.16634290098048
456.4813611807361,159.80692481736733,32.09825786257845,75.14278091261002
459.25777091142413,155.1992283521357,31.7560616655151,75.11758374755327
460.77938739759253,151.41216947942144,32.22030049302878,74.52465399237143
462.56819899036543,151.1204157224539,32.32287907635802,73.80526596034703
464.0342654932801,151.4461310991032,32.03906912961074,74.23508742434119
466.6136086234812,152.52120562622412,31.910939547980544,74.99691184650928
466.05855879541457,151.40229866516208,31.476315693371642,74.57713919407895
465.3916437092458,154.52462820292533,31.927745531827814,76.31330506590962
466.8013669393793,154.89757833182762,32.46052747465217,76.04557028561928
466.0912397270146,154.02849815283759,33.035764525819644,75.46922315916333
465.4367186152024,158.39086045766413,32.928548414330635,75.49459868531346
467.36589273387983,157.19084885751664,32.65589878155947,75.3560378916967
469.45418420790094,157.41534299184184,32.612865523763816,74.11429258874453
466.9241186125133,160.90511866994524,33.32867927832078,74.34037725701285
467.7237516358769,158.34138983394726,33.459426125270376,73.51282499172243
466.56829284707146,159.0019073256183,33.277021330444725,72.93491884453528
464.33820588303223,161.33400484991054,32.60027576007959,72.11105225092213
461.82773442017736,163.72553833312352,32.738737587614295,72.73198032157501
459.3058458872615,164.28915145102414,33.370467744113725,73.36216210865435
459.4866937062084,165.1951646852081,33.73609230046431,73.69142463602918
453.01668126913063,161.9221324973025,33.30227779626295,72.65707471664386
451.4814101342172,163.15171392399265,32.74409644472141,72.1030082749686
452.59506186839116,162.47366756382087,32.30327125739457,71.00489476705594
453.63988755085813,160.90526764816855,32.210417454106114,69.52567153470088
447.66152946847524,160.24590812503226,32.437932302038405,69.00676770003781
450.2186916475233,160.48317975144332,32.673836730410855,68.61985946514716
451.29775041777293,159.75754761297569,32.73497272995059,68.69551684758932
449.5492228108303,160.1426238138415,32.737201388583784,68.68251116197551
451.46583753123605,161.71591572379842,32.4389543906282,69.65764050353022
451.4697216333599,160.34813536286964,32.97194998175637,70.65475022135944
452.696755861236,157.2692261685873,33.61405290509341,70.46510977050761
453.8679106214865,156.4556263310541,33.856702891580966,70.18023774070952
452.47643709215174,156.75790662088053,33.5758725035037,69.61922596855842
450.4010733116384,156.982335235162,33.12695826460357,69.97829461995079
450.1835505670527,155.50611871564658,33.24353431879846,70.27539104055818
447.3517061934402,155.18087809683442,33.167594751051496,70.22217710015059
446.241384439293,154.85569704880706,33.60642034629051,70.55412105102558
446.9086147486957,153.83342074702404,33.930753892142675,70.37509639362057
445.74734416635414,154.81615753871603,33.40920674086206,69.12540962492622
446.13238645065354,158.94774217166776,32.388793720868165,70.69193796797052
446.5463404738086,156.26708288767264,32.477482862077196,71.12826588196904
446.96928588570125,151.75950074837743,32.82196545900722,70.14490644840126
447.73636263274057,151.27504104739626,33.38704320806209,69.76330416667065
448.5621561525811,151.38615833191517,33.62260001870759,69.2257643348288
446.02412431463017,153.23640036992288,33.28128765319708,68.4019396521239
444.9754968751527,155.31528783890997,33.8669396535814,67.66029954843933
444.75527841042947,153.5192542383157,33.99240695397858,68.23624536214612
444.4838968035766,151.3078553350723,34.315630570053855,68.56353077849619
445.95877101299374,148.95281245116158,34.507612221333716,68.33292078368339
447.00424187632893,147.6382581541592,34.301341109859536,67.9548975627315
446.68101903200676,150.18334838516515,34.69822820070081,67.03086337910095
448.1106402287782,151.21567212575758,35.533095008589186,66.88002972733807
446.88361722820747,149.41447373952613,35.61929714338239,68.02390227265863
448.24493286612,145.65218378724586,36.341261919727074,68.0943634485815
455.7406469076087,144.33800232871556,36.99487816353184,68.727197429256
453.9579934251941,143.6328793732596,37.380679303318345,69.37617782388674
449.31058899678254,145.3657076792588,37.49958388615467,69.5007647898455
448.47490487264594,144.86585793102125,38.037714414892136,69.06636961888591
450.9625118647895,145.4785779142788,38.79400963928414,69.47251370064203
454.5812345195178,143.93824553963503,39.36461400863007,70.56903364306766
464.01748357932433,143.69855337634385,39.64038935703452,71.13791696638464
466.63252230120327,144.79939874548214,40.1729843375931,70.28029451691117
472.19408899278716,148.27704039261266,38.72860671461817,70.99786612301021
479.7868194516383,146.24600478096687,36.61400093760196,72.71977030070856
487.509492963604,134.88935536461577,37.06304688089466,72.06330671275643
498.1069781510459,129.58368723062478,37.065502348296015,71.11074966256214
505.3324271758678,129.81086173201174,37.1708262606273,70.90286006938275
509.38541918115493,130.36921378308395,36.863387610618204,70.83534911108296
514.9053887487288,130.49272894548614,37.41252737866871,71.13857879366003
517.9239156228482,128.3764395227946,38.19469131231462,71.09390925647469
521.2074763788929,127.71077948742628,38.37447655758005,71.2533358497715
523.0366467951392,125.8697799645834,38.267254575795604,71.92729303678416
531.125318681803,123.50316351496866,38.290609655006946,71.43156494510788
528.3790273062242,123.63111343467511,38.54431940125109,70.6579345716183
530.7112443668246,125.73136528412789,37.001816356100136,71.48567489126741
535.2284561165955,124.55282754086457,35.90033572383764,70.91398508085801
532.503214909763,121.84325770854383,36.29749534544922,70.28576718629542
531.3798658447155,122.09422637274592,36.7117980411646,69.51603384811224
531.8958774658976,117.55083707519407,35.8408327776691,70.21589723630679
529.133041793822,117.02183407418264,35.162048269311555,70.0489590044353
526.2920994583644,120.00256846226256,33.636663271647635,71.56252303467193
524.6051025673303,119.4699468659679,32.22913239551292,72.60375430239839
522.6574862106265,116.54453156281272,31.248553055239977,72.43939049266261
519.9485390510039,116.74512543597751,31.08503887381382,71.81402593714131
518.2252286037664,115.66227308851944,31.621805594628494,71.21684053157833
513.9896393519163,115.74702307609073,32.0174130381482,69.36120025759237
513.1090762837149,118.33591660971896,32.427372568601314,68.20739285418477
512.0799220062901,117.63905137196038,31.378526038841127,68.38726448685222
511.1289502760973,114.82010141185273,31.466498456593538,68.6634552891781
510.62003549953624,114.33406611237902,31.61537478171891,68.55512053362571
507.3864769655082,113.59640016935165,31.647636865491428,68.246609736842
503.7290406458116,113.1483171525257,31.56207739505189,68.73996817714826
501.2275397248323,110.90181328669162,30.73032047846559,68.84988588959035
500.1109357427942,111.48193802408228,29.54486207977935,69.76984757737617
498.30435527690986,109.48382401179177,29.153658044201812,69.85070942916667
496.78494045272913,104.32482454416407,29.330910658566758,69.99114374345038
493.3894130227785,102.6053010214514,29.924940219395676,70.7730488649713
490.3898576635249,101.05303801422119,29.97242749811414,71.10961075475217
489.45138242424355,98.80110437457967,29.66233383300009,71.44105991651202
489.19486451637925,95.46967025898101,29.268638639245264,70.75897461072202
489.40373207074805,92.64903482961263,29.209432025342593,71.03224734628984
489.6659606253097,89.72768461250666,29.791372545003526,71.0930631102442
489.3545432649541,87.89496807276637,30.682336584667244,71.5975274092072
487.0577724886766,88.34057222011816,31.20093888627619,71.80879094296432
485.18081989328823,90.3121307836846,30.184841235103523,72.75261048041276
485.7045571297655,90.66121796666327,29.28030098019803,73.7071552545082
485.43743629284177,89.69212382652981,28.493628862388924,74.30146669609104
485.9788418472535,87.53095343313541,28.5813713185909,73.21221499935933
486.43129680473953,85.07630798866164,29.406953757058034,72.01386991342284
487.1994452538942,84.03602041797278,29.970961700743963,72.25861114767318
488.58908965740665,86.3455589912122,29.424498172954983,73.65329027637134
490.15024347576684,83.82242378466543,29.368392699930872,73.84723095847733
492.0599380847671,82.75483220173638,28.995068907803063,73.2776044586555
493.8508456236951,82.06140164097745,29.272363231650008,72.66576210040651
494.68661210971953,80.48804043103408,30.08729070691253,72.88065625987151
495.2597102621437,78.84037922318383,30.71813392995733,72.8790819794813
493.8202187097615,78.31738491945586,31.28167900257141,72.71634620739773
492.9251920990255,81.52174402368534,30.84093254905564,73.53244289075397
490.2355030012977,85.3310774232224,30.580871638523725,74.89743869696551
488.99686345562975,83.7217340823283,30.26563545199704,75.54275396838383
488.94075947853975,82.31914734206332,30.07172566292335,75.23420130984519
488.50856945182915,82.35907875977759,30.60046439182438,74.54855340256682
485.6034095020115,82.5639178908028,31.160521077348328,74.60267247137273
481.2971034576028,84.64150144479464,31.446600802274116,74.95593918220618
478.90573754527975,83.71077165359873,31.428776920896052,74.89497730921471
475.4504111779692,82.86365694824386,31.61895684286461,74.65335574202682
473.0872204060923,84.51646983086977,31.585838359915503,74.5238967496174
470.2849799143529,82.26858919303206,32.19712524015338,73.90893739083236
465.18675018550204,82.18472162576496,32.31175276578722,72.89033731933475
462.9331024416546,83.1123451732586,32.33728679794611,72.55837132175958
459.0733420909043,86.94364091812976,32.4394945912742,72.28965543092474
451.61837643147226,91.6976141439615,31.8182560187808,73.90401771034036
448.08641601832204,91.21619586137541,31.27083155394362,75.54673817281707
441.11698502730076,91.17309677864694,31.70984326285389,75.66331055605247
439.3286298166536,91.18722050227248,32.23276144591271,75.28158044516995
437.27345014545267,92.62252861446267,32.860180591323626,75.0310399234568
436.37507994977716,94.08347506446069,33.42114920742889,74.62303848197212
435.23223286288936,94.74576253226246,32.55974007157313,74.74245759162613
433.3950197578752,95.82522366390133,32.45273269929551,74.52466489358736
432.4933578851285,95.02415093489515,32.4931810070525,73.99335269092467
432.12568751317554,92.89090153304566,33.38596828439992,72.79015688021323
429.6916723621349,93.26194290982322,33.69120819265184,72.72883141082255
429.9135807920904,96.59503004005406,33.310290907378366,73.90176609430009
429.4299099399605,96.39689335131342,32.64451648557756,74.86284521785984
427.36319513718155,97.66629153390451,32.49016008420801,75.8129538056806
425.655526851021,96.28220562335443,32.18990403377211,76.50608171007849
425.7392077448875,96.1580253808886,31.736946650202565,77.06379051001066
425.8142910716644,96.77144156077603,31.54717185337873,76.83097497638863
426.0233780014669,97.25319938773984,31.47320864827091,76.59796079541098
427.5553729641268,96.51844699640216,31.396101171147507,75.97654894448038
427.3514976671469,95.11054244980551,31.26499329180642,75.44653999491855
425.18335045573474,91.61920479133724,30.932304731995174,74.59586274608972
423.41167379976145,91.50594104035157,30.977218016704793,73.05231707263076
422.84800933159937,89.44173261656147,30.73863880712441,71.40714860069194
420.2824670917053,92.19476397228793,31.061789479539513,70.09074310054271
417.9776556238166,95.43199448164846,31.45657057266553,69.47124967596838
412.4164770356061,94.51005609806269,31.429731124330768,68.69674851917446
410.4056653190178,93.2260378900232,31.22879939698475,68.0187007219966
408.77577903191946,93.60871059528547,30.914340346578285,67.43159806938851
408.48056636005356,96.01275740483592,31.091722131712462,67.45127325293042
407.8231971382381,98.95147017205348,31.101346306086867,67.9992961361589
408.06367741323317,98.61266863241536,30.71303865810372,69.05665846750652
405.4623256718519,97.96973460686351,30.894821864224475,69.93903278639624
400.2544621295437,90.25296416218401,30.029606031970776,69.17584020102379
400.8123820243669,89.9952104538654,29.217297591029535,68.4823532290807
398.2738362799097,91.89150847422023,28.7995103110231,67.91935618739447
396.26831305252506,93.59490086588087,28.550957556960626,67.60871417293305
393.57808431854835,92.64419908351626,28.760695878185537,66.33387753189751
391.1482483420241,91.54204805953,28.871272391323128,64.62006110300233
384.54871316337267,94.14635153356369,28.604022710784232,63.79033417889128
381.84501649890325,94.41859275779878,28.514823518055554,63.053894271567366
378.89696872321434,95.44272474629182,28.379001497411892,62.3746794860562
374.44837404409014,94.85995050836415,28.13818464533314,61.81981153525291
373.9238211423373,93.70550328061303,27.92414786308438,61.18216515823562
374.70181574843883,93.46487534029148,28.047434044367403,60.73060656000451
