111.5,98.5,25,101
111.8591340809424,98.754148813239,25.66862964046811,101.68803149034329
111.71913866506425,102.64716891486066,25.843412991734187,101.56856957994667
111.64165070139691,103.3601676433178,26.134940165115903,102.7829653801735
109.63981392415275,102.44975338723512,26.618142385146832,104.20110854811963
108.49093917615794,103.02830527047439,27.396256919054526,105.60381923476608
106.63072318591348,106.38507730985299,28.051634721305533,105.52239624212952
104.85916672323941,109.34900562406915,28.596063240373148,105.07661005971158
101.81220779580168,109.69824637301176,29.06204377835408,105.05107018694461
99.22155784451148,111.45774339977032,29.18485912664371,104.87944795006261
96.59878566883921,113.9287788177094,29.03668666585445,104.40994562614738
94.32429519257838,114.60814412284705,29.256157883268703,104.03498997591312
92.05823159211234,112.71489371982815,29.79163510365576,104.33561469857686
88.66301595657221,110.1558294284538,30.464015799479665,105.00587779518057
87.04606557864415,107.92817394962071,30.93278055184151,105.39945503015996
86.89159931098942,106.13502978370488,31.297547991464057,105.17881544260382
86.37315483407978,107.2962070377566,31.63287376579037,104.68797493539303
86.96198965039147,106.48503532210674,31.73586428560231,104.0524000088436
88.01889444369542,107.94158083535666,31.826171281864905,104.00113969370851
90.18921875349831,107.79762983127142,32.011608515835775,104.83999759348819
91.9953663910752,107.53088968331886,32.28576090875757,105.61497555503699
92.97786230182983,106.10179904635484,32.91125823634192,106.6214373303307
95.59482142989101,104.71006749772087,33.35171694478864,107.35981404377908
95.37135318861138,102.98907461854282,33.981112185702116,108.15562751705522
95.84802131493224,103.0797668268726,34.73783450296852,108.26754623245283
97.73570042947011,106.07534566312663,34.785334845899015,107.65942803443208
98.36374735441409,108.24522920490315,34.67196252978638,106.23775296328445
100.49044067903655,107.30432966409177,34.19488441707099,105.49213209632933
102.31596079290225,104.89879982435542,33.953498329812014,106.00154602003421
103.07609308109188,100.16431501356132,33.94969047664594,106.55153695052134
103.28669393701296,97.73910783979609,33.86789960626878,107.1920084803638
102.21092313928847,96.2734861552956,34.08494360688441,107.9518820583339
101.57254382541501,95.03129531531752,34.08609655607296,108.31574791492581
101.96926358414038,93.42906013145597,33.9810250610641,107.36320915789304
103.46301567757831,96.10133451693477,33.55573739449767,105.28278835667726
103.64395419008585,97.53612369254185,33.341383042493426,104.59879526585433
103.00478438454725,99.89953858045,33.20209877604529,104.36219700401509
103.53586188451132,97.1472435479829,33.138439712510895,105.29421531449374
101.94884138742526,96.53643531937175,33.13029863308988,105.9930293592061
101.37025826280745,94.43866231532382,33.44539281268054,107.21220241007234
99.81224216474394,93.48989706355687,34.04946831706563,108.09101288282163
97.4821893742631,90.5411750705596,34.84816947908201,109.23691048591213
95.78402845956407,92.82972241583722,35.17890283420637,109.50421477072919
95.65865387465355,93.51950739972813,35.577544240737005,108.45715047611748
93.18753928447124,92.6996905355706,34.90445655327327,107.31529650110917
91.04051564852873,93.58175783449346,34.809241148919284,106.20912720573081
87.29426035934392,94.62911488306878,34.61400138778083,105.27953525995497
84.15242190781615,92.87983571051294,34.37883559369281,105.24641516688
81.2554235693901,89.82246753586963,34.16095091907397,106.20949250432578
78.95644327131063,90.15284381516216,34.265303994175795,106.68962708696849
77.69868831167967,91.91266463217087,34.09379146585164,106.59916750556334
78.0683267593405,94.88215061913152,34.05499234944158,105.614806356227
79.39051659103494,95.57638368239121,33.336095912828824,104.09862266023723
80.04939702533972,101.6579034212715,33.083008348777085,102.8263264380919
79.64331065146156,102.43224928952198,32.92592475507602,103.25098987565556
81.68305110637576,100.36692838231968,32.948635293459304,104.91182573417332
85.95675140835829,100.40702967026468,32.867447915812605,106.35283728582391
90.99041684265049,97.92338638307581,33.0074115113395,107.4832915752743
93.73254760800408,93.44223450489801,33.31650830659058,109.29709679647364
97.021234162134,91.19115573137245,34.46013682339181,110.66145460368709
98.31322663675886,91.04272643503305,35.45177157171287,110.78956201619395
98.37938111355612,92.39687400947707,35.34225156742911,109.80367110886776
98.96720028666384,94.80925335476631,35.22917890553223,108.76268345634472
102.56817412698942,93.32840429543842,34.695819863186735,108.45245612562917
105.58317714996778,92.47707142756815,34.24241770669532,108.76671224680673
109.2945727647883,88.05818171067926,33.758608963779146,108.70282503934914
109.033817990417,84.63231134342522,32.67430381716346,110.5815161332017
109.83793280441783,83.43868173579814,31.436808016514323,112.76937936404462
109.74266645690228,86.35058134369677,31.147335506867847,112.97298159554352
181.36681414564387,81.67235229351486,31.526863005361236,114.32829242570469
182.6296533477557,79.86760446327699,31.966542620012735,115.33012087846255
182.31541496023402,77.65142606498807,32.288875366153974,117.16801384981454
182.5097638948439,75.87331314201313,32.84246452477012,119.24796663591947
182.06278084341844,78.15572628447443,34.01234574369272,119.71356637638749
182.2179114663255,78.14318348112977,34.49327333397633,121.57118319683718
183.68613878262084,81.38093080871185,34.828641630767954,122.61800070597965
182.23422047205025,81.58515891768025,34.84672938868893,122.49088118299869
179.05871816496457,83.63964869623037,34.56699002245254,122.10925686767396
166.5212814567274,87.03351271630447,34.37063274129508,121.71403638062633
106.77167262721434,95.10900796123241,33.597130063407135,120.17163983150533
104.77108022200656,95.66120773930602,32.93220197404243,118.6878349556674
101.91183155204664,93.60209021366288,32.81079405196884,118.54695144997737
100.64915949329239,90.5245443227869,32.99062339515483,118.13831919074423
100.58305909452825,85.5612801976979,33.32677215401353,118.35712668439145
101.91939968720664,84.8200504247483,33.22533973841688,119.4013615868218
104.3721198927116,83.38356651879123,33.29957271302709,120.43127832280058
106.7941972081316,82.08137639860772,33.12222191900959,120.13992806771473
109.83493918470604,80.6077930299636,32.93307814911876,118.30847742295339
113.76965009507165,84.22413962001156,32.37893295115974,116.66888669799664
115.09958597359031,85.92811343509743,31.77190619534316,115.86835259817462
119.06381700906442,88.79284983386461,31.779734388524567,115.0034008272516
123.15255376575277,87.78578116041251,32.01483659688857,115.21265254831654
124.73224452138226,86.96738069669195,32.65726177393833,115.97136601476295
125.69822241069598,86.54456680360141,33.34063955243979,116.92827277446385
125.19460519217921,86.11506072695838,34.14125062895867,118.67427672662762
125.90047479050838,89.13577988047871,34.98067872966361,118.68125455728226
124.41289823519753,90.80168354822686,36.1518452909079,118.7854373169245
123.34679668672484,89.92824163222494,36.200181076375586,117.89753692727919
123.36035206770323,92.56144065457563,36.03342780758097,116.03440888875761
121.79997623077841,90.80709548357578,36.00579848663385,115.05716688059864
121.44770037335212,90.9962587473066,35.93828390633949,114.83201201165294
120.5685562952377,87.86599524097878,35.88602888305631,115.22562332148875
119.47836472986452,85.26485880817248,35.83018187883869,115.89093796948048
118.97830551316916,82.53925649934635,35.71567044753672,116.12692833466082
120.20814979277927,83.1872658552636,35.53225990726792,116.31860793940041
120.26519160992629,83.1646500361226,35.578813547358365,116.16778136397163
120.13471096917479,81.84228260765775,35.38693923921409,114.61677504429612
118.90678079941245,80.91100207262653,35.2600332842594,113.5709043459412
117.3851309801824,79.43025759193455,34.876948235295785,113.73797091924835
116.09693969013335,75.63104129872706,34.847421467859704,114.15027679667898
113.75243714214716,74.29747016240674,35.13812877711945,114.99787272742357
109.496303414388,68.32600618818287,35.55377758029404,116.94209767294159
104.48176090699505,64.89466266715061,36.607441643236655,118.57612460834717
99.58910478630644,64.96062229579307,37.746171281159285,119.1420689894633
95.77639429264818,69.8540571352038,37.81296418620043,118.70181987033422
94.62889904107027,75.57713903945518,37.502501674982454,117.68229466504194
94.31476131383042,79.63632540732254,36.8435771554021,117.00529003233451
93.18186671499159,81.32790089609023,36.518639023825614,116.16627224113948
90.84897493702962,86.350859133131,36.040198889716564,115.04383103256087
89.15695344739127,86.69509104854058,35.97256502344274,115.14697416442253
91.36781764730844,87.9494370834972,35.73810726493532,115.6419406276056
95.08995248277185,88.23301275123595,35.599714802718196,115.75498212030651
97.06391464920563,88.02809732153881,35.47504553195394,116.00114707410599
100.25506391955588,90.02667841805746,35.41973330411963,115.55225081505917
104.92893410684326,91.35883803405723,34.86326986130757,114.31633364929039
108.58884864078351,91.72741628707283,34.5794806226812,114.64079416005147
111.95648545260472,94.50489659042708,34.45644254515086,114.43187237170235
113.69424281384158,96.50285201533747,34.66546642550611,114.76921109082079
115.31515830291285,94.37970370965462,35.423334563116754,116.01820540840903
117.05737373041876,93.06946520653221,36.59690417731271,117.52133040583423
118.17372706910612,95.39131537971959,37.249785192198715,118.9724171802786
118.23760740724273,97.52343485811654,37.91706768637759,119.65492123495929
118.22350334406045,97.73732627259392,38.28613230526155,119.79107869264091
119.97493736999053,99.50468504565555,38.240647886061325,119.85601558262907
122.00189516127489,106.287436742469,37.57847548662856,118.55855379971995
122.3927513249013,109.15778149151447,37.03804022822912,117.72888887209409
125.63396051579412,111.95380469665099,36.43826936078675,117.17916414379737
126.01934229077983,111.79894926728144,36.274194489079946,117.69190758553474
124.97222898814407,111.3791332524923,36.05732323401517,118.6040670237129
124.20449847788136,110.1082422384315,35.923702328194764,119.23060709512367
122.75356560761352,113.36294643253751,35.876823056447115,118.93492284326418
122.78572794533487,113.56488686870782,35.86726376937398,118.16258164353673
124.56821231131161,115.58890950830089,35.534899541052084,117.23672803190735
124.97183276518088,114.80898712571137,35.463656012139694,117.1607928202416
125.82286616981575,115.16509179556184,35.46258643626075,117.68556868714465
126.39122202413691,113.54712169216485,35.7334679778931,118.54254303929386
124.54469324068423,111.09202078377106,35.987338256514164,120.54987467785877
125.03252948897276,107.38511506746156,36.88535374249631,122.23698818872487
124.96280329844208,106.9621523045893,37.88679091292914,122.93088266533702
123.95693122013792,105.88458658076681,39.23057335288556,123.49396356061385
124.31064127842527,104.5340609903221,39.075492730539224,122.76114204176571
127.47547437335693,102.2615056307965,38.90387707778527,121.74184445850977
129.2075474699546,98.91395842436509,38.26417088703138,121.45930396460379
128.05488057197525,97.70399970659042,37.60595316168876,120.56185074700066
127.30101791921226,95.25374248168934,37.236973059118455,120.19448141918443
125.90952520083894,93.68542490937315,37.09603524185201,120.77086580469205
124.99229725048033,88.72864723873244,36.8435634902102,121.42021235233334
124.52986109820164,85.49901275847007,36.79426612323212,121.46470689498088
123.546363267117,87.05549566098196,36.72637041844277,120.55682875170028
122.52952976326938,90.04230860307356,36.628637079382045,119.22049334526976
125.28662920555911,94.18701968121039,36.22752012687046,118.58534946734693
130.06911001165446,95.50769838741428,35.884706456269114,118.91691819477067
133.8862685728511,95.16010930804524,35.712263342054555,119.71706724081214
134.9516196274695,92.07899251806953,35.95631256223969,120.93561290496153
135.1793176299438,89.46410046669345,36.63104029176529,122.49109156871835
134.48360773637629,89.74964855706648,37.13756678075122,123.60928460019913
133.53922646924622,90.13129603218269,38.04540643722284,124.44950610943177
133.1492870547462,91.96312620813406,38.99545885163775,124.70126891235995
133.9331918255104,93.3688920896668,38.64262156772348,124.41155292611941
135.76970775227173,97.84109508958286,38.22004008689676,122.91818194902288
134.8011843555903,99.20388453068392,37.70089915519247,121.35013921584574
134.05842139715088,101.33324338379713,37.808434945461514,120.67755045973834
133.18736193867227,99.17375398385603,38.03625065502128,121.04387680524431
130.2859506068021,94.7331633141554,37.89013447217347,122.32036044033038
127.91834120872034,96.6387469404007,38.30269139165851,122.46139550793868
125.55585038374569,98.88585153311749,38.36576060035415,122.4100216534682
127.48735921318082,100.75555126449473,37.78712695370618,121.00268038201317
126.87916528371579,102.42860241485936,37.497658656287044,119.67204667869603
125.49331904509236,104.68475085152326,37.32477034015317,118.73506742659931
126.21756583955816,104.91060292193731,37.04543497151273,119.4684856564911
126.49973397457146,104.60876208979026,36.83674835158304,120.3186600791785
127.05319001927506,102.53358514592165,37.352261937567974,121.94532517373335
126.43989253200701,98.98563060770996,38.40796178266185,124.73561596402389
120.309422589289,97.7532881029351,39.68519996216527,125.97321812502473
111.9893974107955,101.14772747030301,40.363185576110254,126.61813102770958
112.32554255512224,102.7075141483291,39.93452285057573,126.30189000045381
108.74031642686899,99.06107193683692,39.922717454799525,125.22752302725894
108.35931322514668,95.97359937866658,39.130677704221924,124.75414270033181
107.35268966198063,95.16090679561219,38.49889576256083,124.17753845413284
106.2535681263158,93.97428354839221,38.147596883664676,124.19678604911299
107.44436603706153,91.42496522958878,38.26276214577612,125.51288689532274
111.08750689033762,88.47295267338356,38.33942981056183,126.6555384878357
115.73065754460309,89.10696496756404,38.32862307753138,126.3548072215611
115.98679846698272,91.70054217074721,38.34825636100318,125.72669383844914
118.99327690502737,94.49839205475057,38.089087956135785,124.91461061325859
124.14066308635634,96.7266263868328,37.41809298300421,124.39463701478319
127.77753853932728,96.51504409683669,36.972661626622866,124.42616260055851
130.88237536863332,94.56367408644664,36.82370221285331,124.7621487570503
131.24314972586157,91.27744179790274,37.583847958312,125.89779807229726
128.7848617268922,85.67806926110131,38.76882867846447,127.25114615035568
125.5844512484963,87.86180882705247,39.8431468352685,127.84287359956907
125.63412708822256,91.38564431111331,41.1786342852639,127.766332525704
130.98783200146283,95.12413607148467,41.97603097733801,127.69491665098789
135.46517563923823,97.7755850011808,42.23492287964368,126.25551390306109
135.83985237914598,99.53591988605322,41.03850428485323,124.95876424020405
138.19925871065158,100.60887468351433,40.10648103910884,124.72047459843738
138.3582733256658,102.15879595988393,39.33719285169439,124.0552714995861
138.22110642283894,100.63475288160387,38.756246556048836,124.72948537602538
138.05930927895616,104.92656279647987,38.41282248987531,125.00822077851214
139.53377654732924,107.30814393697472,38.023750805225774,125.46348424825486
141.51402354426205,107.80679633588963,37.871410917500285,125.97816534844294
145.5124962359274,109.32610332099961,37.364444324452805,126.28826429936555
143.24610083908047,112.3672892358039,37.083699427838994,125.37203827130116
143.0343422407184,115.12591689960495,36.74356018716615,124.79151571271152
141.72772265989178,118.67505303216083,36.74397395514262,124.80763811236416
138.04146783267328,121.10176568543825,36.960588853262465,125.45046486574583
133.47957270127296,123.23322144309316,37.106152454381004,127.26252502630882
130.1192376476928,123.32514844978967,37.835212988177055,129.00960389236374
121.55399467927113,125.12085572052143,39.562238422395886,129.85115367585138
119.383868162588,127.49765903456463,40.56947362968182,129.90714024844857
118.26521758560946,130.49815634497938,41.5332835202493,129.24730067980414
119.83089548244749,128.64181354976182,41.44107462675025,128.49858146982422
119.70585803128549,127.22608810634496,40.62777727470261,127.75087095109458
120.26639212619014,124.336510646655,39.80610607662305,127.42923870769374
118.74180370696328,118.05203243790703,39.02748264118149,127.20061535986984
117.94216974281196,116.320519920137,38.44824800982228,127.3962451374601
116.09189320277291,109.80084497445355,38.468740226405515,128.58194588942268
111.86693703173326,106.44781020529624,38.89600661816743,128.79505449786672
111.30055746817592,109.67050580251606,38.81905395519726,129.18363623433527
111.425361821011,109.20216034572434,38.44173088380637,128.35065511174776
110.86617973047717,108.46252515699666,38.03167986177954,127.16030473686851
108.47691133599662,107.74576711597476,37.31855414845184,126.38274932767088
107.8303098120361,109.54314011333301,36.84762147802721,126.84990871701807
107.79803032148253,106.41259443559909,37.25028077327468,128.52634240341854
107.1091981512057,101.73617395651057,38.23636021082656,131.05968148476452
103.18268333436437,97.41852040642354,39.56905273971185,132.5329302315145
95.35199540260493,91.07078643096375,41.108215239583274,133.26410279516602
92.09861862500318,86.23448841792168,41.77143527885658,133.7017621070778
94.84096877493266,84.56795197335697,42.048738877618234,133.5758098516302
102.05993292251887,89.39823559077534,41.48436481218216,133.0019974156826
107.22785375380286,92.60783074246197,40.49577981007558,131.28631072101297
113.12533572541439,94.11484896023063,39.91268606033399,130.00713172547046
116.53635503032764,95.06666943459287,39.59170030695278,130.50615639182777
116.9932396598687,93.06408193621434,39.621429420902274,131.15951664172815
116.208584042477,92.87058384614133,39.762911628509784,131.43405285682394
115.36642905848183,92.43991945516697,40.00723143365069,131.48888406492011
115.06437891813552,94.08764318344903,39.994454992961174,131.00301455025053
116.88792279287512,95.43574971811094,39.532273487759944,130.67431680647297
117.0687284464002,99.38677219838648,39.21815436445469,130.24205896674098
120.90523797909556,104.2884024730142,38.909306804038316,130.41371678296406
122.29977555868146,106.00920156296378,38.80281378483538,131.18905900604952
123.3510762617177,104.70592761935669,39.46940364386912,132.46089045401658
124.9264733570789,106.87913432311909,40.94323227495457,132.44331873274055
125.05134500504886,107.97475992778715,43.87204470601968,133.07638903181203
124.40825627377822,110.14808970960388,45.015025198336566,133.1833570545433
121.15605799297637,109.093694842735,45.687350932456134,132.79238544527874
122.91929127455924,111.67780739141989,45.455348957455676,132.4100714311304
126.08217275874946,113.71091680211833,44.04438424881033,131.54407820139306
130.17640297264774,115.01045343441952,42.652880837004986,130.64606475505852
132.4374770008991,116.202219728145,41.585996395156855,130.64101045625807
133.6876500291462,119.31299253187362,40.81624092055651,131.22411658601396
133.49301795824348,119.28763281677966,40.411341239234204,131.31831811865558
134.26922917795622,120.44724443868037,40.255494846752384,131.61717835187443
131.3298205654143,120.09867307344128,39.93867961410311,131.5568806345453
120.83609514740505,123.13894292710432,39.26919571196244,129.7530938759802
119.58186514237427,130.98992967962138,39.18128979337408,129.3502813282825
119.48408838080613,132.25785759430707,38.68128840442006,128.8447175330603
119.35256870856892,130.26705297847877,38.42210832941509,129.56947676052073
117.95498014598897,125.18779929733,38.92094665795942,131.5008065028842
116.49925518451815,122.46051315003139,40.91640169831744,133.16275980753696
109.70463869716271,121.26221821479689,43.72925890245946,134.47885169788816
106.43999191980679,119.22853660713523,46.7472514165219,135.1002806175572
107.3190659218981,116.09412852999532,49.17058763475137,134.5905199209459
107.72734805512906,115.34964047087101,49.628947408130166,133.1818469894356
106.28532128044124,115.60461369539453,48.49880217744598,131.6765505967507
104.72152807500309,115.38722393731743,46.50602869070875,130.94523843237818
105.14086871214909,116.21750033751937,44.83312962962782,130.32917716143902
104.45859157861861,116.82936200965908,43.776079024938895,130.26862928083605
103.55538749113035,117.55214506388575,43.08837828458644,131.29690317062796
101.62478094514185,115.26021810342584,43.0412049076761,132.1382167320507
100.06753177300142,117.47104426267357,43.29168600380328,132.2606594529229
99.80014658652767,118.74535646116979,43.44005436583311,131.51503991680846
102.85321649790713,122.37548244328221,43.0835368880449,131.30589726654847
104.82169081328907,123.5635666826728,42.74456422659561,130.74853948913753
104.84963202945032,123.5798092101916,43.05092723475618,130.62441329113557
105.9314323427893,121.54861455389671,43.74447096385217,131.94950006199255
108.401011572689,120.17640633413244,44.670831550836205,133.49584108781718
108.7241480098283,120.75279726283502,45.54087008364684,134.92107241209843
105.90054428485551,119.64234039810084,46.44814833437366,136.3078416684909
102.9415645104764,119.49670877945059,46.746474685347465,136.6404567643179
104.15326398200986,121.9583760721347,46.85143587068326,136.34521542159493
105.61332984691617,124.76408515114373,46.038265391175806,135.81709737725484
108.28914918222728,125.93625069674991,44.67866115582582,136.02681863894776
106.79821477803333,124.06631632634912,43.407721870189064,135.48771284666827
105.78486659205839,125.12423078912067,42.580664198559816,135.6335409207132
103.85863975155512,126.09328103580523,42.23625518196504,136.1501737990787
103.01529356556229,127.43657419652173,41.83999791558401,136.14687128349286
104.85877292227399,127.72257390261757,41.56337951130369,136.5202949975219
105.80623063063692,127.87053495921373,41.51232329028704,137.532385489043
106.25130288921571,128.45551479895906,41.23179630442906,136.62359533255307
105.32507364721152,130.34346452433488,41.088888572731555,135.80118828483185
105.49601120556018,127.91547293122983,40.681779160010386,135.72783730737615
104.2809558401679,122.74624506508866,40.82757263577479,136.40179375682158
102.1892842118688,120.31064686210402,41.22740163112731,137.2895912484537
97.72051712044279,117.67554973654914,42.293940292433895,139.03364433287643
91.82435376586609,114.89538179191328,44.15556669946327,140.95644679586337
86.27091496530491,114.68787046535665,45.979969782763376,141.20554194944393
