163.5,44.5,47,164
162.8394010204301,38.63737959596017,49.90956780548379,162.74845228726667
168.60591547274828,39.02728927724945,51.248736052031504,162.54049609912659
164.66703515226982,35.29395383174639,52.685752292964025,162.36115706810511
168.80564601753122,39.6554977357775,52.97356256775131,163.14282046548723
163.84955289303053,35.72979928603124,53.20896144034887,163.33305355806448
161.36232689646124,31.15944680023418,53.10214607661485,166.00018675231485
159.9660328524532,27.00963941611826,52.46332218304834,169.8271757881248
160.29888661641814,16.862496501100907,51.89908851556104,175.74471257946323
159.15916111709967,12.20524837145031,50.761594056739526,181.2384059117472
157.59627814015627,10.60760911464331,49.72418967294931,185.59597666741138
157.3568437928413,6.764935619473846,49.26076889595299,189.6904702050678
157.1153718699838,5.2006510850734315,49.114705223376504,190.9485745912896
156.97015654568267,5.35983343286351,49.32492140135385,191.40265140209524
157.30144486144255,6.119007626264207,49.616439775823146,191.14818255287625
157.4359410228539,9.664557210009164,49.85485398576486,190.7713468245648
157.8465607111063,15.70709075080687,50.06236836673689,189.36355349327457
159.06134778752198,23.542839065310204,49.822012258186525,186.7965671715799
159.2438339985045,24.96501505471261,49.888294103914056,185.09079897211012
162.2693804547873,37.77380322660174,50.701384140414625,182.8577460200555
163.32129759831173,48.98370166672416,52.39858835701259,177.69340034220323
157.92124743828964,52.220710034134655,52.72465436766957,174.15690935658878
161.69224298684279,53.79768475898291,53.686340638727344,170.36107814295718
162.9045396696799,56.960882038866245,54.67292395457167,166.24555432598837
163.29987916740433,58.19226204300304,55.919502630479045,163.19817664336404
157.11523279684803,58.82141095237168,56.109561820566235,161.23282426921065
160.10890299046505,63.528206844807386,57.01824995200893,159.27956154012537
152.39638708927848,64.58388236973938,56.870184525378214,157.69434331229812
144.6595419239209,67.12058205149648,56.466852112868246,155.97754304126744
135.93738707105638,68.37991129406689,57.437124648187115,154.50034590466026
127.53272023295423,67.6877778988769,59.58574894328792,152.54537428981257
128.1841518317974,65.68941442112583,62.176131442623074,150.02487502613747
136.27325062469066,62.41662065735301,63.31812810122133,148.89584764737208
135.19884349835675,55.635737766619485,64.54659269635357,149.15313859821168
134.6130391780786,52.212283561804384,65.38970765237964,149.98259905938608
134.5102153649163,49.352683152705666,66.97679973289738,149.86312294810963
144.26643397853968,49.73199514156495,67.58910501358511,149.67484019982984
141.64203211139417,47.36788879533245,68.1977181465273,150.27369793852898
138.7801784416208,44.62573453020525,68.58597722099836,151.74169816113567
135.6890379194386,44.735628387897776,69.81138675581077,152.08656062370625
134.12466750599805,47.591155107364216,69.87844082846517,151.64654190233318
133.3196972353144,54.01848169581672,68.18210790944427,148.03440047469576
133.09941706021746,56.09051846161353,66.55046343137582,145.40211018532779
136.31227571013838,59.22044300693199,66.78831081354082,141.01965946638734
137.64660749672976,60.688185359233785,66.6043967959458,137.2888705229875
137.84335416750844,63.738325020075536,66.07788302358514,133.81589623212676
138.29154078059332,66.81569519757461,65.61855650409191,131.25261610509492
135.10668887345958,71.02724714229348,65.61730818899538,130.42749605278487
134.40866029976817,73.96837860002115,65.69685740085417,130.20871675701946
133.34557296361305,75.66722548457548,66.10464291968387,130.1802263169971
133.93664408105298,77.86882784594181,66.80456860358153,130.00375289461846
133.1152208724448,80.41448017400592,67.51727184328851,129.68248922741236
133.21571966204513,81.83299846375891,68.16219887994788,129.29914031575305
131.74405167609208,83.4690780373279,68.75183492929233,129.27658658586665
132.2029416220247,83.14666340802046,69.12568602077975,128.82082764200504
129.00095165319544,85.87995878805869,69.73338080600297,129.11780051489367
126.03749468362692,87.83626454667862,70.37832376735682,129.68307567444214
122.60140558392561,87.95169709666575,71.09314951924966,130.24214294465372
118.43833422788823,88.26290763847263,71.63845803332637,131.34588441387353
114.70645439525516,88.01094159210618,72.38733437110838,133.3049325401605
109.7983474160546,85.24644340194547,73.18953027073266,135.21393833324743
104.94838381084008,82.77379626664555,74.13602616097126,137.62725804978538
99.94065677476809,80.02443411498248,74.96959165279299,139.94728262128473
95.93316192758314,76.46493753003386,75.97586333339945,142.529540256514
91.8500069833569,72.55439191125835,77.07636063411388,144.68426777793954
86.5407658569131,72.98155685939538,78.43424851902054,146.72235221310163
84.68394775825413,74.3422300857479,79.33660327369627,148.20228110905992
84.48113680944887,75.44522727983062,79.79559340072578,148.68242582764498
84.99716292079997,75.7072850222292,80.10062296799398,149.0371321926708
84.15884046574709,77.1616941092093,79.69238847975379,148.88798236893035
85.80085615425052,78.72439903836613,78.8402945588779,147.72482453145255
92.57832179593461,79.77990729158593,77.60928829382027,145.47305025566672
96.42889723142784,79.26714773500689,76.45807562473811,143.3017703289841
98.01897603303573,78.49435212730863,75.66768256887036,141.0109803474049
98.44799130688799,79.13189419404497,74.68098925613975,139.16532407609958
97.0146447773784,76.65936921757309,74.54663684968958,136.8639283732206
95.24649516917432,72.60698315181989,74.92157008022737,134.3822861675688
95.0103619233312,70.58740717542942,74.3083269140538,132.94570150230774
95.99431458868392,69.61825928085074,73.39003112524136,131.27041634931118
102.38514797354122,71.20448535871151,72.46738363500673,128.8956873676848
101.45263817463373,71.72073890112267,71.9401264689057,126.16608667686728
104.18981878181773,73.60178924621877,70.57463194612707,124.33518351074584
105.70891112528388,73.47977849111427,69.5736670219969,122.27136467366479
107.7866982751043,73.67362927813694,68.4845337814686,120.85516778788238
109.69445873180838,73.66403083073057,67.50509270395216,119.67674357559369
112.56613861630022,75.8100353415374,65.8402980556655,119.32957570044913
113.1081519638971,75.88389693146141,64.32080197150995,118.8311206709307
114.97285254153363,76.86520286710555,63.04703064182893,118.21682236966502
118.38702619224212,76.46190865575203,61.94111738429623,117.56959425928338
119.91693456955286,75.52664074351767,60.91620129495795,116.58798751134913
122.12118999420179,76.29954356007246,60.20127321886873,115.81233885780038
124.54200507844799,79.55219748890273,59.636081286612885,114.91899427223458
125.38205316107529,80.59264806104613,59.1619449182638,114.02714416001412
125.79037826988727,83.29058889899264,58.59944237925352,113.09989565901735
125.51553584627356,87.651335730805,58.36164758742756,112.5971033580025
125.31025494314571,94.64960429787467,58.57260024816118,112.03727276683189
126.27445036156098,98.58164888794167,58.76637890595953,111.83105244885002
128.09775908600054,101.57995464638688,59.3219194313236,111.66980765788122
133.5087050912329,102.83123991571684,58.89736724172066,112.52712948753796
139.29634401169744,102.29364571430357,58.746936049961484,113.6212522873914
143.34297418533896,101.11750703450065,58.6328584228628,114.63113601029373
146.31649800583725,100.17066006241579,59.17265198364844,115.49103638585231
148.0273047586466,99.24559736214495,59.474369691027135,115.75296515114772
149.07534200853277,97.04002657068493,60.41570640417597,116.4039014652079
151.00709544751578,94.0009956994774,61.31592051543728,117.33101706733365
154.1906140710841,89.35858489696226,61.9734275073448,119.15099253817814
156.9647092465525,86.74043341618265,62.690225101964636,119.59506966202983
157.96845815496633,86.54148144160536,62.080706783046544,118.84019701225407
156.0477545763683,89.822754248687,61.601002261165455,117.68185815086785
153.1298296806517,92.01808687029018,61.38885696211399,116.48231043276225
152.370886864582,91.14962536566503,57.09030868769826,118.65939338869259
149.74147874211218,89.17128149222634,57.566939854970656,116.8629788330187
147.65602833678543,93.91055488692109,57.721047414586536,115.51238652666144
149.56870125141737,95.57060089827465,56.460493503123566,116.20885029008711
151.7714430836028,95.57801051155283,55.847489115409815,116.7651026882866
152.4225603145433,97.47640360767814,55.64766663892616,117.17711538138147
151.5961702855305,94.78774869125235,55.14963311739245,117.8741655096432
149.16255995227627,91.90813085260591,55.08521506624951,118.71289184855718
147.6208802420838,91.92517509667755,55.102309380433276,118.81865536267696
147.53221398368325,88.12521653943935,54.68212875798651,119.8385477579151
146.09438979517728,84.69720671434534,53.45533630095304,120.67912122203742
143.74011791681815,81.3106428948615,51.500321574547506,122.39314775626879
143.0960049241018,76.85684490195752,50.10566453576453,124.32088677415074
141.72681935456268,74.45453334142576,48.166981746467485,126.40364209545531
141.14384384049532,73.66676656063531,46.245683018742845,127.69538572430841
141.8065869151395,72.8082470722876,44.924709508705135,129.61024901524047
142.27304615895133,73.68118297656065,44.737306129189975,130.79563898457218
141.24772961731375,76.90140312750191,45.393046996736366,131.5956972254753
140.72094611473082,78.55300844920097,45.72642621866097,132.58895340946975
140.06658311185174,80.20980984398179,46.4399230159497,133.55529837762907
140.68227385122833,79.39591935994565,46.9954434880327,134.82858185338796
139.37037756752983,79.33806547020484,47.06947690587831,135.47701592071138
141.34086296131431,78.1520990263235,46.663717204582575,136.48658415870142
144.40134186942979,78.99378909623687,45.90400215950027,136.00591619710497
146.55859021221968,79.13915631014484,46.2545192640511,135.39469918743515
149.45538834208816,80.49904870561568,48.32570533768816,133.75061873265986
146.31528789694738,81.57172964138647,49.27610562219581,132.9649760183372
151.46363276294827,80.70572243788442,51.75999641082395,131.8293055841853
157.8375125021678,80.99471713186693,54.05016265259969,130.36078847100055
163.5361413396886,80.48027694826638,55.353182306049305,129.02560533684363
158.73770602044573,79.08574739011358,57.158778396958155,128.24246606218853
153.95046819165788,78.9284513740856,58.58016167019545,128.4935688955598
147.9646779638691,78.6743499265213,58.99661212089021,129.0797781774453
138.29591157418193,80.12028716376562,59.643286059322186,128.81023103068492
122.32895452138155,75.80641619116821,60.0339605714171,129.41822238078697
115.70578208379396,73.30894184853571,59.898996890989224,130.1887552869382
106.36083713755693,74.17583059577188,61.266611621720116,129.39417294856327
99.4036996425609,76.41120552475687,61.880225524676064,128.29590562881657
95.48148615221342,79.53985418754962,62.377019620391756,127.1057360078514
92.09483601413686,80.69343294625622,63.036835513915484,126.48157988947844
91.92982476175818,81.15282659586791,63.812132699525726,125.56303321547205
92.92353924372587,83.09005321110624,64.38869265961685,125.51653117785123
94.1701708031709,86.3224625103005,64.94506113633835,125.73229844066876
95.2181242096498,88.764533458941,65.5646568239146,126.37537583888945
97.4688522757952,92.16189475060341,66.13151905862821,126.72942072687812
100.25896561282029,95.05745480148835,66.57368084282999,126.91698123576498
103.43397341406782,97.59312819532677,67.32378816895431,127.19922732070776
105.79965890477104,99.46903634854942,67.90494865880032,126.99593134087682
107.78570151987049,99.54086087364723,68.09335584879796,126.89066008232436
109.41297988335239,98.76458452079223,68.64457118795046,126.05686930887789
110.49127383099625,97.1668822374674,69.12782484921183,125.30542095308796
115.2433472909782,94.61400483998483,70.14608832200915,123.79421331519175
117.76469988992153,92.01688926861866,70.11751514698018,122.2530762061236
119.79629456796607,89.52580971917332,69.64403721857967,120.57302245635091
120.37088575491012,87.78330775133611,69.02076873886809,119.41348131374775
118.73442672379988,86.19155887153323,68.35988276590177,117.33488695985862
117.19491939643,85.72234950636584,68.06514506506599,114.58939222087882
113.56099017838025,85.2704512430114,67.32773540424165,112.4526151506334
114.62728053711916,85.84686867532437,66.80274726946647,109.91229704683356
112.84475210946053,85.71610062421817,66.08281476778912,108.32316674527551
108.77190357228189,87.8362676118351,65.17914107646035,108.1063460871498
105.18721125024878,89.32288472161048,64.76428003876387,108.14382830589248
100.50981101620175,92.24399233329824,64.29932209163576,108.35600208245594
96.91802403912847,95.82502346846154,63.91464395914293,108.86645377392134
94.63152656434947,97.52252933761065,63.982313591318096,108.69036941904595
92.77855264160668,98.92462152898057,64.13702504573618,108.8068522077844
90.49303528394424,100.40524086767402,64.34161803437651,108.37647729229936
89.44264450325254,101.55095221632709,64.62479779579499,108.21564288806876
88.59585428530642,102.34459635621839,65.13208653704612,107.64151209520176
92.15641713082496,100.05514607232917,63.37469842916941,108.7504157338115
95.41480188196356,100.21524144422153,61.655415232129066,108.93168727077705
98.11462888670403,97.7326914839764,59.59071596126505,110.03326728426964
100.96236069093797,93.4127670229135,57.95710957630792,112.23636770175678
103.99163699820325,83.20789888305872,56.584125294449485,116.4396582874966
104.63160469177745,77.72630032458468,55.25095434292017,120.55419731957527
104.142123378709,73.87923963548468,53.720474639650355,124.18958189662783
104.80919274350838,71.05188808173759,52.914122164934405,127.08153294800017
103.8297909835901,64.79824167079441,52.71105305942002,128.93857342766242
99.44021702949033,61.86879376207253,52.72701737386955,130.08631669154784
89.8855390651532,60.148328610024464,53.028962108696156,132.21853904314457
82.80891490531407,62.695937445993536,53.443163377898344,135.8423784543363
73.5176715629885,61.145945450969634,54.08731082915106,138.4551590251756
70.56225883214074,61.57741964916934,54.75629449778627,140.1211148283764
68.43018965577349,62.44375130959206,55.74510850588576,140.51974551960066
67.16053925009007,66.0641991011245,55.74293425965066,139.60558781724257
65.50603484697632,66.69274212405762,55.34450125908495,138.53394839136382
61.41597310954913,72.07412304170967,54.93085279943005,135.88367911740005
64.56800762658014,73.39764889022894,56.39216081004575,132.61168523686695
67.33281783547956,74.20787075782371,57.11439958032677,129.858944701064
69.0236115086421,77.46577139629356,58.11014635189107,126.71808572682815
70.01995878681998,79.06694583136951,59.13313926120304,123.77372998855225
70.86919992360684,80.26560172093576,60.18975080057183,121.27195728455591
69.98931157097002,83.332522340167,62.02396835020248,118.61371461977812
69.371253179947,84.97151932223457,63.173108723290085,116.99354982110168
70.30113354080073,85.83067732368409,63.91978401575804,115.45965742877071
70.0938002728878,83.7305097114365,64.08928404124035,115.01373286856739
71.39241962992014,83.66478635951249,64.55866496180397,115.13752887015497
74.85610655310242,85.35191793317458,65.15293952242183,114.80266320093443
77.59355445199927,84.27528160169433,65.57142961177415,114.70518436853358
84.647265090275,82.16989844043428,65.98841572200244,114.29155484373312
90.46580185047209,76.70612622323665,66.32725811042175,116.49236320940282
95.63681996844771,69.74602061571366,65.85732365822295,120.40873111695367
102.0013811164855,70.80304306115198,65.59062754775528,121.93022909564489
107.69353540335592,71.8080959226684,65.63520252656572,122.75481489711768
116.64323849387296,66.9930534047213,64.44884909516543,123.6653421708659
116.11358500588668,65.21048050359974,64.43397069973908,126.44737038077425
123.34817128226639,53.30423671448622,64.73962991883022,128.08421213075422
120.4275053992802,55.31359338986324,65.02982757530555,128.6120633590102
117.53387648721773,56.04349373905109,66.35333217601129,129.0348322121024
126.5234679587283,52.77419713549715,67.15075102437197,127.89679682958015
123.23200716590173,59.999587684940245,68.4510970027253,127.18203391154113
121.04059497148243,55.7735410711164,69.60708423336078,125.159545420744
119.0541245806578,52.3706648231226,69.82265382779997,124.80809662660097
119.13949975018417,57.08764116625304,70.13161710750258,124.83166156424146
118.68873582891575,65.99748910627378,70.40164118922473,124.53456395080156
119.01937234829033,69.04931836144274,69.75638567127581,126.00755749048194
119.03369817741657,65.85811030083482,70.14334599536893,125.90203139291727
120.84061318813528,56.255767323336016,69.01771067798728,128.3886959550926
96.68369226554852,45.31529105645241,67.62744714596354,129.08587544808833
111.51659006557928,69.38492781394999,66.64489243640494,130.26202399119865
111.79574239526838,75.03107258180094,65.92823954451904,132.5789559139318
111.57339646682054,75.63109581712604,65.5713631316851,133.2314051136002
112.05474745893505,80.78272465955868,64.99391302714815,134.63083183120074
111.97974735094283,80.18804763857011,64.56217983754254,136.0839010509523
114.7448959134882,77.02796286247292,63.94708533009707,137.38165115047946
115.91240997419429,78.07911893155034,63.86393094029805,137.5197171537278
116.73871663013736,78.79614379224475,63.91634330132451,137.58340209820966
118.18531334468194,77.0324847698337,64.67788162272362,138.43822763891188
118.63061006459557,74.40640312032951,65.3700046478927,140.10006224453036
122.06288920897754,75.99495485145786,65.67376558444006,140.37192194755687
126.32695284467648,78.44000854207168,66.41111835454606,140.58144110746693
129.67156987913125,74.93167009588726,66.91538623494681,142.33924501399594
132.0226886895324,73.17192026463484,67.29842712519192,144.3923832730355
134.10799602333964,64.50827408764933,67.6924200778167,148.3704782393112
136.95147767666066,42.45059601784229,64.58068117074129,154.11693407985302
136.1280583632263,50.92919172325318,64.14723448686476,154.76281960384568
134.77713445314092,50.135345773233496,63.95620615881165,155.84481598205355
135.99612409374967,59.46505519340978,63.06372405662552,155.4706659252703
136.516266349787,60.139191282961605,63.844579476229605,155.25819291570707
125.76765584662948,60.51659160896865,65.15128305700756,155.67284564618504
126.83981464848809,64.00105573875734,66.85168557848871,155.36345184095336
118.11892523168866,65.378564710548,67.83045171677506,155.5848118613918
122.26650508435822,66.0772465869714,69.37833629244182,155.7643732670457
126.30550739475675,66.61819649497254,70.51413400929124,154.67825813186815
124.58335999545237,68.54659921516227,71.37477821891073,153.4370814108185
121.897495966466,68.9332549187051,72.7471311719793,151.53311614554804
120.5498541562658,66.57517684694264,73.14718702634272,150.22266429880807
122.29171508759502,68.26640254463368,71.74788059947528,148.1345563749531
125.10896959717222,67.5727366407936,70.75841686077743,146.4010187845162
136.24545311653236,67.8881471600818,69.88104727994288,144.26851427235275
137.94038227475355,67.12460533792805,70.76117988452103,141.4939330874061
141.22191717850882,66.81185575780665,71.55534360133298,138.88654664851254
143.8646941699455,69.68909699373144,72.81079856773945,135.8694892655454
144.24732847712943,72.34655526105692,73.92564748896268,133.1789356764511
147.0662734474904,72.63407038058111,75.20033946886454,131.34243392746924
148.0619453218598,68.44500455087592,76.16426267264032,131.48670557101048
138.995894420335,67.926275854231,77.18786685606109,131.57472409434718
140.50229625858674,69.88089499430494,77.91387038094305,131.41606207190497
133.8471020444833,65.6714248387456,78.33035507685013,132.36632104757444
125.47208665421488,66.45510970225669,78.06301181869071,133.02382772436084
113.36880749818891,61.120924772053215,77.9898517316948,133.75042130913303
114.23217436937696,62.157705909807476,78.6898095214537,133.83870590976892
96.0689885081755,62.402723860500714,77.74320150752852,136.2840292479607
78.512381121235,64.39785181536442,79.58773189420248,135.99320499602442
78.78008809176477,63.631482976233116,80.96706829074364,136.81168960631675
77.48249662987891,66.68899261252217,82.78422642184415,135.99932269274743
76.53081175814368,66.73146535770024,80.21006759323208,138.84064220368828
79.72183793988816,65.71160353129275,83.03774156336131,137.98725200495602
81.16844165500272,68.6368354994002,85.46997787779159,137.06776922795132
83.7781150911194,68.12107034451742,86.51869264343665,136.91713033872702
83.18397018432032,69.73860736892101,87.22850688635613,136.45607195497416
86.64759511640452,70.61193473227661,87.46412504510641,135.36772126392657
92.28880965288802,67.43503699822874,88.49694160049634,134.59472954635336
112.48459494437037,69.8637974699716,90.39505912788321,132.23446130558065
117.0280453202958,62.542947383026245,91.94609592180869,132.09019555997673
116.788140977637,63.925038751734206,91.66365591222963,133.3828875746055
116.23824871881288,64.56859733042654,91.69275933475456,134.50894290066503
117.14395965859126,63.591351280190764,92.66500382749702,134.39727980590038
119.7130162192725,58.62643262861155,95.2727426996953,132.01424708342404
122.87849758871721,54.58045771317174,91.98413311403463,135.91498855172432
128.3097540129331,45.29988469136504,89.50518044626695,139.93616705841146
131.74082714704463,43.98804487426929,88.26006670596749,143.5233526759556
134.09474477157238,43.32098182799149,87.23889293876925,146.47278800694505
134.29504122423077,40.75378716102628,86.96393099332093,149.109231555353
136.1993365950092,43.065100969412555,87.60060792907113,149.34445353651137
143.3476608476049,50.689868634453816,87.66964584050574,148.95736975977357
137.55261353878842,52.44988253448119,88.5446849924405,147.86390784526264
132.44777364604494,55.753081696467746,89.40910892618182,147.32893162135667
127.52927057855203,57.22203417311941,89.68359884870426,147.31195466945715
122.74075573783384,61.64465838626691,89.79455930864405,146.64237305224418
114.66302236032277,65.3274245570277,90.66610386823163,146.08566334255855
111.73332119840785,73.2731944899967,90.1320640381308,147.06624147283637
116.42055465063277,65.51667755609093,90.06101815418879,147.20153543433688
112.21217435430275,69.75776728194829,88.87803585744453,149.18105070002937
109.71817284701311,66.8003146661073,89.26582105280995,149.8842855329992
105.83428429737748,70.652464560917,87.18745347587269,151.62791512570402
105.11772864165476,71.23060011107563,86.03899535410584,153.03560100132364
105.32731793725995,69.46537220054635,84.5786242313098,154.57503483160613
107.86500692174508,67.28035327888342,83.46804304387945,156.13199379462193
117.41386698952455,66.8329818856724,82.71498271361835,156.75478919716338
119.6939336770419,64.34993165656144,82.24670152669401,157.2006636536458
121.66830699982842,62.298127797899,82.26297386877661,157.21920552929586
123.26546133554109,61.33739625400048,82.65230839536459,157.73230837424927
123.50962719587997,60.85849502692896,82.76480323613777,159.00923928212384
124.41736704274118,60.7911624030385,82.67720604687857,159.87011238226836
124.23574319463194,59.18974559217298,82.3560672513215,159.89189427288977
121.72532731435408,58.241858811597325,81.81357742145364,160.1973482005572
118.69758981726879,58.23432473398208,81.08895874573287,159.86198476451534
117.0390434300486,58.254657095223166,80.53428614503595,159.4091414958429
115.20848648709608,58.24056521086993,79.91152694973368,158.74731805477154
113.5683016848036,58.66563318879719,79.58824288496136,157.22865336327936
111.84756482991757,60.02263008782886,79.13173614314954,155.58848683190914
111.20932938709308,63.642946483179514,79.05385443537659,154.12627878104547
112.47096710055412,65.6936550306157,78.80712071835441,153.38913046592774
113.42082966454652,66.65432978200388,78.46099423271887,152.38423229810468
115.22573379381498,70.4304631073049,78.56863087087993,152.14019414023946
117.51185347861838,71.28053123193334,78.72881814464472,152.24692048367973
127.4667349940139,75.78796663711901,78.52458146578239,152.96047660659696
125.82964800007947,78.01932231384752,78.3125191198042,153.4204437237515
124.66529287966877,79.03744030122203,78.13400289349303,153.30180849992564
123.4111261494513,79.36743642204102,77.85472296205174,153.35162770733857
121.95049239106027,78.5964100145869,77.67639183266989,153.6975547764735
119.35591919788229,72.92385523282042,77.83523521762201,153.5948255567423
120.19057573028675,67.12006648630215,72.35203360300841,159.04274271042337
118.71557691578872,63.79458607406954,67.38810749161752,163.17946255474027
117.2100225245633,60.364536377977245,62.98494062785863,165.63269062810772
116.59580374549154,57.55630471097699,59.55399250484981,167.8125351571766
114.1841808201014,54.134425054298774,56.46961506461446,169.21666443894733
110.39633915189356,51.32103416712583,54.184179130705445,170.2181543889524
106.80401024853353,49.058840060488734,52.298672256944556,171.2934936062549
103.09517783658582,46.167335756789925,51.08775221908459,171.5810169078664
101.87582940099007,46.28785469559381,51.3508023083547,171.68904779113052
105.81497599226918,47.784083682335265,51.30041954907527,170.94120537245718
109.47685177286561,48.27656680349199,51.72905789571934,170.20514648759803
112.01483269518516,49.77127407631373,52.47349152074577,169.3048950069112
107.25933944026573,46.83096722299587,54.22021297015981,168.08948706132526
111.15394064528952,48.34379570652847,56.05470879467035,166.8807342814625
107.1449897696277,50.64614314877693,57.72386758411044,165.81072405501612
104.54444577992894,49.46211337761092,59.327491002045576,165.27528780877392
107.85868804636246,51.202744230105,60.42647925131355,164.01689549999548
101.40131383618588,49.19195388114444,62.34007944778974,162.96672078867587
105.05095945266541,51.19091464891224,62.752754252580914,162.62041415754396
98.64692108839094,50.35570791420864,64.19716063200877,161.58892333007617
103.1983919685183,52.66662079375652,64.07935013548698,161.13815527209124
100.04537603652281,53.46134173376731,64.71108943508585,160.41067958479198
96.96197850889445,55.61050417431227,65.89356194242998,159.17886299685392
98.37436323715576,57.637026615249056,66.97483744592932,157.09934518884052
99.69845755910106,60.75927240793666,67.79775700020463,155.50233218394015
102.0961488113914,60.87035337735769,68.25063833153092,154.60291777365111
105.30974830482373,62.14979533987041,68.55610917498853,154.2756374710622
108.06867196599532,64.66022567233341,68.47676464118905,153.39764437129122
112.09609629525559,63.429207719888765,68.19313094467412,152.6239741852534
114.41235767562783,64.67967338448531,68.04552677829,152.15765312751415
116.05166806070046,66.68453566014426,67.81358121337544,151.15917287322384
118.85276426568026,66.54765094182774,67.65603945344026,150.38162545251893
121.34912599542078,68.55260011442587,67.61524604004077,149.4394222481613
123.21774627788253,69.36864877405239,68.15879723460824,148.70130984273425
125.45623104069323,69.95114521058704,68.62567059686526,147.94575489428843
126.327011038065,71.0244908233481,68.20307746766127,147.0767451386836
128.80510612425053,69.15834658519279,68.55221661810518,146.5865752524149
130.845320615635,71.78761013742458,68.62370366240535,146.43323890188807
133.60434618796398,70.05764738794852,69.04456109471263,146.7009561107401
136.34570173791067,68.41759904756117,68.73451702133906,147.14283386413138
138.10368187373183,89.07701099399185,65.08873090433599,144.29507930720752
136.068264482471,94.35207428449363,61.111381292021235,141.77214579566197
132.98045729559797,96.90822199773805,57.836550490596366,138.97503424711806
128.0239781125506,98.99026402750812,55.184859274781985,136.39385166539165
123.51200767769812,98.05202417869495,52.75641710310507,134.40459893160624
121.9627981039525,100.78618360832381,50.760396267228394,132.76020723642628
123.61853871823676,103.29700943873112,49.97917941625385,130.73787417531258
124.06479091422337,105.94465263151295,50.30020437265407,128.03783195898416
121.1985370302914,106.0945626608233,50.79194799943523,125.96595734733152
118.15057176128505,108.97884511816844,51.76954329040813,124.00612875695155
115.16330094437653,110.87140696182382,52.04497441626009,122.0707534426724
119.99873322294826,113.18219531634001,53.37103807414347,120.06174320473988
115.71254421867707,113.00107170367124,53.675535642927585,118.65402752323996
120.26494745149512,113.61956381587557,54.709934156234326,117.25643065606627
123.63402658033789,114.16598526991021,56.01338852367086,115.74950233001107
134.91710238483458,114.06812523465086,57.655008215947035,114.27916719804561
142.2370238370109,117.98152048020965,58.307317716379536,113.56343303474787
142.83559393076825,113.47997198904588,58.97655059099863,113.53456666868675
148.59984277558243,116.32515216653897,59.114448088748205,113.1395158573102
146.94846374469728,113.11647923165506,59.83934937141999,113.35255798562291
149.54431016244388,109.37414531919205,60.2096854208145,113.9554346957418
154.47886256748387,105.6931635409089,60.12883344123988,114.78942173939919
159.4246736024244,102.09889675266479,60.15261378377337,116.73825881320188
162.81391048523432,99.09435801797466,60.5051400601152,117.86369170174105
165.87221491557395,97.36222984391998,60.7914523992345,118.92751546318051
168.87886772865585,97.86675015488754,62.086514979094865,119.48527853501672
171.83886286067866,99.34163480513547,63.150750941855904,119.1467479525537
175.02156901307683,102.68556145431522,63.02543282193504,118.01844207851062
185.96435305369596,103.76855087353836,62.84561043771829,117.19331752721186
188.87941867647947,104.54579707496237,63.50397835673253,117.82698697433945
188.27924198849004,104.72506669602055,63.890106118640524,118.5098348133693
189.46320247992531,105.84325343452079,64.45338707058443,119.15705513405253
191.64659400011158,109.05739139183322,64.37191906698557,119.27865114096697
195.8313481284485,110.64347834996596,64.3783845117888,118.76051160084593
191.31048246417123,112.32391669592022,64.15414370289213,117.66350395610232
191.5270818988489,113.38916226917674,62.279373717089335,117.83190673811711
207.40930732562887,109.27801886875062,62.966399914310664,117.96602348739462
211.43859564637597,107.4194463844405,64.16207570659331,115.81647162145067
210.1251932802258,110.40454662743254,64.69950041303005,113.73506770338346
211.26824040724202,111.73949271464417,64.89106681497293,113.90855979485984
211.74471486715296,110.42545573013524,64.29245576622571,114.00851729926285
208.42323708811864,108.77465687950854,64.79470097044305,114.21509947469839
200.6352757203134,101.4472686619724,64.66424190826302,114.40855694004411
200.70365217066262,96.85818578805971,65.1530855904541,114.24113018909017
199.72335956107963,94.77507204150173,65.38599119936771,113.54140089891146
196.93947553170216,83.69111277516441,65.49094588074232,115.38502820233805
193.6882184235152,76.71453444466219,65.90793744544385,117.3986449539797
184.75598241953037,69.56436072242758,65.99328996183635,117.59237351722332
181.46569045848628,60.92101611070819,65.53209293528562,117.54187020526173
181.59958420547895,59.97894345333221,65.64533325902639,117.45672168723476
181.15780103341098,59.75491431106949,65.82093571928559,117.21755099407999
183.99712756763654,54.602095931428984,61.72458748615397,120.62052404562785
184.12654521725295,56.46209889975995,58.790348353531826,123.1539499059935
186.04286855815582,54.58590418639377,55.7613242155379,123.65239422049747
188.8023942556015,51.22928440232505,53.132378783399815,125.65555221133388
185.90100241406626,51.382942601119886,51.53118030399474,126.53541359103455
181.3978051110267,55.72519303365834,51.30977454081111,125.81493917706848
177.6871675695758,62.61283036187214,50.457404222712015,125.13368917884401
176.01466692769782,68.05073554334487,49.857396751737696,125.24673036313976
176.39059504685613,79.46378162187627,48.96598921659093,124.5288058543924
175.36066165293968,88.00945675593633,48.359960780806276,122.67097227938753
173.74900465040193,92.53791316322736,48.5690798205192,121.29086257683548
