57.5,156.5,198,173
60.405219488762526,155.94166995734383,199.94021333570737,175.54430290757796
54.37618838289029,152.93002544349878,200.60066583675848,177.98099330054825
68.70773875347251,156.8252611480571,201.4016096665169,178.73180454524015
51.28800677160194,153.54295663395334,204.63633348743576,179.46177116316937
69.53923932688696,158.29501148461856,205.10542599405323,179.01312906742976
56.603752172643794,153.0422174916425,209.437538074146,179.52311158463186
77.17149068741031,159.0778880691891,208.19909092132195,179.47841227524177
62.924536692775774,155.64077935572607,212.15533258979025,179.23406271226915
76.07039397822894,162.26471023289798,208.53613770272182,179.57821527066952
75.26590281308916,160.79309779716488,206.41763485310025,181.26633107040416
88.0505394569735,162.59156477150324,204.5829654471675,182.64201093322032
87.112988689427,160.9249495473915,202.77359442137794,184.30082173994907
90.83799765635223,162.6059296977608,201.13254121683656,186.67362315414573
93.8662373494027,161.87685772632693,198.07944284460586,189.05507701923182
102.90695322526193,167.18266637039494,194.57869194005536,189.6020777044234
100.14316931312214,168.30458162043607,194.16985601296165,189.45932023099832
103.43343675581379,169.585919683917,196.29025363032494,189.78859638026626
108.11758198086919,170.63696605863976,198.81545301786062,189.80905364150192
109.00822106424779,169.50188798633198,200.9511226927477,190.75013552254478
112.89571606762432,168.75318582281034,204.7296137879844,191.64771136791384
115.88153689499384,167.2067940260062,207.12932719000804,194.46398657061863
130.1541468736559,164.79361182341722,208.83317072450524,196.41439014892282
139.61908412905478,160.04080077319418,211.19703934725234,198.1158173221534
147.531765550746,159.14959792060955,213.44459062740506,200.81590931091102
156.3705208215664,156.56899779241766,217.53394486237562,205.30022586978504
167.9322857474748,151.2508936342112,219.49154599200415,209.18494883845017
172.9520496315776,150.41621653108822,224.21223875144744,210.8633812819242
182.57677629270242,148.64185675199124,224.576076215941,211.23326497128272
194.45030360397755,148.82629989209585,224.106125017463,212.29427206551657
200.86295740792065,142.51432146776608,222.94419803244054,213.12191658202278
196.3692361294249,145.7701239794197,221.8225106837314,213.19940333651704
203.96001583746903,143.7641225399503,220.72762786523833,210.85141418817312
202.27142799791088,144.20615629338852,218.94204042561074,210.35813931936013
195.60863143185657,145.31230141415972,218.13475525419153,209.19489869367771
207.69944285485818,144.34932095038016,216.5032155685887,206.88102149791527
168.2676213777451,145.29807054006073,213.39466003648675,204.96755632596933
144.06334824225434,141.8514043025017,214.63207898813232,203.54409059094337
139.36082506369587,143.13249370623117,217.82002424814232,199.63326466586963
113.44603662926869,115.7581674294213,210.9760247620162,201.57097361597377
118.47505921102021,112.46656833181859,205.97900903271727,202.8450807200232
118.44513537499316,108.60916507849038,201.26206513220058,203.48748236522943
119.56696546277189,130.2564239781254,202.16379856664372,198.34715462943592
128.08503785250653,125.61078867564903,200.18362588647864,195.35622537476954
129.8244480920944,113.14640898500149,198.40283623673253,196.29016892964862
131.73378908907557,106.6890477594924,194.7211617474718,197.21575849950224
115.22010820163419,123.84903851561324,191.0386922845616,195.58883500117656
118.98636082331828,109.88205623008056,188.2771592930855,196.7267771570808
125.45667166349367,126.69427369496702,186.17984320050329,193.72744522413404
106.66374197906592,121.48900683845656,182.42169698464198,191.7325042743742
116.71133671843047,113.68526655247771,178.1684970231248,192.79037375471813
125.02719514835543,109.67738439450983,175.6308925595151,191.14208224637412
129.71755193928462,127.82397769322782,175.51104037444628,187.24265251539322
112.95507153102992,127.15089254559459,172.78470419388537,185.15784665823963
120.34462296886532,122.24517107094073,169.27799263748946,185.76702959015233
123.2288927155819,113.84782629520059,166.44291290281484,187.8653070551458
125.55467336616067,109.59724968542983,163.7701366396517,188.18003029727032
124.34791207177713,124.21253586748679,164.02225843343587,186.30156593486538
127.39539010217021,122.0102278521235,162.85587550421099,184.58216568064933
130.83028305807338,118.10092211337997,162.38918960613756,184.3178389638615
116.67228344097177,119.51641261918955,163.01649102539938,182.91844612515493
140.52952547427086,116.53743646758329,162.36757397540276,183.0517605385054
123.23976678861007,139.5272423624907,163.60695767973215,176.98189682608316
127.89261401291716,139.06619828198592,163.86511172660136,173.38042160208298
132.62318093058317,135.84769659187717,162.5489077771336,172.30726787399357
135.45089245131555,135.06031480931784,161.25421824473253,171.3538401110635
122.99372560533631,139.30468788548896,159.6522841602018,170.6750962856866
130.02834259312493,138.27953475298258,158.15492384948047,169.32871098995412
133.96968025686235,137.89087254874352,156.78673960324346,168.93240516085294
120.8094475675403,143.18971425349093,156.6182466231229,167.82476729884343
127.01983769985581,145.20425305822988,156.03224514419745,165.0769774787103
132.83094592925372,147.79139425347356,154.87269710428592,162.8867045925412
118.40805981956278,152.71527310258617,156.31377381280353,160.2081020151656
104.3796042556321,133.50095310960918,155.65323575243247,161.95378530556292
132.88640261472523,135.59115320442342,153.8414746665704,162.42345482952697
121.72897022277726,140.28602090784665,154.0386541324732,161.67923391090076
128.85416341951267,142.4152480928429,152.90798724431244,161.16659910954226
134.2205412151382,143.0492845089801,151.91655798515364,161.59416302653545
121.12449721187858,146.80977388752842,152.33529050766413,160.5835750279532
125.638605318237,150.29157547979136,152.90271829213967,158.73610124177327
146.2965068875991,152.25449728117377,152.64252199545646,157.27062126548856
147.41270925305994,152.8505542910251,152.04427790239032,156.37044802427974
133.39325857433104,154.78296874714584,152.134755874228,155.42817002871004
98.57141315938006,137.68755154568922,151.64392521975498,156.9782115849436
101.20034790160378,141.28529935803073,152.33799674864372,156.82176558565732
85.34176898401587,141.13142722484383,153.3900907257873,158.72175626526203
131.9329191707721,144.3794467336647,152.28884503977488,158.95744198669496
119.76843010505317,149.3110866039937,152.08872466047052,158.12492205743837
123.76722807223537,150.9607569366709,152.23305358419938,157.05538209322532
127.56501361768868,152.27044481414006,152.1403673580999,155.9800575086361
147.28387107571405,153.3779655160463,151.43497513492022,154.72467103207737
146.97817386764885,152.70701816515782,151.02496123157738,154.1026555118008
148.32677125599537,157.60862952221328,150.8082998163193,153.23073105361027
146.46737388488233,162.00223547579927,151.19723625547527,150.8443751645047
146.36659060535496,164.76626077129276,150.89305406575073,149.01704989051905
149.0543936016146,148.75152257271128,149.42793500980068,150.3841899381947
151.13121769656848,148.98583672159313,148.35079462667085,151.43033143298777
136.78815448315214,148.98937174967074,147.23910954532485,151.84830948970185
123.97044823319067,153.38980200576054,147.63743288814328,151.08107934861593
90.06600306332173,134.1713646916665,147.0260198831546,152.36398135107163
149.8600482240657,154.72533219907928,146.69494860463539,152.35447315509373
150.2251179713735,156.51569074816098,146.08817629293029,151.61642506709268
151.07636604896936,138.88781437479335,145.78456204996996,150.32373878794903
150.77627603665354,161.24322561816416,146.10122685968153,148.1724980577992
149.1464205377322,164.36672821180298,146.08014347542888,146.0351873514176
150.7283622696754,149.15157266376676,145.19556332384417,147.33511209495094
152.87924498163076,149.89524373377745,144.8417516009527,147.72475478960058
138.61135507973316,151.36751553069274,144.16839634920592,147.95742391091892
142.71521842699775,155.57305812849614,144.24411787397602,147.80024019694054
147.89130319989755,140.78304515554672,143.7893873311672,147.5443400869312
151.20384155440803,161.96283620500526,144.38533132069358,146.70362548068988
148.83841273531627,165.8162202934068,144.98999638914444,145.42679705074352
151.8767606039587,151.45204760629122,144.45978846008708,146.36797582951567
152.02748581788455,151.50734760070884,143.6858877162831,146.755093400018
152.39800719265668,152.11731667820993,143.13445525428597,146.91144950027254
152.10822906916306,152.01172549306398,142.40075893302827,147.4773563373651
151.94069402456137,153.14603731003982,141.75950076848562,147.68333516427464
154.28752246342967,153.95339791684478,141.07656319006543,147.69806260293214
82.40363115061172,135.42627226420905,140.71550060085758,149.7061522565923
83.69102118097818,136.054488494106,140.53118818386244,151.06398261608854
85.67327365387487,136.74831922465745,140.5015963964858,152.80749476567294
88.10736619320915,136.19212331526415,141.11197176551013,153.93085208355512
91.87063711483813,135.38964255892296,141.19747139564083,155.03337272642935
95.60149013410908,133.81212780393412,141.6967100096563,156.00610882133742
79.38193741411563,132.2389948958735,141.5577476701022,157.77722061905655
82.7758564861257,133.32889898707728,141.64492049333668,158.07403168027082
84.41311685856424,134.8711687438321,142.56484583534316,158.68822740388276
87.49522100133746,135.42681098901755,143.66862480107847,159.29460906265126
91.6827975674159,134.89731285822683,144.31722006674872,160.42608308216344
149.92020056184055,158.86700470616924,145.78487318434475,156.29771546904232
149.3066071219605,162.01206703335205,146.52065493467217,153.65528277977984
151.67294751596458,148.99521846819022,146.10738256341205,153.40623073407812
150.87205054981607,149.73427220635955,145.58068008724655,153.45657303152794
151.61547303232743,150.58248546262763,144.1812621646485,153.26932241563637
152.27723776497328,151.5553067790433,143.13887100025252,152.71132443135693
152.75234639249516,153.15482916318612,142.58782456115344,152.45345130918946
152.9369088029906,157.6676481675091,142.27897193833297,151.36202932303496
151.04254740077508,160.08247868302644,142.75529464014863,149.72562800803422
151.10872373611375,162.78648787841948,143.5097436891368,148.41675884439047
153.2480809600226,148.3178262888345,143.22615644239943,148.53220549768153
153.3219862145384,149.6059782689117,142.99363487343985,148.38677612363244
139.04981658701408,150.9651220530411,142.70218921637917,148.4483566812892
125.98691406958397,155.97838197822352,143.25894823073156,147.9547500389322
146.98147263749217,160.6312042091914,143.52441254633118,147.11234047842464
149.739255881057,162.88123122415018,144.40441967522935,146.29190242293333
150.9374510112172,164.96028462432054,144.61344976593736,145.2119931018407
137.88288311981825,151.24841092007875,144.34411417422362,145.5370867169893
126.31539227608738,156.21935945655957,144.27942697740798,145.7478843461761
148.90027215676963,159.9958028213214,144.30966034958843,145.63978702628987
150.52557558991768,163.02595517061894,144.22510868577643,145.26520086407172
152.4643014867663,149.20759659391945,143.68440167738805,145.17605742176758
151.53009276771053,150.58365044889456,143.43931923566257,145.30636929799905
151.75682409484634,151.2163432138202,142.94640321648222,145.63120970313
152.87404368294227,150.96708762430825,142.73505535651353,145.80990405437993
152.49589623398325,150.59150678362985,142.49600984753687,146.0640068971308
151.84114076814757,150.48253751940038,142.26148820550824,146.14334360094853
153.0236560047905,150.13214073917993,142.18030911733902,145.97985812963586
153.22824749636771,152.1619255322079,141.9681090245521,146.05110118853844
151.9147802293042,153.89927229975865,141.54657377680348,146.12873695527102
153.24339201098167,155.25341624885095,141.11986998502445,146.50020650909752
153.1119409093094,159.15214756258848,140.71520243186117,146.20992314187637
83.48109359621515,139.26227016528242,140.39570504144808,148.5410657233538
85.15544526264118,138.77562798517485,140.298030961602,150.68966069529375
87.10084985178209,136.53866431690966,140.99639319292712,152.4636478272038
89.69722823143805,133.32144584761414,141.06593501759957,153.80382979524424
92.22072140227317,131.5639992237591,141.01964199715735,154.4816780886544
150.47068432723867,153.30235734583135,142.17241084937478,153.94912230593573
78.29978029440987,132.09396939536322,142.10032426171207,157.2204666883173
82.65103337970471,130.1606199250848,142.0520920779388,158.23164752622824
82.0725466462415,128.17318423227923,142.49437986638316,158.85534288835612
82.09078680926537,126.83280955343072,142.6303188201492,159.96612080383053
143.19039399179357,149.19129076078076,143.49456575880373,158.57974768356402
86.84496684678265,127.71040600135167,143.76630688964588,159.3656939907523
88.3818546386835,126.31125847580188,143.9483482423371,159.7906431899537
131.9309052644055,148.82008286013436,144.4915357482173,158.79519595937467
150.58843997638687,149.68706947390484,144.91731486551436,157.65881013846902
150.36588044024688,149.73177372497184,145.32158199459946,156.81003798505932
150.71073796040992,150.15279890786763,145.577819488949,156.22021802507524
150.50154592697027,150.6148912762187,145.80806480265252,155.4578969879285
151.79455753145228,150.8684639428847,145.60328196157792,155.09340181180977
152.8723075505435,151.42188648104838,145.4330236941398,154.49657442852512
153.3675066103125,152.67792535239,145.7553527875077,153.40554866490686
163.33217507614182,152.5347922767873,148.04177704054143,151.6870237947652
148.8605044642327,153.99597864393104,148.6092942897503,151.75162577666424
158.9339033697677,153.59243993067162,150.8814303470885,150.4698329162416
304.2588203108183,133.8053252410793,160.63223123061235,149.16038767384418
305.0731821239376,130.0756599382973,166.86775969482773,149.11385890440818
297.787181538708,128.71036293631676,174.7210404291908,148.86146383556954
293.79119454071645,131.6563212294179,178.32495957745658,150.15889690070395
288.82653280710275,132.65680485029068,179.07611379419572,151.247588396141
285.65183479661243,133.50077200854872,177.93698490138854,151.25145467395473
290.19792095485593,133.59652056247074,176.21273775198526,152.29520577415667
288.04622334809636,134.0554011784236,175.6907349972122,151.8459122844556
290.3698532403204,136.01469946770783,176.61795383901526,151.32274960862765
291.07502871042584,137.84602984120843,177.6488253280799,152.24174579445724
292.3093916970637,139.39987962270945,178.8078056440956,151.93744317168654
292.2434910925006,141.8811264302543,179.56367374250786,153.42389317155656
293.4258633545175,145.3986209038892,180.07673778933585,155.55220855320525
295.4795803094088,145.501042189126,179.8470571373048,157.2459405734146
294.36078826718114,147.94982339726636,179.51135683417155,157.85244224023327
297.59327716072715,149.37791103553988,177.97975249831245,159.2372075345175
296.95103313549157,152.48533501872498,177.91225843208437,161.98252173092806
293.7047674132233,151.85415179608356,178.89967818228507,162.54393183160641
296.3764733672847,151.26428046846476,177.8805441519699,163.13357479449934
296.03408213032515,152.3778786683833,177.4955571242029,163.02922142177712
298.1684776776633,151.58477409746723,176.34934298150716,163.49430903784477
293.8989331516494,150.4901521357261,178.4834008293113,165.0214693355336
295.7106141426502,150.39849422406832,178.23642715869588,166.36074607632204
291.66998416769843,150.29188412272543,180.75764043577823,166.60859582138835
290.5644919982815,150.73458022328276,180.15344018141147,166.11400928195204
294.1753550954153,151.20379956120846,178.61298410967197,166.23066592108017
295.6045584943033,150.0603615590892,177.28792336883402,165.1571996611433
293.97236364447997,151.4680714325339,177.76188085374383,164.29111513172978
297.85036366431,149.8463723358633,175.7935371213042,164.670752853727
292.17844173765553,149.51489064371958,178.01189173968888,164.40138646411148
293.8067445080899,145.71647251058965,180.5249275982037,165.16861619732083
295.50206460978063,142.9070336274831,182.4225983994608,165.42949654608398
294.3246316967435,140.22984692196957,184.7075341712878,164.8731324426152
297.5584359086705,137.73955531221412,186.80411088995086,163.82915902531576
297.35310920100517,136.9104998110741,189.03241545789228,165.34154456873546
295.6196491167656,133.5989840014251,192.09868715167812,166.42641920179688
295.4261949684745,132.40662325928793,195.04773281360158,167.4245872793558
295.5028330305864,129.9233053198169,196.66646451236818,168.43887444919145
295.8045833999175,129.95438834826956,198.50910310933833,170.7393664161203
296.81495102841154,128.03884935936765,201.16672831453894,171.37118749695153
294.91636520152247,124.79474923971432,203.18900179689217,172.67139707082237
290.64965457951126,119.73687443626667,207.455449068594,173.37116157029578
288.50090575606566,115.59433121650231,210.2643657733313,173.90130845370268
288.48122926374185,113.49441303354939,213.34451289211893,174.60934403454382
285.4841681820731,107.84965681568661,216.41908439818405,175.63826400963706
282.748550942047,102.69994372672174,218.90449810797264,177.81441538440518
282.80868286441,98.47371557084189,220.4446427601033,181.32438541000155
288.87140289041895,90.72340649608141,222.96927575953805,183.75870888941753
281.49998282921297,86.05635440659222,223.84455740264093,187.14231258011466
286.5431265430303,77.63420264523035,228.53778142672746,188.98760124840726
277.6643814582202,73.83411844596603,231.2397248357886,193.62483753710313
286.22051272372937,66.74885299639186,232.2257060181492,197.06900906888086
276.1048372115377,60.679679628992645,230.63940338652665,203.34989339752084
282.65709917771414,58.294162939668055,230.6694524369618,206.35147837662626
272.8674410504045,56.761333711340484,226.4114407344278,210.75280837735642
275.623253076176,39.483796329492435,221.26616617138154,216.63919722796658
267.49337701891284,45.06659063506112,218.94589738136693,219.4336439409259
266.067554537391,33.96227032838134,217.14433504231707,220.62459198836748
132.28045514136778,88.00487711605115,216.0511449183479,218.58713079339896
112.49881257887318,103.91712846949106,214.33548793518275,216.52884054989804
119.33341633358881,98.60910130935902,213.11260000582962,213.9929459413291
128.55865488195957,93.56319836403438,212.30972499038697,212.63136361786707
134.81040845462363,92.27173742168094,211.6602789717678,210.945248732707
127.56563737567973,94.24397381518696,210.3971994789598,210.16101898005775
131.74080752528562,89.28416271663524,209.11487570883128,208.78276386545465
118.08017463598948,90.377117514011,205.43781613952316,208.43545097232513
102.40339684889761,111.40588571548032,202.7808278904647,206.16715636015797
116.17839481121872,107.65770080129927,199.1299389451926,203.77548469224323
103.14777339466352,109.14521299643985,194.0369592898997,202.3226058116819
117.51321611817545,103.37448912537344,189.41873329722154,203.0673683350037
122.77236084871677,120.60536985291562,187.92551879494016,199.88323673221427
110.40511525532945,119.03033911827302,185.01589834841403,196.02774114125776
118.31075234398197,112.35354771687906,181.91883468136288,196.09260381312527
126.33945271123278,104.08404657279046,177.6675424215927,197.50809955528197
133.66210202517644,100.30838731059428,176.58661204169124,195.82797372084863
116.91018879878854,119.64926510733436,175.47318614461352,192.77239686882356
122.3630344390449,116.43202086530535,174.82117032491624,191.56108333185497
128.47359595475163,109.80348774826487,172.81395453532406,192.78343486714442
111.81151719304127,107.83456703354243,172.45416354189908,192.5280447139477
122.40949872229353,105.57685688166724,171.88411410338966,191.57663094939974
131.37381185270192,101.01300422891566,172.17624818803188,190.28549107820612
117.10505916932078,122.23166495826003,170.84933361766036,188.49407797523028
128.1822299004382,122.25509249778025,168.5335656112361,186.76349396285548
116.54525536371703,124.7366678203932,166.76217700767646,185.13760046446492
125.60107532158906,124.04819430167899,166.54859312220583,184.02401367315798
133.0215182289902,120.69464422637606,164.23839368588256,183.362124356143
119.4358370349933,122.23886408625981,163.14720953456973,182.81843103530127
128.36873054618482,124.83321516459478,162.3742779656779,181.24714549888586
134.51391821905003,121.41607995602126,161.276651643385,181.324761176653
120.86734669971443,123.67086384038195,160.74991133549855,180.35333680430918
128.8061696403244,124.93853400379179,160.31554185961306,179.09298250616078
113.5960365258613,127.6840143641951,160.0905215284807,178.05169353065446
122.61539187443451,129.26118631977556,158.98164328983037,176.718090080843
129.50498086956682,128.85439543995068,158.25784898181672,175.96738036328944
117.41442444084828,129.27773169405128,158.3238438125204,175.40116481528946
127.35610255723466,131.78740236336844,157.1337859195914,174.34015935312
225.14540390516845,40.28699904594238,162.75901012802072,170.26712870769867
242.13383563806025,33.946309100318985,162.398887842657,170.3192494894484
246.5598586720754,32.21999831263224,162.61484924380397,169.64072368017833
250.3834927589837,30.0609430192456,162.42788580707844,169.14933309583955
251.37009930786738,30.802084434579882,162.67660941203934,168.65910299906915
254.37056655249768,30.478102534400506,162.68118382246743,168.38436704995814
259.25048993765137,30.20039785258544,162.69365398483833,168.09741108909105
267.1189058185455,24.3918313794819,163.00182992873857,167.8228013289993
266.6767377311417,31.729700621367115,165.15365076846308,166.49105126380798
267.86758062560307,28.220967280728146,165.5230910304894,166.1075193527092
273.8359936681678,26.08936659369121,164.41596827635357,166.31802449875573
269.98308445984884,32.79790632770104,165.48897466982874,167.33946546225462
274.8706921727058,32.98641900676276,167.69764024081897,167.728889674787
275.31395903025646,32.81534428118661,170.20940455084877,168.8104682421884
273.2058173843001,41.7997338323961,172.3854849866978,172.3827505411366
270.69604276074017,43.531305252801445,175.5273111360163,174.39736753843016
274.1069889000246,44.19669200193263,179.14212921511347,176.00833002306268
277.8702630012689,45.12935031494112,183.70543620671674,175.31162170488415
273.83906687386263,54.88779547342702,187.48029708564417,177.0122110937229
270.86039111429363,57.88144231991018,191.58915788975543,177.04905108300756
273.5655104324452,61.3892232540544,195.33985179434586,179.45762633019763
275.0164249875342,61.2693683614072,197.4289727917422,181.35522142852608
272.31199439525403,66.51321170342912,201.71946976140543,181.70675002310773
268.69379731673916,67.79612891462136,206.16580864347185,184.62891360945127
269.84915089742105,66.68322361886527,210.43487776918687,187.1782188439364
272.1714569811526,67.1469856512569,215.84986357077906,189.19964340090303
269.8286856039891,68.76699526187669,220.4530346282762,192.05365122205237
272.5191572161549,73.17269762408893,220.64023381803761,195.56759058332125
269.1342424899883,74.13448210746438,222.97928905848718,196.32279096662222
270.82022321867254,76.63825577757059,222.68040766398497,196.03341713028553
272.4179863369327,79.59811214558145,222.99367573517344,196.89904613391835
274.7377506200413,82.24572442388549,223.37395450767082,196.39536649155588
278.37424540166,83.167366040231,224.30577031857894,196.0589323093867
282.8717391752358,89.49759740139649,223.52415404828275,194.71141876765876
280.6266975824688,92.76770363704189,226.33872098606741,193.59444600431473
284.00108718724266,94.50422524989244,225.41993740869134,192.69013480185276
280.6127364775957,97.5777208632613,227.19702458924627,189.7252705740164
284.421168999981,102.27798756136922,227.72897088480772,189.34132062048857
285.53910185519936,104.95184530919151,227.12637996799583,189.13578079928246
291.2792538215263,109.34749130776068,224.76031954272716,189.58035820979794
291.6743884943329,112.96121844098636,223.90183539317985,188.37035666017397
295.8241868348182,116.72505318706638,221.51861053456645,187.91020683277833
296.97232185567475,120.31441714595539,219.38002496803682,188.6626689288858
294.7465105309917,123.75537786859442,220.89942286688415,190.3675785764422
303.8917867564928,125.55261597561757,219.4501198818243,193.6653452708737
304.71950116972334,128.09811465670114,219.4312958412825,198.98219722053517
299.4315395029205,128.11939311282626,220.27300248482464,202.3637938746454
302.58905598696936,129.83921068580918,220.40917143246799,205.11256901081455
299.3911074205793,134.50822026022365,219.6713996657119,206.52868308647297
294.99828204049504,133.9787168936515,224.02836285340112,208.6758875277471
290.5737010024992,136.89340126556118,224.89004428898144,209.1699874690779
282.7964698642431,137.64333100475648,226.93028537408748,208.44916731401725
278.95245665370385,141.00693824286043,227.55026331799306,207.73465148816948
273.44673310268246,144.75246855094494,227.73860079326585,207.56207899303314
267.26312985794084,147.26234455428047,228.81631658298107,207.59785181241188
265.3753898491649,150.03116319344858,228.2848851320271,207.23907424476903
261.8418068350208,152.13183965905185,227.82633247135038,206.41896025094042
255.7238836835149,155.03702629314424,227.20750634241637,205.03737993624685
253.76066677842505,155.38380951591782,223.68701069779263,205.50343723280326
254.19288297943643,159.53036818949244,220.1707030382778,205.2188533634372
258.8380264458557,160.17379887101788,219.75447673623756,203.78197192256175
260.57785909264413,160.53714199368903,216.7662342746729,203.06171587984886
267.6595710446561,158.62052464278204,219.59847496720658,204.04344863998193
274.0790766489553,156.13301187975028,220.01754424109106,204.22627693856742
280.59079638467006,153.79529050091043,220.09693088813088,203.58543980809407
290.5902781402335,153.09922978136353,221.74223541289257,203.07798184140321
298.2177414766027,146.64521984782488,223.95606827689733,203.3517901682584
306.8066838648345,141.2219637697471,223.41503385748945,204.32711606800524
314.69753014558574,137.36896107099324,222.83063076284483,205.62305295355006
325.0243195876371,134.08413191845756,221.91421542244333,206.5551609046175
332.6885894193868,133.08252104964183,219.82569746457136,207.38046289680375
329.02262681469415,124.91126221097142,225.02306471153912,209.1318827424185
334.77684980774757,121.01034858641606,229.75017246688736,211.82710112388395
334.63794637201283,121.66176740478812,232.1159591319053,213.18782053975212
335.15921091388554,127.14920504163331,234.52313159578262,211.8610022500095
336.5940900027548,123.56417515727091,234.31905931014916,213.1472844003261
338.15963774585276,126.8185330825014,233.2235044047028,213.45104089330994
352.31662240540584,112.6708658451501,232.42901292983493,214.60859803952133
354.5283842051708,109.6156524747564,228.8346628952159,213.89785397342396
359.47806327903106,104.46476863782856,223.71646653262115,215.46289774743835
363.74729765983807,100.31156858214034,219.50471991608765,214.98788287315804
364.5628609930309,98.53308660296818,215.95875505485498,214.0403354751486
369.1602530856251,96.77956881269947,211.1340398966136,214.06898274620727
373.65416618681877,96.31589972979643,207.79100338996588,212.545821615825
373.50303072902244,93.6802406903225,205.4369341833357,210.7262674070226
371.74493204613066,92.13322805589601,202.75735079502985,208.6062028054227
371.70637500219937,90.90297346657822,203.16750538854006,206.54458578624335
372.8898698006935,91.24628900590892,204.58715214409096,202.7136418490004
374.8906013954565,94.74673799045628,204.83259046671094,200.30134976064298
369.72129584965444,94.25625219289913,209.5343926860922,196.7213191012712
367.26092314029495,93.78131605291763,211.08259929980323,195.6358501184168
367.2092802683226,91.4921019758819,209.65956577838227,196.6993525541808
364.5434891097616,93.44791008422321,209.10268698252827,197.2720708063397
360.91757065682873,97.08457892014387,206.6860411079374,196.83861169361094
354.3493312330829,98.45565974862488,207.22660988310236,196.7953037678043
351.9692941248653,99.48810320490527,206.65577150951066,197.16115816536316
347.1701835685626,102.34445611676375,207.53481823704533,196.81973348864938
341.39320082796326,106.18735360533941,209.90231177915706,197.53435774672755
337.3686620882405,109.83851706224978,212.52687639544337,197.83929821266756
332.34682777642695,111.97285075378164,214.40534573928534,198.91982774046198
328.17672137835814,111.61408525308316,215.44063929256413,201.85977418909405
325.83359506063505,111.73888165811616,215.06327946692028,203.91035561532567
322.05583156479173,113.35802384876168,215.7525273333932,206.0608027136794
318.5677137802775,117.26729623033316,216.21402243535027,204.95892464899225
316.11250745292284,119.00724762304276,216.50675692462374,206.1215389534168
315.2944093890992,117.15077333972225,216.51647497628977,207.2650514467546
311.6616577498632,117.7705523009283,216.15405858084216,210.34418525484176
300.02938277944156,134.75105566043794,217.21588787959556,212.34059888494357
285.26693059927914,127.2560527781875,222.21534248711288,213.63173971261585
272.5741333202294,144.65710957594072,227.33360115348862,211.95721629655276
263.91504081876224,157.69351505415358,230.61026985240682,209.46655103104501
199.98373807571141,138.36761719069466,235.35831997962177,212.23535115249408
191.33761839812493,137.86613062806666,240.06930723671127,215.080184095255
173.04112362974502,135.2182293518743,245.0184922233002,216.94107921126883
153.81756332639193,129.24813194493154,251.49540180095363,218.81859854908015
133.80504739241292,124.89868161588151,251.21889710885304,219.68277144305057
122.90944943849216,112.95058433464573,253.34720162875513,221.20405946560516
102.24392981952568,118.76297325735293,255.2791815710338,225.02636604707064
82.91226928600153,118.07858415040674,260.3130508863731,224.66632357939105
71.1523293120693,117.53368944996649,264.3683102440276,224.16408889236567
67.13493023840118,114.0899481192628,260.07657125910066,221.7111088691417
59.24691184662166,113.68718905828206,257.82968934148784,220.70694998628903
51.98780296528058,110.24827963070648,251.56742767301765,218.43759591358375
45.94283524557393,112.77229997734544,248.78584593103446,218.0365097567438
49.59893634442989,114.82490249882594,242.8020224106907,216.38730075031236
49.72184673749459,115.1133496304397,236.5027624842415,213.85290495643756
51.418029215900205,116.7275761281388,231.59252364418288,210.81443178248293
53.775665700471194,117.89538955290251,228.17716503508728,209.37422488820908
55.39108782773009,119.81893531094451,225.50714928751606,208.34772696762985
55.34290528584049,121.89227392455922,223.81462806262522,206.68358224162114
52.67095020337004,124.72003362445807,223.83460748720967,204.8344633793143
58.466876930278985,127.0099696495916,222.22005372363836,202.2737146448584
53.78325678337637,127.15944780108859,221.83626977122776,199.38201303775674
58.802420146369144,130.94945176756272,220.91064350758353,197.8246377036854
52.287061394943976,131.51782726140812,223.93487983977957,196.19489380823214
60.67182084089504,132.77619647457814,221.42739822509913,194.32306828043255
55.91284528926391,131.77076789783993,223.28000699742876,192.77759069994596
56.80977925072449,130.98490818810384,222.2790207421216,192.18396945741557
60.16111258271134,130.00064569687424,220.4702749765854,191.79169584253896
63.43654014895631,127.962246056123,218.03488262409422,191.45989717787444
61.962694024848304,127.10676587976197,215.68934243136175,190.61229215240743
63.778886726768235,126.6043060945986,215.20221163949088,191.18329124987383
66.27778356892739,125.36706717719098,213.94971586395553,191.58527195524877
63.663854041242416,126.13876651067508,216.08020667896903,191.89187545788963
67.2017900663833,127.88620125779312,218.22257727395095,192.93761341604613
70.49091324755847,126.39933533053429,217.68958895679714,194.39823558657332
75.86618051170908,127.28929857405319,219.17177289620832,195.59827073321776
78.4801412604462,128.9388969353284,223.17029850414178,197.95468790989835
87.55056654366422,131.61833317418444,226.49395027230048,200.03648401510245
92.56626201939903,129.22838200623647,230.04006252517655,202.94579602182816
104.89218469502734,130.6306046680797,233.2952549089053,206.28950972524132
115.15708469323343,125.69806792291541,235.14044537574995,212.2825131414885
127.44615346754375,120.07600691061177,235.65082215513223,216.62582635490804
142.92140680857213,122.62792029572662,239.49874686955985,220.25218413973204
156.9661605753199,122.32111891728212,244.91908888440418,224.19443212596065
156.25850908769988,124.66438805157367,249.6896391187842,227.54742651881554
177.10629552348567,129.55920065921725,250.55343438075755,230.9243176075445
193.64528921786206,138.38031291754342,248.3628523875126,231.2585430573228
218.09903506499643,138.45229369508178,242.95172147205244,230.2508710988037
229.07437464222244,159.50225027654415,241.48967261240023,224.9815891919825
246.17787705647083,157.94175874560068,237.3409086744064,222.08189564101542
254.23109650189383,156.69630472472008,233.54541052605305,219.4249221749031
261.838371683309,154.8545254104923,229.92715933467042,217.14837490736255
271.1983409771691,150.4340423826405,225.554876043276,215.88044852227023
278.13443091033855,145.96334942594223,222.8746546043662,213.35208212396026
284.4296559396625,140.77829669805715,218.00475603650204,209.27496868477195
291.2805782139527,136.40876326566945,213.72757693897137,208.45005640068257
290.713249198403,132.50478996744815,211.4036828479547,205.68313384124139
291.33778094545744,129.92732705571797,211.42578734739146,204.10490012261803
295.44842581960495,126.01778159981002,210.7266576523495,202.79603464405304
295.46168584244697,125.51258180449616,211.06915616135296,200.79969318777523
295.2650493425018,122.85656256110559,210.1477538301276,197.45029273260081
298.1042825035952,122.72703479340692,208.87244855683002,194.05337817141003
302.7225504925703,122.72852850003628,208.6943146403422,191.39670804941107
303.6785156877993,123.98419044597607,211.8551896545473,191.2503798755338
303.1518322728318,125.97368597479824,215.1989524595952,191.96816377745367
303.90106033212,125.34788851137671,218.99891247871415,193.5767035633246
307.03597017382015,126.31222438524341,222.519668776454,195.4445520487455
311.9507959145531,126.24142341595875,223.947585654363,196.96499336090338
318.5811001892643,126.20643797734229,224.21851129988693,198.59288076016236
330.4741974285726,126.51722884707588,221.73464683836013,200.70702513878294
345.4615319606638,129.11688230048554,216.5442013306963,202.66183247833203
352.64411495669316,130.41914268012906,213.9196092216943,203.0076064520925
358.7602628647983,132.39917333600943,212.78729852816474,202.3027843886075
367.09117233731524,136.64246693581077,210.1435936730966,201.20742109647554
368.70309316687303,135.65818639979386,209.24014676839084,200.1251625331181
374.2269408351997,135.20640966082567,208.1097783589226,199.0654910039973
378.8795647008674,132.80791469448332,207.30813837752612,197.8578026873229
387.68542032108155,129.24789037343493,205.45929887934625,197.15454190788037
394.6934112513148,127.86497256200869,202.72833498610396,194.87845019308634
398.3618583850056,127.82837900276341,201.0616548949003,193.87863962232976
394.30088170206574,127.75737565621779,202.09054252210206,192.69258211215868
396.440740731848,128.87395883378352,200.6041286674784,191.99782665905053
389.4651396890904,130.68902166382077,202.09592866864296,191.55046791334374
381.79810454903713,134.1849653720201,203.16649015205763,190.85636673275442
380.23122975514184,137.10978912985638,202.33521050019368,190.45531283356743
373.38490324866507,138.58684739837244,202.9605445968264,189.4413394049032
368.3787681949175,136.39519221113642,203.19236483707294,190.2725996656973
366.8321680651049,134.82829703208571,204.3784899299959,192.376361680598
360.85815718023474,131.95934370917126,206.71224244314442,195.90823390450612
352.4527767006283,130.0737320989618,207.17597276270885,197.13989609167612
352.4967796878164,125.88702301042667,205.23043404869335,199.5429191805506
346.10653517663593,127.49188190011904,204.01014964118366,201.3604946064271
341.63060591548236,126.73528236294739,201.99054591373502,203.5384099245143
340.9102749401645,127.37358093507821,199.43575212248834,204.6572538355505
334.97643485880315,130.26153590042912,196.9320304984069,204.2814274467188
332.9538535162566,132.97146897768437,192.82460910757234,202.51492213586675
328.7967049171916,136.12931603316648,189.01653463211818,201.84668467086811
326.63499277198014,140.52058968783192,184.90210415569544,200.16942777444007
324.61135256123015,148.50953783018562,178.5288008522199,197.58953792894164
329.57778209783794,154.0438267722817,174.3837101429569,197.5847951887924
338.94572921352466,185.48861949932206,174.00433942537748,193.87332557943827
335.9862496673889,145.22715682664955,171.83466307300787,195.02283783884582
337.05739573386893,149.54897223818932,166.47777705271864,197.8111976392404
340.46983305189974,161.66609261185144,165.01893024868826,195.6687385081271
324.14951644322423,145.87998981149838,160.7957138261467,198.53728886591327
331.9795294343752,146.30261919721949,153.48082639364947,203.3376075251962
340.5026275607397,145.7899099840743,149.139905676504,206.71696071634858
348.7374545802776,144.2978386531978,143.16660764786525,210.32321380452757
369.27615587484274,177.16241023388287,144.86364582411585,204.47939702865546
364.4397973283026,166.25474583110304,146.2841074774378,204.85845416673465
363.1806824749067,173.77496221782155,148.88289765236692,203.83877430009693
361.22024684543476,169.62656140248743,152.11875359053278,203.31979624479106
358.34323562549326,169.0377140313624,155.11093115698748,203.24568222449074
359.9789716156198,180.88845284716464,157.29466604776718,200.4060057403472
359.65572882278735,177.90811427466224,158.54667033212436,198.51847207373706
361.8738685490896,174.40507553423697,159.22527668655715,196.02516085982438
360.2370348230178,170.2793460214522,161.39301106851806,194.35627553267176
359.47819474435437,168.77381497328474,163.15860382648128,191.79400055091216
357.91512190749654,168.38933619497658,165.03059767906058,190.38583551460252
360.2888317551843,165.61005086211173,166.3724366544919,189.40831437582776
357.67336913652923,153.4956548628431,168.99592595010586,190.66180081711406
359.233435083999,154.32870665085045,171.41239178389557,192.53050635364818
357.69251424683904,150.9848383753756,172.0539012839143,194.6194765776936
354.2184486675143,137.52967599897391,172.43049017953282,198.71324249260633
368.9893530558434,160.41651214610482,176.39264487333352,197.4100291827195
369.99196351478633,174.54280585339862,179.24342676306495,193.67884412714074
361.53167145803695,135.81205109237862,178.5792216004407,197.06361719898538
372.44442993253017,165.0834743586889,182.94276486263584,194.4749447081129
367.13239362191615,164.59867992513136,183.05926149509438,193.47144686048338
375.3623208335174,170.08291672724204,185.49084269506085,190.19273727908922
366.3203053872411,168.26473833011804,186.2521749944737,188.26986756042828
361.45454484722575,162.9042099574567,185.69809064390142,189.69069523318018
368.3839676870424,168.49132833966047,187.63585007443655,187.93964477095764
359.71119044989166,168.42209627133386,188.29262281045683,187.3779624709196
369.0659281872048,172.8279067924048,189.72480421144084,185.1990423488827
346.18038653495637,162.49559389080844,187.74840140143573,187.29328508017602
352.7024974776425,173.4484469274291,188.24934839271143,186.71961407163195
350.7306769546337,164.23569196943572,188.34330400820235,186.85443642658356
347.11528631510635,156.33668461573166,186.85877328316775,189.196472740437
341.49331335459283,150.85031982345137,183.19040669656533,193.04075908387819
342.7441555738726,159.89670847979409,184.51162636796062,193.4649571740248
340.6216160827572,148.20361376148875,182.3154445355247,196.3805560192048
341.62393538359817,156.43096728960904,184.30454506195554,197.17511272639194
337.58202577096137,144.24821146237912,184.13387152752455,200.14745688512423
357.4155043737376,162.62598959279325,186.52357783515578,196.62335356619056
353.75733110997623,155.95950066909586,186.74804928638446,196.31565968354377
356.93921054004215,165.81932604763136,187.9760892086012,195.7546869812824
366.4209549000249,166.18992251596438,189.56197793004196,192.37518003590358
360.8564278144988,161.61182835688703,188.89981620448782,192.48428640673163
368.5533737048394,164.5554372564888,190.61766072141404,190.83418732853633
362.7490503490927,159.86658071417304,190.91842512394743,192.177281081808
371.2301262344563,162.84245589591785,190.51248482477783,190.42897567605155
348.7332452426591,148.79231348043967,187.97136521657532,194.37904154338486
372.25491797060516,167.45933255426164,189.103854416445,192.1688971335339
368.19071724990124,162.02221021444814,186.95805446472534,192.15378233897877
364.2137755960285,156.3666793921867,185.75493436976095,193.28329777225895
373.6195125389352,156.29106930651784,183.49017526666225,193.2709450957535
351.65584935130323,115.15743791901903,181.19539852302984,200.13735185268473
370.3070140830689,107.54747349026492,181.1720416852309,201.0332221774781
366.7949707240362,116.57248995938772,179.97198918973424,205.35698760959383
364.63393723114393,134.1586188034989,180.71474718885491,207.01036010935974
376.72235297008433,112.59514086339223,183.61508512930908,209.41676545246372
368.0505339351108,129.80507495727198,183.2581902860481,210.85256819365932
379.18959120383926,125.68874572170864,184.02314368072018,209.6263767578646
386.51377766810316,125.37072734745965,186.48014413476074,206.80568981632962
382.0107287676211,110.46839830926874,189.4677258720346,209.15474143214016
392.44102740124373,115.40926292113478,191.82938812627378,209.44136815018052
379.4735073469539,116.70811794921157,191.3029376037499,212.53076184234848
393.9392418071172,105.20694270726267,194.5766879522222,213.88922385273554
383.1521050148545,108.24067996667827,195.57868446765576,216.81702292399223
373.89755998664884,110.43779794312374,194.04414773878872,218.79864956952048
382.00862265274463,110.32251403706293,194.25694367124558,219.56293179528498
388.61370600033234,111.58758883177288,194.19065400548914,218.63866675786704
374.2749067839062,109.16277661527228,192.60131899717933,219.8501469361838
383.9851724342094,108.91532720467082,193.39043392154852,218.88035638341668
377.3065063748305,108.31018157974191,191.39140560482036,220.551239813765
369.618060357518,106.95637062024701,189.90373274381557,222.0174167874194
389.5553037576501,106.75003910439725,190.50097903681308,221.3857822431683
361.70943256980735,103.68128032356233,182.473647163231,229.83459936729236
362.07395261987017,106.71548764183022,177.027157874873,233.7445334627512
134.82987962103766,100.91059705973126,186.8661949858192,224.13939649035245
119.44969397263263,102.32977783631173,189.7449630416625,216.12703610448887
124.63063867807466,106.01718986157425,189.89664823099815,209.59590620441168
108.1999447128379,106.46526058042345,188.3599953899873,207.3792000198566
120.28210602136625,106.55979034986196,187.54744889597748,204.57047748087277
124.28602187106199,106.46414440401833,186.63500608589874,201.11437209282064
105.27139101773369,128.42472203375735,186.2137863777604,196.0026536314383
110.58407068149191,126.35442468104868,184.45583294166244,191.04486443335222
116.68389745711627,123.32253688166529,182.53820949600453,188.07999833137438
119.93982503530665,120.45165048456795,181.44418433001073,187.07218168236227
127.23637154634584,121.54972817000481,179.34920303278588,186.50959841308156
111.56899506537297,121.16243222238501,177.11301788438004,186.74677843974894
118.61827988372914,123.54059574553233,174.81792362761155,185.35158639940522
123.7202700041411,121.07465686574847,172.89978056024955,184.28121682544634
109.91423113444449,126.02803745949227,171.5115226062834,183.0620061826975
119.10076865172555,125.84154813485813,169.15612678619883,181.65549114242873
126.42224778845738,125.28562563550395,167.63232058182695,180.44860674050233
114.11477521665034,128.74120425603053,167.40413752109532,179.511747976622
97.95006557101756,132.63731046517114,167.9501743965894,178.1481711555698
124.12788739246756,135.04761186822284,166.62667720754683,176.3372586341954
108.80677566400925,137.50129194429405,168.20128515543024,174.0832710082218
117.02037725454545,140.16297306417334,167.2367732814257,171.88302406959545
120.25560242244416,140.60586646414254,166.5484798899032,170.06008178450384
105.6701118596358,144.74193565466015,166.85370402699454,167.81219391082334
111.57276036707349,147.2340284260024,166.83132689584718,165.84769578230816
95.34011262233173,149.97957547357174,168.73404036933948,164.5327696521048
116.07107056042307,151.8904244963418,168.56616517308845,161.33785318939698
98.12307225333109,155.8658065952643,170.19839835953803,158.57219145432055
105.14696699787791,136.74468468578425,168.2617567509986,161.31644180404237
89.5500139939501,138.00453997503087,167.5844354944499,163.86107992321152
121.02611074998083,141.91239627976702,164.9676644982576,164.57071120869767
127.21726317535934,137.88100957598726,162.86839969419248,165.97744251725817
146.53342819211653,129.20017491902928,164.37564180423277,167.5017648005345
131.3711608951745,122.07265277904546,163.82292381938146,169.62618335570966
136.733260432416,138.72945227636842,163.12583865938825,169.53536649607352
140.50269578376114,132.56996514586794,163.97500086990595,169.880019391718
147.8705129812742,125.64238410097354,164.7174796493183,170.54882302966354
131.94816967647256,116.01216219890266,164.27556423865792,171.85117509796547
156.9466002150926,129.6582398721502,166.41948456400578,172.22021550647528
141.72754980320872,122.00269778871858,164.95957894856448,173.5316191542345
131.16377228642656,121.41356351550306,164.4706483864257,174.61070462553556
120.328508305052,122.09391001054337,164.21934903289065,175.88679380479698
160.85175213821003,141.89383757423286,165.61255100280505,174.20783330022076
160.11298409007517,141.91002067874277,166.63439030766432,173.15796728670415
159.95076132430543,141.75556800333004,166.9849012278982,172.69937068726566
158.60472614296793,141.1572119901913,168.03765550857244,172.1611450456964
155.049951689956,138.6186043324557,169.60754920600868,171.98339362532778
151.68912145902698,135.36860560017115,169.35110269231131,171.90735415981266
163.53896173839036,158.46664263545702,170.312532057901,170.25746462903584
127.32384791757946,138.3218238422635,168.19355773419073,172.0065252806084
112.38122217424674,139.9850245193685,167.15480180508467,172.0271371614906
152.15000334480382,143.1291157492729,168.0016083604549,170.7147332813937
114.42228639608446,144.53368166965151,167.53007082234674,169.88132375356375
153.39885079222014,145.5336789796677,168.17308765995818,169.67356498481917
92.97383213941247,148.44203851100656,169.74629238500714,168.64998585668124
151.37409505228212,146.63338710104037,170.47789393963893,169.83342980515368
151.07458389514235,144.66865510653304,170.71348846589927,170.54480659781822
278.33787736193915,160.67295705954285,176.39979215730563,174.5382092225603
299.5608466136536,144.25174732312627,181.50247959992168,178.36073314180464
295.2601743947879,139.36940472550043,187.1987472954808,179.70305505580635
288.5096244512414,136.72176987722077,190.36889358455142,180.36193263581902
275.8048229568092,133.36938150254218,194.5604847173368,180.9593933680253
257.26957860684854,133.68905888480037,198.09341009328338,181.55630617018983
241.1101074508967,137.13003015650486,201.7865379673209,181.25098658973252
227.39407054556125,140.87194390953312,204.7756834637828,183.1297069581267
207.2226328429231,142.531483956359,205.1569423529458,186.22287786011086
210.044739760897,143.50483928214368,207.0048149275205,185.62247889696468
206.20649059734083,140.49917538449728,209.8615004799746,187.8450484143644
208.8724287521845,139.3672803494672,212.63656825445474,189.85690639986422
213.18207534220497,137.3892294765043,213.18295119135718,190.98272831867206
209.5637736535586,139.86350520355677,213.23179659974733,191.70492938989676
207.26136219731347,142.99102543892056,212.1580687920227,192.2921678765361
207.6744295418088,146.20104308204046,208.85500849153613,193.07647781658414
206.4588866913952,149.5614813859556,207.72924518952516,195.15258111292866
207.02031468380653,151.60829558238586,209.8043500582792,197.07862654437844
198.07514604854924,152.90474583900775,211.6802563290379,200.27668348200137
191.78862486577762,156.85919276273296,213.7205294913951,202.22316397079365
181.65640017062697,159.96861476275336,216.4372493895089,202.49725133671961
177.65721076296566,165.18154636729673,217.42898252535764,203.2507361195762
164.87506868750606,163.836798122304,222.6139923079907,206.88243398552302
157.3126921794115,163.69710847173863,227.48125707344744,210.15746071707366
148.6514001774628,162.77171012266336,231.52193685676377,212.9248168133985
139.77191253885954,159.66782298445415,234.11292907885553,215.2624581666907
125.72890897369953,158.64401645102097,240.84636281440015,217.92514413957434
110.15885475730737,159.02567189169355,243.80098540734073,219.98834559496018
98.29702705949762,153.70765197354578,247.36956763706667,222.7090483455318
92.84787599332327,150.25471499345065,247.19427186139535,225.03798701443182
85.73715028473035,146.772083810099,246.97867818123012,227.01487896258652
77.62147662612996,147.38876817722934,250.31407994941966,228.3188928310175
69.16185807254999,140.72584088266058,252.21164290039064,231.38818995555542
62.55303424639983,144.4642991477855,249.33248307283256,232.14857906647984
60.60612622978408,143.26075294810641,245.67612057823203,233.64760471626528
60.38814729883862,144.00245293090282,243.42998028986966,231.78300267876733
48.792613989311036,145.96725761217436,243.05710686070705,228.6147245168239
42.88971159733575,145.5882801094942,241.59599918433048,224.7226336504496
39.41976891217138,145.6483719287765,237.88981025961527,221.40630781522975
38.50001800333216,143.33984841779682,235.71768392635377,217.76760418106116
35.50895901948395,144.7339989914992,232.8848442753368,214.33205834180768
40.561585208545395,146.2591707606984,229.11660800286577,212.22448367519348
30.591753282623387,143.98488102007988,225.53163463241975,210.0515112612889
42.84520997166598,145.49248723724205,220.2153741016246,208.06503017309495
38.248986621502,144.03568456481128,215.78262815974065,207.9420637768524
39.04629004677915,148.51283168651395,211.51760543089046,206.797810007385
37.28627193943865,150.65941749911704,208.4238945256679,205.11525745032458
41.68765908914072,152.14217203353556,205.66720892178986,203.09784304749172
35.09057767272985,155.53164727320265,203.86899447342265,201.779183476971
41.452408947814305,157.26386677893447,201.65130955386897,200.30046450392138
40.218844033989626,161.83491934891094,200.12895578662392,197.91977293818718
35.976960027388444,161.10929505546656,201.02974698174157,195.99752546947292
40.09247976827892,161.1328561130705,199.73672200725431,195.7854588992375
43.057669552180016,161.19909242871722,200.29964955309958,194.99323354138915
33.67756656789231,163.95037822324434,199.47492510175312,193.88466868146088
42.21730780248009,160.91699582880213,199.8190285243012,194.80307798633652
38.915620999409214,162.22667013681615,199.6585595477403,194.62822528667502
42.66480845145654,160.68990772657025,200.51320149697818,194.73392636334668
41.53450206420919,163.20766216670887,202.50715569713014,195.13865214417174
42.9113330818916,162.98202236279184,204.09746968257832,195.82685921661013
43.594680089263804,164.2246044619085,203.89873106639348,196.56116766509007
44.21857421764247,166.7977301948169,203.02424291496948,197.84644238335534
45.88464427547717,165.6128485608388,202.55925167549026,198.1527290888115
44.5976613431739,170.6582512230724,200.59478208095985,197.1707389575206
51.23895698838612,169.512219383701,200.1412570670857,197.4038197871423
47.300511776821125,169.42778970570185,199.12559606809654,196.89063624639303
52.55159582045218,170.89485843714112,199.3067403969111,198.24520651666876
49.786458295619155,169.45555385833256,199.56244593516357,198.33878030250548
56.17416067989734,169.23678520272742,199.58646533805495,200.1557003432461
