23.5,88.5,66,55
25.32843956120938,86.75700491216688,66.76479512913764,55.17007268375339
24.380793546473235,87.77096553804071,67.01436214678436,54.92626090523419
24.63669316919522,88.32061097790393,66.99204429086295,54.841085955111346
25.0547946167071,87.86956716333897,67.00165508745525,54.84800623347221
25.066246656170208,87.73939174207976,67.09596952529606,54.63760611826321
25.383124235348,88.39371446883075,66.43128755450032,54.33813060094134
25.9873607806392,89.62950231099116,65.6589422457859,53.89691966843632
27.22222192388523,88.3782624665652,65.2644133644452,53.06240518614565
25.593139140145773,87.6893805628115,64.30265591251494,52.911708014191404
26.06172082446193,88.70815735178937,63.930641910738245,52.465747224931945
27.717918167129646,87.74716031592908,64.26394553434751,52.400512664679226
27.968706171569174,87.95582586790596,63.437159341609586,52.01345036210171
28.11731397047631,86.43863712796087,63.09243066489712,52.04680597996186
27.712236624847833,86.96843950180528,62.48154374829733,51.993533629733975
29.515001091337098,84.7693110970509,62.19581447695515,51.55551390802325
28.783685667701775,83.85791520202986,61.96380003861941,51.429191136984414
29.95507365038273,82.91762597834165,61.54709476341253,51.13244362038682
30.552373858850032,83.84289146995356,61.189277338364064,50.92697567980369
30.590895002935156,84.44697862069171,60.647976200573,50.35425221832372
31.3220210443043,83.4763258183894,60.086349704344414,49.993544425711534
31.253993864573218,85.9956566042715,59.939646364316985,49.92326092096394
31.728276615617943,84.77170929839804,59.42456759208784,49.7664099062613
32.38931592629206,84.54206828031255,58.519143110496756,49.54761221812045
32.28979952016994,86.1570080551448,58.06755307804495,49.08533082061658
34.407680362898134,84.32174815460996,57.59756945731635,48.466480084882036
34.83906380649917,84.53949359764445,57.13567158199325,47.65535399211369
35.04850099123476,85.49057408457543,56.76738542542939,47.449758169466364
36.05468068373247,86.43427516778074,56.46147030389221,47.28850818468109
36.894502023239156,84.70431993541494,56.07720356806274,46.848276933409274
37.43949577981908,85.629762797164,55.713796853528834,46.81656108887079
37.96156139572468,85.85149296719524,55.09834020038433,46.4975728453707
38.78191033060957,85.93135868803245,54.502801074472885,46.07024313232638
39.11761416083372,86.68555047052699,54.235236548666236,45.73256023662591
40.54383855969158,85.34132516334071,53.648539351216016,45.370791315170834
41.403327407383784,86.30329878811666,53.80831066877868,45.03126987261814
41.195778402144846,85.61042390508439,53.30975685525907,45.1401479574693
43.03304560814243,83.38653774036054,53.490364798229116,44.690420725607204
41.956907505758224,83.55236588220112,53.14460366474068,44.29694450112059
43.02602743070153,81.79686283695507,52.87157697060053,44.05124053912246
43.99109340608116,82.44910567836487,52.76430144608028,43.6835899664904
44.929029508354525,81.6917759761778,52.54192944085149,43.47099438410155
45.24865486778309,82.45951295848174,52.110605069846116,43.203207978621464
46.35630710587373,82.15748066453301,51.8940825131442,42.96299917813315
46.280351760717785,83.70359140573714,51.503323549563575,42.625876515457534
46.948995652783054,84.9666068988674,51.1050056159732,42.35963618814785
46.768966487748585,86.73146629603809,50.665675418171965,42.194285594108585
47.30917787809845,88.0697944473358,50.23294740399368,41.8517102260377
48.642423215429076,87.56138514436947,49.73671239034317,41.572740782272476
47.49271338304801,89.0585965925647,49.41616077977571,41.17313361693062
48.47131780685251,88.1905727688286,49.13753686544766,40.854946759703104
49.38794304793332,87.70502306325797,48.636818312302154,40.686168493880565
48.78096660685126,87.63218768041875,47.98617220497958,40.663980092698395
50.03885269240031,86.82127583054145,47.694924531867315,40.52889680621645
49.88069440144926,87.04291498889297,47.069684660064574,40.27253618193627
50.492304939189026,87.61333414394828,46.801730298681115,39.82488218798394
50.51952292978309,87.90863684189785,46.28463984609559,39.57034688261712
51.01034430451667,89.00803690050978,46.60673735961366,39.272158165997496
50.744121450937676,89.34547084174818,46.25361313669505,39.07841700919438
50.97684340540777,90.77700826513656,46.01851185432652,38.85111605958864
51.91002993708784,89.81267942762882,45.58061154830585,38.66596939424156
51.579580693829,91.70309208018247,45.75245234491836,38.59932312813573
52.43159273589745,90.63218834616956,45.59887787053794,38.269479995728204
51.216446765718764,91.89581907428288,45.41691829073845,38.01870445945395
51.86994662470048,91.4471458774451,44.902548827997336,37.851108254786624
52.03084098142919,90.48732497949887,44.331468262423336,37.48689580453956
51.84392026854,90.3235451637394,44.072877287021434,37.284811006374795
52.571595218168106,89.57768741986376,44.203915975716896,37.33164422045206
52.28381990786606,89.04680001843556,43.96377619810474,37.01852809980839
52.070601016582806,89.72246130472001,43.8344386959041,36.783011987620064
53.57512407573732,88.2816787410745,43.85465535873825,36.84357463154317
53.33914468335915,87.85211953275615,43.52702748978518,36.64032703942134
53.128673150945275,87.52302666323172,43.32259278037435,36.49125923890797
53.957448248092625,88.0244010165068,43.36139816736322,36.1931387018944
54.83667969007499,86.19301382386706,43.305118172383175,35.7997864926304
54.198266793981325,87.18208296456177,43.191614722817874,35.57360944247269
54.58330353705425,89.39112357740831,42.926209412846184,35.675867705762755
54.95268959493308,86.40072344511148,42.69658064959708,35.54150273674435
55.47958871349547,87.38229983067981,42.527939401569895,35.04663457254129
55.81260600598608,87.09709810434539,42.29574270721366,34.8427348273494
56.272630138531895,86.13097684414608,41.89719491037612,34.755310199157954
56.09667433434187,86.58498245368393,41.88049139810685,34.8378433588397
56.456260299250616,84.83209741217405,41.44593391206834,34.78351527062533
57.38172031114229,84.29034504922501,40.84138301174386,34.53958390700773
57.553922924639345,84.50502945398749,40.687193014737844,34.50871351342974
57.42358180437006,84.7483280757597,40.176940971543054,34.23956842344881
57.054109896290285,86.1629358695657,40.147836620473896,34.14294971007388
57.84757564583006,86.51309688236178,39.89788594109649,33.95756138981162
58.57213606814355,85.97584329772597,39.60003334025919,34.00144595757414
58.10387229831326,87.08474941972528,39.61499940035127,33.79047036633125
58.33738989638217,86.0519228740939,39.5159544595693,33.824479828519905
58.54592316007012,85.60899570908174,39.2972947775246,33.683696485166266
58.821711126337775,84.8547456212429,39.245514609673954,33.52941494545085
59.0642898445265,84.446216346961,39.319974275442654,33.343799629650064
59.00276329466883,84.73585098401249,39.33802694630258,33.17619031152546
58.896386997460965,85.61244056528272,39.23036565321754,33.20427497726256
58.65291767654119,84.66550266754882,39.02404791688327,33.346308750788246
58.91037469333727,85.32376387879232,38.739196129613745,32.98037687920074
59.530877337895376,84.71589084405834,38.44283052326731,32.858996812842605
58.4027711278163,85.22239455433333,38.30214610428361,32.674600587380034
59.17632207130313,84.78311193302201,38.333947177133545,32.33470956169214
58.819548093181396,85.81967662483775,38.247916168666784,32.080981203832756
59.12553426321669,85.24579929684802,38.14513122893723,31.879360254229013
58.09593299803868,85.59267693264664,37.92164085005255,31.794401459949597
58.82946822133282,84.71083859378264,37.39177321470541,31.594253984731118
58.7632227682456,83.79933130311034,37.60382826757738,31.597185305539547
58.32093693483411,81.52604286337822,37.44797284566287,31.410506321814076
58.40054244836634,80.08177085228252,37.66256617922652,31.389766944423577
58.955224182585674,77.27908671399332,37.68963702742299,31.305965337273925
57.65094312884591,77.79404027922567,37.81253834350543,31.236316511882016
57.99606598570699,76.51349841244156,37.71133249193917,31.400794992230637
57.438209823533825,76.60794066538793,37.41832372692242,31.596072584507212
58.12727215611365,75.87201131712085,37.33828117502875,31.411509262036567
58.154060047431535,77.34903045961636,37.66698940781008,31.098646485544684
56.865714927547884,78.35321202817796,38.115883712900256,30.981588914255532
57.097817928925416,78.30896656263644,37.955186200469214,30.762822908311584
56.90106148584392,80.63653227055664,37.94484334560819,31.02244636002491
56.66220056905875,80.64397249257621,37.70523132593375,30.91517811308687
56.025539612930395,82.16590628137115,37.499178233422086,30.82085115057878
55.870318638345566,83.7196362318914,37.28462604768879,30.604573910594816
56.27692040259559,83.11502466558908,37.36629142950139,30.572474406595138
56.18279793340692,84.59278149948446,37.29317551396829,30.255390142109434
54.97577988057372,84.86075296798883,37.07067382933623,30.221152136359848
54.959932538983594,84.27493384592731,36.615773477917166,30.08950180149577
55.55709517182891,83.47794211219349,36.49121282633176,29.754942774189537
54.59527119933206,83.5102642417515,36.295285270837184,29.7174809600036
55.50378616894837,81.69182316376155,36.15708845862635,29.552936705308444
54.38913460184209,81.15325394977444,36.23863573155657,29.62104681773856
54.45975721279912,81.179185590982,36.24215722779169,29.398879356131822
53.85868753484152,80.85891548993015,36.36322818713858,29.293271866031994
53.32012576210214,80.99472977475303,36.257760294323894,29.089960620309366
53.82220851186781,80.37587252025101,35.97591654352608,28.818567062754564
53.053462554393484,82.19876820029184,35.94512656951294,28.72134156723589
52.219310751451495,81.5004567302866,35.54842177352619,28.630821109915143
52.72470094641015,81.07304195368259,35.1827662362662,28.65356719945433
51.250141910789395,82.52891888372274,35.5343901821415,28.588184751651248
51.7526236908415,82.34879308499187,35.24323641026436,28.392821043212425
50.9226978373384,82.19850404021427,35.30304923120032,28.32715270070164
51.39411533159689,81.90339254203623,35.052091548190994,28.10839523212244
50.617927325006924,82.4660332103386,34.550259997970656,27.891615878206615
50.54189609737573,82.86844263802874,34.73188791607563,27.617592954642426
50.823040705701004,81.0789715077616,34.58416742167315,27.678115472592495
49.33626220990266,81.95252018162101,34.324047264450876,27.535344492251884
49.52571824136512,81.59965337999483,34.00372577012804,27.554191904136125
47.96586998796143,82.44205799103713,33.423739325961904,27.602598729338514
49.928501084901,81.22623910379954,33.71129575467187,27.2717078459005
47.82353378533599,82.35872819554054,33.767861403911766,27.29999905824676
48.73613943364594,80.77065613681933,33.54019406214111,27.039674336043795
46.63094462302924,82.67046724477139,33.38956693303882,27.258386032035418
47.36307637402638,81.27247054897506,33.06353566218468,27.198372801313596
46.06657232438157,83.07875084517512,33.197193652373954,27.377689240239796
46.08781053122728,82.86233406619712,32.861334087389736,27.16825008739562
45.38388612310029,83.41576924828703,33.077817900057894,27.091284327173934
45.000142010622824,82.94675099287889,32.56161865266938,27.1370359678425
44.80146118658018,81.7205193957725,32.49849633249677,26.994852708197858
44.879804595451226,81.66563617859912,32.13693620621528,26.686695453656085
45.09429229044278,79.04842547870908,32.189034851399875,26.817821527203236
43.035974825782816,77.76226991931908,32.20383643721394,27.135245303530247
43.21547795484862,78.73778675797006,32.0839410065283,27.42370881098172
42.178940880394194,79.16808717162428,31.838034700038612,27.349930004680786
42.57124028102801,77.40684981612995,31.46044079159706,27.33216585840016
41.60652534833346,79.41966112847237,31.122584833164133,27.140753629528305
42.12996251982972,79.42103520915903,30.856223538343606,27.527393731380553
40.16906596730143,80.28955618773676,30.726091461057667,27.742229249009924
40.15719384932955,81.50746122625117,30.835273836738068,27.622714080504686
39.79716029072628,80.84731742282364,31.113950171349934,27.690563857388433
40.11584105773268,80.62133938248314,31.10134157608454,27.76111279638393
38.643223196306096,80.62504141161595,31.298643672762786,27.90722699764361
39.43299442350453,80.1150200177116,31.07841935553479,27.595165936994988
39.06673757508277,81.08180060402948,31.02629226334634,27.735751273529758
38.47062805752951,81.25368013615301,30.899929836546427,27.428040707287366
37.82975474119846,80.45855181159956,31.09105058705979,27.164124053743826
37.60092881851324,80.65509004710867,31.211576833045918,27.170438667635047
37.55946204898549,81.05448374872735,31.14695053559457,26.790704789130267
35.72339244023631,81.54376160769547,31.22003064817349,26.639571868873936
35.58657183110458,82.03196672320398,31.04128748395062,26.03063276655908
35.13468657137433,81.00262745767608,30.842045441613003,25.74072402306347
34.197574619313784,82.41778546611981,31.067707033607938,25.750085816844962
34.51810198968723,82.27500638688583,31.05823705638797,25.14186326699993
34.11683041196554,82.8019594381941,31.105554911042468,24.88632841978118
34.38977722003628,82.78399858916116,30.69945589789115,24.41208389002955
33.64678874744488,84.43384360535055,30.808943084582427,23.911515475921647
32.75324790615898,84.26378975836138,30.52644564270354,23.81346757841208
31.638145925400835,84.99179721485571,30.77347361125413,24.037473713015608
30.86879222105516,83.76000439773142,30.843955779238087,24.38704162227332
31.277475081707063,84.45437967831491,31.162940332020277,24.558425114336636
30.33899748606532,83.81452334825636,31.154003847354666,24.775204091058356
29.99851263595999,83.78157478198045,31.154654536353934,24.718664044521578
29.591948753178222,84.06431170633613,31.24852256299535,25.10626041914169
28.959947142459058,83.3744583145741,31.618445383966762,24.933214350225846
28.323039682146227,85.30387731946595,31.42118274321394,25.333282704883068
28.106387480142516,85.84917567145622,31.20181706179122,24.97199228151547
27.62954799362786,86.59349428274061,31.123197231491066,25.17739523819933
27.887530290028543,86.13691405867309,31.037879862877546,24.896193999627812
27.38261172634161,87.74077033990888,30.921991601724493,25.366165982673216
27.066751086648523,86.69111623748682,30.750129676364423,25.5572517506124
27.49688363908395,86.58020367783331,30.82983035604328,25.34308179779305
25.781664183767976,87.90228803856387,30.55548606545758,25.402971008231948
24.155321945278388,87.49219000600608,30.445573315340198,25.272178899862716
25.088977578306057,85.92272032011903,30.13721914919941,24.389263871002083
24.96484797441052,87.65399009192078,29.779076138648655,23.935005558325095
25.047533045482336,88.83236461864306,29.499476235440973,23.555157916890714
25.446330048816584,88.4600259787579,29.125237897555664,23.08081828706174
25.075364144601686,87.5296658119658,28.512349454520617,22.8927040583443
25.19941314468771,89.01047172745088,28.821992381091125,22.71256252614122
23.304701679807135,88.73480978732681,29.12663786029075,23.062765210238595
22.37103718721032,87.86934499065232,29.680568007441167,22.71616823422111
22.3021338238389,87.51482753947926,30.10852221753285,22.884496502045746
21.82098735118498,86.84869166956932,29.803231196585507,22.84240577314615
21.710299872781206,84.207174866811,30.21662797036197,23.09890100662297
21.446163208110043,84.12981437666903,30.36597991012452,23.102757281463525
21.690254547159405,82.59305148555357,30.147105650061306,23.130672397419435
21.30672582742642,82.07225902383465,30.345093942417293,23.06693126437687
21.117959833828987,81.2576652473086,30.089082319039342,22.765183673004532
20.553567669729944,81.70102514393078,29.74635051488269,22.73493672960606
20.84730785180549,81.00277868694899,30.10315911977152,22.567498297630006
20.943771470698525,82.77988398512468,30.157166370401164,22.701126732498096
19.586495082142616,82.81678843450547,30.139941479513716,22.583197328284367
19.82722477781552,83.84191232413994,29.959397389014008,22.88486204748955
20.531344785366453,84.3344789440646,29.424727637297913,22.575299951267404
20.46603925837543,84.8833744359834,29.467598590359756,22.679586236983926
20.10826637789577,82.95310740882071,29.388413032368426,22.826342749195046
20.9361959193901,84.53922763864347,29.238933911347228,22.579353296629634
20.876575471882397,84.7856229920273,29.24749189419175,22.585647837378602
20.675689372990586,82.98638159963849,29.36583724094121,22.177749587305115
21.27675133001871,84.30446549473837,28.955893745853167,22.238057064515658
20.447431836349843,84.59361729510034,29.192782306898483,21.938377104328953
19.648218102379616,82.8488800202557,29.34929473959113,21.851039625133364
20.191406718116188,82.58888938650078,29.338786472313238,21.523961940788485
20.574901149297528,82.72596607595777,29.062719941760555,21.578909498525757
20.39704397318566,81.67243436834147,28.898196907757637,21.547828420655314
20.061856740194095,83.24763767393084,29.036413296977614,21.44921443108914
19.67672369033049,81.85603193240819,29.273833720759544,21.40421627553886
19.470128242439646,82.97350209150714,29.6353781343418,21.252025085682607
19.582908302427523,84.70548373019562,29.379665510965005,21.011831473070075
19.770054907098725,85.99708672067551,29.367928580328197,20.930479911818534
19.614094324360952,85.87705746433444,29.537286089831262,21.03957196975635
19.194207669840367,87.22297046163709,29.561744033081112,20.854295571937552
19.55405888743529,86.75996722355889,29.68655364327472,20.58222591913428
19.27258529755253,86.97228291788615,29.98672906758331,20.59587082137332
19.001260347706314,86.36002106843513,30.14162959336294,20.726965670101418
18.132641108320108,86.46022219359344,29.753829448325533,20.49377402180005
18.481898025365986,85.18622091156264,29.417593420038987,20.333916354462104
19.964748879879725,84.95304356362499,29.315028956189728,20.027779356840718
19.67591693828816,84.5745228367135,28.848603998888233,19.81794978748558
19.973346673264647,86.34739584188156,28.534095482275795,19.744118545368437
20.860035761777464,87.53064646015075,28.382373246259682,19.433092066978283
19.58666088958599,86.83351142217928,28.456468886409844,19.814589105964423
19.90518683035065,87.39862042123647,28.9096911004158,19.822977060112933
19.874483235385767,88.35521453719862,29.03304699208488,20.01986668615981
19.523366064398047,87.25018150749865,29.300905988353374,20.064359863861153
19.534748595030884,87.20595992063686,29.478744635712545,20.04210234087795
19.941259729569797,86.87066010297458,29.12080078965794,19.96717900028088
20.13207338424569,85.99239313228072,29.25639540794898,19.728094598315327
19.969892849639436,85.63488618388554,28.841102412983016,19.595344777931167
20.920371798055157,84.64427011652866,28.598600603264003,19.399438822511254
21.310162687802553,84.96760269818719,28.264139784243227,18.948609741295062
21.406347410356386,85.36291129136266,28.351407050017748,18.75524379138287
20.724152980453784,86.06473613479487,28.647328769625197,19.0993371150394
20.933854068230687,86.13128028448199,28.399980288796428,20.041469042906666
21.069857038918634,87.15756241073856,28.17769818867048,20.513468818179764
21.48754078870719,87.40232131609739,28.097630495688215,20.701386345959282
21.6293528992329,87.46804541526141,27.885978033836892,20.811263198223656
21.520869898670693,87.35276563723073,28.06027517455562,20.662343226811558
20.230707823953395,88.06948882511931,27.641066147568097,20.442496890516544
21.362706423696928,86.98386873958975,27.229964088728924,20.37302370365022
22.329897204118108,87.69008982373448,26.93249201274984,20.441944474241694
23.14333391556463,86.9999118835223,26.643912857511218,20.317979017919832
23.49812692699101,86.36724241073316,26.418179697970224,20.177106587307943
23.68464176064701,87.75058553985241,26.02164325143454,20.164882332777328
23.798761253759466,87.10151245263388,25.862379385992487,20.09582443712312
24.73265716971226,86.66946334459685,25.862050308336464,19.718785983084594
23.495288235795876,87.41181018996612,25.976079462637745,19.69807678178697
25.113731281876998,88.19718637898157,26.195787599220004,19.476774515145237
24.82435414539411,86.86764588688959,26.08161087576778,19.420776191773026
24.58956133535004,85.8765438127197,26.16525212940084,19.451299441446423
24.467330740740387,85.9619609605686,26.115264078650895,19.610671450537197
24.95294405416302,86.27667216767746,26.28502747065023,19.484831871516956
24.479784725301876,83.76908292748409,26.416915295509668,19.645382265813584
25.26174246697947,82.77290311249106,26.84751606562585,19.64159676659584
25.231927100883823,82.14495607781171,27.09660139803211,19.527949310113808
24.77822409427998,81.72780010853204,27.04950691485231,19.73646904333944
25.579956580880985,82.60933298761209,27.036684989936738,19.74143762413045
24.98518891509663,82.2100907999678,27.22877455934801,19.708228350127023
24.974762148706183,82.46519680464112,27.825179482776786,19.989571387815616
26.19192916284092,83.67663377169418,27.578985608392202,20.126299475880508
25.827152991355646,83.67103094201074,27.95892720545592,20.50147198767391
24.75265229832521,84.45250176658168,28.151191669252697,20.77933086228999
26.103105050913527,84.11723470765338,28.103267445356575,20.663159426614932
25.603826322684956,84.04484984537072,28.18865057062552,20.706516743126368
26.057110685040865,83.50101548912005,28.12490970245438,20.53238862354305
26.691649172311685,84.20608291301184,27.573254617217856,20.293708682223098
26.620517220717034,84.42718498957286,27.505315096311048,20.524063730818423
27.09232171699271,84.38587769400277,27.548154808956077,20.649538792670793
26.89404983552191,84.40460457516484,27.55459916565531,20.50083115783289
27.084838166125785,85.31437627112902,27.61425715267525,19.98472774068938
28.118518122101065,85.71909069622338,27.10624570473684,19.728497049241675
28.35885429503713,86.21360698563883,26.555477246076983,19.308496126199167
27.958591398773976,86.80939378107274,26.649842552858814,18.859241165549864
28.336350696836828,86.49288864123359,26.418686997657183,18.84142087834508
27.8774877020653,86.17689975917874,26.707185885397415,18.690977888022104
28.472830276652196,85.43351794057115,26.73997452353136,18.782742736403662
28.785087392600154,85.84072111762606,26.339859008919646,18.881145992660677
28.884147381202276,85.75643737164629,26.135835408182903,18.928935512577663
29.46613785243151,84.9260189012192,25.725456851245365,18.844820966844317
29.889690062590205,85.56148991632783,25.308270928728806,18.749624781468032
28.977491064145877,85.76008206718643,25.257303429935696,18.57303318714638
30.518282986587415,85.97738845785634,24.65834268533338,18.18495950383096
30.91904688808772,86.02872196056904,24.56102194505402,17.9005409193593
31.208924218595545,86.48843917926338,24.087226341846296,17.87076636356241
30.65156779510889,86.25148212187293,24.16634102998324,17.88624446607527
30.353531557083997,85.41438198114153,24.343337599756325,17.716043745607795
29.703172263200916,86.43192829335987,24.565395341765957,18.251712801774133
29.91547306885206,84.72319222546818,25.03245835467784,18.58673621662551
29.523165653432724,84.76135446697313,25.113436956478274,18.564009485620474
29.51547798525322,83.9609173424944,25.177008537822147,18.720989109867876
29.03485913739471,84.71597984436514,25.850380714015543,18.868361988969404
29.40482275549465,84.52818615033163,25.805114141420404,19.25374043645592
29.293083088387867,85.12150512437447,26.02874266581246,19.09926503548179
29.836892801038537,85.89285387673219,25.958682172815497,19.400084118977382
29.355829841952115,85.54631903401804,26.145901992145728,19.2482544480405
29.32502645232239,86.74716431167889,26.06300087152476,19.19522555386686
29.67251143163797,86.47138734798504,25.870808608549424,18.92846659787748
29.36326143100093,86.79467648960569,25.479178562025353,18.64257095113557
29.188427036070806,88.04354515969122,25.518697712040705,18.694171951723792
29.19029075650451,87.87531738119023,25.46033281672317,18.591247995462094
29.42002201213074,87.1096492475544,25.56510468142438,18.879108348732263
29.670643069390316,87.05617522285901,25.673241143183915,18.503887038200656
30.454766345541486,87.5946134286453,24.889729793670877,18.305513055159718
31.099087437322773,87.38876658131659,24.879693548066072,17.87467298259379
30.26187407354979,87.30894939400218,24.955604645843668,17.581517841965695
29.840331243144405,87.82979855687167,25.054511296263204,17.809321440741503
30.22941878246432,87.61149105708647,24.969853544932025,17.677084075294964
30.499548579650877,86.87726733827567,24.739722967196712,17.6211318747406
30.046867085804248,86.38159420360704,24.6919960024211,17.59519768467387
30.93903358153974,86.82287671507075,24.525599145288492,17.496062642024476
30.563237729194956,87.76021246859123,25.015170083242985,17.69607408595702
30.97974270358683,86.78526541816302,25.082398111963965,17.955351221519557
31.57301305393959,87.65989284502979,24.961953955524198,17.907486634204485
30.522942126281084,87.99527700171758,25.12344830221999,17.839724743348572
30.824834882420387,88.76045793045263,25.245769612432078,17.716091988013176
31.56819329622312,88.1784391383857,24.90459707536921,17.48010742306103
31.46690966630625,88.7471633248999,24.770672690820476,17.05308484415725
32.766995834269906,89.44993439285966,24.27311904919858,16.625416272004202
32.482791081506676,90.51585951555167,24.16747130947052,16.353811016015317
32.20084890401654,89.58299029540792,23.87843423815457,16.17146758145541
31.799972296814175,89.55750377472715,24.01707493138772,16.22976721876781
31.99564831160545,89.33513586643838,24.025391625149975,16.351012773313812
31.693619184328043,88.81428682509495,24.341758197127664,16.297384670774214
31.83353415100964,89.07521888301494,24.15638216481694,16.185799471293187
31.992884114283743,90.29787715892375,24.00002982323158,15.985679977199558
33.124581459956666,89.71322915208243,23.756669921924793,16.012292723288834
32.057808626667395,89.83189760648077,23.501826001101,15.979871039997992
32.89599009917097,88.93992286893284,23.61620926809945,16.218011961398158
32.909799337760035,88.65498903229835,23.704645318382862,16.219052840042814
33.044841026408065,89.43714229258336,23.51274669474319,16.350787188231962
33.17437553445792,90.25836934851395,23.246691530919374,16.40890151394705
33.99687105064797,90.52456363184702,23.060360266643848,16.013941007454928
34.81687940019086,89.70536449029623,22.939293791480793,15.846206139502094
34.506771855177696,89.61135688361846,22.750110588011935,15.996162393909987
36.12920545414861,89.41214203606121,22.983426897989414,15.772383493748611
34.571125575229864,88.37684323421671,23.105217387409557,15.48815512392687
35.01439866158937,87.88368908554216,23.433994424453118,15.523204821517815
34.81065023144751,87.43728243077784,23.80358607597037,15.54275810983673
35.00913340174753,87.38346334713452,23.728917666087796,15.51007348757356
36.54937973746027,86.53959295678081,23.484386336520227,15.482508582283977
36.36310187082844,86.96317406493301,23.491629910722466,15.574313474706045
36.29575640213794,87.39566801852115,23.449144417282042,15.524567500398753
36.8033734939367,87.07761509234581,23.261868817516316,15.491539272339413
38.170284660441204,87.19824453505437,22.93398034147141,15.562859333274297
38.000967319475116,87.68022514859376,22.43144900396389,15.3842964702626
39.03309032539556,88.32973363826359,21.797668094318738,14.958901848768246
40.160429743572486,87.51881117864762,21.77013016143779,14.808556316378166
40.86166378461171,87.84039153995435,21.628820903326325,14.886736965300962
40.780013131995815,87.47118426156301,21.425005846701644,15.023333735390088
42.11073250922122,87.89141491787473,21.317533614467635,15.291862019133537
42.117990795429755,87.20732276162956,21.67873098648569,15.445977084378097
42.5124436891123,87.62951276586685,22.137281511300163,15.495741372549627
42.39943332574817,87.51706654834611,22.093695290129556,16.151534232309956
44.31436557743669,85.14263170266726,21.68634617905599,16.559550232566586
45.34670311559908,86.44837539532402,21.586788557260018,16.90742153942224
45.286203910005604,85.4820961663415,21.340428701139682,17.23301207136187
46.52406565656605,86.09011458187206,21.103756311610706,17.44454105336537
47.23911168108481,85.41458006581097,21.00894789962002,17.450780645370667
47.59573215115725,85.7343503835327,20.982976349104497,17.497246555947687
48.07197302000247,85.71294786582038,21.1766248156148,17.601241667544695
48.939937221362335,85.06660985363746,20.963869149062972,17.31338955184249
49.905075331587874,84.77461419379358,20.802112568580768,17.176580710168537
50.680135733605994,84.51509448059844,20.783734933375396,17.05024810343962
51.39430391405473,83.85133245232662,20.887805975470165,16.727700539042104
51.77478601446445,84.48395713237575,20.896374514766844,16.37507333270283
53.1368803653335,84.24602845905878,20.738745366175117,16.228013146415943
54.26864092177317,84.17188288231698,20.785015341400026,16.25957293189426
55.67645599979287,83.80633499525652,20.914553918957427,16.234272710398276
56.12404343960287,84.96608599316974,21.094407339622755,16.150133244326472
56.310273576318714,85.51625346622708,21.14599921524847,16.02982293400357
57.80208039055006,86.733090724443,21.26122200875233,16.286470816711144
58.778137069909334,88.29315056320195,21.22791067296773,16.059354602938363
60.34736542696439,89.12974238463795,20.842391275752167,15.838180161116165
60.34539743971912,89.19910809787304,20.77968752139853,16.07512465131773
61.23976202838091,89.16881244797958,20.76187111053156,16.027805012543702
62.28065311746084,88.64569009160748,21.223808939314452,15.731839551681022
63.32909682950609,88.12149999126028,21.207286457774597,15.570598322932067
64.19875727816829,87.6824028103909,21.154096084131858,15.711502063866984
64.74058114023981,88.55704094018978,21.354338488124476,16.09448302739849
65.86055341455277,87.2281227931121,21.434521188262604,16.069011435430173
66.49583744107449,88.97616900593037,21.481732199397648,16.263060687650103
67.50180828771603,88.63832559618149,21.357705998172356,16.43057743888385
68.29158297780393,90.02871672473199,21.50645790469395,16.535398132832665
69.42533999115625,90.24280947146117,21.363870445066944,16.634776509327462
70.40800773889482,90.33429943968562,21.250219996739446,16.76408420152921
71.69736341796983,89.96533087832,21.17718466970213,16.77140880785726
72.81008926961044,89.42574138124573,21.23114309024594,16.972851710392042
74.5678113139624,87.41293384549837,20.96535067199799,16.900508217128447
74.95237963012079,87.61109328650772,21.15108384644769,16.766064487697626
76.15815624194003,86.86852649384993,21.027056276648327,16.573483367546004
77.57814895315175,86.93803452081055,20.989220865287493,16.395299957878724
78.82551619932654,86.98409422997695,21.10227183627106,16.335229111400757
80.34458718867451,86.24046467293546,21.122312812363337,16.345035351300083
81.12865866560276,87.31426237715705,21.091599787286434,16.299778733750458
81.78449336849518,86.5684273846166,21.07956865283338,16.177368170544927
83.99557137534289,86.32838447606196,20.985820403572767,16.110003325994974
83.75064507755218,86.94937906204322,21.126684495936498,16.00559311826584
85.30434648536298,87.48033336449333,21.26154690477167,16.149513299261915
86.28676106016746,86.38045967793741,21.14295219596626,16.289671286387446
86.72483551982035,87.15828792881177,21.22840322268251,16.18323997194033
88.57368843745562,87.62189945558048,21.065311235144513,16.094987877589478
88.49396234558976,87.86601069300389,20.960169132195993,16.039338423200896
90.24453277120719,88.3069625525579,20.770867623078463,15.993235590247021
91.01854471897357,87.60168605576311,20.578508934454888,15.964233534894063
91.7632369221866,86.98481018591932,20.379376975157104,15.75093982913944
93.03682827834348,88.42411000325126,20.55987256179356,15.683754913103474
93.5876076401029,87.99354861808455,20.30017896059298,15.670670782840299
94.34713594323287,87.78153784570897,20.13478079206191,15.605167247864273
94.48765682631495,88.05559874126136,20.059372442669652,15.607055243842147
94.63174760240187,87.7975394728643,20.10481465739491,15.67944288988539
96.38023106954834,87.74419275831366,20.03376820955217,15.574967254941733
96.80537363991672,87.14429250272792,19.9619157360708,15.730181465263275
97.78792343610222,86.5388900887678,19.735498771377724,15.814229148255542
97.83502659530903,87.94133032372015,19.905980914983086,15.812962817907735
98.74677908521473,86.98914574938152,19.77718547458513,15.593888839906523
99.4218924070614,86.89267749837234,19.736694367467084,15.480310005888224
101.39001517257475,86.98500808589168,19.446329774016696,14.99636285277068
101.78628373595365,87.41363448605604,19.2530621565744,15.018421792840364
102.97829535257956,86.54066113162817,19.28687105947673,14.783291784319408
102.71400020623892,87.24868475040627,19.46402047543568,14.763877337328701
103.26960074903869,86.34287208334085,19.6299973197144,14.935371913173999
103.36851395793653,86.77233243415893,19.748321954632114,15.037579684819729
103.24554256705082,86.40682450889797,19.771260469783847,15.362021107260112
103.5343483200509,86.80722757697416,19.882891326759772,15.249040710491451
104.20126356190559,87.10701063638321,19.847422025263185,15.168653339804134
104.79148390182026,87.77181363276219,19.72145724894492,14.936478768326092
104.07823167508144,88.5886349753886,20.209736075477068,14.992678068775788
104.54192933475991,87.36538320963737,20.519162526788133,15.226287875836697
105.02030146427799,88.23569280824026,20.627075359846398,15.049995560993287
105.54552647388768,87.63104690932325,20.911378615544642,15.476884962625224
105.4996537180076,88.0441458674338,21.0532348585787,15.145790554638165
104.9443396290353,88.4465340672756,20.935993525872654,15.403419145150757
106.07621474181536,88.52311198222178,20.990669432514654,15.483994689402964
105.61897379306502,89.20593261184004,20.849727951070935,15.427657071485724
106.18765138207428,88.5798909790118,20.733001940609196,15.227041510352361
106.23881918057837,88.9369700078144,20.669442957372926,15.114393679473693
106.5789658728186,88.91172971194727,20.48097545151263,15.085032806450013
107.04653532864016,88.85188202498482,20.379284055834017,15.032321790065604
107.53274164710432,88.54950209828738,20.20437542672202,14.935722669480512
107.45795971239149,86.81866764512765,20.57348397507414,14.969868916498221
107.40398637994926,87.06657268312334,20.445653395986753,14.713499907487204
107.16657849848063,86.94873721721345,20.391773515975878,14.506806861874738
107.4251837716785,86.82842119910804,20.211268296614126,14.440794547795264
106.68267844612302,87.022610028608,19.990725654496945,14.49379148872897
106.99315983762489,87.19920768506103,19.97703740381131,14.424176330003444
107.0561081846249,88.1446510619182,19.95661360233411,14.475754881617462
107.33282943980082,87.91030147927671,19.966778725096145,14.596857073719653
107.87723572251652,87.78434976174262,19.97004794486677,14.837630241033654
108.17308857094389,87.31019299444772,19.856359160949175,14.81711932942212
107.11754749275428,87.33164135914551,19.651880499609874,15.044030057950438
107.46972503466921,88.77293080423428,19.626583490731207,15.035675353716513
107.16035275853945,89.09473602607693,19.823458019978574,15.226985375977382
106.1279939186071,89.52854196669885,20.120063755644665,15.425049587835037
106.33964734696065,89.69114359280965,20.029839068231936,15.564297529422962
106.60774307112851,90.41136080022676,20.01939605157879,15.724040402644178
106.6115336158386,89.29051989561253,19.793158407340446,15.665808328663397
105.7003117493245,89.3786250319011,19.892561440409843,15.70537782252666
105.92682896941814,89.81283130797671,19.912810320887928,15.60526002201956
106.39767632256547,88.72932461257426,19.97458138626837,15.432810894132444
106.86175852775366,90.14314554200637,19.891647376454276,15.251775718999307
107.07190873462056,89.68702573875872,19.77548663643035,15.095954688974224
107.36631590894919,89.48140223787053,19.52806337435147,14.991829533653737
106.72320529286239,90.04261743796317,19.635942264148344,14.999046030784424
105.82388526404793,89.86057558557823,19.528037874832087,15.105827242697334
105.97882102238624,90.6021765487117,19.74605358330652,15.055626715470627
106.60203381254406,90.05989452268948,19.541723425735622,15.002396392095449
106.83537749345598,89.94467883973088,19.545636907341375,14.860433971105438
105.56312480422848,90.55939429646246,19.609550273390965,14.82032922474891
106.36147573950021,89.57934518121019,19.81964161573812,14.787194012946939
106.00010757389073,89.35105129676043,19.577798841579884,14.95988274281637
105.02440429027811,88.76459263533269,19.745087114089237,14.86982353845781
104.97476625600459,88.52224470022097,19.472809284778634,14.782127243020412
104.77766728156939,87.65480055137216,19.29062572911334,14.80434128057855
104.7014246651963,87.42916494135002,19.15537001604349,14.97940886826807
104.26383404400184,88.4859271987593,19.49691367517665,14.795003701975535
104.49342165346815,87.97154485853959,19.570135130400217,14.659137969359538
104.53951656826875,88.73096538309301,19.254339936237933,14.584508999300848
102.91790969776824,88.75902806129663,19.61030253855183,14.410594962995809
103.53923085013844,89.81708605079093,19.888917157486965,14.347606034406994
102.7764484416603,89.9493712833673,19.92969880183581,14.469994525972712
101.81192081969694,89.85682330237918,19.83811104992818,14.418982870332293
101.6382817429059,89.97895337515615,19.760026199302636,14.265510783714944
102.0643201726234,88.81739314707467,19.905920755387378,14.33480009173034
101.83949652229674,89.81740280064986,19.74713218682375,14.15655955884143
101.89998491018913,90.36816233864626,19.725516838167287,14.094476942389946
101.5603008845843,90.46797795338034,19.42722661758742,13.996874768278746
101.89868729583526,91.14083403923449,19.41538169492297,13.965974899159882
100.86430007511406,90.12760142946553,19.42959118351505,13.942541255859044
101.14278513513845,89.91574837771245,19.56316829132576,13.818266752809269
101.37929463520382,89.21974505087202,19.708724566139338,13.851934335216328
101.8230968564975,87.92095527878828,19.81482849566806,13.968372788990724
101.47898643046484,88.54236807910983,19.65905276331792,14.150909417694859
101.63052162645911,87.34920428313374,19.43410969591052,14.244502863528881
102.3262250417205,88.18140668575965,19.569006991173566,14.231723691516798
101.37007258189803,87.54928322469677,19.643335097502195,14.223493225260633
101.35741623135003,87.6473645096003,19.694278177693853,14.302276361582646
101.61797830986167,87.74457337396989,19.901459896925623,14.388362442295506
102.21724479963446,87.14631815744382,19.85197274238463,14.368506345882926
102.23319161146883,86.49919526821786,19.994086772905945,14.242206188704053
102.71771234892842,86.59375850135176,19.80644419038942,14.161143695922686
103.21571601618618,86.5488455977497,19.86520482214435,14.250765874073338
103.03677604787165,85.73599451717631,20.026689570203345,14.208027097224223
103.11579745889857,86.21014379053763,20.052344269836087,14.218093335219157
103.84389039533043,86.02811976169633,19.848976742995927,14.106239669993725
104.46488321829821,85.87625709417286,19.777632519332094,14.091351386428375
104.84009040573217,86.43752914571431,19.60350648694006,14.02358728975418
105.06794661432261,87.32486721214178,19.622900994531435,14.068516030556443
105.62716499083142,87.00624927942908,19.611053439626325,14.048844456749965
106.39148157596975,86.80770467733723,19.64530555377348,14.060854366490567
106.25644793000666,86.92661214703134,19.54431894140469,14.009593084157258
106.98759513753998,86.91116911379437,19.344063114861918,14.060096311413389
106.42067221611185,87.2050827453854,19.456855285881318,14.033883740442505
107.30420061053769,86.68345746645755,19.380947731801378,14.030350612613987
107.32732303112986,86.11106583099205,19.77504132340587,14.145865618774478
107.23918497447465,85.26880037509137,19.621239222309313,14.306118366665913
106.90312727184077,85.49805898039236,19.92701217242838,14.187878708668627
108.041453226243,86.02596754548537,20.23591462496733,14.313211657256101
107.97754555350053,85.92749424434322,20.363632992334594,14.425535615652405
108.06809550754986,86.14884033282678,20.326281829558184,14.558400432169776
108.3474691741593,85.9987867447291,20.165764393361542,14.550691520165504
109.72795767049507,87.24652525293075,19.929284432855532,14.486535409447638
108.93227751749009,87.50505460007776,19.874386384678466,14.565466896122885
109.55796261877732,86.81476426483249,19.853563252607245,14.542594335755545
110.03728381080151,86.87133421364177,19.948657793684003,14.446771520869905
110.09433943906646,86.84706496272048,19.93728059624948,14.377675711394089
110.520213181483,86.73774673091354,19.920598595463346,14.36238334557642
111.26882501356428,86.00564417805101,19.84285668560376,14.304376422798075
110.72123905511123,86.66248846616325,19.91175964346444,14.366834997566947
110.84630800083745,86.77651976116925,19.947938802469004,14.274602526807133
111.54939361436612,87.46944527841008,20.028655268816813,14.273019537750912
111.06995949048626,86.65922210509568,19.898695906560665,14.202277429751707
111.10966750265557,86.81674693840145,19.94100974044167,14.232296873533697
111.25824225230718,87.43959099725726,19.90620096560667,14.194440615410727
111.48375723678875,86.37753883851363,20.09390223786974,14.351622530516082
111.27135202873066,86.3731226705906,19.991902246347358,14.265344472301503
111.58355011689561,86.20171868039048,20.08477298724616,14.229700211281004
111.55169705770786,86.85431763647358,20.259217211693617,14.271272943302739
111.04574096421126,85.88328560742931,20.11756291900388,14.265629586764195
112.0534104551906,85.64156623344095,20.051896159182668,14.199023202103879
111.71402099206298,85.6139817571451,19.615986808193338,14.039961691786871
111.11195756751171,85.03893487155077,19.77435827094335,14.151089284081472
112.33142737953125,85.27267504302199,19.744853680702484,14.032250724138056
111.28597605445346,85.73199108140558,19.54674151457387,13.976755952153745
111.7025547209646,85.49192805977512,19.75700616527047,13.984289909814773
110.74486786910299,86.49733914609477,19.753043550023957,14.00137749288225
111.40689406933737,86.84911750333599,19.743388603816967,13.896678538829207
111.574608479409,86.32933616379682,19.827621096969107,14.026287087257977
111.18670136669267,86.18979118456976,19.71199284469865,14.031818160853009
110.77651278976823,86.1751776095618,19.526891139599773,14.170287243499484
111.07560437930309,85.71755955758034,19.58357274858547,14.063182096089092
111.00270465387834,85.81650740738198,19.616910200376246,13.974303649407886
111.15684836380626,85.90312777905575,19.466169017631486,13.92029399600995
111.16473373930386,86.09282993122032,19.54561384054322,13.757499482602014
110.40660609168317,86.68802432591724,19.36800431339688,13.695731794587582
110.04161839226248,87.1686437067171,19.57329230283733,13.692308262880582
109.92015848815473,87.69371380910968,19.726854802009413,13.705046070752587
110.31386277101852,87.27926908364891,19.54616340556665,13.798122500014268
111.20620136369172,88.4418516961727,19.2356914757287,13.884904286914335
111.27804245059659,87.55105560612878,19.420031722325305,13.864533733733438
110.85201060533105,87.7515348903925,19.714811355716016,14.012707273894343
110.00540280178969,86.93727816585385,19.737351923507354,13.924516712008192
110.03733318720234,87.40029750510669,19.805440651931516,14.198196151216445
110.78560336372628,87.73831921914307,19.774464430620377,13.882828445504316
110.1057583954227,86.91426990316393,19.74997429825784,14.036083356072812
111.33075528344267,87.71902629246435,19.30822002989305,14.027903957217465
110.25166661911747,87.26219965661853,18.98008401549535,14.042118072853647
110.58645590798542,87.03012022170074,18.948658215908083,13.910686053235347
109.17896124540756,87.6102044437649,18.815890058535125,13.62311750887585
109.10136639787005,87.98219143812004,19.068190136822714,13.43955676155199
109.47716845888027,87.03000920576339,19.459766385133104,13.495982927086207
109.1017483477924,87.88147666934978,19.801109823098653,13.580332612569064
109.26749976511724,87.16311905699659,19.75413345577227,13.741999581355028
109.70081304567832,86.87670510786198,19.84588276583159,13.818876035713654
108.1898190995818,86.93378174076574,20.045414774998495,13.873859830548378
108.29900047025336,87.30375672112058,19.999916321747044,13.936966050315856
108.68598503806463,87.14792183651595,19.991702303064056,13.869144520134302
109.5089600501207,86.66102808875421,19.8430004517119,13.712932854891191
109.35900350496746,87.12153151784212,19.835415861831176,13.588003009731132
109.5930482906635,87.49492360627258,19.894373328517386,13.440399292846383
109.50433334683433,87.6261036136779,19.878520537452403,13.455387379174818
109.86017254320059,87.81920627116767,19.79743043779543,13.254962559600475
110.2045984712611,87.35914034576324,19.689011831148,12.95568124913157
109.60166130995614,87.30462897046397,19.43990601879392,12.61918651935672
109.60806995934117,87.72020770007364,18.94940636795784,12.535097286474805
110.13605950002244,87.36648258837997,18.958540235012958,12.285458741379964
109.37367990340437,87.45424470024626,19.15225260856221,12.080194346140365
110.21971258354428,87.91729123516447,19.049126438193277,11.95213397731942
109.76023757610662,88.46535686079577,18.727420554020743,11.789299227693325
109.02226036917409,88.42608596587365,18.669955001188093,11.566473377042263
108.73158395125276,88.86054745893483,18.695983521005992,11.548882578572497
108.35610490020466,88.37111925963262,18.706919798265456,11.591965306503553
109.08894670803214,88.72776576586399,18.422360154549583,11.722744159122595
109.10356254375839,88.29785505551138,17.788363306324026,11.870418641980677
109.19922760729293,88.55471088792382,17.87107241794626,11.68091583278475
108.55527861043136,88.57623850471462,17.940346177469877,11.382518324298909
108.35683474685337,88.18842149412114,18.070936027790985,10.992687348194298
108.4875648106577,87.97143674571011,17.863207013854584,10.79632705728519
108.74672141777398,87.73685651871683,17.706513331730317,10.544703502768796
108.66802962910707,87.68517173143887,17.487725647991997,10.645012918982593
108.58138212564396,87.00739806631861,17.414347056032696,10.520197357072206
107.713250392207,87.30080211244943,17.220895485560703,10.552966851461425
107.72306960172708,86.5790268314752,17.412353114875664,10.540089362415028
107.75164115785773,87.06122454734276,17.558056902242996,10.498060192162132
107.57039316090828,86.6020887679665,17.582256035685432,10.670935852095685
107.55955449936225,86.65792429775045,17.210743004668682,10.652952043738004
107.61570930262867,87.00263617800559,17.06915949886374,10.312903888810913
108.11811928701233,87.07366009293766,16.852858793363932,10.126990098855433
107.79085756508451,86.9956432699546,16.891724728846313,10
107.58304113194947,88.00092948669044,16.753970072418948,10
107.42011257329555,88.50005097565477,16.89455395965096,10.183519836593113
107.54256691640335,89.15601040221283,17.075734739053505,10.292163131571176
107.18194573268266,89.55829180563454,17.25820804016108,10.05778157529998
107.75082574043894,89.5276003021761,17.531251581090803,10.170019302392134
106.44784006865228,87.12857012901426,17.595669427349666,10.383833966953102
106.41389359045944,86.38143785595386,17.764175545656858,10.508968140072804
106.43314182040744,86.68801422116199,17.659951956182258,10.377256132598884
106.59044119017481,86.70103969472905,17.776035965203647,10.016310975364593
107.57387450934905,86.45871188830763,17.588160906864644,10.096054891296587
107.38427478042237,86.52201592618076,17.51164625815825,10
106.89761969046539,86.6202809074211,17.552106852062217,10.055626086532447
106.71130737087097,86.76033123278467,17.158117948217466,10
105.87982508357292,87.45393641733972,17.267986705247647,10
105.77280016429597,87.35505696068088,17.70964778752636,10.065600782910332
105.80862540506581,87.95107493577893,17.834512866136826,10.165538423565074
105.40132818164889,87.17349477397238,18.249050444179097,10.638075503846267
104.61752935371452,87.87412796795724,19.154577944904112,10.728692870606771
104.66343775622312,88.27704643919789,19.81369347574048,10.838724508466823
103.7335479567342,87.72575080923316,20.392227008624875,10.841099379693869
104.69907895891818,86.83232109814728,20.60568290281649,10.820718554139214
103.26840707580507,86.53635446214179,21.01776238109409,10.742233206040616
103.19234719553488,86.68409590491453,21.294320911749846,10.700260497630623
102.90217108113023,86.58405382387829,21.762581472608986,10.81054091187029
103.35132666309624,86.9545089869845,21.946621993247284,10.99418243025477
103.51742616282253,87.14582614458956,22.092000560895222,11.028028656273865
103.13307183897278,87.50199856249131,22.36154140864509,11.192653992398782
102.92499366989274,88.22274082522422,22.511253838590587,11.459470057448101
102.95896990777631,89.16567712765139,22.700550867151225,11.733258507204962
102.8661121935539,89.78452534956186,22.855430689438254,11.812450276541686
103.12329205188644,90.41681686098863,22.834799431654577,11.890530064967436
102.5569161015806,90.90194998855132,22.926281672270218,11.950858397168112
103.24691171157166,90.91426610724945,22.807779843615016,11.875444540968129
103.45362400279333,90.49711712077485,22.69766938074907,11.831594494603497
103.67776207889955,90.46969283693295,22.756954673772853,11.792024529140917
103.43404006114136,90.38810247702293,22.71302204941906,11.716298120388489
104.57192963402501,90.12031634859503,22.47725907796818,11.655145211400335
105.27175984090042,89.9788355194035,22.288639995508568,11.597570752229679
105.63584313555634,89.12708164351122,22.27492871272672,11.606161182809114
104.71078850693812,88.55858776648151,22.581481875793546,11.565781249643177
104.65447420134662,88.3164332718563,22.668222979031235,11.570786878908262
105.66113217323166,87.71673781491312,22.52978079262352,11.509425472505002
105.47188637038589,88.0576817158366,22.828930718503578,11.63035173706811
105.81694891963019,88.12640889730042,22.892298154175577,11.777026963936521
106.64091656205365,87.30023115017491,22.78855387217445,11.91628433749814
106.7682652984266,86.74319197559433,22.886960543763323,11.94326230003975
107.18842527268446,86.07966269938846,22.989244898607616,12.110899766140134
107.15351734746332,85.26658035137402,23.11528367960044,12.152921181186052
106.73279601334826,85.29641545662332,23.474227106001646,12.179415601636958
107.7615897597751,85.14294171213557,23.270806597706063,12.134862430431411
107.48953479285453,84.68401110350815,23.385019372209243,11.855641128154977
107.71543887552174,85.26994823710409,23.34643405624386,12.004349608422531
107.98910166483667,85.18492336455932,23.438034983656486,12.012606821902533
109.09183721911931,85.03135922866893,23.50673570431482,12.014765782922801
108.68814892026927,85.62587874823429,23.743467625329583,12.096119876955559
108.43331619844261,85.76883457217656,23.744310508672513,12.040318129307153
109.37603982226854,85.78843060644778,23.599237468517323,12.128148803989797
109.78673999537826,85.64375891947869,23.43277629694997,12.006884988987942
109.86078900879752,85.55808116707311,23.52326126862563,12.045930878187049
110.36853480215244,86.44703638340795,23.73113272379353,12.154000455550047
110.61124057656073,86.91746059951521,23.92496873309387,12.26978835680108
110.70446173923654,86.81524510500755,23.918650869393105,12.22558442629222
110.42031145868552,87.50795134436507,24.059212436135176,11.885810628035253
110.21159859290914,87.53441845679326,24.365426718780068,11.745717097367923
111.79765412892448,87.4599895929333,24.17881145248974,11.423998002330125
112.05296381337514,85.5606395350332,23.513687158575838,11.662109281460397
111.76162775021825,85.93081018044144,23.881919162642877,11.47702245002502
112.17033991600752,86.68235447953094,23.506836844185003,11.760288512833867
112.59854950280766,87.33600809268074,23.8199882358084,11.731264048108073
112.81461220282118,87.44616700169536,23.950124953644053,11.741842300678396
113.3194439535041,87.51305895405028,24.052562291893082,11.451896417127733
113.44718752048149,87.52905779311168,23.920085450587564,11.4623890909501
114.40779480047624,86.94806778517038,23.688814323406,11.247252426687433
116.12882881728223,86.35381918277663,22.7889430404349,11.21310184533449
116.16564694216127,85.97333265008484,22.763203302529558,11.355821441250882
116.56245436547451,85.94386485588502,22.879373309361476,11.60737759017739
115.90281678658445,85.92196289159725,23.31840671547076,11.631621431280747
116.32688968008762,86.13794638636952,23.42334390718986,11.937503915689446
116.30495221262751,85.77141488157888,23.693399499854475,12.148606070740394
116.73049241481317,86.54693723067693,23.905287111153953,12.294437063958163
117.05715759158403,86.96931488616981,23.861004349298472,12.425325149349955
118.0157051304967,87.17315826436769,23.956807955021112,12.605146654157966
117.63367578684299,87.27354522805147,24.169666908117552,12.73343977820107
117.2170594073491,86.17194906743255,24.42753620990243,12.829432192136062
117.90942877936487,86.18882412480976,24.394245286534325,12.909634155306868
118.09914194926044,85.54011865182186,24.601032714271717,13.103903078196122
118.48218524490402,85.42202722577662,24.564244714598342,13.20782498186702
118.3291397076247,85.18649775340776,24.817317878587062,13.374367372725942
118.79112860248628,85.43051623676688,24.813899316330488,13.430205146608289
118.60362311397833,84.74877881670965,24.92357327318762,13.451494847066705
118.44052904460492,85.35125986822844,25.062447512536608,13.467639392474233
119.58051828228001,84.49360559695876,24.996686461579106,13.499319375901058
118.40741300124495,84.9443792401364,24.84206851908688,13.373171238009977
119.54026637824974,85.32922436041238,24.796389450242692,13.305215719118607
120.1113558163094,86.12463885332353,24.825624114963524,13.270276697400032
120.2753620274679,86.11143194696382,24.703485256532176,13.114252926315324
120.94853783099751,85.84766591001953,24.497553490285682,13.052668426870163
122.05764017358524,85.77154305685957,24.314867212931865,13.05710580491915
121.98580583380217,86.27272229544003,24.482769481446848,12.871757492019093
122.92529983282358,86.24341507305354,23.77372612737832,13.18730899357196
122.46695421773005,85.61202978731667,23.707541473986133,13.4729252505277
123.27651345433262,85.29517534782543,23.431465612856805,13.51560394905594
125.38244154643267,84.620356254239,23.018815923941737,13.804840815771335
125.38566320018786,84.49139837845748,22.849017116925353,13.899190171694027
125.89290192158042,84.54897636327149,22.693308018065725,14.08861566540294
126.07336774082721,84.00108760259776,22.742169756494743,14.057336230459175
126.693341405367,83.36993831904672,22.697864660310074,14.098066570746985
127.51295022567001,84.43717522884015,22.4579417537052,13.677504046097283
129.1777617786094,84.4489049875194,21.7198232216484,13.825349946753313
129.08960248552802,85.24046288462854,21.99333367802376,13.670858067253658
130.11006393244998,85.34725429464015,22.038365688736114,13.667184641613861
131.367952607485,85.21058099649198,21.879607524686005,13.28579328853886
131.73112780374794,85.80346692878481,21.890751064407233,13.113991322177075
133.02126473612392,85.5425828929176,21.667057218652477,13.173575799207827
133.73406544699145,85.22255354481987,21.326602462490545,13.152550975944493
134.9632956515933,85.08765793060962,21.380167409579524,13.276506760033836
134.64714261452878,84.24853813311208,21.350295920994988,13.21139322659569
135.80990244237316,83.69201416987336,21.26417546002365,12.978741246723965
136.57390563335304,83.87935282123757,21.0756193181991,13.170073703898487
136.01711840439236,83.54596302676498,20.82632308291362,13.597902295252645
138.46168091349338,84.40636225279026,21.002559564497968,13.731239594926326
139.18739737146544,83.28552128224544,21.165074993738195,13.956984446095927
140.0836331999994,83.7600906564021,21.112969318725916,14.027442512891877
141.09428345027058,84.34575541039364,21.15880582112849,14.0158298494675
142.41753816282196,84.20814686655021,21.469123321303467,13.992058356450615
143.0865756708291,84.96045788453088,21.499621136443093,14.019187833970427
143.64329581314234,84.85753162795412,21.55889568126145,14.252635729307737
145.468661021752,84.87923662918213,21.166007804783057,14.134343472847245
146.73232367123776,84.13726156322599,21.369561812604793,14.297101340202627
147.89287950627966,84.4754821341493,21.19352403320706,14.166266871119841
149.19930396800788,83.75606534330205,21.24169205082117,14.315710484895938
149.701673411895,84.72689669766383,21.502689385314078,14.436156054446917
150.46816242925325,84.28326526354529,21.50365059296051,14.728810496589947
151.18913127885372,84.55882675650184,21.612408432280382,14.980581268496977
152.12574167702536,83.73695081897807,22.02347198919336,15.28208529980213
152.9406696686346,84.48924114833818,22.148423716622453,15.328450995947943
154.25117269511057,84.39959531795722,22.38956928644275,15.439130453707893
154.83011551876922,83.80421041243966,22.80421069009743,15.652982878688025
155.52988240296904,83.90848264376446,23.21956623348823,15.883069205556783
155.23310509172666,84.9153449468347,23.855967584089278,15.908486969640304
156.7830534948,83.97211678900572,23.67750684933852,16.050023269963162
157.59712720494974,84.76399974897944,24.041546332992557,16.263672487306664
158.6869314867148,85.49950232067187,24.0911755643385,16.131668641872583
159.90672146668354,85.00767978779798,23.952532064896065,15.959722815782264
160.63423143011556,86.24546147985747,23.98688427224066,15.909472189155373
161.91104800580598,84.02739010918486,23.772047736460408,16.189467450489573
162.71243818114874,82.99499170111702,23.772596209818193,16.29985633625114
163.48710002579645,81.97473603761183,23.554502088050498,16.22374426161965
163.62871118231217,81.39260856057318,23.76798688661614,16.372785726164505
164.39289394051985,81.67811560057457,23.719151585464175,16.05690295042579
164.76401513039235,80.62368164501396,23.60992221574417,16.033897969167228
164.81979466447578,81.11521331914543,23.674499998888027,16.073938692521438
165.7664573314084,81.18334397537862,23.50582397513481,16.093141179889315
166.24072531661042,81.98662135724018,23.416751636837553,16.13516994754587
166.99043971345293,82.23705357534439,23.222451417523846,16.044871483665634
167.29632735635602,82.59685425824152,23.167997560970296,16.268891812913047
167.3052984678284,82.18671214094265,23.208498739034383,16.12848954266995
167.65778413014218,82.89585371081847,23.232643019761166,16.068222655435996
169.08073416189052,82.55086787821794,23.244984275920867,16.071367257076563
168.73338412327715,83.19189305941906,23.392498991762263,16.15972089972498
169.40788082190753,83.72904051977902,23.521048352489483,16.08681941639062
169.57437307639336,83.95171702847327,23.934175117283335,16.226235349941298
169.15290709336932,83.66624276522161,23.956368231307323,16.418124263693624
169.55841763165284,84.70301023089668,24.188339985016825,16.607270816565894
171.1300119488455,84.3018683844827,24.096255419387596,16.66234376835075
171.5241954158244,84.19619343956795,23.967938698766687,16.439823819465662
170.90453124748362,85.58960694057379,23.711344469988077,16.548459568842546
171.8774175540065,84.6869169974622,23.551534557786105,16.465452251849136
172.94168162278834,85.47026596001093,23.48132384308926,16.398036925247176
173.26943341588537,85.61056188261593,23.49879537982381,16.644238500351964
172.43855227176036,85.90212981770762,23.52897063957045,16.923392654925983
173.5761629531134,85.7678854687769,23.628916885125477,16.79238649619143
174.42056828427673,85.97827599464259,23.396035978963354,16.738449472694526
174.09620281952596,85.51719359424759,23.33115548449565,16.78255291932422
174.93481275277867,86.47466985298041,23.269262499398927,16.501619538287414
175.17520147166113,85.56437379309887,23.028966035950596,16.403877769996605
174.31952081011448,84.88537603339154,22.935284615360995,16.40818910247583
175.14604187878876,84.58280710804277,22.84685200560034,16.399028311491694
175.4343856902576,83.71330682110336,22.509983566608298,16.24555244589451
176.11555370407686,84.627814356203,22.518101492712795,16.10664793992708
177.14718936764172,84.04948094390204,22.49926161356584,16.066990535288582
177.38476184727224,84.22391932854336,22.644197542576162,16.12628395943971
177.76062937837136,85.57176750415253,22.86028729708169,16.327983695867847
176.78306046742478,86.00223165898053,23.07280131297511,16.390444403793783
178.186816725928,85.74167943524814,23.051365818521166,16.144806800610827
178.03026669553194,86.81566984218948,23.298202956132208,16.07440357767055
178.06061974320954,85.87204348001043,23.010304190670112,16.149507731014243
178.5383799981252,86.9036676666222,23.090857127112606,16.083282582621344
177.6762699551037,86.08650885107807,23.428912905561326,16.244540678683048
178.73847985054095,85.72255344642342,23.5856370184191,16.174931625340516
177.64001500687223,85.79384850748127,23.666170755439154,16.403367423139073
178.3690553558241,84.8385033020816,23.83294760243444,16.32747936943034
178.1509793575446,84.09812349379098,23.85282669054424,16.131074550624934
177.80196888066,84.01889154141267,23.709982509120543,15.749381137266305
178.3638548355773,84.41607332718253,23.17729782138526,15.710495471000026
179.67879611174902,84.7264277758481,22.868764174605175,15.615931733867118
179.0497541396976,84.70662720016216,22.82887508194199,15.800460014388408
179.66275496545234,84.13358501273338,23.020443663777534,15.68718157243537
179.64377263929867,85.02702606940298,22.855114113399495,15.49859073698162
178.5238565025519,85.45738526450265,22.730212690909212,15.591313668632111
178.31208082970713,85.42137628624306,22.58791854709676,15.581445102679371
178.37391566227285,85.27644042240341,22.489504576950708,15.978074083767085
177.3935193263452,85.77778803080732,22.36652172848133,15.937808092404094
177.2621206486111,85.39633145981483,22.071250212451368,16.160428673334827
177.4519310189855,85.79960985504324,21.981357010526686,16.392889202557246
177.3655090985145,85.68596557055363,21.85490772083243,16.3675630647818
177.37797862261672,85.5483428770745,21.510117959613407,16.247957363216198
176.8640769659739,85.61166350380005,21.901708208705323,16.066942137647196
177.51030881996775,86.07624914932944,21.83831230314683,16.177112534744534
178.02578114749608,84.63512434400937,21.715193833316643,16.336109372099763
177.86563005169603,85.6163372316799,21.35252883894258,16.26648893466458
176.5214632347585,84.67581219902318,21.520847233102074,16.150903205338437
176.71981747109047,84.04894882642935,21.6033056555893,16.454661254885536
177.01058496550178,83.65728130467734,21.621993611980002,16.41710968645108
176.55861363599254,83.63764837622286,21.52395250921102,16.34428587216551
176.44086973203667,83.84152790202565,21.5209686451839,16.224165633817137
175.82335629115593,84.69300050901444,21.54505516592242,16.42809567256326
175.1308686974982,83.88769871658538,21.292000301052852,16.225449669408682
175.2843563544527,83.56680514327024,21.385193286818776,15.794010125746592
175.2773756020323,84.35689880134296,21.034696349925312,15.587726560974428
174.385507616487,85.47969754971258,20.94013558811336,15.589276624354824
174.00661011938072,85.60042940069016,20.92703015403077,15.626797886293552
174.1743752594388,85.55744210019401,20.727491164126313,15.710512769264486
173.07612515895022,85.23375966881673,20.86548106160613,15.805735548374173
173.04674501423193,84.03976237477336,20.982747523193083,15.861071130342143
172.88425384504387,84.08933144607991,21.433668306898895,15.963805753746964
172.57852550558897,82.73517013501188,21.684713639849974,15.873617347593196
173.18086516101954,81.75450556316825,21.940763093522833,15.619526721993356
172.0299323973088,82.17376739303127,22.59627215751198,15.777504150409722
172.17546394195952,82.4172266510675,22.43056343272493,15.828932759390684
171.52386613059537,83.1567836156379,22.429194579440008,15.715473060367646
170.79239900687637,82.48550845927241,22.49926936795471,15.684001604528689
170.6872218647142,82.23436020758707,22.375355737983874,15.907812899149603
170.6742100320231,82.91915166038993,22.68858939100639,15.85918753500966
171.1543486763769,82.6612466978447,22.925045934658097,15.613191985341963
169.97836312117917,83.86148518317886,23.01137011054432,15.788874015070377
169.55109505218778,84.33988747620114,23.567830930190603,16.069713863001027
170.15871437468948,84.4255160270891,24.04877143672224,16.26066649852598
170.03212778402056,84.20977728877006,23.917928730084395,16.56519768979706
169.276272182513,84.9549074662755,23.93972170113539,16.880756726990455
169.60031683265947,85.45932659330894,23.943236397596166,16.953055534042658
170.16998338012345,86.69416902691768,24.107405743120747,16.976946239792724
169.01405485895572,86.27500008227393,24.51065303756959,17.093632396158604
169.72455936372066,86.2135861606395,24.702580524774305,17.141280014353185
169.59985776176518,86.77439490577048,24.77217612532607,17.18583395563267
169.90758715840389,86.44810297699813,24.87540421072983,17.386466845865492
170.4132402651182,86.24986734063339,25.08835415517626,17.378294761794912
169.80535244674388,86.76316080436368,24.85160811013931,17.470294970602936
170.56735566685418,85.58256746449132,24.82101392615956,17.265963271136243
170.44408577406497,82.7006465422277,25.17684422960455,17.45185702224916
171.22906554360293,82.5559502419588,24.915877195602235,17.269276203597524
170.77854487202544,80.93383641828986,25.1583265530547,17.59711009406895
170.3734028135699,81.69290737032148,25.22011324345589,17.558235667994886
170.62021608932267,81.68960495311251,25.410617420195162,17.519158541532065
170.03447423296228,81.49843750464396,25.4592291379437,17.422667809711708
170.05869021262015,80.96474379586371,25.572774141909576,17.59554406403749
170.11585636173336,82.21327893880914,25.73579843848411,17.803774586099518
170.08345623961017,81.38358314152026,25.796450979436756,17.63041633707984
170.2730524334023,82.08306095891027,25.784570367536823,17.602124822020315
170.3683836370413,81.618971218995,25.7017618571748,17.531510044209995
169.68015786365888,81.99867413827289,25.83662528824749,17.872430028484406
170.10102336088553,82.21294812324476,26.218735960969454,17.81234319059023
170.64290455022373,81.79013169243656,25.982349392439428,17.79138489667761
170.81180770462882,82.98116061702498,25.99362930866203,17.922435539398357
170.86537496542945,83.45655268695738,25.79874219896748,17.87003310958605
170.93719177801916,83.21877799298537,25.64975966553881,17.627651465349302
171.61206212629725,84.45689675326832,25.148369076652415,17.3732152257587
172.19192415801248,84.09343582681416,24.665523525127664,17.240857624912632
172.4244120505934,83.21020784420182,24.30477347235195,17.24985418805294
171.69964458564942,83.29320341207654,24.126629292666514,17.261340903813554
172.0432296151534,82.51473831250627,24.375542908089397,17.134257855464167
172.44134081674378,83.3072405514639,24.494654670004955,17.18036452256841
171.95548269094704,82.8651241012934,24.3805513195858,17.13906508190601
171.87801840508655,83.348965833136,24.329375419027194,16.866316165168296
172.3177802947965,84.45267354657751,24.341964192726973,16.5415166621668
172.51873253949495,82.49757555497288,24.765960198382402,16.657681263769007
172.49855103588726,81.80845033986355,24.896985804207674,16.46867333598597
173.00388982461834,81.19325606795854,24.927549514930636,16.42350197760483
172.35687498450608,80.92630686741671,24.72865331281571,16.24487876604428
173.22510872193155,79.86263885004725,24.821824199895595,16.395670301385934
172.6389004262319,80.23833227225153,25.141233176682313,16.36442468899108
172.48490882594405,80.4076869268695,25.499662056833266,16.666774539987657
171.08017472576304,80.40752620022587,25.699061935967215,16.840234000796556
172.81728226459578,80.53719003441503,25.95254446915687,16.833240003272802
172.06237876437552,81.17305321702925,25.76449134787037,16.799929713750867
171.94587913143684,81.98001488651497,25.88699328808897,16.647987909737296
172.16237653810074,82.80950809353037,25.95169183461295,16.476200325357393
171.8051912994675,81.40958262060485,25.8008967206395,16.786783683546666
171.09284867885765,81.31680208917139,25.84984369872906,16.99669541937389
171.69766705296473,81.78041652008648,26.175259726851564,17.146048870127636
171.33298312329617,82.35259934386485,26.32076349336183,17.279017912664884
172.06893733720295,80.3739294893958,26.538704323017466,17.618258885793633
170.49987626053823,80.24173965447717,26.563558339368726,17.546435457333775
171.7032716108747,78.70434383498286,26.577821525109375,17.612961362603514
170.9365198737777,78.80788004008724,26.50613853690102,17.807365067383113
170.55602205268536,78.8287341103584,26.20164750954531,17.7282067622843
170.75636906944845,78.73491710798976,25.79166335731738,17.670905880327624
169.68333521873421,77.80590598695926,25.53587916627455,17.606818399297488
170.26797726145472,78.83347470309896,25.515035203437904,17.669875070259053
168.84047591378425,78.33051148686478,25.346679315328494,17.620280849002743
170.06885464218078,79.0469811300836,25.370982125030217,17.397610179241443
169.77172524175842,79.71634649355887,25.119302541342016,17.43980129295861
169.00819300841246,79.66890960237,25.217055732551707,17.42453257612791
168.46772649287038,78.66893586830719,25.270677200144064,17.36125096023863
167.80497888463887,78.49259593506669,25.339633667865915,17.341546725567216
168.95322585717702,77.91029315219157,25.272600439037205,17.21613647462891
167.39412643675794,78.70658691826438,25.169592614836304,16.86542649833046
168.30171453088508,76.72180391348016,25.270458873672155,16.95413909336338
167.08428692121274,77.19780240825465,25.134988479994977,17.175758036279
166.2716532176147,76.83078421795783,25.163745476882255,17.219901230780266
166.11027013317505,77.41116999024071,25.067266998735484,16.98062333569724
165.86698559328534,78.1119262374312,25.132151604761933,16.917858342689534
166.0633346192887,77.23238610412088,25.196959196122965,16.962921456523933
166.0497024412416,77.30409650435736,25.32849929290021,17.032219723982145
165.03583415342237,76.13794608166342,25.459159023369615,16.98350455336356
165.16774815062175,75.40097745536485,25.671414724859396,17.269471286894824
164.90899131235878,75.5830221960943,25.664396202479374,17.39171899034194
164.5923191988417,75.60938433451469,25.82876622664223,17.785641642288386
163.8616586612672,74.15311415424245,25.89503927952101,18.156179563333968
164.57678267402576,75.69346254872715,26.269756988485724,18.316279817211235
163.0755462275252,76.08423128361406,26.280738802156435,18.489408067900243
163.15270541519794,76.69957547684794,26.445782947982472,18.561442373922095
162.22257022422428,77.64160107543911,26.711309720501372,18.8497594647799
162.19763087361386,76.88202602465813,26.953292955036922,18.82757386439942
162.51322331177695,77.64195836443113,26.876197863332955,19.114689198700784
163.09678110145828,75.6131145981669,27.17100671767851,19.119500735593263
161.36233751012202,76.48285105648115,26.89436043401192,19.121895718859456
161.82062981851706,75.74002992997393,26.746961539096073,19.010457264323865
161.42525315006537,75.08693015160767,26.466587222877507,18.9569268157921
160.51707145820035,76.16206992717736,26.364039030336464,18.93568655221985
160.95788927646134,75.58819041427732,26.37083643300288,18.88769307653221
161.0329189196212,77.28078930128774,26.001503206954418,18.755061163259665
159.45958379503173,77.42013906042833,26.04126060479971,18.780728680605844
160.27396903334773,76.37078930021914,26.012905477174396,18.83310776263921
159.68072442759566,77.5074585096372,26.230315671039378,18.93333239502684
160.05679102965362,76.16813335184108,26.38219836562795,19.11223710324299
159.2233084985466,76.80739274496503,26.633324113381263,19.075050013505415
157.6025365660373,76.57638975763373,26.762990536993655,19.152380157565354
159.9151943057932,74.93463297260391,26.797643433641518,19.20818920263109
158.71387269787638,75.4777845346456,26.798650764236484,19.247298423480288
158.08047227241022,72.60121992745306,27.264803700759142,19.501939688494033
158.68667912760654,71.17462599901486,27.32913983968596,19.774102660192806
158.0926209817304,69.72527549053699,27.648928573397647,19.975799120492677
158.51215575344133,69.41155203635768,27.887451760497903,19.988662178944374
156.86514955122334,70.20932496371486,27.6617653066728,19.898430793567456
157.32711458874877,70.73450643810781,27.55737519582099,19.820058668527285
156.54183495029392,70.66625999324992,27.384616868665784,19.93936834195438
156.657436926112,70.62234100929759,27.287613206875033,19.876217239324347
155.80264032772578,72.42976648674471,27.576690866385547,20.069589293539586
154.91195358044016,72.97386410852728,28.037532515864022,20.006130812021276
156.52018828443423,72.28913542872841,27.808634585765894,19.904973380702554
155.45029422544815,72.4416134424689,27.627685580248652,20.179011448547044
154.8431040446124,71.4765492147645,27.738882553210136,20.085527643137354
155.50786326906905,72.14369913316347,27.8798100948593,19.93668205572147
154.85675642247764,71.22193755420764,27.754504108972565,20.070955478754584
155.24608157894917,71.59474397282884,27.622610504651508,20.011215017477284
154.44891406769426,72.2446786318146,27.778871772850742,20.02184489078998
153.3229515911602,72.1164521188493,27.53666611449916,19.942458436558887
154.7333865420654,73.59431913790948,27.638996104732815,19.818043015305577
153.57083916234654,72.05398798691714,27.691146175373554,20.063830448897335
154.17164117960118,72.56172903403893,27.65726245870485,19.795794474439052
154.13820674119347,72.95748798672044,27.814932745897323,20.041036422439078
152.74443991616812,72.389602835902,27.867227367017314,20.447358465199148
153.26038219353245,71.49879668777248,27.70825647090757,20.37512039677314
152.39952491102014,73.01775008472363,27.663170036290815,20.44058355411901
152.7921161462134,72.21436000919444,27.667189123540517,20.321907944221568
154.2862578557211,74.17825429978701,27.91002009203735,20.651138406005177
153.20972403255092,72.8636109234193,27.83402518115723,20.786127654315543
152.60409415252155,73.88667326422367,27.6658557200627,20.957600218876834
154.150589464964,72.70853584308766,28.1184476280605,21.07960162746357
152.51577494772525,72.918820259623,28.19517648172139,20.96711334840136
153.330216254175,71.97053241689437,28.016409549516396,20.93530163037048
152.66637064040492,71.19313633984315,28.082466665652206,20.7539187242007
153.0154531227308,72.17053907692495,28.222236969879383,21.04250285651293
153.13634408468764,70.57870283946754,28.31870449092723,21.154080414130394
152.42223701865836,71.7348076086495,28.058578197494455,21.146816821506203
153.1062474879867,70.14769709893545,28.41695441555319,21.230596613975095
153.3948343328047,71.31810629295953,28.94058493562636,21.338794320134706
151.44133686519862,70.98663646169123,28.839195166248658,21.473005199540637
152.9975948605755,70.5135000167625,28.962863057254538,21.4297499102294
152.81599104670292,71.492416544774,29.326318764478934,21.507971942249608
151.82625812948814,69.94752357078798,29.36794902475838,21.832016780373632
152.10064545462058,69.88454601488957,29.465443159493383,21.877117520980377
152.0861582820322,69.08574167062383,29.537669682206612,22.133030185570806
151.06660348715226,68.9265049495928,29.600134040719528,22.16160904679182
152.6577153413324,67.53464517304728,29.70918058840175,22.00912106700016
