561.5,311.5,22,51
559.2424918552213,311.89134293819023,21.64011356433766,50.003818690289044
556.0776145848351,312.66579286342693,21.74464742487314,50.006716587427654
552.7762384712114,312.433199962664,22.082691609975843,49.84568532171177
549.0502078057137,314.2766368094334,22.99527654631778,49.71700912649451
540.8042441382305,315.4272731176935,23.404453560849834,50.32089193027764
538.1106218531514,316.2805212167668,23.55758014623626,50.928290003981715
534.8447608315238,316.2282845778026,23.6176472975237,51.16244439229213
532.3882301183614,318.1515916353716,23.448386126344737,52.316307114312366
530.018955135959,317.9389368693824,23.42047614928552,53.328825453759165
523.6039707129935,317.69204021528196,23.42470322733343,53.12101916402916
520.7683254933883,320.90157312681595,23.528516440286417,53.39929764409226
517.865579679527,320.56980784640814,23.655252307816244,54.31355097083036
511.0621466226404,318.37553334613915,23.68676575282714,54.14818876226201
507.4686592344416,319.2435863334444,23.589879368946423,54.05346107115212
506.1889327931564,317.98851672114444,22.73352476593628,54.21242856380322
503.4412735540084,317.8672742830163,22.097059281982588,55.55981916458498
500.1422754173277,317.35535204737425,22.109624933243197,55.17995899261945
498.14893832087233,317.1391106484793,21.62582059145544,54.553673875637415
495.3890275047101,318.66231607209403,21.468355598871398,53.83022698142608
490.96750969557075,319.1579243581314,22.175829274095918,53.624866179462444
487.1411449043773,318.9758441728749,22.574680739875184,52.73441481939989
483.2202610330492,319.97059334042723,22.481539138811808,52.105739996372606
480.76224923502406,321.37084257633506,21.762101881285552,52.360364853719474
479.287895676426,320.9927596257726,21.032947307960384,53.34787429241351
476.8338049681719,321.2171773164081,20.901771539104832,53.550731003561125
474.48025338269764,321.8979861776764,20.619342239350242,52.86340185190549
473.63661407906494,321.40373898639376,19.925875674114952,53.26966876598009
470.46792398771197,322.0060768579129,20.085511945077716,53.768531798385865
467.08334815379175,322.4716403757631,20.558244469241423,54.03704312938466
464.1590356556437,320.9570489689205,21.264228398032685,54.522334513168744
461.7034220861596,318.62846347080597,21.281292405287044,54.670833272001595
456.5982638585732,310.98484681188273,21.39515042540119,55.27237952472357
455.1743759536471,306.7520087755845,21.605477924401395,57.204468141570544
451.16453407798446,309.2895475658621,21.10310795715975,57.40847858133997
449.23845159772236,315.68912848850346,21.14229536527002,55.95196142752458
446.9296385555399,316.85066677753366,21.47200335881466,54.55328017226384
444.5583685621207,319.0132007982671,21.603093627177696,53.847386849653766
440.97455504662395,321.14219556498415,22.38247030721899,54.91435134911768
438.54387453218203,323.0625730501628,22.934033095441276,57.0716675724553
437.0572206894184,322.54012713865677,23.410483137841084,58.71274871555491
435.80262094346483,324.7199531328776,24.212204225703097,60.76359296200697
429.92039485608365,320.15285895045554,24.781638585829256,59.4249000097125
425.8323731951057,317.88843036587906,24.93425966657426,57.14571942099191
424.6537617377239,319.5267716802235,25.55130268498305,54.90692663052171
423.25385383831525,319.2917301117153,25.975980677861727,52.875775951391276
416.7533986792448,320.62681272538134,26.04848618795814,51.333899231520704
413.97492617052353,322.41160930338896,26.284612781175834,50.209469802312114
411.6699779037849,323.7601036406224,26.218922614213668,49.453424011336814
406.2900943818093,325.53062732356534,26.32670258235918,49.064168933277415
403.1317801669699,327.2765871412491,26.177766761091853,49.29806149464148
400.13684327254197,327.9084946917012,26.298281533529313,49.15274030834142
397.0548433802666,326.63001684834785,26.387571425807067,48.64976137895924
394.18664482928455,328.75323107304007,26.577016280151582,48.99865506168544
390.4319678954184,329.59273785453877,27.007007755458417,49.83318701184114
386.4048462363122,331.08326336163117,27.317833810639716,50.455545526388576
381.6752724157788,332.2222911730946,27.68155203123537,51.07762613583776
378.6940538597104,331.7214548528634,27.882309494019193,51.16209755531099
374.9486547232404,332.3948552038113,27.656640863272646,51.16044732414892
372.08963093727095,333.8181279890696,27.449108887329484,50.965798707215015
368.77304686290114,333.03846608101884,27.621839261410894,50.34447109700121
366.74019642458717,334.0664178506464,28.172579133781635,50.24120987933273
362.9221381809275,333.14794823512335,28.10010845145372,50.7040634456297
359.6633316438073,334.4051439053486,28.480390516783046,50.38985525833161
355.67540965650966,334.8965527590391,27.91774991801399,50.09847878887717
351.2998830175618,336.7297291240292,27.53222940440581,50.69121600564384
347.27848102031254,335.93113561071397,27.39044115189511,51.29255157515523
344.7419780221475,334.9165386554018,26.801664883515674,51.950858921524805
342.2439360569312,333.33196501185915,26.501587639174055,52.06937706966356
339.59961194293334,331.8853309254181,25.71479736771909,52.98368019852408
336.9539603223789,329.20195607573066,25.510037853243276,52.88556850492405
333.6952978614686,329.22299846454547,25.859701108193853,53.79627905400427
331.2732279130214,330.1726671163431,25.70159939360752,54.25648960387874
327.85002568374654,331.60957393091957,25.962816417007005,53.79429563796437
320.7772199993555,333.1348152997388,25.572584890281238,52.3258907611581
318.1416564611818,333.44394203293325,24.998727435226122,51.06752048397058
315.046359957002,333.8807856325145,24.218883870557207,51.27011197133146
312.81130610182805,332.7973775101644,23.116185222567644,52.27795249562619
311.1496211925661,332.426726298473,22.18838774372833,53.421109612898576
308.2440851313011,330.9901472747247,22.148143891068987,52.92091084124241
304.8632661122524,331.2205401678686,22.196248527677227,52.24490755402948
302.7236496162877,332.1009849161793,21.91193247785863,52.92339774948573
299.31520436582014,331.91316469095545,22.182977470218255,53.74968120292034
296.0208574031417,330.4551317659907,22.894996743475545,53.551317102135705
293.0263346666735,329.68394047900057,23.525734377971943,52.81251571806236
290.1261046436642,328.61352143865656,23.86475767548596,52.47164479530193
287.67134233444324,327.14172271942715,23.470270472181042,51.780467310436165
286.16973511930377,325.93970176021026,22.911901383477993,50.96736283223296
283.85369858369484,325.5977606025461,22.818215425307418,49.48683407959866
281.0470757194956,326.6906438945637,22.504847822864882,48.792839789607896
279.2979538230927,326.29858177766073,21.810811323159648,47.965680959525294
276.1368368416799,329.39273180669596,21.650399297520927,48.63044639217751
273.1172862588123,328.6542545474213,21.877767694243634,48.44409467445975
270.6844203337757,329.41010734037445,22.137769964391342,48.76221937744046
266.1341509215584,331.0634094029303,22.15682780890655,48.7466933429965
262.7792382088214,330.2794803293202,22.438938409703994,48.56163455811071
260.930873211074,330.68694152027876,22.531558641099696,48.88493200956757
257.6175407016002,331.53631703744475,22.565775425489115,50.167302515305245
253.75579359430867,331.40402807921316,22.762705995663048,51.8293623501033
251.38518969660973,330.8774494896645,22.387654693007985,52.959325254894395
247.53605018919905,330.4883502134081,22.718242667790236,53.50911909174994
243.09555592871587,330.048508830449,23.722759669286404,53.053762480455596
239.77175546182085,329.8362017406937,24.120860805255386,52.62433651409216
236.16002079861457,329.59315169844456,24.236257850784167,52.26710532122007
232.54563528153992,329.37588468458455,23.745219352767922,53.379938418344665
230.42311907120094,330.045581103779,22.793977016060648,55.395865079925215
227.68596804175934,329.06785096883743,22.003248690880145,56.21655066490231
223.34064877903964,328.4299230641283,22.465820771922544,55.623893843858
220.64109303224274,328.7615079553343,22.459094252821036,55.49620062680691
217.91402374381474,327.5651948235598,22.797433879481726,54.244374318487026
214.1245916665075,327.89382274147175,23.311137282753396,52.976346349789665
211.78447250308903,329.7191281556228,23.192177935792728,52.291666221789725
208.21683835531974,329.3806204885997,23.497992763008583,51.78630660161228
204.63356362333712,329.2347938661987,23.73072102564936,51.99835265026208
201.4380593999551,328.5912730390037,23.48164806677373,51.17748367156486
198.53852666639523,329.4101552547474,22.910116171375165,52.051042453654745
194.90142797357026,328.44861736737715,23.12725236165156,51.98634230657369
191.4466200970728,329.44097233920075,23.14129354494434,51.39395180376816
188.3422500282433,330.50142505055345,23.24993793370196,50.506187564915926
185.10287553060158,329.11798014802054,23.305514455077986,50.42993462210272
183.29313295084177,326.9551059921317,22.951323886753336,49.742148864819136
179.73030893566843,326.9325557191416,22.853561787552884,49.469879234484026
176.43966190403054,327.1268603074375,22.457937630308685,49.766733545994164
174.18585258412622,328.4854287625117,21.788953429693734,51.486601202038415
170.49930959683974,326.90673245986363,22.114505415314028,51.3279392247387
167.35439438762643,327.1311820315838,22.606041766357833,50.91818984249825
164.19703159068757,326.9444973184569,23.201856666113247,51.08302705458736
158.97533229180013,328.3898930603756,23.161442931734822,50.484804254374296
155.8682319631746,326.4380519319194,23.685325958218044,51.23098624425785
153.5858241765089,326.36034968614524,23.74605122240639,51.968689074219355
150.92791442892212,324.3668422037882,23.491946363026727,52.40002996285312
148.2122029674513,326.6597614340917,23.10155760994297,53.69723622194209
145.80929070676663,326.76422044279633,22.982114911768882,54.05098724330544
142.61678658274133,327.55011203679965,23.509468111449134,53.13294934891613
138.83336922855378,327.90927829012105,24.070799165344233,52.33856998801569
135.25718099449338,327.45197806160877,24.385025609050974,51.95499356038913
132.11909675781993,325.29867686019395,24.018425222534564,51.07047057030491
125.79506931091902,324.48413370416546,22.878514341800273,51.580470497588635
125.20481090284962,325.2086418202334,22.17053511664115,51.91583637032636
120.2391027042872,324.7580099510074,21.939280424593626,52.57001230231511
117.68404904892947,325.1006634955041,22.333850664081066,53.72632351280602
115.10887371693983,323.9827768505613,22.933560268184856,53.044443242053134
113.68129943753051,321.92196617539673,23.091953656181353,53.172049613973506
108.2587970566636,324.4858956571756,23.053913221381965,52.29481339974441
107.48285656068845,324.7163582516566,22.938416860617725,51.88768009511532
104.13845007371071,324.8341330152496,23.17848363019699,52.452705168625826
101.58684278420412,324.7786589598742,23.676175099774113,52.40128165884086
99.66292984182174,327.2544517479578,23.588211876262534,52.87134983023222
96.02819859113866,326.36405592000676,23.78265597171438,53.05566421600794
92.01422341273089,325.89322393231424,24.339205590767484,53.011501639478745
89.03582492735958,326.3002909530976,24.50704734987069,52.31080776134554
85.10218669545694,325.2965340290543,24.68624064183149,51.65741767876804
81.63871644070264,324.0862088647672,24.497491396853995,50.82027839552598
79.04756300273591,324.57732323412273,24.033027318655364,49.97450422412804
76.4751519777145,323.1701382283444,23.465369777328572,49.24690493636829
74.8381417105977,323.88581949650245,22.66397470029509,48.8657742144367
74.08099951545442,323.79975836484647,22.071031765142187,49.361316644717895
72.45243373014355,323.4790799284023,21.707444618188852,49.44882537021397
70.73707206134027,322.74547969859236,21.414377310196045,49.198355031532216
69.98306669506853,323.19849695700196,21.46542915277828,48.74430497983515
67.46560188714808,322.8485563300867,21.891260811008085,47.89620878615602
64.91611584346876,323.5460754339779,22.28102202571658,47.433423581494004
62.14699082144921,322.88335420439944,22.814638166252283,47.14842054123071
59.509342998000825,323.0320000781415,23.090096414619993,46.954008541495035
57.27485781712403,323.14970885394996,23.342868332007136,47.5515823514961
55.79675807527897,323.1546072333483,23.49436195746665,47.785397986436195
51.41267825371427,321.45636517844173,23.356361245981798,47.95477337928464
49.802290534572755,321.42276720309803,23.3541692980191,48.030540720966016
48.672700352842455,320.49142895875883,23.295338377605198,47.672967556781806
46.48089733155949,319.40538689852497,23.285300564122544,47.02582946541175
45.58993940973051,318.9315300708074,23.21148623180851,46.86848290108215
44.723508130625994,319.25302867341804,22.899158932534636,46.515823794863806
43.29587244357724,318.48102564829327,22.885988248068912,46.399417056722186
41.56245513313541,318.9606514717306,22.978936998972713,45.99773932437542
40.65509863399427,319.96768090321905,23.02056642963567,45.85018906449453
39.837281102358574,320.8254499637801,22.937972556711685,45.94793379077687
39.42660708561612,321.2553282533994,22.787810179887757,46.00497627998931
39.54975120536524,320.6859208128368,22.812868390241498,45.60150393062277
39.8737095138878,321.7494608402605,22.806988747626466,45.608632316556054
39.74353138661215,321.1761877418254,22.927953579906042,45.50986343850555
39.72311850883587,322.30665431737845,22.846256683309413,45.280840230026406
39.504337113564674,322.90236645658825,22.810750133861173,45.79745344721994
39.64790038533694,322.6377024106367,23.000653390731685,45.72723200718646
39.39566614866656,322.41975561898767,23.017033435098295,45.687379554908595
39.742523174539855,322.13866085988326,23.021909244744684,45.31714649478258
39.73530294415799,322.1079858943049,23.29859953289334,45.35489313375728
39.440273943300184,322.7503321945421,23.341186488161213,45.540628284823946
39.09305823023596,322.3416838206025,23.51966753253383,45.29533693703821
39.54634377542974,323.4817635063328,23.65643164150235,45.61242445087729
38.74127494002605,322.5894390225097,24.039918835854042,45.4728911227243
38.26318082692491,322.30929513560864,24.245748540117997,45.36871948919681
37.54589492004807,323.2134191572133,24.201719613438936,45.67272225088859
36.95028829919087,322.8772556815653,24.388571702504407,45.938886970023965
36.64413604768519,323.2574302604477,24.314490097117346,46.11746373417625
36.52029307055345,322.5697040703407,24.218110146763507,46.33128250366475
36.62069694139472,322.40214268705597,24.01554848509024,46.02877999319186
36.28519789966951,322.29443309669796,23.835258726743774,45.75926764533956
36.51212140599331,322.18437835039924,23.61001610531341,45.84638779095596
36.92522744261969,321.9602142911384,23.555920573923128,45.979998408075765
37.33425410765085,321.6195407232284,23.5135331231104,45.57916540149307
37.22909320232238,321.24756990862016,23.378698502569208,45.191449668725376
37.21735431254335,321.5781508583567,23.340675304402474,45.219387140685484
37.45408772184492,320.92030323905294,23.24174652000001,45.709577778291255
37.64578768769637,320.26824579928376,23.060499987883794,45.36520413625371
37.57198149432844,321.3335063013061,22.861234501675767,45.26163396839064
37.55675900304874,320.57808623409204,23.01271607338083,45.2529513166784
37.33070093948746,320.01730840998727,22.925157322382965,45.164419784750244
37.10263833552569,319.3672199792748,22.830744526861835,45.26586343561155
37.48224316831336,319.28779920040154,22.685940195282306,44.99570622502852
37.85480094454806,319.53240857053703,22.54810757938595,45.33290034133628
37.71716173940811,318.8163469837916,22.528155720233777,45.1005644055208
38.20784819311056,319.01582060764053,22.376361689324238,45.14229161179671
37.36202696069777,319.4182748271329,22.500022791806987,45.209062538446915
37.296540706448795,319.03137624350893,22.7328744499803,45.31215689063906
36.52244190658894,319.0924483855948,22.984754114710093,45.22428816431307
36.7830118066776,318.76442285631134,22.827517211175447,45.58556403491085
36.7481025485432,318.16152182555373,23.111291472545226,45.65470325558279
36.71621798365999,319.1375448733503,23.15942570980326,45.47285765094126
36.97973255940806,319.2933760054429,22.963039943955835,45.85141496788317
37.22795284275517,319.0543459956217,22.760463776456326,46.4421309922525
36.9603766408778,319.74547212168807,22.566633195191407,47.365177306937944
37.17007411613041,318.7046956607461,22.343250831041384,47.6939161743328
37.53276543285809,319.0717820302412,22.137808812286334,48.33627920861987
37.56346854830635,319.13608274937775,22.106305752973828,49.27432279655376
37.69631759416996,318.18366123754623,22.041366848587344,49.14566276464423
38.14421647971528,318.3073505423251,22.088200977807215,48.94686784143836
37.62687376671016,318.58325614593446,22.014390095490747,49.043482749732476
38.327984914813555,317.84094423177356,21.915811264326074,49.04954124278045
37.75931019461528,318.15669327237816,22.000653781047077,49.276439393699434
37.94474142449294,318.4940574265812,22.038605989947158,49.591245105717206
37.67197460175986,318.61883029977173,22.163538952916298,49.75223567835364
38.00052359048184,318.25333307335495,22.154781498715277,49.93793721727344
37.242687541877594,318.0892868602924,22.164202379989018,49.776876556259325
37.18451484830856,318.1584664565239,22.184297367179926,49.279050185213286
37.55168068102395,317.8599330690817,22.101240740468306,48.95791372542505
37.490749123024564,316.8170458837799,22.154058916293465,48.29410461328639
37.13316664286727,316.48358385355976,22.120686157358318,47.58727333791889
37.33204709346556,316.8970399534884,21.88152597394471,47.336227300838566
38.06943074474844,316.1845916149043,21.817827230071902,46.59003480564348
38.31001206011288,317.429119948497,21.582438108487796,46.06456578017411
37.897362693737485,316.6609194640007,21.581753555334654,45.92021673676891
38.4179028120744,316.0145636370311,21.42884987906273,45.458497739043395
37.88363954098578,317.61239514520867,21.365138033178447,45.33601134507899
38.46702659105664,316.2618352205074,21.21819082207484,44.852679852852525
38.50263708592258,316.1829377982125,21.08172108219274,44.401611284108434
38.256665871034215,316.96036874698024,21.038229206301594,44.29694827535157
38.473454152362116,316.65931053625746,20.959891260112318,43.858430303105166
38.82147730340805,316.5967024505169,20.931994548512687,43.55947261284424
38.85287878188427,317.1439049118586,20.860441751710482,43.15921474054147
38.95928796978332,316.54875915782037,20.92568235184737,42.90651511111342
38.63117736272755,316.37807071960833,20.798310626582076,42.791388775085586
37.94309102085591,317.6191467308317,20.889773975951886,42.67482398713591
38.08244196427201,317.9783215690879,21.01997977082325,43.071314579712336
38.28830696426345,317.4438232789838,20.978808300932617,43.34529904348829
38.61359669249294,317.69923016169065,20.999829543898368,43.01455074602828
39.17198912968799,318.05657023206214,20.91285664784842,42.83737170201077
39.597169142645484,318.0730285865169,20.730647940960374,42.622007380815646
39.57027764051783,318.92778746132205,20.772779938688444,43.07772705796308
39.83791199578501,318.16667248958004,20.870121906826885,43.55664063715876
40.17833652328936,317.69216076893815,20.959145219200217,43.873455373494195
39.8063869188968,317.39294695300384,21.0685251489822,43.864107019168195
39.601159192368,316.8657196892656,21.243432150496936,43.9324839399667
39.47871083717892,316.3480928201011,21.403995835956064,44.159261289841155
38.67987617462396,316.94039573785307,21.529465363435676,44.45595902699197
39.15750509867231,315.84496972705193,21.579785556415647,44.77054266175341
39.10078317604703,316.73366745102436,21.566821733671695,44.95459695612574
39.08494941618915,315.9340385835048,21.652353706375372,44.9944134823255
39.39994227737144,315.618379060958,21.559889882757282,44.733251557990165
39.34692145404845,316.2336567855498,21.602760887742573,44.71229274271761
39.644059568770714,316.1751221805675,21.718889590796973,45.05891855790212
39.13508961205733,317.0014233906543,21.803427085133475,45.23938677352406
39.09264813057975,316.081109934435,21.95469616661987,45.66289549424362
38.87766832726876,316.39090842491845,21.992185145218695,45.7896570271088
39.59005886438769,315.68334652544485,22.048154750950612,45.69802428194277
39.27074501671072,316.5649977830665,22.113457765976197,45.828575550306994
39.02307303698212,316.1437983675671,22.07268160872273,46.13989145312506
39.22520693399911,316.8893182563553,22.039156314517086,45.801737589397554
38.337143872761054,317.2978007120403,22.405980679180697,46.009050603518844
38.233392062109864,317.252072171039,22.500578515041685,46.114881457367844
38.71121146196978,316.90913497521535,22.406954366620365,45.531940093170945
39.08952466363182,318.40532234102557,22.460880858365414,45.13373211722677
37.799926426571176,319.78392372640417,22.74432933711011,44.69581855392813
37.546811739975524,319.45194134800715,23.006418115103738,44.50558104021439
36.85715572282305,323.04990494277223,23.058022739549976,44.93280896771907
36.897074530907105,323.3368174961252,23.371712988791728,45.69987331490113
35.72004280904781,324.50494799579025,23.868578432556088,46.481880805408665
34.992678265216135,324.4959390237704,24.094368702241542,47.009125071622414
34.99980572502062,325.07182702686964,24.192109859633668,47.14716413366883
34.956245773958386,325.7783985611585,24.229003397473384,47.71734392390158
34.391217466436984,326.29820007762953,24.391043209251567,48.377465207556526
34.40592334461502,327.3051841221129,24.20501093552241,48.74718080007774
34.33111052371072,327.587611100664,24.030564514361796,49.061793078613235
34.36723590704367,327.41332907999487,23.998551282487128,49.13355815640478
34.02274910670809,327.31571168691806,23.897342769510836,49.08482807675465
34.191133819957344,327.43252090995225,23.7054846769309,48.59616987915658
33.84630058528237,326.6376068374501,23.810373552668167,47.8228607789826
33.60926675943966,326.48410197286955,23.67927566318155,47.11683378023844
33.61872368499963,326.3725477171249,23.566948302633122,47.09214752947398
33.435997072875374,327.1771781087269,23.511486966325226,46.83274133477866
33.2394777899784,325.9568930192354,23.399043990962397,46.42009200463694
32.995962933525604,325.9052174104165,23.34784429798802,45.859502494563884
32.16571137413306,326.0367742973547,23.33456804837253,45.932192974504076
30.703269836868387,325.76235539556814,23.660051794670068,46.239290268209615
29.853459054829038,325.2956128534417,23.593583561728806,46.3448342327916
29.406694729776,324.5468966402507,23.668301450860003,46.34979305687879
29.024792680872967,322.63454952463644,23.57681471853072,46.39690130483083
28.108767136265374,321.4670038953083,23.531955359671564,45.70849259781932
26.69160750785138,319.40003011704084,23.454644224424968,45.101200606624865
24.837606373904947,317.4689681087015,23.16281147797457,44.8476925661135
25.112003722606676,316.24811731231125,22.901802847103248,44.69141938167239
24.216081402755595,316.0439296085878,22.780543667911978,45.080385847850344
23.441615963180357,315.9352698853776,22.730385162983474,45.5318709776595
22.866228540540945,315.94875198133485,22.641279446433686,46.42851389672221
22.159292936501316,316.4015961522094,22.93269493837983,47.44656308091306
20.385635863085433,316.9396873057543,23.309008366141153,48.08945609597434
19.34549301240261,316.91335979069447,23.82291249382974,49.075935486464736
18.37197773311808,317.2902652523989,23.9916991530534,50.20451744635663
17.990609424768447,317.31343505313566,24.154919318393873,50.492014668584964
17.187026906372054,317.0106967543608,24.20611988527699,50.870960058573104
15.843118552061714,316.5117141344853,24.599796970255703,50.97596224652817
14.892412858200874,317.3985982493446,24.961229973005764,51.72609953248036
13.895388947556828,317.3310467203699,25.434063785962557,52.14020320054293
13.221397462702626,318.4145541545442,25.52803214442676,52.632265499705355
12.069551324127838,317.2583839920038,25.758055703238323,53.51939367993438
11.636667994231992,318.2630295969333,26.144898565422594,54.00399776235757
12.005520253539117,316.36337686659,26.101174144579034,53.763716202170144
10.903510953498756,316.6655164951238,26.176435744690274,53.27480961032887
10.701254598902484,317.54577420354894,26.284931105116492,52.77632455656161
10.174528841856253,317.49298292849625,26.29672886688199,52.7062312227778
10.151037105781008,318.2725240799358,26.429524870444126,52.90047652800722
10.6232740946709,318.7309777250965,26.46226791126862,53.14316699216414
10.6716746417768,318.2451172466071,26.714320405161068,52.88616966835079
9.32111270423627,317.86849861432364,26.941960240935487,52.87808067950361
9.097183034135657,317.7667005569823,27.42081218965412,53.154263762727425
8.322582946102209,317.8401042677395,27.33647471561268,53.09217102212308
8.588953094045955,319.25653157973204,27.043383626125106,53.29477114819905
8.272657890171978,318.21283883032623,26.991313122313002,52.786544359489284
8.35648489386194,319.42742013738695,26.807928506678408,52.15297274211014
7.421675418239079,318.87309030201556,26.80022704910302,52.4382404984852
7.022100370432135,318.76600149447836,26.530209530733757,52.74744273653644
6.653428288604825,318.87773821340926,26.025026090285287,53.237627035452824
6.323362162748362,318.4458850724815,25.336870044345016,53.47355335667616
6.524159226798499,318.5143638166166,24.68610705831265,54.966933821973356
5.424656027750904,317.4115419331335,24.43853018538123,55.0951478175163
4.220159527128347,318.4628918453234,24.126990054073243,56.266142269946144
3.105271292558035,316.12468343365776,23.654732765050415,57.39377650622605
1.7828859644906867,315.39421290551377,22.874024009106254,58.36759282143656
