123.5,87.5,132,176
120.16229123053868,86.6774955302918,131.07202493790945,177.36703093639136
122.19773723749634,85.8949706068368,130.1838633603192,179.33474490826703
121.87679435518173,85.70483408822881,129.84980657285874,180.38835737200048
122.49908011701291,85.02377877300215,129.37532074160208,180.89073948730564
123.94562700644985,85.30731122985883,128.88960802046745,179.86704607217703
124.50459654848451,84.78393769993019,128.47774496236096,180.1854709241066
126.69301712173666,85.64302352648467,127.83465535127232,178.81449880040705
127.47024277857572,85.2821818719521,127.83881900684773,179.05769923722448
128.5581011580091,85.9457488681424,127.54209242132082,178.94189923494093
130.6379242390883,85.67437320906672,127.8809542356944,179.0890378364175
131.78940220451915,85.36935520090623,128.34094061898068,179.55787551566038
133.38486615758262,84.35374186293618,128.592747669595,179.546535892162
134.59948372270955,85.62475475699392,128.56062729306433,180.34412163435047
136.1589067483165,85.00225837363779,128.88807340379194,180.79403862686993
137.10339865659876,85.12059281130738,129.1468194608847,181.4051265545665
137.13259929207092,84.35834375530276,129.49087307280053,181.46748684823925
139.3339068137583,84.13342226419078,129.8692328943855,181.96233213820602
139.42764579733105,83.9084704069112,129.95597682436522,181.97352283863935
140.32123960580003,84.18637601765951,129.8682729596779,182.22714895168025
140.3467278090608,83.10506022908169,129.82083058216148,182.10155583172286
139.61824924848167,82.20950293798835,130.03264512424107,181.69642784303247
139.55478882415713,82.86991293262699,130.2043630134123,182.1576551254837
137.11746067826311,82.27846175572935,130.695657488794,182.65278747023814
135.06228049105283,80.89930281313815,131.31183599180042,183.3016361800818
131.92343434426886,80.80310927924387,131.8913027871689,183.58603703162328
128.9188790028183,80.20209868400464,131.9842361972734,184.58771519439082
128.5683816695188,80.91824182732185,132.2698173649939,185.23300697553594
126.30017536038551,79.90832441726832,132.5943216428064,186.41825660582367
126.16313154450441,78.0467611714293,132.87675987505708,186.2202955940685
125.82112863896306,79.8249943379092,133.2494229103181,187.1556548417056
125.41274682018286,79.59035368226414,133.36468064844917,187.51349638104548
125.33955367034977,79.33361604572364,133.5542197200055,188.34663446349842
126.1266201893512,78.63282487628273,133.7092177845646,188.04672818829792
128.889621927104,79.38154580748754,133.73760903104386,186.5947257405683
128.63733894300023,79.43601870206317,134.43424447013382,186.93363038738926
130.1297791986214,80.588380212109,134.7087199807726,187.17751710087913
130.43188544465607,79.48792149763575,135.03536502788015,186.5905703216042
130.9839062076632,81.00485269987648,135.22938451508767,187.06326037493218
129.84650104541288,79.63319719325256,135.8052170115625,187.32164158814646
130.45979968080437,81.59866879026495,135.71597566443216,187.82351346904233
131.32552180423815,80.29290837873631,135.73789264269277,188.5087853840567
131.87167849178206,79.52190969481676,136.007335592373,188.82270629391851
132.37127065056524,80.64322403296082,135.99397073376815,189.2719516448826
131.69812933664417,79.87346447473742,136.16780508413683,190.10629208329365
132.54035479880798,79.13945982664576,136.57109386584864,190.57390655830997
132.22381105069923,80.43153751965242,136.90662666049948,190.46232850574697
132.03991560633062,79.26228846345342,137.250421160697,191.26288170523452
132.68919746529306,78.3927036140997,137.00568878165456,191.3322213200949
133.6778549564401,78.59075752796986,137.18641789916825,191.52188231120988
133.782730433665,77.51895590748437,137.509694295621,191.81571655594215
135.23856511787403,79.00290561403408,137.23892291647596,192.15168448293062
136.96990210495025,77.49871393523361,137.2620003327807,192.5043352088482
137.6981157554387,77.44193732546861,137.61853258361504,192.88118792335996
138.51790767837082,76.00730510745491,137.80987456000875,192.74026139564225
139.2777989837874,76.56317081198202,137.89942355699424,192.55917211457876
140.50755658698998,75.86601581600442,137.50908669340828,192.25333233198256
140.39097773807043,76.51735337348074,137.97186900536693,192.15020391178547
141.88985589993234,74.88692486565402,137.62972824980412,191.74306118302363
140.61672131854772,76.0108836514548,137.73015776909497,192.28236361264277
140.62796068040404,74.92030227987874,137.3404902042778,191.61759577947043
140.11230859105535,75.79921302388806,137.36093787376646,191.79948097461067
138.82750393496994,74.97370464696782,137.57220310787335,191.8129422484478
137.49612541383675,74.75014287287868,137.89679486693657,191.7332835819845
136.39936406996054,76.10711538706568,138.04391414663846,191.73394150084562
135.6770404176321,76.78150576883624,138.39796501384114,191.97133904006938
134.83631598162413,75.19706023179101,138.00276064374592,191.4677039930203
133.38094946731175,75.51033411766815,138.23911313152286,191.59002367341066
133.25365195406692,75.15144894881826,138.62281956719985,192.16182207214274
132.93438412666728,76.12777903080831,139.1187272079114,193.0703786916862
133.4743004453829,74.50565090891773,139.17553821862776,192.83025802811872
132.25268725591533,75.96566120830565,139.65040059724248,192.6052964903933
133.9627403878108,74.70617116703997,139.67560397242858,192.83035081074814
133.2386314114146,75.26485392478212,139.66033358484322,192.60638381859454
133.94474941820374,73.46729682788927,139.956996353995,193.06611917479478
134.4684296173689,75.04799541072023,140.15174394306854,193.37123683495378
135.21487097488267,74.6119429134529,140.6499769173187,193.7513176462151
133.115422095289,75.52329836388166,141.91133414534755,193.96553611433038
132.60928845040738,75.32946585460357,142.7121988549688,194.8475491820504
134.32488291387523,76.19067784118614,143.7209007895443,195.42215828040318
133.2866583039578,74.97155788354429,145.05275048821903,196.05185963958795
133.65304597332326,75.9532259441007,145.619038712835,196.00485600176677
134.93380128439557,76.99045127502691,146.0481363060224,196.10481854410745
135.74651108335667,76.73581650010283,146.99383291713036,196.23947457047234
136.68743994772413,77.4089755110018,147.53670453562444,195.8477992617443
136.08806605346925,77.73974944358629,147.80889824031004,194.9627142495302
137.54796565977094,79.744181937935,147.8243054409757,194.53249282124233
136.90272062628964,79.68751236159417,148.04271596863927,194.38244801916056
138.94698236547416,81.32282568388923,147.75640186755908,193.87432738271863
137.84049826647737,78.3400905553065,150.73010432563493,190.62745633129035
136.542458451688,81.29921961795776,153.01283438040937,187.6265935593051
137.30497318342276,83.15795621300197,154.96189906939034,185.96119575526404
137.5025319949114,82.29015649601729,156.37556593127636,184.14439793810425
136.76144606751583,85.62903226669297,156.90084309030868,183.10268756115107
137.77162255622193,84.38582516927416,158.1566920763212,182.97551389969598
138.09758074378635,86.1954968513707,158.1010175329718,182.63904297393367
138.30616217704738,85.59019600022259,158.1462942034981,183.4952269051289
138.10793333507632,85.37073822055702,157.87397597134068,183.60248499518744
138.0276835719245,85.47594770914245,157.81291573468957,183.04480506602073
137.711775514495,85.0716976486924,157.24206902396418,182.60150345771854
137.38930761562096,84.13293482613604,156.9674011759107,182.78134243062058
137.109242702063,84.86311680783298,156.58250365164724,182.88304073071546
137.5498053783784,83.50059789334587,156.23693264843888,182.50818808918493
137.84288709344466,83.26702233862613,155.6489968637166,181.44086434892347
138.6935405932557,84.67604236390235,154.82297995990064,180.94671188496466
138.29682451835285,82.8008587678236,153.96270234045738,180.9266714004254
139.98474358045482,83.71098236016559,153.07441304437845,181.27809417576339
140.09597351800306,82.36650383358229,152.85905857751837,181.61578603689813
142.0395489534835,82.88729511303951,151.61994442492602,181.29156421292325
144.70204949013794,82.44278587308304,150.5178442190793,181.08070450088826
145.40756712405354,81.43982785130763,149.043490922202,179.89345452690674
148.29886831870152,82.56147838434504,148.1238588850789,179.2014972594693
150.13481955585044,79.70496833992017,147.0204955533897,178.09332413008784
153.39536857975094,83.18250713496228,145.8973219288065,177.44861936944088
153.94417005051778,80.52556325531442,145.39189536504608,175.88889472486696
157.1611176544696,81.64325574960012,144.6871475913771,175.12335193180644
159.55771933389903,81.77739420215471,144.38641545062734,174.80212185049686
163.713031641332,80.38705989581888,143.4796580804818,174.48778661986103
165.32060181007668,79.85251220335498,143.65319486320124,172.8429604578528
169.89591970745107,80.17323033591467,143.1301416185013,171.69094168607677
172.33588047942823,79.4479893309242,142.81031013954944,171.22052490092983
176.22757678235246,76.94244644176027,143.01067502958108,170.00246467553455
181.46338876722888,78.44420346692218,142.71051884089513,167.96958705261324
182.95791538020353,78.13819547149669,143.05778315416092,166.91672336378434
186.41702704978448,77.51627731204876,143.51188905007592,166.52435925467117
190.38140351800348,75.7992288917866,143.4750862441006,166.4648275933034
193.78311572893972,74.3912799766875,143.32697054567777,165.9283744732605
199.22571847489905,74.09340395963525,142.98855136204767,165.64801172169376
202.28755906399405,72.194547691878,142.71398317137601,164.87202669022219
205.78329447317944,70.67098181517738,142.4468928461693,163.85327862184607
211.60978943857572,68.32191117414652,141.81117204989826,162.78963582721713
215.86220174878883,68.79330479404558,141.03641182156187,162.49714718284747
221.14264801823612,68.28435112420135,140.18481550916877,162.31204241373314
225.2089032909941,67.59357305666735,140.05644963223187,161.54404477301378
229.55489156635917,67.90991419815073,139.16852781859282,161.23063086568217
234.9732119792405,67.00531289909213,138.4678284982623,160.6141032353753
238.81662027501702,68.29868465062884,137.4031580363174,160.17649699083154
243.354730448873,68.50983535764215,136.93619729401314,160.03532323827153
248.76054798126899,69.05294530858701,136.5623960152319,159.85680596117962
252.95445403990556,70.10039708908772,136.97509525812723,159.77213055722166
256.58675874410636,72.0624661870751,137.74747983013336,159.6185047036999
259.3732533371829,72.47913835897505,138.42285986089917,159.56990694717646
265.25037924110717,73.11497513957045,137.62128577979624,159.78218888849574
270.08964060063283,74.50046387516768,136.98825141828894,159.13403632460412
274.9060874824726,75.59168834709295,136.67503500751454,159.5230883973704
281.42105752218185,77.05306031726168,136.59363180095986,160.2051692384508
286.44318623554227,78.52044738692551,137.0502612913533,160.47946840425314
292.9929612609151,79.34524031496285,137.32086752875472,161.5218862751377
298.6842576070135,81.1369940781914,137.23688457013944,161.90467589833878
302.5678889561245,81.20501163517541,137.96383974453707,161.56843727623212
307.72897604086427,82.9657456511056,138.23926078990115,161.9286857341636
315.4464768474354,83.82328063157098,138.98563849499624,162.79316699317303
322.036789430069,82.94547581356646,139.48139157985116,162.86403119823572
328.4541884553513,83.09898901584711,140.47537847191353,162.63202740916677
335.64967558918227,81.98785472977823,140.78745004928328,162.4566936615871
342.1852193667808,80.95797295406506,142.1220450578679,160.64604009494096
347.2176202640691,81.35210373865867,142.4038657303323,159.7909006689031
356.25756209348924,81.24827559403988,141.41749937495888,159.14043216556485
361.5605582674854,80.10805857560248,141.58398226958124,158.1598565092939
367.97024514802285,78.92340344171328,141.62975705281792,157.60381992572343
373.55170295292135,78.47587870549842,141.51878617568696,157.8244646578196
380.330134861151,79.02001783247009,141.72098512625647,157.89513983214468
386.2802109942243,76.99670377834039,141.37064422333003,157.9633720015308
390.84334688032,77.5309714201434,141.31715496761822,157.87731652863948
395.3189833207037,76.76659763998197,141.3083354712502,157.98607414545802
399.3766806284108,75.29263332781797,141.07847991070668,158.03422917206873
404.55253659053926,75.23104324765194,141.09057947936952,157.86987661541127
405.0056578296381,75.78793967922172,140.9274096897515,157.7964799658032
408.3529373803858,76.65646919079184,140.79077152102585,158.07361233174683
410.4158799134536,77.58922823343602,141.11934326107314,158.9279860330338
412.0389319532165,77.28292091773434,140.81745137980477,159.32093115848335
414.2472761176778,79.64632893856299,141.22578527149372,159.0100754287157
415.36920232021384,81.52996986931618,141.75666569456192,159.49249983551988
416.66370475441335,83.39070462030732,141.83644139142473,160.08334007551147
417.8313016323121,84.70999319197735,142.0736441524272,160.1947882045408
418.09483885384566,86.60659291528668,142.40267223554798,160.19847472517677
418.1389475652503,86.50438131650836,142.5346567669842,160.07128271315395
417.88086479946287,88.07149553316108,142.78311042073625,160.07536614279405
416.5847905287347,89.03385354510299,142.696725646534,159.69372460755008
415.6324750214908,89.91108662508134,143.16283456057317,160.02975522608153
414.4206940309544,91.92177303577331,143.22207483296677,160.415013397587
412.43811504086875,90.71130384949163,143.01995738436614,160.05070444425314
410.07073449163556,91.59960286074212,143.34010332856616,160.20575968293684
407.4373254985935,90.10234037548595,143.06879246180603,160.25463240697397
405.30240814749646,91.83132495842622,143.05456859313824,159.87430758923796
404.2406499899596,91.12427371211461,142.90574031897856,160.00109542846457
402.11827653053683,89.70523116881728,142.42009430493223,159.88404063964725
400.70020567158207,89.8390979014822,142.503751462829,159.99425757443146
398.9777856030118,89.8783261115644,142.553981910257,159.7179858701341
397.6818331357333,89.79891443636959,142.39344591540112,160.05134786269178
395.9133644810956,89.35988462102233,142.26946284313058,160.50120924523833
393.7626064562234,90.17685091266897,142.246142638755,160.28535746867723
392.55648756083315,89.74274930974356,142.1080743477637,160.40289119515793
390.730115779769,89.76826945335671,142.75666322773253,160.48272186113388
389.159610050458,91.38478440120804,142.78883398239032,160.39128756746675
388.14408076785685,90.70576029195857,142.29288186834768,161.2231760226295
387.84900543648615,91.39367877204019,141.70685038024826,161.3786353156706
388.11397987003625,91.64813895239499,141.35832982640343,161.80981204854317
386.943696975376,92.54494119337257,141.04251543917977,162.34549819502124
387.267822916775,93.05052083193259,141.2940342930761,161.88521434323994
386.0029808303731,95.34058993458984,141.6648165360246,162.52312184944276
383.2047234889453,97.58752134679399,142.56056370179022,162.1032946695657
381.8847228517916,100.03247845353678,143.2839364961401,162.41899025451153
378.0998166081845,103.63896761218845,144.17761201283423,164.39370553309442
375.343612419146,104.8298580600529,144.23032648221994,164.05897296767253
372.35804412902837,110.5217304890906,146.23887212960904,164.85634039902584
365.27556179497685,115.89084911916245,147.82328469657682,165.50700675674102
360.56560589784146,119.09134028229582,149.2388286624784,166.72335259743596
357.2627784048904,122.11203353616595,150.06665543182783,167.13595035025477
353.3561407679888,122.54086873720611,149.75155469855093,166.11526218348692
352.41884752882163,125.13841122475556,148.73099981374133,164.47540496488827
349.9299567643724,127.60509245981396,147.76715622438428,162.69750905132054
353.55211614867943,131.6023904425869,144.72966700365225,160.54810408766673
354.2562470834348,135.53681035828293,142.1753356074692,160.10402269057033
350.1308668191781,136.90019976560183,142.09465997875597,158.74380886502252
349.357858175672,140.2736613397996,141.92834382498754,157.24001926154887
346.71098295204956,144.7846611738886,142.2088486896518,156.36956034959647
344.8166793167484,145.94595206686455,143.0294910726352,155.87130710540023
345.5477933790597,150.78383624191292,142.84341663167493,155.50557541454418
346.3855144058339,151.3760629685281,142.32752417205214,156.45477440996802
345.018706871655,153.21560004441739,142.69738735213474,155.90664832490086
345.7027309365946,154.85719497174426,142.19465078527045,156.3704334153155
344.7885523418069,156.7950236492944,141.94601951621243,156.3277462025797
345.35321511260844,158.32697047032423,141.16588528263097,156.0604884266852
345.6703796142341,160.45215207390885,140.05168250294383,155.3692206022064
345.9488502097655,162.78018139668086,138.8952512057751,155.31400777041355
349.00046913782626,165.55107857530365,137.63488692295692,155.14661355202298
349.3369913417084,166.09511557264088,136.6754378459077,155.408296513449
349.7040841980151,168.69087707576054,135.9662494570458,154.88414716443623
350.25240720223684,170.54998578360704,135.21612238237537,155.169341041773
349.90315092253985,171.68356085721013,135.21399819727014,154.89351674982197
350.6267583482688,172.78797227580694,134.63494693147504,154.4034853974611
352.00608717258126,174.74267695963954,134.10985294442548,153.8733008070176
350.7675768027721,175.0922601298466,134.10855952274312,153.69634846206014
352.0751501482277,175.71488000524118,133.59930334429842,153.22488077214214
351.2983351125486,175.2158649611895,133.24447101045178,153.22701440161967
350.9557882066785,175.84464423926167,132.79656277942158,152.62140125763432
351.5934726813303,176.13687927786947,132.2560083547686,152.2065593386304
350.78359876499917,177.09806564731522,131.7548214626231,151.99419975090774
349.7170054346874,177.41092760281862,131.99479139408257,152.2378164384842
349.97345479055065,176.91621275072325,131.96205521349347,152.40076211815023
348.8813524972843,177.6052195491806,132.0191054497454,152.67182915535267
347.2499213116215,177.68216290437806,132.49209159846052,153.2982129022255
347.25728641329147,177.91233526929088,132.76457194900507,153.44368113922343
344.5335793795364,176.0354257073207,133.66502423215255,154.35259941668244
343.99583964133313,174.99944567332733,134.275338719326,155.35721684569978
343.34809398150344,173.44310260726405,134.65488611837304,155.74783252227522
341.57536638641903,172.22066422123808,134.9824500922638,156.79128476715886
341.631459948031,169.30702508372687,135.41333626558676,157.15840707828357
340.937094424198,168.788023489902,135.75070861345426,157.44955941773534
339.2624548147185,167.50267487236374,136.31965502868695,157.87401236532108
338.0216379815415,166.6178521234747,136.5355397173799,157.855603992898
338.19224278847935,164.89704910240255,136.91809970866393,158.06238800020654
336.718288099458,164.67279681046696,137.33048448000193,159.28176607107338
334.4802381571182,162.52060555373492,138.03663063695933,160.439503038578
333.20806508984833,160.39523920735454,138.18207054057254,160.94536483023097
330.03976843901995,160.47712286700406,138.9850153513236,161.00840640163227
328.49632115567124,160.5734657976129,139.64172269267917,161.9461725772722
326.275951804908,157.62249360068824,140.2222640885264,162.95649108992643
322.3740129307805,157.66633285285405,140.54035063042147,163.20001226139323
319.3298131364777,158.24831823603634,141.2392162224451,163.05533909482114
316.38867806748254,158.27334494624495,141.29775636852253,163.7355323971021
311.6645037941353,157.5098891194064,141.9472424579416,164.2141647653483
308.02849234046596,159.25731131000748,143.0130266186372,165.3574567710175
303.186784023232,158.95430300075765,144.05616348320768,166.3156619767059
299.74923731067474,160.75479929402434,145.20378031148994,167.72160164877846
296.0287850982793,160.83828219922367,146.06753582194372,168.90217955481046
291.0966581661053,161.35109405811454,147.5193655987672,169.6521795161898
289.23481308440364,163.05472421673812,147.5415088547456,170.24816836733862
284.79836559500495,162.62315494679643,148.24193374076958,171.41582453398436
280.9248584921103,164.7429912475801,148.22528131676773,171.40732878559697
277.1588920214879,164.82266796236325,148.97226066380472,172.6493847436192
273.44329668494663,163.17679226922675,149.80051649954592,173.71067453244956
269.8366806046155,162.8178457442283,150.87138654244086,174.91584520943775
263.9278405541379,160.33695576799917,151.23709558931893,175.91002982307458
260.17012147526816,160.12952038131533,152.10505612025787,177.4118152549887
255.46401158087878,156.95450469845235,153.0469399486484,178.93210180488822
249.0259498448757,155.72418175338285,153.68828310907006,179.83239048200693
242.62570193662705,154.88552041371813,154.57968411508153,180.3859175327887
237.50048003852658,153.07414231167436,154.99474735708324,181.71538622123597
232.43170154961527,152.87240691683485,155.5954467299254,182.43179263146138
229.0068920467463,148.85231946561615,156.4958627212896,184.06096251375715
223.60441862565432,146.9260611152665,157.0293032539643,184.89655960157194
219.070912700087,143.76626640293208,156.9876906467859,185.64876192220635
214.63075805612604,141.20627239182755,156.9278306002962,185.12117075130013
211.1443474527137,140.0897890922484,157.28858887606012,185.40416925086436
208.38196667594607,136.5146714551466,157.92066263204896,185.86373117378008
204.46182696180094,132.00123952559295,158.3550849741576,185.61532933922285
200.40992690056282,131.20062388185255,158.96835889729297,185.2825366503777
197.22243379705807,126.27772718586976,159.5122141228572,185.8021963143159
194.37109852946736,125.94537967632046,159.27627362746003,185.01888792212148
192.28620072971574,123.49559937308155,158.9438042504618,185.37601049835638
190.28677887366428,120.61525120686633,158.94425156592777,186.07050657443915
189.51863077972763,117.9203339051534,158.96388873242347,186.20836945621585
187.47752191129047,116.81783362655183,158.73073257174534,185.63922297972758
186.08756419624225,113.45967507582739,159.18012784879608,186.09878759017914
183.89534035212398,113.3530646876831,159.15790019828748,185.68807910430647
181.86958237264065,111.15423804601905,160.2084567608919,186.65029303941375
180.85552596254283,111.75818801214545,160.96652751928178,186.9940941760391
177.32447123867433,111.22539605101603,161.37035421021335,187.16976132068717
177.2398536175411,111.42227225741479,161.77601531419614,188.2520859876626
173.85244718120617,110.1892449576071,161.8084304016792,188.28582237667618
174.64892345243248,109.73689710116261,161.5744516007579,189.21175231690955
171.69214079902744,109.43294669806208,161.68490535437587,189.34997880408176
168.7633111597115,109.08575629444735,162.2545101667602,189.48442487601307
167.68848477052143,109.2395823606249,162.17135530887936,189.32234020550624
164.63516656259515,108.7139642500972,163.00000758242845,190.03717189436748
162.82084583047754,108.72024709554503,163.0348158385796,189.72954229060332
160.94171600831197,106.84366738912433,162.81897942311153,189.66130201472401
159.94130199180552,105.90980377124673,162.42834155379592,189.85542297396708
158.53525344203666,104.74128514341689,161.76789446006583,190.1547149922763
156.97973087197983,105.03027997433634,161.43068382282047,189.71607194491742
154.4236570021779,103.00455325535248,161.45939602699346,189.78695864284913
153.2915261130319,101.67963718137717,161.18556018527505,189.61415084863054
153.39262281284056,101.66839232983942,160.85254847825794,189.5528883218963
150.43517912038965,101.87260244951098,160.25156529202332,188.37093926823738
149.0661055856157,100.19077744972884,160.02063763546647,188.02006285293044
147.4483783983089,99.68806167988669,159.5639733653657,187.07451265643158
147.13187597041946,99.00077310380388,159.13708890458577,186.7321548892399
143.9448684455364,98.21606254034437,158.6177795791993,185.67821872016893
143.86812017864906,96.94548588898525,158.43611919540191,185.0060613043508
141.8600767127695,98.21372591517303,158.17797755431562,184.21120274626844
141.20308039409798,94.63496819541598,157.5242053372275,184.16382125890266
142.95039080755893,94.07388496985597,155.89373002765484,184.4273961534736
142.35602957289962,92.5930033375902,155.22593506285332,183.96026370610633
141.50232108027325,91.86055594827332,154.89542656630977,183.54323969678387
141.40875545843556,91.03969770324895,154.6776352054243,183.2421740232126
140.59852980518636,89.8672810790031,154.8401629803904,182.9030325288149
138.710382165777,87.37692877884712,154.27516063271375,182.6666751326669
140.63108451939465,86.72289870462096,153.80832820254756,181.98351969445693
138.55761095352423,84.99111312416736,152.88287285702398,180.46233009410315
138.28323249760945,85.77971626199695,151.87118899012125,179.22738137774343
137.19394209356153,85.65624927164484,151.48820153802419,177.3313467038151
138.18011005094002,86.62547072080163,150.0489929311591,176.19016516280894
137.49591192742028,87.57428194205923,149.45965852729677,175.37886610076401
135.35491018113524,88.78186495511162,148.7251968327941,174.85799159477796
135.3938520721547,91.63889953432329,147.0480332894408,174.5110632063131
135.32541718773768,92.12421488458553,146.54523739503247,174.2143327524088
134.64635863976133,93.82706912458096,145.67485031007698,173.5852029371976
136.21127252237036,94.27495362811302,145.21104103088186,172.47322387776245
135.82164444758914,94.65176215444268,145.00105134847792,171.84507075785575
135.5024176152203,95.87001959191386,144.46122752069238,171.17389871452502
135.86841752621496,96.2852904936706,143.94615507807282,170.35485183905115
138.7161354110924,96.60778371990625,144.0256397718799,169.72482710981808
138.59103366008878,97.91011106512846,144.53712527085258,169.3954233310863
140.79808456781143,97.34207383925053,145.0992063930294,169.7968452636161
141.1454309331262,97.40866616709418,146.36224383646444,170.14627557217554
144.256702913992,99.62637381117678,147.31343930802143,170.72407439533848
146.3140089036532,100.48450169591244,148.1328707361392,170.89632384628035
147.20346740317336,100.27925274135644,148.8412274301836,171.18131288073758
151.9752109928256,101.37821637333013,148.9132044613894,171.2399387898554
153.12545496065292,101.45653506141282,149.18164190644157,170.60847552481786
157.30292274187127,102.88486968398303,149.07350867402195,171.3699503150168
158.4237355001913,99.64735520849689,149.20359345782742,171.40416906243684
161.64111429637813,102.49378919227732,149.78901179929167,171.21028161703174
161.66404865244934,101.86160259615795,150.63935036015567,170.11758031014023
164.08943709614184,103.13649725508716,150.99609824922942,170.43761897804535
161.74387166685662,103.6433330810436,151.1571526040462,170.4704492010562
163.59613007392983,103.01810244754788,151.5818701038646,171.5027715199647
161.13156356838624,102.1950789757386,152.4392267248761,171.74258443762807
158.5612640876991,101.73487897027371,154.3107851016862,170.98270710099314
156.45334237285618,102.9318723305018,156.64033059016413,170.8100662820262
154.71800191229335,103.39816914129827,159.42228097339844,171.223309061419
155.55340524711323,101.38894880931082,161.63742749170117,171.4031562424227
157.06055393316302,102.8593523762545,164.12466934994825,171.49666540988116
159.50620488986138,101.143349387566,164.92184066119142,170.63678458077013
162.04896587196905,101.0004474641238,164.49690791511574,171.6742533045924
160.03467107057784,101.30091676364621,161.84496887715108,173.94031886166024
159.87836186779043,98.49319003137136,159.1321120191303,175.79380419037622
159.23820097743945,96.82572269401456,157.14134758385939,175.55681060237924
160.0219284568529,96.72194240593832,155.7169033009396,175.81031237491376
159.27530977182346,95.74834588063862,155.59384986327447,175.50440622240342
160.83757269271734,95.64000626722,154.2721008349938,175.5139736584644
162.22143688936913,95.89033713685961,153.36253472558764,175.76615780255463
162.0707017530732,94.96553135333251,152.58319194790946,175.57836244822212
163.94036030258314,95.28080245893342,151.69074050288125,175.98092429910068
164.18638451761785,95.49146819874991,150.61429511446067,175.50989584873668
166.54851565657341,93.88633984565475,149.18609006082323,175.37463372748866
168.34346892715564,93.99844267465407,147.73169730216,175.11049438427668
168.87117380056904,94.47047758097834,146.41068595015628,174.62801733529048
171.27166181022122,94.52433044185128,145.57019681973742,173.87462617920318
173.17759261476562,95.04276406024049,144.97203169044596,173.54715661603163
174.68215463341608,95.95705452657901,144.5581461003344,173.77554294180794
177.02779447022937,97.12592823742997,144.10111363434942,174.6431216004283
177.46166410876094,97.63546468762964,143.74401843554094,174.80118655174405
179.90365636904477,97.67241498944409,143.20468370669084,175.1448953417118
180.7313909975524,98.31989947710485,142.8713460834341,174.30624411898998
180.50963992683685,99.0771189321788,142.66264669154765,173.47272873036079
180.93737674924654,99.40965409977503,142.17256206597915,172.5732672125073
181.55280131587702,99.20370929913484,141.49264522088805,172.12512270562573
181.8082097636468,99.62625886587628,140.64409344728526,171.58822059362723
181.99114873094192,100.17683265427546,140.31533252826543,170.87453411287723
183.35986754910232,101.36619959719155,140.01924559041575,170.7998823822727
184.74888939459225,101.11630704387267,139.53960110941205,170.58735079703501
185.55318556638855,102.05348890573369,139.5205115772513,170.2617737134802
186.18779664594751,102.10013123464293,139.50081091204515,170.15935009433912
185.4065727955441,102.98485302214047,139.85578020880686,170.03944372504014
185.3058797549705,103.61018505773262,140.19619083073604,170.07497302467493
185.58204286747554,104.54276412194889,140.16821882516263,170.54064451660372
184.91494003369957,104.39438843097157,140.37352909075992,171.27439933226273
184.72430123589368,104.58181285372272,140.56442103180302,172.08466689701586
184.1668183219482,104.15483387628689,140.24525690630958,172.45022513765605
184.74245065837295,104.52782635532122,139.7413034440924,172.5416468148718
184.52174249851396,104.37209991717242,139.7124973800728,172.8041429356207
185.28257778232123,104.03598682346043,139.42448357648874,173.09730310279434
185.43390747242972,104.44396739540572,139.31438382595044,173.5697892197604
185.30092042651043,104.69250883257058,139.49952629322155,174.2183827198661
185.78933849428861,103.97191528436551,139.7976882264747,174.64952273814362
185.7501039034081,104.17537823134614,140.48527908849542,174.87158654068503
186.32556619189674,104.3924914790229,141.0029055988976,175.56649100484233
186.76485299449448,103.88938015451866,141.49489013636418,175.89410624961877
186.7880578677587,104.72769560304052,142.12734623980748,175.85361248045135
187.1356335916239,104.09079968046743,142.2213911641093,175.7648912602594
186.66573335760788,105.23219250122924,142.93001398919984,175.6687575638499
186.95174875704674,104.70158097942333,142.87613733460918,176.31780429644564
187.51618215094481,104.34858634891026,143.40947099771026,176.49661127645447
187.1156537414942,102.59539005451423,143.51547090132829,177.05516770458675
187.23824583186664,103.53652784827082,143.77196095545054,177.2768569226766
187.27568279033756,102.38133449088107,144.04967536424763,178.01293524207034
187.95893595208713,102.56451180814675,144.26898983485398,178.67106285775262
186.61769055229843,103.20628676252873,144.55104852459863,178.59468474674102
187.65515922593832,102.65692347239586,144.66395759951428,179.33504489720102
187.7364625423723,102.20460429606509,144.69797083492483,179.5194189342574
186.07698590040303,104.31775110813159,144.50684163557176,178.8141864921465
186.79963951330964,104.21157238678423,144.7297964146108,179.29036574532515
186.53529815601684,104.0864032494468,144.7843694199336,179.48297615412523
188.3539421482324,104.4408079984895,144.95885783511488,180.41276724388467
186.94452412699073,102.81607109547555,144.78004039325373,180.43503195872606
187.40619319306862,102.01578713530128,145.04984038365654,179.44416969184925
187.0268874712117,102.40834849036189,145.36640330752064,178.46249831119772
186.87143994729266,102.78775381957114,145.5740386876045,177.5736213771826
187.69763387169633,104.18343895423733,145.763277602141,177.0006179691936
186.95252423264247,103.79899907809447,145.9877316901242,176.4740603855113
187.1842862813162,104.12767227045747,145.68513266818854,176.00867776283022
187.55466190819624,104.06499181986847,145.63143032647682,175.84849948396786
188.29980618260922,104.67466318710976,145.43606460632515,175.44866673254802
186.9949828592253,105.25603114975068,145.8890080193741,174.7633644887542
188.0379165264722,105.30796213813605,145.73463635138424,174.4286424276882
188.08182373993276,105.92237159992348,145.71652016134578,174.82173514904895
187.47684992978822,106.70883919999753,145.88187182483253,174.61615028879038
187.66714073863514,107.28464751367429,145.8625201632887,174.66512820584757
187.12935089383404,106.60833528959157,145.8081518329095,174.23718059724268
186.55992443100055,106.89314403382285,145.60246153996383,174.36316916165563
187.2032587227117,106.46113029442571,145.75962225456095,174.21572846837654
186.82503131165575,107.49886904133086,145.37322536635332,173.84057634440114
187.75347002514172,107.76604508562706,145.47531359852294,173.86435344720738
188.147650976113,107.86207817302058,145.55551987857194,173.94751124283354
187.69278358883298,108.50235071405189,145.53872554365398,174.2486521806684
188.48318847034483,107.99302353950715,145.72324204215064,174.17217179465044
188.0894154468142,108.47528508139801,145.5398825468383,173.86966242041385
188.6702736749616,109.04385239485892,145.28277970462582,174.09201794966575
190.40508901091096,108.6204896443226,144.81584816946108,174.37717250833649
190.1840048592481,109.2793894444739,144.64082152220627,174.66439498082593
190.34144338823143,108.23228892417818,144.62817634228182,174.83113225150467
189.8980881393696,108.13467864618596,144.9429290729957,175.14905168822116
190.49457855044813,109.2384503420993,144.92089055735724,175.51238108005538
191.3593044232985,107.8527176760081,144.93442644440793,176.02328351550926
191.3834259797928,109.07046734908891,144.9614519501818,176.3634511214808
191.60897973271392,106.22875302382008,145.09379845721037,176.77967644102483
190.96327609652343,107.33188228992921,144.80371676264951,176.46114612307048
191.28298986637614,108.72775452982407,144.80058275340826,176.45363640547254
191.53641454918474,109.69801418278767,145.26261624654427,176.16911938264164
191.26704736745438,109.09000689343762,145.06574173425346,175.91484151234425
191.93771962890304,108.84863167330738,145.24201276807312,176.2460349690146
190.82741304175488,109.5336755993906,145.0315272427997,175.120260595318
191.61562232446576,109.78102061568993,145.35968009137179,175.4588704975834
192.4429244137791,110.45954230405492,146.10967367199194,176.23928663737868
191.88571221701199,110.64793253564,146.4101517588207,176.1968135765809
191.39232933649228,110.45737681246197,146.62720745592577,176.51751590544688
192.59540635311754,110.82821418061917,147.11744076131356,177.4227371738093
192.53478090784984,110.2957012349909,147.32122081669965,178.5142503410239
192.39104086176388,110.00593771873103,147.70681914702266,179.54555545758333
192.59196174078448,111.4841733840255,148.01627221882688,180.20924327616433
192.73774203582406,111.12214368899151,147.53426319558693,180.9345376239478
193.85758604369482,111.21417734789745,147.7767316949669,181.52579250500372
196.23312837236367,111.29109249246011,147.90363680661113,182.46530094382945
196.2137969555216,112.43310594595226,148.30151939999797,183.00310025640385
197.09926778032218,112.58979808923067,148.14860889453894,183.04462586669763
198.06358507258017,110.98265623201426,148.22870996676122,183.30872976583808
198.57398628594422,111.88734417404143,148.18410180253773,183.75496100992706
199.21226926544483,112.33315518739677,147.93129866568768,184.04300752893934
199.0004318653329,110.7628364604459,148.04225504469076,184.06782600548513
199.28904599501237,112.16864541757933,148.09710930724728,184.3266858152936
201.71006308668524,110.10501659672649,147.74359050094617,184.74604889332434
201.28754406299075,111.99527856344399,147.83490540380393,183.99821691545574
204.2822684444625,110.63128004000978,147.5077658106297,183.89042714286614
205.87441573227252,111.7255377017174,147.6114174592223,183.68910218524223
208.2862598336502,112.19887004890248,147.92153596194177,184.02945114081257
210.1270685823608,112.1800243970013,148.00711869607272,184.4449541745229
213.21059821910094,112.45129634251786,147.84572329435758,184.50669635812815
215.3155847013154,112.71964343925615,148.05014995379952,184.66106741647883
218.98278420757924,113.75797701768057,147.9515683736754,184.2675099007051
221.38055488359677,114.7259645439151,148.02152127289156,184.31705521109006
223.43780712573533,113.91755119778438,147.62752894033255,184.04316284722205
225.48975742048734,114.17242618257808,147.53730928573458,183.9038133958136
227.5890581832984,113.55060438617566,147.75037558390397,183.69770131997828
229.79232522289942,116.3970781553777,147.59702486957008,183.0155884754829
230.60262358098026,114.58789029059696,147.5679078124889,182.6899429800688
233.53910708321507,115.95017432420795,147.53132462759936,182.58456560574842
234.34680278614826,115.69619741695792,147.4135553540343,181.9889512239518
235.91776856940268,116.37434383760268,147.5556923719676,181.98369767309043
236.82607000092761,116.56808018990644,147.49173190202993,181.6581676464278
239.02725422156067,115.85769834006656,147.34421384833706,181.32760347383126
240.03050240527875,116.62372189727127,147.39342541241945,180.8117729951259
242.5665016930757,116.17544439710349,147.25553509411924,180.49464796654604
244.48814766153583,117.60389546878305,147.57256391601854,179.89967795781521
245.74765588943853,115.73199351398152,147.2139359299092,179.74633278141974
246.7978054082925,117.11487545987899,147.17214457309422,178.95831656838152
249.58236792419302,117.24717581639246,147.36629850247482,178.73878067719392
250.34544518770642,117.66233777060447,147.14738887233676,178.42593934752432
251.39406153257687,116.0753015542144,147.46479494030152,178.78552241568042
253.15725502443786,116.06355726403514,147.64179927013242,178.28848440807585
255.91515300577746,113.32977010578654,147.01265100871666,178.20077422445098
257.67732027696724,114.55586865946557,147.28948991489972,177.85982251084596
259.61383279860587,111.97684214231356,147.25815803454051,178.00091158640976
260.69733082835893,112.1011775175586,147.7077713099801,178.14140093256503
262.84797176262913,109.75623029601633,147.87610060934742,178.66930139524186
263.75265558859667,110.75135135331504,147.95119316821248,178.29816283155537
267.01151301854526,109.63809483241313,147.37911171972277,178.2066326413951
268.1835648788335,109.19858457268214,147.19663457652356,178.06102857475173
269.883345256847,107.95338375098581,147.49332235183817,178.43617128603074
272.28454764541027,107.64855123745042,147.7856498592576,178.17244432720827
273.27877201033687,108.22187076566584,148.25187489649414,178.05697778473922
275.9872044244588,105.92186755823158,148.34122468693315,178.46415363701618
278.2704090011934,105.62405725984226,148.74817607194663,178.44688065240445
279.6564641930282,104.45907672748916,148.8609650660999,178.46672161136723
283.88751642475324,101.80324236175716,148.42624917534266,178.80080407345258
284.97878807419215,101.1233151192055,148.63765109359747,179.02457590932494
288.22451828723035,98.59902853047888,148.70688869990022,179.73309219056847
290.02491891419425,98.8954248828415,149.16230130171584,179.3838727789331
291.9735932337487,95.33674343089606,149.06767702402652,180.42425938353807
293.6133192204991,94.82197328311182,149.4807826238444,180.45383842212567
295.782512832203,92.39971726198962,150.23620214405838,180.5955764165185
299.61847877133755,92.16108997639026,150.4509575445368,181.10036291144343
300.1303973970984,91.31792914014193,151.00382849060873,181.94715083769756
301.36874883306183,88.4980823734102,151.77191355012417,182.70178406079725
303.3495917978755,87.59777763835815,152.47523759593008,183.27588694005814
304.1097600099132,87.00425696707886,153.47416300886042,184.3539226153475
306.2597287385454,84.39855622968963,154.27376197051086,185.62283065140525
304.99643127292643,85.14778910759586,155.50153044567878,186.52839712597
305.8406211603161,82.95187387376104,156.63179090298564,188.4451895420344
304.4962742903925,83.808186262948,157.79365313515004,189.84916956865317
304.7057138203833,83.5390707493832,158.57691631378532,191.102447001575
303.4107492032532,84.88939787145345,159.6045793174623,192.35788320772136
299.3006210394394,84.78905510726246,161.19263921869828,192.44774762311297
296.603950033621,86.99203441772282,162.3156441255378,192.95368856884264
292.6320950365531,89.2535446863343,163.6516695073994,192.88693300430646
290.4469766866769,90.70231517015722,164.3161047201828,193.84393596099227
285.67002127943465,92.49231430101206,165.59970513275078,193.77868841835303
281.49575148544113,94.29277536632844,166.33528390530816,194.32916542330986
277.28305595113653,96.05017536964095,167.0188112463478,193.92700079075405
272.63958435525797,95.91635063982531,167.40492226189644,193.44495959849172
269.5899266694414,97.34620481213923,166.5424494560393,193.7128907859531
266.673207066853,98.05902259763783,165.58950169451083,193.23814068963776
263.7246926116086,100.55458758227334,166.3095729977303,192.945877564544
258.9909461740233,103.47202222989928,167.5449348685675,192.7609187192738
255.9736314306735,106.95584325259442,167.7881801351438,192.7925013366643
251.8130367006857,109.63331181914165,168.5992735219687,193.1701973174309
247.39595042150606,111.69620052205701,169.96516862595178,193.57020821879013
246.15863002521604,115.90139508608436,169.8279629715408,194.12577482498835
241.8074944849513,118.86198283226354,171.13948125971197,193.97883267384705
238.67282268401294,120.50093332751723,171.51991027647512,194.6685997398277
235.8637386052409,118.54374821220404,171.99246142580995,196.34886557554137
231.32420189892383,112.7604156137128,172.56407710528978,199.5833393052387
228.27003313422676,107.97335224387987,173.51996025846324,202.5520912318247
229.24498116503662,102.83972895824164,172.7847044565863,205.2690958559271
228.1430572829892,95.97546377762309,172.68812907538694,208.74304476574818
226.29860568501653,86.09321283662041,174.511561861939,211.54907534953577
223.67725082058664,74.00131248550666,176.09204348334634,214.47596191296932
219.8326448416443,62.32000491905063,177.3970663123553,216.24470879026615
217.36051501458917,49.95852781108999,178.3912908712507,217.09553547322844
217.76564301746208,36.32807303300602,179.30289658559005,218.24566622080263
216.92147620675183,26.74959960351643,179.47510095171572,219.80591241144685
215.74494820549467,15.066876764939721,179.7350256504428,222.5766792098161
212.29944036991617,7.042122483721698,179.57915297015936,223.16265723178583
210.97676915724935,0.3307438063946364,178.9357242429967,224.02459019221388
210.5305887462377,-0.40274855360028994,177.67144453538742,222.450900702609
208.96018345538369,0.619789022306307,177.741413804687,220.18298542046668
209.0352333141677,1.1359185117412522,176.66793079158293,219.50414386794452
205.22842095052624,1.3408365308638395,175.75583587622668,218.508173395953
204.90147721930595,0.5537712968689448,173.25578909832606,216.58573494571465
206.1262908906452,5.433525880878719,170.85954600381484,213.56571485621683
202.49683443847252,10.039916978288431,169.55538574989606,210.38130256496186
206.24196188411875,14.250976365457475,167.92443194884407,208.78599558109008
202.11514850388676,20.737245628110855,167.3518582240786,205.55179743359093
200.64948105872458,26.218717754566157,165.1179924041063,203.78341227797037
200.07017553515732,29.90941673823697,163.50499271439392,202.85401445177254
198.83288084470766,33.95975860830623,162.1349869014303,201.48198032787548
199.22730086075066,35.26718520033886,160.7177528616615,200.31477352328105
199.62516239919742,37.58266748215844,158.96085023030554,198.94054380766434
199.61804634128987,39.56114641272467,157.46773261658268,198.10684000727713
198.9034209630778,40.607902065849245,155.33600305303005,197.2711854276744
196.05282240326704,41.990148403836926,153.88077565025162,195.85065923576886
196.16472318207315,42.987995305188335,153.3576040422091,196.2680952395846
192.80939033603684,43.6267774476113,152.32553911675853,195.2346210648022
192.60223418078238,44.72943635391633,151.4423652412399,194.61397653767648
190.50320571283856,44.867159143695716,151.19791634064077,194.28989842575953
185.83391296191581,43.78362717885784,150.5659951743954,193.47709060555735
185.26780537147727,44.938928610903076,149.89390265606903,193.41293530463827
179.8888750808512,46.645472752318625,149.84156540712098,192.59906086038444
179.19357244836416,48.987726626830664,149.5703891226413,192.93901056604176
177.0575111033101,50.270619106254784,149.50191513687662,192.89248458317618
171.67392013170792,53.147425097396564,149.9232890509062,192.44310042987212
172.04756379457018,55.29137259042818,148.69956156371506,192.04963631958708
168.40234516678194,58.63107312110898,148.45969248002763,191.6653178273478
168.88909570119415,59.95135486797703,148.1002634956301,191.58877782833216
165.52461927523854,61.721776731872495,148.24788557132672,191.46513681164657
165.83848089686373,62.8994823846015,148.08975323040482,191.55645588147848
165.36569946409298,63.562611582408294,148.1372513633947,191.70471065896822
163.2635310277355,64.89440754573259,148.45078323008252,191.4689732702835
164.9392767027735,64.57591861222197,147.8293238471696,191.8537881443505
161.2919259909215,67.70089583123233,148.08994762652543,190.50432685131878
163.58118416864116,70.13753784750855,147.79191737795867,189.14760170434067
160.24685645231818,73.72518169320406,148.23117503686197,187.29642022938032
157.47098286350584,77.85281596161454,148.80289263150934,185.20979564397538
157.15951023505264,79.8234984687747,148.3339696070513,183.70304361908072
155.01431118111918,83.76904569347126,148.64703130821044,182.08371726279674
155.00039109697138,87.5103888825398,148.5124568810213,181.1103225335244
153.3626523484083,90.98252998524544,148.44358713960688,179.83442631062655
151.91754280579744,94.85230118310088,148.6747183284815,178.96131419750844
150.69061666166914,97.67340892779886,148.30193501760175,178.5300667256906
151.35221914911665,99.47047546235417,147.29685347272041,177.97519380558205
150.23095034017283,100.9052995919915,146.8522053262953,177.36482956577763
155.04813333861654,101.07377084292295,145.2768298079235,176.6137124773802
157.5808042736432,101.92390731298318,144.16943042367947,175.94925406095666
161.7273134883988,102.85361940592756,143.0849333602877,174.89049108131331
164.38415206754462,104.22899366797535,142.59365867926047,173.53141791026798
169.30185245067145,106.2473318144333,141.19778065623188,171.88379067054422
169.06281708052364,107.36437550853535,141.6283589035835,170.51603062771136
172.8330951076358,110.17151679010837,141.16019149834594,168.7616275582787
175.0785475851187,112.2469658062176,140.58647637988227,167.09484989501775
177.9640106877915,114.45179042773327,140.21062454205986,165.68420096288423
178.6898552371158,116.98988462257863,140.0930219807724,163.87520016856095
179.49944461644017,118.81860478428374,139.7421282582107,162.69308519114378
179.49521250515804,116.39000045865858,138.82628745901212,163.99837819679473
178.05727736544816,114.53218204779566,139.0775260951366,163.9642896767237
177.39264597544326,114.05083793280073,138.91390197424457,164.0506893735028
177.7370501444904,109.45010923963072,139.01305696689602,165.17505745015043
177.16686856659385,104.77944357183247,139.47423234803094,165.94601429691636
176.10636684069118,100.07449688040687,139.31719086079508,166.30183529970165
175.4600469501404,97.50246467691272,139.00834372058628,166.15413020214282
173.75093013059438,93.7718949441255,139.15273383283807,165.88536835393552
169.71350337900725,92.72772829236027,139.88918792576456,164.28530734937578
167.38536478301495,94.51191227009447,139.73733628397838,162.0571696204241
164.1871079246851,93.40117160780623,140.37656297518643,160.2165133412408
162.5750502466776,94.67115474050716,139.8740695779971,158.34110626134387
160.475254202608,95.98314201731931,139.5718930771165,156.99305865531326
158.59446707865175,96.65231277424203,139.6545646989914,155.90046947606254
156.28220681118688,95.52630460031041,139.88774783920678,154.9449558022583
155.7595867074993,96.94266704159259,139.97777849334022,153.53939475903417
156.15788298870683,97.15723745897485,139.72018948193144,152.78964933170792
159.19641411439483,98.26566962083159,138.764388350398,152.3113951564243
163.44465854255594,99.21209023752641,138.02251480093003,151.80733058300018
166.26701321287717,99.01815570629827,137.82635043938302,151.35838810294547
170.81041320418618,99.36304853067263,137.67339788413318,150.86323414994413
174.6324526748702,98.85951390189379,138.19655431721586,150.59563936312162
180.26313225548262,97.41771222912912,138.19075603092995,150.6367403530754
182.45430870004708,98.31942923022162,138.58644498140066,149.8714778806603
183.97107754298807,97.41736786682463,139.46168286352707,149.67060359245488
185.4733460534397,96.41620237306816,140.06328836352833,149.5107696534389
185.73319383954063,95.84896034199264,139.87325511432454,149.9127131677422
187.78515531614272,95.69904819725163,139.33353303926367,150.98336635994562
189.20419273540273,93.58079836303406,138.82044012861533,153.0631031900171
188.27325156329422,90.07290156792278,139.05072900702731,154.88864733718546
188.92602040855527,86.15478652041882,138.44541035165383,156.75397975763283
187.7082705337042,83.99691910876193,138.9330731062312,158.07956293719357
187.13930226834776,81.43907540615092,140.59983319145985,158.6317017775047
184.590609759093,82.55310300594873,142.28998616384203,158.08256541641006
182.9762108584293,82.06238342571571,143.28804127222207,158.7720993227505
182.5639316058895,84.34370468796982,144.8308932057227,158.48844039122935
181.46150925145622,85.33639414271798,147.48180277421798,157.99719364287347
179.93351354484685,88.92258651337767,150.27144230879364,156.73415023685072
177.61263360294822,88.73958448258045,151.77220359067744,156.6834260105099
177.27419508320386,89.89023438491742,152.32609619848216,156.81419598427834
177.27833635868421,88.40140896615469,152.52105185164305,157.82503242303824
178.26080560680367,86.09948487294561,153.095629089123,158.44465462106834
183.2534422050137,83.58205509516787,153.61480859808626,159.33918910719632
186.86397015074047,81.09254582256929,153.68076671420107,159.3640235970651
192.8491758591923,79.30553525215927,154.16359092351814,159.9376904478766
199.49509382273607,75.93265278629413,154.8575376197216,160.36362973034542
205.19774937028552,73.19382759991382,155.26097476986195,160.58298456706478
211.03853355283874,69.68089128932515,155.2522818091134,161.27142003537958
214.8046757213906,68.6192160502668,155.57674271508222,161.6081661090468
217.6561113877386,70.36126155005947,155.97728448739718,162.4220358676707
221.24247529903732,67.77287753914514,155.93974667487055,163.41117037509505
224.66417980379782,70.40488003413486,157.1639855993095,164.53868874632167
222.71936173496067,69.74186876291496,158.5397698559566,165.1154273789638
222.0716678124361,68.6484342860721,160.3679477658175,165.33989458494597
219.48124021406284,69.40007086890078,162.3982967045531,165.53213216433713
216.26373484745375,66.44853924179804,164.3488122748074,166.07694050902722
213.27829057077687,66.12077212843525,166.47398840483658,166.83412144221472
207.785537395453,64.311090508083,169.31882970116305,167.89528074729606
202.85337108408635,64.49663747574968,170.83899938291734,169.43517883829173
196.56417881835324,64.42725723562336,173.14026427784793,170.81105470169257
192.279974378455,64.20472444179649,174.42270723814974,172.35536404945526
185.36093039337922,66.09565593268422,175.96363887437798,173.81001468233433
180.17977751479924,66.71141405033313,178.01723834796863,175.20981463203407
176.84792116096122,71.1707202849407,178.89662497913707,176.17340145023348
175.62243004935664,72.12430267239438,179.29693514805547,177.61188710982015
174.06718862340247,73.37443342482405,179.58407734559063,178.2506124309038
175.00976722101979,75.77591137555046,179.92971887166948,179.138402836824
176.43153202607047,77.4783847313757,180.3340468322163,180.35488270750997
181.83889485879916,79.45425530734059,179.96212931800403,182.116709766182
182.01309634635732,80.87855538798118,179.6807548653792,183.70131187159393
182.45719918886851,80.99281755667019,179.40314547952826,184.49335554740713
186.53751408717847,80.83763819443301,178.35480701896793,185.27905466804734
193.74912637677724,82.24345075174041,177.6567411311766,185.78856698171623
200.02396301453888,84.61587833669105,178.47019747143705,184.91873803785865
208.31702404286318,87.57030863836181,179.66921068395345,184.53255247190117
217.77268857739517,90.18939463294922,179.56542823049003,183.62846976190116
225.71581347739473,90.1171801255332,178.73952312653586,182.26358102103404
234.15803585631772,91.57507373950281,178.36050286820156,181.51365969122713
243.22014132482067,91.16539858827578,177.85364727787538,181.2873523589461
250.00329038841505,90.0935974852226,177.6733383398346,181.4639801874203
257.84850562652866,88.75011257522478,177.38151034926403,181.55665402886981
258.54979619160997,86.84295600907882,176.78992521509986,183.08566881368859
261.6744278467295,81.33181375942243,175.93243989710942,184.58290505708095
262.95824971393915,76.34568868431354,175.26839327916036,186.60586874642226
261.33223830266064,71.54538583441223,174.58268483569563,187.23364558117362
265.8475969441906,68.2032265423169,173.2189149174428,188.30652207628347
264.5619590045647,66.86424454280365,173.9015825794553,188.92808148470328
262.68088635405303,66.08325094708245,172.90797102546767,189.92437696662725
261.7798358802377,68.68542639039144,170.8311027805934,190.10340077101878
262.5881733224294,73.8887541511309,170.50875539369238,189.4504035442176
262.51728301659125,79.71562863260317,170.36906272636932,188.4409378759508
260.18801892978297,85.47924057828163,169.14617982439376,188.72965388785315
259.8097529264336,90.23158887621594,166.80720158672312,189.48827630748747
255.57275736524858,95.26829325348157,164.62879459965706,188.87027946396694
251.47768434816726,101.75324301865791,163.57039021878066,186.61313513686133
246.56795000452706,106.83742009317481,162.77379578808006,184.50025908383583
242.59926416819263,109.8913156029945,160.92694485790466,182.45727690971648
237.83598874377265,114.03989065515032,160.4735991613345,179.65250599394244
233.41461165810182,115.2813444973113,159.37383605209757,178.0647882505499
233.24765060932629,118.69775590840294,158.0419438691387,177.00901210881705
233.17595205428296,119.81203476719882,156.06838665259568,176.2889145552954
236.91794894474415,120.80125263557218,154.56423028927583,175.94933105720378
241.5212635379535,120.2739264895322,152.9124211635871,175.03043720193725
248.21959603728453,122.18196243382108,153.22035173072095,173.07363815099833
253.10616114983205,121.36518099297786,152.148915040477,171.88275006298875
262.4640773446474,123.07186880845961,152.53703887338042,170.42223991340188
272.01162351889525,125.4955727850035,152.701025504377,168.8365724064048
281.0083571609713,127.24775339402993,152.65319687684106,168.6223019876836
291.48476298523633,129.46514817088888,151.82300104252005,168.6291318301754
301.38415653919145,131.6419282782216,151.09048667020542,168.21315911512852
312.6786290175624,133.66673247638911,150.1761938130729,168.05330310679398
320.27069502705444,136.6348083676917,149.20045679836127,167.64259487811336
329.50806594008594,139.6975240132507,148.7601788547446,166.88991529979444
338.50075068057726,141.5182017175245,148.4386124743479,167.1790840020409
341.86361905300146,144.59795147072413,147.48259962171136,167.11622079096026
349.57838597400837,148.5042996584479,147.86347532559608,166.58652726890628
355.49210706761227,151.24729719598554,147.15929649745806,167.2554909188066
362.4036943589819,154.4074811830408,146.52810704502886,167.05150649724732
366.63654536214847,158.0882401210291,145.63070814691108,166.39565564016112
371.2808992846964,160.01066714114438,144.14741736266728,166.9400308975685
378.62228669860673,162.42201509373834,141.50954056798864,166.21765962311787
381.8368290727748,163.87062016410178,140.0436158576469,166.10129178662072
388.1448543820235,166.61463598945417,138.33995690174714,164.05372272517985
388.7469735084967,168.74254832918564,139.49700433529372,162.63537763708658
395.4254386200974,172.6600301975264,138.99870143142823,161.99513750651468
399.472350300049,174.7875107675722,138.48631613610013,161.3259782062515
405.2513244910582,176.6910247864609,137.29786886797342,161.31960267244145
409.1381377861896,179.4571398570618,136.21364247378605,161.09946292812074
413.16291907337046,180.9649359671041,135.91757177793386,161.3265202632424
416.00092417129963,183.42638564946765,135.91001813648836,159.50505250671543
418.1053375519091,185.64690601385854,135.22930617095432,157.93054648786404
419.2516722814846,186.58611585593877,133.6944781796605,157.0227347400859
420.8907314260663,187.10645022123134,131.84126316407975,156.40808561847516
419.9880040045908,187.70347003720045,129.80100439161325,154.2456703633108
419.8984319147984,187.89005696086787,127.74156214541676,152.4105283324585
417.51551582935974,187.46670379983715,126.68778515110243,150.88765223989287
416.1956506705362,188.0360130930022,125.19679723754822,149.28522011024307
414.46994592122695,188.73055439488354,124.2928643480137,147.46459916305082
411.49255604789505,190.55363079557833,123.85030332014145,145.17020579540755
409.3861831550088,189.53907215068193,122.81719854286456,144.09163656557755
405.9912951281125,188.85484151530352,121.63388204065743,142.96410708316057
403.2033289861434,191.27649798445185,120.48279072306367,142.02547296642763
401.69821646430967,191.86132886294126,119.23647165357198,142.53177067733665
398.7430064206445,191.28264956780413,117.94876876269177,142.89679906217043
395.7562790548875,190.56806461749048,117.19941942468674,142.4358576356264
397.3830571377776,191.62649189868145,115.94792033440702,141.95891174462355
393.13364441472237,190.59334706826718,115.56336012225333,141.7036889447435
391.51263823929594,190.0695478906691,115.65398430477124,140.5573271101203
390.4535016793806,192.05399428919898,115.1209407818407,138.96491012406517
386.75531621179357,192.8623673253892,116.12124552820251,137.88797065607014
386.8863702653866,193.30650781125013,115.97804908222417,136.98686407423216
386.7754207926031,193.18687591897532,115.30572922533904,136.1977684456348
388.72268606870773,194.55043406095132,115.02919226634575,135.42951899632328
385.25997470183876,193.95969767810882,115.31814039070863,134.82466082366903
385.900347383456,195.76206622370682,115.52580001671677,133.90124654550706
384.87426027551214,196.27724804670788,116.13419893639316,133.2402686486066
384.5827659343804,197.30458611000012,116.89486587588357,133.15284501492678
381.7421331156172,198.4131202170591,117.75963228016414,132.93968758076187
380.01040181874487,198.40954968224517,118.12800210047129,132.6224786509619
378.0062787157302,199.07421725695485,117.89158554481241,132.48021220233298
375.4446984961842,199.5455442597227,118.0569050644099,132.18378543735972
373.67304471094485,198.34749907413828,117.64859753974999,132.1732240732227
370.384233176189,198.8229790028995,118.02153682859151,131.52067680691923
367.98546953884244,198.22901064839445,117.47980543247778,131.1179089556495
365.1053843959742,197.966638248753,118.0801499163648,131.1623628055878
363.2250837915508,198.16081657529492,118.1046020525646,131.3511818293266
361.61261277674635,198.01365924005145,117.47070671606933,132.116422546185
360.70886493070293,198.18029613117994,116.5036011870716,132.58713185623608
360.27987554075906,197.98648519072688,115.88100798171459,133.38550949065933
356.96792569930926,197.44647783581559,115.51267486508416,133.92318272976354
357.26818243444984,196.85578409447103,114.81378423407496,134.39154404649042
355.3261081607203,196.44496875650879,115.28232890542019,134.6351096846876
354.40010960739903,194.46119795780288,115.15514615290141,135.08080927923072
355.22901963111167,194.19436203396785,114.93768402898382,135.17954180204498
352.5096959217089,194.95160791946466,115.05510580463138,135.27484262119265
351.13420755437204,194.03783723724416,115.27820687745505,135.3742070342253
351.69848490954803,193.09612245406464,114.91365437104452,135.51873999223162
348.87598265314045,193.1119731864053,114.842752263834,134.9299367414137
349.55783540427245,192.38255661760093,114.37086087423327,134.78170753923973
348.58253678505275,192.85832348786747,113.96650148578055,134.42895836463225
348.86512174880886,192.57833713744884,113.44694494400527,134.2632092293794
347.24472676983373,193.17315969050233,113.19942098861017,134.15939540779544
349.0173453165945,192.68778727427372,112.6733167476429,133.64355140453642
347.9719377034822,193.35210697967528,112.53025526869799,133.12103429674232
348.65575385179534,193.2543365862815,112.26613072925848,132.68545922974343
346.9674920111351,194.0610570957919,112.03115557787638,132.62945217354454
347.41885053599833,193.7407443081125,111.9138748603757,131.92824415744218
347.3782360353812,193.23833657215266,111.65338015131144,131.10904007808472
346.44469734276066,194.6559608706565,111.48116591629795,130.51952831846418
344.43496386803025,196.2361505452663,111.66440044197643,130.16920279462295
344.91604287281064,195.63023085881835,111.22199892836824,129.76942150292228
342.4971495497383,196.19302659128084,111.16686937196783,129.3575000533324
341.103596190345,195.99606524404228,111.124386485423,129.22624282522878
339.6807182589103,195.87507317952893,110.84756015110304,129.16557295611898
337.9431121413619,194.95800498531526,110.89590585482779,129.42600653235152
334.96233208935166,194.48299220903564,111.59061691786309,129.37889435955748
331.1576648598839,192.90408872180802,112.47796842086609,129.5123299484384
326.2680483716324,192.21790646051303,113.45300027127047,130.1569516798525
320.9427134590719,190.19224379258426,113.95437905787827,130.67563870432394
315.7296229154154,187.73103505798812,114.62438128929526,130.59270176906676
308.19039271426834,186.89234881460487,114.79876225433348,130.30694545067274
302.70118649851815,186.99168656933102,114.68270466172501,130.58043600262178
295.59075904796833,186.52533904474132,114.57150256361805,130.4449931676612
290.72968098225766,187.0298888718301,113.92421766262976,130.01498899630985
284.3965274064764,187.4027714002952,113.45509257084507,129.90556700130367
280.0353688803368,188.22189014358656,113.17859504029963,129.58266621897505
275.5382166119722,189.34608434267363,113.54810461700681,129.27369446775833
271.9543972207008,189.26587559645392,113.31667027561778,129.24589731540806
266.26051484245534,188.73389194511725,113.22434775183528,129.06123516728334
265.2203464873531,186.79277513611476,113.14820939490109,129.2892920732522
262.4971551956196,187.3976226235979,113.19725454169202,129.21243260567886
260.47101476079337,185.65611635952263,113.26805385922043,129.18013842263247
259.5767532070735,184.90493361137823,113.08141362609156,128.66834137848545
258.84501754440515,184.4705138832394,113.2848431185045,128.1586220798422
259.5398812758324,183.39136835789805,113.00868634580497,128.00373792910884
257.61507655680185,182.79123013521018,113.6169246290809,127.56373698877292
257.51213199213703,181.6650053203758,113.71658349201837,127.4656712528411
257.3513068771727,180.21669947497796,114.1124144516342,127.58387227049529
256.2933840449306,178.15209221746085,114.52911003066923,127.64399737284033
257.0429197002111,176.1480142750085,114.35661078069322,128.4896528762753
255.66079267796493,172.6757961904384,115.26262970441225,128.99780307282026
254.8396592254462,168.0403442150506,116.07787882533101,130.06737874600802
255.27653290117004,163.26646752300078,116.68210863052246,130.997508800945
251.82098507603885,158.81423339688547,117.07018401329827,131.82342671443052
249.37516483719878,154.955115089064,117.91877372498723,131.84448496627337
245.90030939449542,152.43121331022877,118.59536659128992,131.57168563011453
241.83598269789405,150.04667500055712,119.08561275411549,131.66524898194075
238.1595659192327,148.4214034140968,118.93504121729141,132.05679886300652
234.40917915383415,145.23760941282993,119.6568516590993,132.28694809143138
230.14175492423448,142.81783246384293,120.70343221973908,132.62651867870588
227.39796698490545,139.05962796307466,121.50450850275502,133.67578509830273
221.97298532835305,137.4576109117,122.21153892401415,134.28095679146045
217.70831562890868,133.73446074110404,122.4375765116846,134.80440032494357
214.8752132729613,131.65194128354054,122.70551252393335,134.59833690700174
211.2434087987571,131.57429655077192,122.76061631868578,134.21876754971643
207.82428799939947,132.37094630047366,122.50434450111072,133.73151067383282
205.85583709686006,131.84453737849998,122.73478368450071,133.14821141706454
205.1676168799782,135.12772932915263,123.11230773070645,132.5224460307739
204.45859889878142,136.56781038277924,123.21741525491339,132.8787520002266
200.9266470588625,136.38674325417318,123.75588873226704,133.85613362625128
199.36143692755505,138.1244912458068,123.87604388295874,134.4547710391327
198.2130735388967,136.7836915247214,123.66895930086994,135.7615214002641
195.8556776790486,135.1726828176952,124.17443047536962,136.6242508370979
193.32164747627854,134.62048325761987,124.85736190599518,137.4505569768637
189.77945352686146,134.13996114072606,125.84888958296656,138.32008613151066
186.02301883850436,130.90046846247162,126.715627921015,139.3872730108467
182.06074968272478,129.47175509856496,128.39519400357023,139.56609346691624
177.54225050080765,126.53905099756193,129.26392797836638,140.67268256568133
174.25450678934484,123.62817879139175,129.88894876844898,142.2256190899907
170.74683861922483,120.82278125877795,131.38024536335817,143.23397379801003
169.00872180750923,118.46211846533008,132.16985922818344,144.06674838812538
167.42529611024162,115.38152746573168,133.09757392685685,145.66479714757608
167.92696834540232,111.32772081282641,133.44457387601483,147.54417759282143
169.57740671330248,107.71259266502543,135.05020844697722,149.15661076449152
171.61369282986192,105.0080507096271,135.66507803972505,150.15912233336923
173.5181603663015,108.323808881889,134.90819927940692,152.90708825813255
181.00631164658415,104.20610446915256,135.82919362435916,155.02569153016913
186.95766355109816,110.77513785755436,136.3534850927359,157.07568742121222
197.54149494898527,102.9204349274986,137.79414825521366,157.9962615705083
206.74196508648208,105.88435176754709,138.18159718615266,158.70082172738643
221.26308324326675,98.01139594568043,139.29065176613798,158.3374728120377
232.19208743339777,94.39144306210869,141.74392077540233,158.7044981203494
240.07966236810188,90.43587113068315,144.10497276451463,159.06729307954447
245.03397232718348,85.84546503874681,145.6073092291029,160.7000443694047
247.88566891190715,81.10573195150256,147.10419577233256,162.8498248558744
246.76783163748917,76.74718298000207,149.7416237169643,162.85645164561612
245.12352655769888,77.45337361060538,152.1159826086349,162.25725625505692
242.72251640879824,76.4086138381708,154.22319466173096,162.18832758062678
240.29954104975408,75.37720405065215,156.23824947909299,161.82575881948242
236.0437943397862,72.30005314288792,157.40598240861127,162.15303951303213
230.9544954922738,70.22151707130845,157.76081434893635,162.50680388450832
225.26818532060804,68.89168337418383,158.92262212360336,162.33021930465173
218.66028605590725,68.15724013738037,160.72879559959915,162.76385499529204
210.5446737042468,68.7323691574864,161.67255997577163,163.54792002751344
203.84362687852803,67.44340735444531,162.1894330995602,164.1472769870197
197.27352298960912,68.54669858185967,162.06692649141172,165.08284731844586
191.7167479284896,69.30400267063906,163.63980335773033,166.36977856196862
186.03813826668193,71.04011410865049,165.75654321204638,169.1646498212302
187.13147336185475,70.10066537167253,169.0552365051297,172.04680945739466
183.3153694544124,70.05159082198111,174.3084188607248,174.68210846293596
182.2908044421725,71.05744658091017,178.8864814566158,177.51333203037447
179.61027745070948,71.59366290818211,183.14506659131337,181.4951667822942
178.66324516129373,70.53440151538621,187.54960084520894,186.72315755113186
178.8507881415187,72.70184382448323,191.06022250156502,191.89997165577716
176.84757501181684,73.1829350846155,194.55483398788604,197.37285917335444
174.72614611298772,73.21748909359206,197.7752211920918,200.65439788963897
174.40971169926246,71.48654446483832,203.2158226016346,204.59929022703767
169.98254199525587,67.49933647935637,207.8725883478436,209.38762741115158
167.42589390382716,63.808266171493386,210.14254270330844,214.3014750752937
169.3182044042719,63.320120162951895,210.8081060476643,219.25173798242184
166.86314944832785,62.110096466606365,211.21929599571575,220.74995770120086
169.9484640385573,64.05271436936552,211.64907012412527,223.21195757530901
167.02045389166284,60.96224090667624,212.42257327084997,224.9091441437845
168.69805883969272,63.26136716437193,213.9720779591408,224.85437870038407
167.4006546637007,61.13506599490539,214.92276704842953,226.66417431858352
168.83592226531385,62.87681434678805,214.0254313319357,227.29131384910164
172.88120726940426,59.82819607508395,213.65845312825928,228.50365029943123
171.71563535685905,61.172064658233126,212.34780322547493,227.17420618962092
175.36442867153795,64.1558478326437,210.41876594304094,226.22948320170065
177.85418801830912,67.04680689462346,209.2926388968375,226.5680522908759
183.5346959244222,70.42852091913758,209.12036858326854,227.3766485872456
189.458357944484,73.32708958779807,209.15260406005171,227.87672098960968
201.94923815706227,78.38858497954187,208.0868153908766,227.61690178357568
202.36501551053902,83.22177750145617,210.44608352366004,227.40346721734718
214.69629240614245,87.83388252665549,210.48303839944538,226.4827258711722
226.4889358376958,92.98372912516069,210.77964278694904,225.50448195394694
237.27337779022264,98.33540969244373,211.80194731268145,225.3633909838706
249.73684111935634,101.77610675798451,213.1129890992383,224.62131102744115
269.9153895665561,107.0202388109934,212.64985506494628,223.54322415225832
294.4390449789503,115.6332329501008,207.2988447467497,225.56683151613336
315.6216501780825,123.27451693962287,202.79813630161019,227.53814117685974
327.2527355676976,123.51659113885351,198.8946595989181,227.83168569240755
344.05473195948036,129.28466129446252,194.91975807816988,225.8142564712774
361.9867758482787,132.98826570029297,191.57988981351278,223.00350132630354
374.1503745799051,132.21335446825276,187.28112710367796,218.16160683329167
384.9838990102651,137.09615706342777,185.1265160633925,212.61794645190162
392.57111548607855,143.65245980071708,182.4449868211772,207.47324935973876
401.48872592104345,148.76438800334728,180.15921777925033,202.77247378028406
406.4825912987545,151.4336640667072,178.3868181014039,199.24025710278295
410.363994732335,152.71766470185372,177.3364574470114,194.63494499379053
410.84504782761144,161.05244778018667,176.96622072991596,188.11355979873355
414.14954219138724,169.9905995924462,176.43125477229233,183.95631802571597
416.40386039692487,177.824466874469,177.71425625870847,179.99124306860395
420.5264220529081,186.59026677796192,178.03998808742801,176.15849103230903
428.1620697635991,193.0214118618086,173.92203300570668,174.05681621343157
428.10285236717675,200.203945577625,170.82128173097024,172.91963593542425
428.3726424038831,206.7808103007057,169.4561959836722,171.48467937744647
425.5473634904398,211.0169083405176,168.95342634550144,170.39860266351477
420.6666258777037,218.3728308777297,167.31887114494813,168.24637558530642
407.740265250454,225.2715010542933,166.24925009903257,168.7018953014541
404.43197486292206,232.38292405279648,165.97160956824933,168.45974407526074
392.76304668858006,240.45266754520836,165.6170106251853,168.81144132505614
387.91133188452886,247.3304145784636,166.00353616529443,169.15870757348705
382.5150786213171,252.47438751012882,166.2203095069035,170.19717295741003
375.19746043817577,261.2791016506789,166.05851065590105,170.1614904038489
368.2382521063561,268.00704923021516,166.0469746980805,171.9637424844615
360.9003919977123,280.34675337975216,167.2357736049432,170.2883281734246
354.3821154689089,290.2459385163771,166.6252347970104,169.95598992837284
347.8334020012606,296.51143987685055,166.92167830335202,170.2208360538616
341.39615170466016,298.7476568166163,165.93223102820568,169.23470669589076
339.0123402786129,308.044882768363,164.44710682143182,166.40576535147937
337.4245724587205,311.6449553306975,163.36154312268508,163.31432193274298
336.6733754501882,317.15708531731923,162.1233074667456,159.82365561413206
335.4269406314776,322.9278959232386,160.43688967054254,156.4032521299545
337.32855452972154,327.44601739979845,157.6300703961837,153.1503939767921
339.5897712477697,330.68608487779636,155.05079987817822,150.19105317400982
343.05010519318296,333.108954711493,152.28041866185114,147.71639819671046
345.39464211512376,335.6681001448945,149.441304310653,145.49177908092986
350.58847339086583,335.5509247607862,146.8327231037734,143.80043454904416
354.58576040187165,335.90016485191734,144.34290124088028,142.30319436989086
361.6039489885756,335.4963314010155,141.39055517251396,141.42770120509002
364.7893513318588,333.94843415393336,138.65097297244353,141.54089334138985
369.64417729068555,331.0878110899145,135.2881032622791,142.87992110852664
372.8516154413873,324.78252288038675,131.5517299973745,145.29406922863203
379.9642980691925,316.17750663237604,128.40911220117576,147.82503792765635
381.61628743769825,308.0385358754932,127.00943463069876,150.532892962235
386.5758866438073,301.1714364607217,125.79970982840499,153.15094475045726
388.77001301956113,294.8711685766608,125.41419459902247,155.4200605738158
390.6831896494614,289.75067345332525,124.6896517945442,156.91849329485214
390.14325768657204,286.89317932311826,123.80544158549625,156.46619086770505
391.1076153139298,283.033035899555,122.53265786316376,155.77666288023698
393.3873120710366,282.06675735558036,121.38065589710682,153.8952806352241
392.52559683946265,277.9797651615569,119.89977785042805,152.93694175819542
395.8111187531272,277.6720689845748,118.69206009579199,150.36917046927624
392.169604681076,274.8531631777355,117.35106957076583,147.78957962476392
395.9016339801076,275.7074070317737,116.33213512202522,145.10682532799964
392.89104702161893,275.44316462231893,114.58745992553817,142.14216873417422
396.96295721525064,275.8943132530113,113.58608462570754,139.67987188763777
394.67909825645097,276.1943050637774,112.27736869397228,138.06934825756068
397.6341153562215,275.9571379695959,110.88583577616936,136.58169685784998
397.0089245903033,275.7836111091137,109.79563398357342,134.6818524045285
399.499516160441,276.0895252374782,108.66010628458233,133.07587714510245
398.4287537500467,276.9847679098841,107.32711662096528,131.5570684598747
401.083283560527,276.9049389379355,106.38749707874015,130.34905455642848
401.2663813269627,277.09491026754733,105.38896773077096,129.24365261957496
401.2326078841102,276.32660694404535,104.87338181303576,128.49941219397755
402.4934891775835,274.5720049582193,104.37857053910794,127.64496441315787
401.2539872262716,272.4226125896767,103.51323030263265,126.82998867889896
402.4428458674612,270.5572666082131,103.08924706051386,126.4392678877673
402.3296811442033,268.9901830714313,102.85210721033579,125.80223025132418
399.44382736116,266.3656779762362,102.54101200390038,126.07544851056204
399.53569916786165,264.585418710229,102.03377493961708,125.51896550906818
397.28329757340475,263.12263228528883,102.12926588030086,124.63365555217058
395.09711558733187,262.4124603300249,101.68515303054721,123.86827043590404
392.17901081587775,260.4116210402747,101.1893813913571,123.35267797353421
389.0908181350742,258.23909478778205,101.46346734881985,122.78547995972075
386.0172398041996,257.50491793864245,100.7383839440407,122.69276869942757
382.1370030449471,256.1905015600415,100.43292328133236,122.80170494936618
378.58327059533127,254.34621346278414,100.0138231056434,123.15687684128399
376.4367232432571,253.05727272840485,100.15586438114178,123.58334391566389
372.53577226290497,252.58969394133044,100.08654813734785,123.82042393034158
371.81471569253034,252.6099943644274,100.45215597471419,123.9228605225403
367.4523939384287,249.97019732378754,100.47872800312001,124.43911746850509
366.547099404635,249.9051759633507,100.5029972188322,124.32872986410902
364.6555748289717,247.79841253830853,100.0817955576283,124.5751019729062
363.1541518657645,246.3415093221461,100.21894529225494,124.84316169731477
361.36232495781405,244.71420127761166,99.8203455566727,124.43819064153195
359.10234579114586,244.52770901760815,99.4823579709722,123.37349229448881
360.40471733509025,243.18601859808797,99.80362882961668,123.7045071629176
359.91468868244203,241.73438273255937,99.8414751626039,123.57972417977189
361.4637499790516,241.06993146441744,99.97260943774724,123.8190051721715
361.9665193258219,239.25053858314112,100.26691703574875,123.9819284316724
361.9674638952465,238.04386035928934,100.19918374105147,124.31167744414947
362.7817372706047,235.7658077578992,100.47914684083705,124.54033141783432
363.88134597892906,235.78447331359905,100.64321138944408,124.43034969503398
364.80437814771807,232.37050392631448,100.95179225641012,125.40078553228622
363.8759731420059,230.31355936655928,101.0682445112199,125.40086649673682
366.4978341262692,228.8680686314849,101.13361697170937,126.09979536411763
364.7989147151801,228.17520319933703,101.09061364224573,125.36029472397306
367.3183189866145,226.29514284224166,101.19061287296702,125.78236054276286
365.5238839226611,224.0021524129043,101.20940462791842,126.32515664420487
366.1574442853482,220.28515170678017,101.17357996501366,126.97562019176807
365.0670557794633,218.10583866855768,100.88383051995066,126.36873923772603
365.03602051694867,216.91290376145957,100.64564726628385,125.94132274744837
362.51794520624946,215.00722950900723,100.8446668642753,126.23861957655654
361.69186139438995,213.12888086496724,100.58317789562521,126.11204421677886
359.7661565294078,210.84560766296883,100.92135229500786,126.4358685863213
357.54312501212644,209.8682818751371,101.16749562894807,126.40140230119076
355.42943833302047,208.53014619310434,101.03786052997606,126.50188850519152
355.8775864328642,207.43438492497216,100.93678071183857,126.49322979565201
353.4358494268299,206.37044551164172,100.89620296227992,126.0021143863205
351.8359983402733,204.423146614129,100.73466522526738,125.62726247049999
350.9725984694347,202.29968714497693,100.85119220178504,125.3002492379362
351.2820863981893,201.42832906807152,100.91315274039775,125.4417204652944
349.27516302910584,198.10462087063598,101.10793390773337,125.75634553173528
347.4616577414754,197.0787610784871,101.02590121860524,125.39745348654694
348.1661581087109,195.67142245765015,101.21833721833377,125.60609311149112
344.8218155643929,194.20772664112724,101.14670927291203,125.58613781880149
346.69561024644526,191.95832772568951,100.95345240354308,125.77791307811319
343.19466001904243,190.7435829982989,100.95192582969274,125.83890015443072
342.07433917143703,189.1000079855583,100.62113231181456,125.4008147177232
341.8999006390749,188.4455242715118,100.46310125781406,124.87802400429855
338.1264439979656,187.91263016890096,100.69575834877887,124.43852885380733
338.0862219202327,187.24440550211364,100.65121058812477,123.62481262952063
333.5220194794357,185.54966334020918,100.81804091527532,123.961794559607
331.1615084787657,185.01120699350665,100.80414146123198,124.09747945931855
327.15840399654286,184.2230448923889,101.48797369761984,124.43114111253516
324.5227022615495,183.7110059241628,101.91584889688508,124.48895563555814
319.8773546406089,182.47056903288038,102.21006987271397,124.45088968461774
316.225724420623,181.33490056517456,102.15517601581084,124.35955619842898
312.5442717166178,181.25089211922761,102.06174492556079,124.06279496503677
310.02345662527193,181.72003807336142,101.85820117713072,123.341293717985
308.1454069388218,181.08764558930307,101.80391270022322,123.49250513492373
303.42339741080065,181.65259311927784,101.80772427488122,123.53468403527842
301.53860001793055,181.67747737568,101.71096054202098,123.93123295678498
298.9586774416914,180.4369779046603,101.54804272834329,123.86479232362908
296.16018405884074,179.58871590787186,101.49182886767125,124.00318748343525
293.5565894316994,178.0274348302018,101.07587063431359,123.99434595415929
290.30162931161397,177.25753839468595,101.16109252167078,124.29020061756462
287.6744155324718,175.28162628463957,101.14074314437761,124.86367314927239
284.59637766022,174.20794856216543,100.43297687838327,124.42682201310492
279.92121951112443,174.29715410294068,100.31266825286828,124.84419851633605
277.9743274402156,171.96221065946315,100.2104490053275,124.68062602600227
273.7332267431098,172.87304785189463,100.09684713873582,124.95961625677043
269.9930249283703,170.80416863511635,100.24242859032788,124.49548841789655
267.27544247505574,170.582357941645,99.88098266474267,123.91189694663922
263.97049377924964,170.5307588979248,100.08706097218733,122.96236685796265
259.7862880845075,171.70342447203586,100.47303189002254,122.4657139409799
257.5853833053802,171.96693348965232,100.78089356085641,121.98661031761958
254.5935150150636,172.94365990815473,100.96306687855022,121.35993684615431
250.15998600227798,173.19087460788452,101.86909346720125,121.36369185941254
246.17759912654495,173.2065377256153,102.16329112308627,121.0086563446522
243.46749982089153,172.55583937748753,102.63468440220922,121.1648366951207
242.8574463823796,171.31174240927385,102.31797515908539,121.0198991274892
238.22403375804703,169.39788414353006,101.70331637607327,120.9051756260178
238.49790974060113,168.0512652355701,100.96619506029334,120.26254317597707
236.09074030042163,166.8088879631108,100.49787345633837,120.04115481852133
233.1720054241862,166.77109798952316,100.2008355527118,119.84345846645847
232.5336424645758,164.17441372508353,99.74848174857448,119.66924658151933
228.6416296432539,163.23038753319136,100.22071358704957,119.40409810051182
228.4207273693533,162.84623315154926,99.80550574376035,119.38180149756604
224.03782787711435,162.93032946216996,100.27305643722264,118.9715202157268
223.25921200301858,162.27452729667837,100.19975544386756,118.66258464306924
219.86685039544386,161.77436353515373,100.73103112636318,118.6843983292579
215.5061773291305,161.66024784235955,101.17607206032046,118.36042611920796
215.51568423946372,161.9911496751212,101.9517945653948,118.11496918248639
212.134455056686,161.83918603266306,102.5633773625604,116.99139252395932
213.2165852641918,162.9860191128015,103.73841281165403,117.0032166190383
210.01887774675177,163.89190172694532,104.416021030433,116.52894636011864
213.50917869921483,164.62777850728696,104.50013498778108,117.17121600805356
212.25652730101916,165.30832186993325,104.44941275594363,117.35274243145021
216.59270933627192,163.28565940161477,103.49810610044662,117.93165768485964
217.73740656061545,163.94313796233695,102.79033031840845,119.3155738448942
218.69401626670498,164.18057709674434,103.3562030273537,120.77760763586335
223.72708292619433,164.19986006778106,105.06079400494482,122.78216517744772
226.3521453371419,163.64526376474473,105.1548192494254,123.92246308951991
230.16832328305105,164.33132239022098,105.4301438690817,124.3094726209847
233.3567581920059,164.2725616243536,105.16772355220957,125.0595319945163
236.75533394896087,165.02754359457904,106.08121628344736,124.76888310609792
238.7246202993033,164.71863759152825,107.08417571777224,124.42917516371702
241.12379152125408,163.71036608579556,107.32004109476301,124.72743833662034
241.2959536112687,161.4616267686084,108.00914200743097,124.95547632005474
243.2130877137352,162.31277913644735,108.17653701050571,125.31597628332094
242.42639974595875,161.67279008548698,108.34509608013761,125.02934834047238
242.42505277895813,160.74183159651398,108.46158390133684,125.21572677853194
241.68832269121913,160.78588026589927,108.96250971831344,125.42758936755862
241.53261947063044,159.59608820781676,109.18068983099866,126.41787015711694
242.6089950200594,157.93876103593587,109.36495769881546,127.41856013396587
242.66976903715687,156.60004800694725,110.51757863282128,127.69592649193089
239.87203536404627,155.01141907348884,111.4661367421345,128.4345573542243
237.19532436489723,152.17912995926017,112.3837319620207,128.65263003611182
233.72443168728472,147.17923683220224,114.90075363774135,129.9074106826227
230.93784180939534,142.11996789696965,117.46368377880452,131.34954360008493
226.41424561858673,135.80688700028793,118.55488393858946,132.98635125984245
223.4226437792066,130.57833653543065,118.71568752427112,133.74489338218393
220.72447256502255,126.42587603528123,119.5380949207483,135.28907934754014
217.21131945385895,121.53667562517845,118.7295174531952,136.0481406062833
212.35302073598825,118.55445956186149,119.39301430299908,135.97023245429173
207.61156117465518,120.64648121986158,120.90389277243645,136.2850204104168
199.29721802624516,121.20161015004436,122.12551558506462,136.59709567135098
194.72415066077278,123.0595781441229,125.15161562133774,136.6369644603393
