93.5,113.5,34,109
96.2368443595933,107.89564357696531,33.29342115172403,107.3684685528565
99.12815185686651,106.46366557084454,32.7446542521178,105.20084220959876
103.22890152172874,105.16158638332145,32.15853664007524,104.74321703247514
106.16078524502996,105.05061800151861,31.947190667929583,102.9982648915093
104.93218053796855,99.5420619155687,32.00080558818644,104.17799283947113
107.75432179111428,95.93685375152924,32.012332961197956,104.65226843955323
108.33621197898529,102.99307503664187,31.760688126895,105.02628274036066
105.18370551577448,105.52868887625985,32.20430617111448,103.68245011880293
107.28006371506876,111.46708047390781,32.65836501819239,102.68322658537224
111.06883190894109,112.86221735075895,32.841958963394504,101.90315643159977
116.65098192744378,116.36493971386206,32.4506873001074,101.97781605643726
123.51973977337482,114.64501439469177,32.461929924285364,100.26307322706543
125.41982622323168,95.98444417436014,32.26928523425792,100.26050990185955
131.39847898807685,89.38008118157386,32.31618159360569,100.91016530027392
134.4279163182876,86.94121783926813,32.117826819201035,99.13012468904796
132.54945057183625,85.24111323114917,32.284537622330184,98.36594858652977
121.78050877136491,80.28453916690009,31.85198512708144,97.9589720888683
122.95798193598651,83.73041378101888,31.58958621452525,95.7868078024947
120.224628985829,92.37340821725033,30.828824101076844,94.35801096952154
112.10338546149721,101.85225896892581,30.09837070479412,93.02814760093621
105.69795973005033,108.83864628641366,29.828693908410532,92.29460216823102
95.04457662835762,109.5039259201391,30.3862230512491,92.33053648350567
98.32733467630085,115.89039113223546,30.526784054209067,92.57002194523822
98.1667333035507,108.73256168780657,31.832953912250566,92.07474581364927
96.13806349769783,101.45033943170925,33.0620624276886,90.29521144400795
95.82295750266451,97.7672332980155,33.086183991310236,89.16681769332905
97.09193864963085,94.10382580216529,32.82443057494103,88.75138367303606
96.19965685980088,88.56126435332018,33.052027730612636,87.35239859953487
99.29213396210206,91.53568536925866,32.77521561585403,87.12078211926313
102.57469725416368,99.22417167733435,32.40278989461531,88.05371932366839
104.70717499512989,108.36237743247548,32.274772507775644,87.5864108254711
109.1304703293026,114.25161469621534,31.86449260755768,87.43787156257876
118.94314324253499,117.58815511430255,31.15565259469154,86.9892923362066
118.63736420488208,115.95053784378585,30.855282671931416,85.53779986842042
116.84402553033816,106.400196570775,31.383009119987754,84.84910138722047
118.47793072752671,97.83624307848368,31.209875935464773,84.79919579550916
114.48531898435085,90.1256034143419,31.446382113772046,84.46012298908812
109.40293878443063,85.753351470998,31.400645611146686,83.53180678452836
106.13386367258217,82.08071977224105,31.368079453770594,83.61767792053713
102.78002669089317,80.75014760492716,31.25067302240372,83.7783647299116
102.42055482768599,86.53217103948637,30.58990714741581,83.75622803230199
99.45239336276424,102.07397363215718,30.107162694446785,83.74289147794181
90.45552296118188,117.53697207665026,29.803881631766785,83.6695004086578
86.9975359192055,126.88220211421776,29.466945101705882,83.3875867812767
85.44212416469995,128.89655950121895,29.308837698699172,82.56569774045914
85.37741223787106,118.15390130906637,29.2134921537869,82.92425364197621
86.48855473576465,106.06985888334289,29.021618401438406,83.25196259315462
89.04068324097796,98.86659281179797,29.32467712206038,82.6751058354876
92.38562147433362,94.47109336533514,29.445007545455276,82.1420671765334
93.4860802481621,90.28335983662495,29.080336130648956,81.30393502893668
96.48053557299471,85.98671971560013,28.943392338893894,81.45779838561035
99.9872946201375,87.86870914349225,29.299020591654205,80.50696707468694
101.97398598444578,93.15962593313712,29.402434394714902,81.42139890677416
104.79178397873144,105.36273022553208,29.356175755081544,81.38625927645202
108.36230728934007,112.06796065090123,29.438176867171205,82.22662240032308
111.41904398031427,112.9871985751713,29.601309568139037,82.39698353641734
115.90555598514324,112.91731373669742,30.597508580942055,81.23048022981409
120.12616779436374,107.7629754345026,31.05247846683453,80.23650352152063
119.77016430571683,100.86498076161499,31.11101027876123,79.87524437028657
115.05963910392953,93.77624903159528,31.006365835228912,79.39556423749148
105.27354221520312,86.38167750630691,30.878463482310615,79.65718996934265
105.3424606402194,81.5492284064319,30.252222388093585,79.92553131484466
104.4803067910815,81.65845481693763,29.339694034428447,79.83857800781689
96.82278029101016,86.56334885467282,29.0138521447396,80.08301299295442
93.7336228658172,95.10355320979794,28.868826102333763,79.84337309679111
83.36826241095196,106.96873891495869,28.40135441562869,79.26443944586902
81.72895918434223,115.30204971837605,27.86011280824025,78.54677623594591
79.96928423222076,116.60860540154084,27.43077062912444,77.6945193522671
77.94681842955299,111.77559488867263,27.2436265432368,77.157932269483
76.51046590360787,105.46867238029509,27.291390198413797,77.20622743577422
80.65909158159498,101.58056215920021,27.04623902401916,76.73160006149668
89.68262287535694,98.04327181925562,26.804489546846813,77.69722726543372
92.62179265244397,92.16867967203453,27.225336222378566,76.56867165356488
95.86740747756409,88.38454132619557,27.02877286242152,76.2669770699132
101.05165134852538,85.6605968939509,26.514162188064848,75.20186115458688
105.2235850330628,87.43401897422034,26.137120781056673,74.54616317706191
112.4547420621302,96.24072645731272,25.674523481649917,74.58013285443184
125.9950801227093,110.1371989049786,25.46804436671729,74.6174835218442
133.09476174828023,116.32539848975185,25.42303807205738,74.9264443071317
143.915673339399,112.06014168503552,24.922553238208486,75.67952404434148
153.70252223030334,104.13304373221374,24.719516238260177,76.00112050082733
163.0947235028992,100.40181817874472,24.368423248122163,75.36379343241134
162.55722656993478,100.8472422078649,24.33167974355994,75.59555904261276
150.96676860259151,98.00454309696474,25.10101845351505,75.80067257355616
143.68737227329441,93.66178676453882,25.379873367968642,76.00198571448219
137.45224436987706,84.7562729227198,25.557779359434647,76.88118776030286
130.8082887689343,83.94218806198808,25.137480569865144,77.0867384965902
122.76559054790157,94.68575836542499,24.901202665006757,77.39326854401327
115.44079298099047,108.69209033190785,24.599169113831405,77.07966695845967
109.07399241737707,122.96278982312987,24.6123284228209,76.42036522027833
110.3261540266096,127.96384736860963,24.433010258829704,75.20021729240472
114.11495608740873,138.0946344079501,24.05173906875002,74.03482699057923
116.3969418864258,136.69356847459593,23.99870277726496,73.3247801978485
117.55495037656497,126.47849342424934,23.809492532979014,73.44293956062667
116.92433997400835,119.6917943971118,23.7497741548571,74.00678465927427
116.35874978645019,114.6016061200557,23.897327806683926,74.86795592926782
115.66526027959584,109.58843223703647,24.119818266391768,75.90148486290883
116.7095271638209,107.82543267335404,24.102678226197884,74.94014926203272
120.31292937121765,104.6170548616392,23.90153053061214,74.5477155658518
121.99720582161926,105.11857454751849,23.896021891741288,74.80467999925375
122.72697272287571,109.25967471889541,23.644589481020688,73.28904402570156
131.5815688914575,120.1893025661009,23.566277499692077,73.05096218993314
134.75780085275673,122.66457108973327,23.335125718512092,72.54509486617917
137.28790870936376,128.0949952426109,22.87910035487689,72.76066734442048
139.26458994919733,117.71365256948259,22.59279515098182,74.1763525686068
146.38342164374166,102.15097588112744,23.042083399161257,72.88322602588352
152.3197817591073,90.44272583458758,23.091097024631136,71.79813729755209
152.1792070786882,89.8588525134133,22.947426588191867,70.21428701225784
146.52650356835537,84.80952638875785,23.229427580110006,69.04396305002089
144.35211192340816,79.66402172094976,23.54287056086135,68.08236217903307
140.27705441431257,83.1503741068487,23.34405426649145,67.78748524231818
134.16596676280943,95.76281985262102,23.430882203164753,68.1080191658126
119.84909164262343,99.52155859268015,23.683528927911738,68.29431804525245
112.96306608716064,100.843368281002,23.68064622383488,68.87045574868687
110.19680797073757,103.46481010211949,23.95302394502331,67.93772845181934
96.01138219411357,99.47463372182412,23.99078376243148,67.53459446466836
87.72003507047343,92.05146660844255,24.664977338325027,65.80162113527918
88.66560838211092,84.9482695887532,24.214187923302006,65.18958522775844
94.66643028250559,76.66364351079558,23.960390725906233,65.07794634668639
98.46100185277011,74.6826921638944,23.555229003986803,65.11161303279832
106.41931966247941,79.94962798501795,23.487293907944657,65.6450650752436
113.5943279442262,90.79130683642433,23.166342476592206,65.76435019469646
120.12571591560783,106.91831397166072,23.08258188417072,65.95216560562017
122.485031537676,122.92053381839622,22.811723142933566,65.86030640226146
126.27510437010615,124.93138388733212,22.720028958938734,65.76937475422733
128.50841852954028,120.62055061372108,22.64587672191864,65.00822594042646
136.28726796787424,114.73443596089923,22.915274784337605,64.53171218881917
138.26899012430283,110.86568598926085,22.7502756962424,64.75682962477171
133.3505292623298,104.40265846563135,23.02251159865526,66.13562343393258
128.2808786927973,102.06952456148105,23.172418549793033,68.38711420175161
117.6695668981299,107.14022862943544,22.68284578903016,68.93076370591851
110.0739533819712,112.00093854275687,22.8884666278051,69.39848706012283
86.85549877526795,123.64644418171332,22.946534441065086,69.52341129856732
79.14439311545476,135.54802373582407,22.845828013193902,69.68192592691807
73.3983743605612,127.30121986388386,23.09179275381599,69.4822353309548
68.69583145087,115.55482389094271,23.15707583119399,69.67433185752556
70.57745141055396,110.06865495085853,23.44052017696278,69.35232960402692
80.18476392160653,103.2066341094493,23.239856946849844,69.3179961189987
89.32813551633099,99.41506371586178,22.89068432930035,68.80671742680364
99.04739297236385,100.59413430426264,22.495807646604725,68.21356133453561
108.12974242738449,104.30183581709008,21.974283861685528,68.13172735871593
114.1140111394311,116.91796271991787,21.538384987396995,67.15278661763554
122.1200965684635,126.26042891677953,21.6424651211535,66.76454421109483
134.7848789692593,143.3725447820291,21.263629689679085,67.73354978528316
131.29875793864272,139.71920601616642,21.186513859829457,67.36996164241748
135.9892353107242,117.0963206368359,21.2854194214526,67.41830274409611
138.2010101889654,109.22575785175405,21.390824170890667,66.12996549992874
133.99437340282796,103.32689298734763,21.57094153894192,65.73467726914686
132.2287811535387,101.42712381597012,21.42995825950524,66.06395880648196
128.2669939656628,105.25338951066203,20.989751659915285,65.28886024027928
122.92659808536021,111.00047367313724,20.77031396647992,65.3407419870452
115.90418242821592,118.99078776984517,20.452274110724566,65.84526126982561
102.45645988125904,126.1449850591626,20.40067864677701,65.8605761791058
101.84617513390054,130.3904993834997,20.096557990279397,66.21250407340035
103.36375074630807,127.9933680024209,20.26959601450303,65.9733863271351
106.17446181639588,124.64517602025914,20.616517609068627,64.71109109223985
112.79956569706263,118.5955958614243,20.922432627581323,64.49227827300768
120.68980824390701,111.92991413773233,21.143528725909164,63.94196886119974
127.82197219331806,107.91116953723886,21.675445448363902,63.353278367057285
130.02069346753544,106.681082364279,21.40283409957516,62.92304157444242
130.34603498011086,107.12855495357812,21.46419728042176,62.85132427822947
129.6141933806288,114.7046452082663,21.581429316094003,63.19444787651911
126.09693803400576,123.14093913505496,21.541095648988495,62.82864255468006
129.03175807544264,128.45353405382798,21.541627589887934,62.26836742050316
131.5939444552734,127.40008073200379,21.15012683950374,61.96213138302974
132.60458389829924,122.39763813939332,21.372804042471838,60.628118863172546
135.46927080430564,115.49891115301153,21.154853818258132,59.03408666802842
135.83339698680177,110.45812028065777,21.23239730163545,59.0495902267008
132.70890945410042,105.65566243255574,21.75901557077352,59.06315918218216
128.19271239270728,100.6887139238008,21.940333567461167,59.28545875706511
122.45850220794361,102.85384669044934,21.986032074195528,58.820224704557205
119.35843447458225,106.38942125285399,22.129545512567404,57.72801749716735
109.5890331047635,117.85215175551883,21.94263452234652,56.854382968888444
100.7632337659948,134.7170937411297,21.50127474956654,56.16523996446361
96.57755812804304,139.90358616707576,21.159458834918293,56.154717156333675
95.50702913572124,130.23007307012233,20.726387238110473,56.04206088564092
93.61044408643637,121.19158508097327,20.76666150461844,56.062613676683185
93.87732729859223,116.39708559538346,21.08755684302112,56.76708639511622
95.97018662591726,112.50308701199623,20.743501072129597,56.56311779116925
94.9372996511371,110.02010057361112,20.733807912009755,56.55463769552736
96.05397523601685,113.52199659764386,20.3905630626314,56.96829226077365
101.43230561351771,119.45060432704659,20.138153787732207,56.44738051290568
104.92449636860053,124.63758197031362,19.946698112222364,56.43266480461868
107.69773983137193,124.54374188895943,19.972168298038184,56.95789873667712
111.27113594458164,121.21823214470315,20.074977435754512,57.06564572991991
113.24384864214355,107.21603628481127,20.058998022610083,56.95170935522126
116.35997528653094,99.11448662375705,20.244960008646075,57.16405550350156
113.23815129935065,96.97820032226733,20.41137085379524,56.922234776860655
106.48353924487286,100.15798908983335,20.251560004865073,56.52570760717661
103.58072536485183,99.04908516702125,20.33032867219472,56.43527909225088
96.83978036289128,102.37897546457103,20.21884537747081,56.07392607893844
82.57319046176393,112.88057236012187,20.101878695350518,56.200985125971485
62.749022066409104,119.32468617195084,19.41074557639219,58.856608401056235
56.63695083103605,130.84378664047364,19.07225930110557,60.00487368105169
55.103903233382745,127.32212142085449,18.922137216977987,60.517477687489674
52.02733768155526,118.73662635847283,18.950963549209614,59.38404161901568
58.19572390672163,115.49302056095249,19.020884557434005,59.62277337091672
64.80255563404137,110.86012784820807,19.16025416859042,59.78789751863458
71.64137093116821,103.04149255558913,19.20528173168539,60.44501978844275
78.92703564028895,103.97648515972108,19.213815861722694,61.802409610696415
84.502726548467,109.9734133717033,18.975343553118094,61.912049738245656
92.07970424769714,112.50388339389679,18.980687051447347,61.661166857097214
101.02522929911503,112.46916128944667,19.44819751074536,60.96606604255611
113.30640691717926,115.78054779525127,19.48868842024676,60.344777425020425
120.31946138457566,103.63906440975249,19.65866160062732,60.659816263278714
130.70148222422512,92.5145605123875,19.592091539980753,59.93483075661709
133.50795059835724,88.28521406461184,19.684009756926486,59.354302842231895
133.63225687927454,83.20068195951549,19.919656442871712,58.8115464500076
134.70100661626694,78.37931325826175,19.902464414413036,59.19720091336713
133.89422800072307,81.59632172856564,19.804062164261456,60.173499486370204
127.00730408734692,87.05703528432615,19.639859720933163,59.99980358365045
116.38513770552534,98.15297007392505,19.12207700606073,59.80695171990675
109.72600964914857,103.44526555189783,19.042479267495914,59.70021263163696
110.57636163165083,110.4580872264057,18.732470159135055,58.80522361764321
109.67899315101398,102.22724486632058,18.912710054864608,58.26060645793065
108.88750668914089,94.59933483470004,18.905351304988677,57.51953359209455
110.82269334977403,87.61293787699466,18.88231832910508,58.28454953051555
113.15464974484449,88.67574972208362,18.869393164086233,57.57675201602733
114.1863667473451,87.81374155663867,18.694863730618202,58.07069370282849
115.18555600307472,91.64034534767654,18.588910041012614,58.398391176752504
117.75305312383004,96.22018010188843,18.68383046472415,58.69862538536975
120.93347972983808,101.04274691048741,18.611247726188278,59.95249002866983
127.19769863074221,106.77128510234851,18.69185781408949,60.06073365990126
130.53745362739681,107.46590198371578,18.590949181101337,59.256382871791345
141.3539478099474,95.43828044891256,18.788874359701335,58.19658230126106
151.39146924117495,85.18996053169482,18.903860641533374,58.703668684158444
151.45474936259075,77.53435740873937,18.94098737453851,59.98773335902446
149.70952476064147,72.51701784244909,19.006311217948163,60.54013748244971
144.29905546372538,73.05049395436762,18.848227785718343,61.43495817731382
140.23293092136996,76.3903018515525,18.6327862881538,61.869375605142565
131.73632106617683,89.25963842652001,18.310160509038088,63.58490892188233
119.32314176921165,99.28011916683793,18.468996672548542,63.62400077071427
115.34491651902339,106.58267490059801,18.21508950690943,62.78733813284501
109.90749559582525,99.28539673989506,18.47933851120365,61.88390098501261
105.19877225912137,94.55236469293989,18.734700605143637,59.72225569019006
105.02450619035199,91.8973168833266,18.500669402018506,58.74693422949111
110.49255461360218,86.96329268490655,18.500184280371627,58.49358274687563
117.94412187690416,85.6289028775283,18.347907106978113,57.22489168711734
123.47451482763778,92.43713139965128,18.10761871832827,57.32611557396272
130.94079468477443,103.5465153508028,17.650865240322037,56.39710635391062
140.6696366619085,116.29374435465935,17.31723524113201,56.36567057825321
147.45959704764718,119.73073388274685,17.25805211766493,56.63212912507505
149.77726212545303,126.25690032891606,17.180536083299558,55.84992257551006
156.44796564196693,110.61906840672785,17.146901686685315,56.09869471151244
160.84485826533188,102.19821431584887,17.23795263685484,55.15109243794814
157.16147163945365,95.65150107560659,17.31962066018726,54.397559804358
153.95667784756415,95.17154325642343,17.129404796242824,52.875089568929745
152.3789042774811,98.14714071884448,16.877029668495126,52.596034765547614
144.28995284732255,106.18205755472223,16.85450070508174,51.77171119511046
136.459745522962,113.30922105896948,16.337823755292128,51.784696236481686
122.22663185054688,120.53729303555771,16.31030338894071,51.48597148801716
118.22806128578141,118.78623663281955,16.580945437813703,50.95578286755963
112.04014063729797,113.64941383195199,17.27127228470735,49.385575472468595
103.89931610720146,101.37116501427631,17.194984485769496,49.06274533377209
103.5089834899443,94.9126753718558,16.993828779312448,49.816880914389486
104.75078827015413,89.11309672390436,17.16784012572261,49.741979296107786
110.53485285721032,87.15205104588821,17.29854727820934,50.15694289029927
116.46251691308447,96.1193943775362,16.94721983021838,49.786661668287465
121.61953483973863,100.72339005385902,16.903652688763074,50.0276887940354
126.78113986918055,113.54937891027492,16.419629298275243,50.36172830837643
133.9495618774617,113.50203519283797,16.127483043248606,49.7632589048333
140.20701500854244,107.42553495217365,16.062296210103213,49.10943279467022
146.29252022217236,91.82887793147066,16.05718792059974,49.29158884657426
147.6196790756239,84.83911924313172,16.16738275260657,48.79760692515643
146.3767454780058,81.76262156959106,16.166020839032367,48.9194223673
141.63448032918896,83.5486405311061,15.862505253487312,48.85981678107717
137.2145522876168,89.29347011705985,15.396518937034424,48.98451365012425
128.8686781438397,99.30015172936024,15.60742272690802,47.86615469798443
121.76366252922915,107.95176631860885,15.380140876295116,47.219679059526264
111.89087088403632,110.96992265566129,15.406909316827267,46.79612120719874
110.54959838472247,111.01546829222244,15.367777488977913,46.43690845313465
102.58059843654468,104.89197827816444,15.44728453407616,45.955056236377594
95.21257695340063,99.28681628199186,15.327858750364264,45.62244867202109
93.92873388721436,96.70063219751783,15.277015562973615,46.08488594421012
96.09983455329721,91.57318264663996,15.42546106994976,46.49648327289458
102.82176490465893,91.81852091739493,15.321731173195563,46.656585263412836
105.61936370869942,93.02353645991526,15.142023238729083,46.88867787756042
115.12260882205403,104.1979425449612,14.891356147395834,46.681192611765425
120.63080599863608,108.60315995486147,14.583171785686824,47.14621040579545
125.821589802524,105.33927741252168,14.669625570733249,47.45346643819839
132.7315659753525,103.66328790048652,14.577143623025464,47.34485533813846
134.7098611329402,96.15163273134772,14.429648213703308,47.63205689650884
144.3939433338007,86.46474561763614,14.698866319306529,47.29621732388318
145.9109626901645,80.75764223520642,15.031567356487425,46.86910023620355
144.4551771509829,77.18124574368316,15.303247764074229,47.14824171473348
141.3045188203371,83.32031405041093,15.36550306977502,46.09419090907823
137.24614380146846,94.253997829071,15.338668856108496,45.562764666455365
133.8823711950739,99.6547373427768,15.291608794697183,44.813520288701966
122.6454679078996,114.53008625220994,14.978935419094599,45.2140694943718
107.19477638990415,129.26409693484575,14.922142795905813,45.839250720042585
102.80925066505483,128.72057460656788,15.541166161803183,45.75152788239663
95.40823828934742,118.65502006475336,15.746016268747779,45.214275302207334
92.38162036868832,115.87065028183424,15.728099899830411,44.990322206760176
93.31795334759076,113.55737884230265,15.796339632218677,44.825074600441255
97.38404896033151,108.0708723519699,15.832873420470087,45.11549518913901
103.56062187009213,106.00990032508489,16.199015473263298,44.52877959401376
110.27775931235905,109.52051600509637,16.259341838424277,44.20978870106232
118.90930889990317,107.57552680535782,16.2933064908507,45.965810191359736
125.83618535722174,106.46269010176226,16.244304972392765,46.26281676848798
128.13892099520623,108.23571022673667,16.20325010496261,45.889982371047736
132.8951449447221,104.96377900891336,16.43248711956611,46.32064461901124
137.7827311152536,90.62523506044232,16.32920408361786,46.316324587486505
139.10023874446426,78.85630071066431,16.212598792619012,45.98959215178863
135.8180811393968,71.08438076615049,16.382975461341548,46.28261378825281
