142.5,125.5,91,40
138.7584584335079,124.29456883716965,92.68271482396317,41.132866113416675
133.34533971777148,124.85517815723728,94.37095272082908,41.722091208404095
126.50517247807878,124.43932960827061,95.6137118599435,42.00319481096845
123.58158347543389,124.88561577707836,96.48693757183729,42.69608051359042
116.9322452897284,122.23566240484453,97.47002499213743,42.80741866598652
114.03624415736678,122.21898683911058,98.01494597710604,43.486073046813544
107.11537646408934,121.04491789321045,98.14205314405643,43.38951737324517
103.71014531774334,120.77057244176315,98.2310460344352,43.77554766248372
96.72443552771009,119.77606029514556,98.20944651049778,44.33858495048514
91.87026138515398,118.25262495033732,98.79806956825404,44.22300031974332
86.52908610240314,117.38046164158028,99.35260870187095,44.34794133716738
81.5722171160382,116.5626588182133,99.64313099924684,44.47077740401399
78.60831976365361,117.4064979379421,99.7539958868163,44.64578842122444
70.57496828238882,115.33908783116698,99.67904960313005,44.896655778710844
67.52886072525261,115.41888411615273,100.00901620131972,44.89647429637152
60.70257536770067,114.47510068860484,100.53978840110379,44.72838757938479
56.97751281452737,114.82879834311663,100.5049906215556,44.79213028277042
49.52141743078331,113.21712684123469,100.73511351794998,44.85432998361682
45.89564140124658,112.88358657624093,100.85669025811475,44.90524261065786
39.345547241001185,112.99987794003569,101.16348639720906,44.984144845770146
34.79936087831037,111.43957691205648,101.04913781674352,45.27420815203372
29.187462775366498,111.78221960608542,100.95938879558048,44.91152566185832
21.223591742447724,111.2150542890859,100.77696621908404,44.52015977982038
18.41816948198786,112.39664033689695,99.63575128031749,44.47143961710539
10.794989745986577,113.13943313056375,99.19710842535473,44.25656414043616
10.51377358317248,114.94789430352066,97.43311901331202,44.116606268246706
5.517728339689711,116.09888326886548,96.0717196244841,43.997449372942185
3.0841185796454766,117.17977503044364,92.95757394071515,43.792951015572626
1.021464920988791,118.88200010021873,89.95448999215938,43.56020779092414
-1.9461631031900382,120.23486317229498,86.60768732469673,43.36420149540448
-3.2358285499155954,121.94368746360502,83.45972043524989,42.93499914844113
-5.7921258055726526,123.00876330749301,81.39570066204863,42.54730449286883
-7.4922185886981225,121.80168139627841,76.02464408657593,44.22811428325838
-7.806546263956143,122.19404000584676,71.89386139921966,45.49398090353819
-7.093681746492642,122.65272950553756,68.72069965555242,46.33195988488472
-5.41788280764699,123.00153055433705,66.55638338644266,46.87971828094571
-5.282253629154269,123.01464088664886,64.39519561566175,46.88760318172102
-4.631830299394007,122.88099971149245,62.71449081996416,46.88987773813052
-4.018262560321354,122.84624569743406,61.42540193876319,46.72210071847773
-3.7099104432336993,122.5567369109991,60.26933294943422,46.53833804222885
-2.5749467565249375,122.52691335338466,59.69928450706223,46.315499702183175
-1.3424792680173425,121.66810660747592,59.62799720079289,46.00653858233681
-0.4116681871343886,121.00123783699188,59.56084344188953,45.7177687895494
0.625437132700501,119.77015298159334,59.795305707188014,45.55330127996379
1.3703693523711493,118.53281458574435,60.26469016826023,45.45014322707254
2.60673064376477,117.82975740447863,61.08710093775265,45.53630259826335
3.057917487240765,117.01026299834614,62.15739959405475,45.55152629955879
3.5424957499812564,116.35433646537925,62.50108710658341,46.239665931750025
5.7147106830475565,113.6587073718234,63.353653929293586,46.910676850185
6.323993135293819,113.25497333618073,65.10471330573063,47.37739383976524
5.936496896180657,111.38364043040555,66.19627013527722,47.49295727628506
6.209213239508756,109.44432929640402,67.89536216595195,47.77907432768963
7.16907609165753,109.25212811361827,69.71481702653477,48.015377643335306
7.693790062024959,107.08438238000127,71.4709210644071,48.29884856079515
12.31508946987725,106.8281832710401,73.76653883958386,48.42862265919729
13.71961233528706,103.81926328706408,75.40005235101277,48.700800891614676
18.54333306849373,103.2520471366017,77.31467696278547,49.03695509920139
19.72155576513208,101.94868056808794,79.37809479353831,49.37217405890656
23.55413555437817,100.97887027138356,81.24688125233861,49.53162230429284
28.378761406127268,99.79961121730159,82.81542873554696,49.73177611649731
31.34566722345484,99.12052463690736,84.42375901525949,50.04523601854248
36.33724045324277,97.89357714274546,85.91966986769535,49.86280421701033
40.682004995985096,98.47159115915025,86.95352563938843,49.949259800075986
44.69236006307235,97.78538988525558,87.6155242454483,49.98337547118686
50.55758730991694,98.1885745724833,88.3574980735975,50.163285107504116
54.89999480794746,98.57799345752093,88.26163323470199,50.12980520848448
59.07046277680918,98.25452803233111,88.39020451438577,50.14956895318937
59.138963754497716,100.62008236789933,87.94275999213706,50.12168446418185
60.77122570363796,102.92426255098145,87.28307494197058,50.17311509075441
62.235733944721325,103.7174873235819,86.62122626642922,49.894749914259265
62.39431712218938,105.25710702029585,86.03630207848911,49.37795234669805
65.07916723991711,106.32800955136477,85.0984346334084,49.10245490079405
64.97108003349517,107.42618902504346,84.8423753335791,48.787427635641876
65.66677318148272,109.40118627494856,84.7251987753817,48.719124830091324
65.59490627634821,110.43087605913054,84.53406042926912,48.51791851287938
66.10162531212781,111.24339071798312,83.81780843435101,48.29650109359647
66.4124685278181,112.30551082083723,83.39825832582636,48.14739216115791
66.76100978160196,112.99144308043881,82.78684605848208,47.769107864084575
68.30509071227267,113.5195134572688,81.76853225774855,47.50964881256158
70.71980402286934,115.5029203437311,80.91338360973026,47.744387907526374
71.34226701458482,116.17957021209627,79.97960400481645,47.59828822115005
72.07395665365263,117.056245854383,78.91630016231926,47.60393223114752
72.20301422049043,118.58351300426646,78.15600290259843,47.451796517653776
72.23858353941958,117.91351874700435,77.74686203004279,47.47868874731167
71.87940687289961,119.29249353023677,77.51110152202591,47.34307890634122
71.23768716954476,120.2792574106216,77.31569116009699,47.2224468822659
72.5839449117287,120.73600855027745,76.76746135459265,47.234636803614904
72.3172473152577,121.58759947197117,76.33665402430312,46.91925291192574
72.7594209367605,121.3129031599434,75.81964508104879,46.7542060842868
72.62863166717813,122.17521461127038,75.40930493000894,46.32476207186112
73.55104093732936,123.88024746731666,74.76000035340581,45.94924011243885
73.39736340839654,124.66503942226021,74.14180304310739,45.507677561995436
72.98420587495903,125.61042184944057,73.8978596117906,45.05656419689252
71.90922301322463,126.03095146213063,73.98698687433713,44.53492670989855
73.33530426062525,127.22270241758407,73.39902983531593,44.25999346735713
73.08650935258834,127.44617207146638,72.76860091455046,43.92302913249625
77.6127040228824,129.5733587246809,71.87205054033197,44.07409949443268
78.77826541741561,129.71404459005186,71.34655140181637,43.720289598145285
82.46556861792396,129.88675310333758,71.25608463397839,43.23156180118147
84.36993826824423,132.03373631881618,70.24480731987961,42.52036118786647
87.26056993674494,132.61314368148436,70.31630715884253,42.06989878987692
89.30186429665818,133.40640412354074,69.64080242720576,41.76030692664578
89.95600095147569,133.40201230581434,69.64500599096858,41.34540384911831
91.60614316754587,138.1956661154472,69.60455918623909,41.535998833002
94.94847295839955,137.8850591893031,70.11019482395311,41.77916051024525
98.92191953014425,137.84436683193616,70.20425722398178,42.03435666067857
104.12482797678916,139.64478387774588,70.46642624682966,42.23267255914091
105.52142753144516,140.48670779208118,71.04953939337705,42.469434681489595
111.94371661656417,141.1286474516673,71.49375287963315,42.66105892619831
113.71367587541596,143.25021522103745,71.73681051244229,43.12132876770697
115.95817594733896,142.90497036219116,72.59240293985481,43.460441266437854
120.21070126095756,143.65079587753493,73.0319438348344,43.93710130714616
122.50287736374294,143.50326099964317,73.85880550408055,44.15778947304017
130.48863771478878,144.7157296029144,74.00282816746737,44.28631501025686
132.18102541441,146.6669622708044,74.63565711926864,44.69243102671077
133.92367076767573,146.22719086999336,75.21798716697913,45.11560815359874
140.6182380656405,147.94947561513126,75.39170066217508,44.7798626779866
142.7880723469712,148.17004039600172,75.74465571477859,44.968781748867436
146.7503061903165,150.61791166322274,75.76149223493609,45.41376892786538
150.41769582620967,150.37284784653008,75.89064070896889,45.25219916401865
154.16150195614227,150.88700023990864,76.05007739929898,45.04617108872543
158.7020883305744,153.22264583271482,76.11222187302991,45.74963051727936
162.62085351635326,153.28453319269525,76.01278249344608,45.85890292504217
166.90332297328501,154.40153829586455,76.15582945757333,46.109511620909984
171.8807319405705,155.4314262071267,75.94481168627135,46.448512091186636
175.8774557311312,156.43510766575739,76.058936660692,46.66119903201849
179.29427163994077,156.4774539688901,76.21031308281893,46.95080437244458
182.41731601094244,157.84626002371425,76.3262243293715,47.03795556083094
187.68569982440417,159.41106601364743,76.07913909075369,47.69805529475549
189.618853388408,158.97686570209615,75.89708470169863,47.53163011600867
194.19485762728206,159.75980912805448,76.20651821766393,47.516142329109684
197.2750232394044,160.0055929767367,76.35834462433968,47.387765044266665
203.06872178834706,160.44714567617922,76.56712062215745,46.8371760175854
206.61562753224888,161.13634679957198,76.32638654600544,46.807565370073604
209.58836543800885,161.45972006907996,76.12085662300477,46.6449025431586
212.8153274121646,161.44248229548558,76.14997682218473,46.500443277801594
217.5606025848499,162.96745656464066,76.34500577674089,46.289951536137565
217.97769649446508,162.88427587261089,76.82552201806502,45.50002160225734
220.8176869315925,165.51669297015312,76.93797011414709,45.213683958686545
221.88403947051404,167.23075004102063,76.7653429181171,44.75950303686118
223.3547808983596,165.67001807479005,77.26062454110946,44.70430118639389
225.24877026855708,166.8500852029911,77.01019553483007,44.758381779463825
226.9338202564125,166.42545651092632,76.89450296497253,45.143722444633546
229.91934772375362,166.6284300679456,76.18055624180758,45.55616564040565
232.17019392489203,168.57826396013186,74.6533208650587,45.755975147140305
232.38224700409984,168.3206525583276,74.39480561874676,45.4187895416302
234.75657378112552,169.2948053047562,72.88160733927732,45.35034385388008
236.57292455991197,169.90891896021785,71.32983339210175,45.08645943512675
237.78448569143535,170.53081224098494,70.01861944566727,44.6162912140848
238.57287518684487,172.18370633398047,68.67150901249211,44.10446240728993
238.3652252836928,174.07261863641315,67.75404621980483,43.43074494391932
237.0587183665209,176.62725337053678,67.34156404813666,42.64674660528024
235.29258824758045,177.37051439700704,67.23292939618602,42.45521270770466
234.13430809209254,179.37402863974296,66.89701625745482,42.61643239880752
231.44437694178387,180.72847615486575,67.17445012179284,42.77278700235102
230.813947954007,184.72465626925697,67.2534571871598,43.936047348519736
227.18964443785666,186.93918467584902,68.24262475107676,44.82607374914183
223.86196132838734,189.1100301017484,69.82997539460641,45.5696227845806
222.75804751088955,190.80852644536807,70.80109415013119,46.56127002425167
220.25429128009327,187.84930426206512,71.13113831185801,48.15401696882998
221.2791007742764,187.83701783330196,71.02986403098076,49.73335469318522
221.04494230226697,180.30926024195233,73.0081045523083,49.973472613311216
223.84651731513873,175.5731145629548,73.92215690388409,49.87467994878435
223.3388864707595,177.52916331724754,74.59288964934235,50.15861114961047
219.15280485809527,178.5711899013924,77.20917204199866,49.32728477460993
218.56049849459322,179.6962538391918,76.07704091829478,50.762816069161886
216.75452400821234,181.9814739205612,75.42214371109432,51.20842576833101
215.89685250110034,184.21636034536616,74.8342306904673,51.272191260243325
213.803294240224,185.7416470993893,75.40006010475231,51.04594092953474
212.05051514115945,185.86794907355647,75.71528660541745,50.89681124057687
209.79465399741605,186.23933108785403,76.14729697884174,50.3377819120655
206.6681667185154,186.3560154344271,77.26122725182243,49.9729949758688
200.22038365770624,185.33286570431872,78.44319989046957,50.22496443520818
201.93190712196008,184.47663363091135,78.22188559745999,50.9691186431153
196.5420365864215,182.93142302514985,78.43777721937946,51.76224547635766
197.79170523871463,181.20919118474683,78.67345578393378,52.0892341243573
196.7190691981147,180.50778813696255,78.82912374964745,52.774104657792066
195.62028074014938,177.19913367358168,79.17567758761336,53.044656172597016
195.81216755923418,177.09126060256875,79.2363833255214,53.235181547959286
191.547965708988,174.19214619245807,80.2030223089117,52.80134135267777
193.40974641983541,173.99274676752202,80.35820477416449,53.02028515389338
189.12425099069043,173.42831392341603,81.01866363477379,52.40480744210383
188.9884361051005,171.6234274601881,80.93969125599027,52.44797146276747
188.71989060291946,170.09809211406824,80.49799811642768,52.62870211251148
187.04094345482463,169.57961987912984,80.20156239743484,52.61409321381986
186.0168551881903,167.81436220159767,79.85616040134556,52.831312489248525
186.9151641586049,165.04921853084494,78.84972779281466,53.621160415775975
185.19235156539995,164.37657420372022,78.91450743250213,53.85939614777655
183.20191767659077,162.37194575098982,79.41939635880215,54.026514047576384
182.1796573623048,162.89057971733925,79.00389787574079,53.889797314790556
179.56734420626293,160.96856749149214,79.2896199023936,53.946248667348414
178.03505630154257,160.54639875906844,79.87601458810084,53.831993121293415
176.09577130465487,159.605815890948,80.6643894028906,54.10123647422586
176.86178977589304,156.01228259052954,80.44764207699903,54.70712440990168
174.64872142859488,155.71771984051202,81.93852109833182,54.11321501308613
172.39519482756148,154.6570274091872,83.7414705921314,53.95096926622343
172.42712904944125,153.06469464360427,84.29304800065152,53.45350946741799
172.07001625615473,153.3590798109889,84.58308184408914,52.722093863016376
168.18704087970752,153.59426189512223,85.47934408608879,51.4499972738284
166.69006642224986,154.01685231060503,85.64361136610117,50.28382203592425
162.66782531106583,154.25186606691713,85.49667875540037,49.027406900943596
160.3377682416006,153.80662225740326,86.15534283253271,47.9661457912192
160.5218418984748,152.7392246503633,86.36877484636759,47.36809808308846
157.91647247613133,152.05867976697655,86.52256026087878,46.43436706433947
156.9994995529212,151.5585393770345,86.41596150204391,46.211738274483324
154.81670219231557,149.14984231713322,87.17679867587664,45.8639226240832
156.70258925548816,149.0987151586606,87.12135030941913,45.95891644616296
151.66187735206273,147.73446428263134,86.11949927496144,45.30182907544932
151.66422882937871,149.24647973447253,84.95193711889816,44.84648632598746
150.8387686973583,148.44175756774834,85.71068468873278,44.81409783091412
155.17687017838068,145.37913700326936,85.84595175842631,44.7048180477017
150.08911842715105,146.98222709423806,86.07187888301691,44.695881556255024
145.76478831452405,145.35208419066822,87.46799565886904,44.54435791896718
144.3462795808149,145.07156365636257,87.68726415053357,44.64154932384407
139.30168389389226,143.86931943600445,87.39306700509172,44.42473039151344
136.79820337975883,143.44020800197927,87.01296643744183,44.054692146396945
133.3363275804449,144.3477080978409,86.1263037217997,43.77383194548033
132.24718677829838,142.8281040126924,86.11686264313983,44.2573054813779
132.7700044330057,143.86025323139603,86.97573616284201,44.29232650197844
127.78546362648089,142.43155697764593,88.5626652185186,43.92653656967454
126.76329232363317,143.01217262843812,89.7147330272513,43.78862749270716
127.53202144050417,141.78214045013442,90.18205150974158,43.871400885187995
124.8868575506008,140.70635266768775,89.47911127654785,43.84760718738604
126.55454217580134,140.90854326449875,89.17111247902763,44.180050089013186
125.27926438287818,141.70060409657205,88.95544463424038,44.05947482016843
125.15841913454057,141.34779777986918,88.38702050879954,43.75530633136651
123.5848650919272,140.0527252036966,88.3549689527604,43.32225550173227
123.26778184778613,139.72336023387953,87.67504197046912,43.8412870700753
117.22570436856975,139.32292001050087,88.23943298236867,44.2555335842421
115.87007324966916,140.38284174873027,89.46281248682482,43.293779268702515
113.10955480290318,140.33311304990968,89.31267390046786,41.91784158291628
111.04996815693062,140.26187830403543,89.69777069247402,40.976277108600314
110.19115788496518,139.0589047405175,90.58107778416111,40.42879549036638
106.7784634291958,138.28838076817752,90.91838190260904,39.81220583891599
107.28512588288422,138.2760916473836,90.945236367066,39.39749305033531
102.3380953330485,139.3891098212082,90.67320745514075,39.02892220828607
99.11363778335584,140.08485660101582,91.99936178182101,39.36054456969132
95.07160420550008,141.4115245931311,92.13866146240434,39.3978192326623
95.20045137255116,141.07995321123502,93.1637412190691,40.79410759105133
96.17404630046816,139.54895587856765,94.04477626061973,42.151619581787344
97.35385129914239,140.68946598778703,95.42904915778726,42.880350683233885
96.93973110601694,138.4024708572877,96.53996066778123,43.876269349994224
100.06295969558161,139.23331462493348,97.52104302798905,44.6156237992608
101.63078872172233,136.28287308901315,98.60313361767538,45.31996746909337
105.8412259988528,136.4079743782695,99.26480434387096,45.734802582173856
107.72756511940327,135.14270750385555,99.8206144526846,45.87403112279557
109.87254500014127,133.9037352970931,100.61996629094003,46.005047416661036
115.44024088351469,133.69202564448705,100.93871041896858,46.28246958504191
118.72323214075482,131.8963131742882,101.32915786283182,46.2941361197542
122.23370734056901,131.47476413531916,101.11643118756868,46.283630775050455
125.64819667441452,128.58539211168795,101.4452331671555,46.41266607444916
129.7539330949097,128.88283165383308,101.1672477414788,46.31494641160283
132.54603288587498,127.24743338376916,101.16827898687984,46.036715747217116
136.4501348182839,126.37456221188377,101.49802601927877,45.52520754357882
139.47650560126442,125.69242593283221,101.51818713276113,45.338882433987855
141.50947993160304,126.05029255247587,101.07680288133986,44.623580811782176
147.73926454031633,125.59983691771923,100.70754948269989,44.45317941535611
147.74093713099455,125.09700620561371,100.5251817507606,44.21041166037557
153.29145555315938,124.29775679791517,100.99989525738306,44.28405033211115
156.3361560442275,124.14792943233262,101.34073919788477,44.44648275833604
159.05203455507714,123.71589262970808,101.30298079907976,44.38516552400838
163.07083388288106,121.57891765032588,101.47953734061545,44.88516061445615
165.01359921442966,120.88641752828228,101.54126276577512,44.76676446667474
170.4364918370963,119.76476123706539,101.54244998595695,45.05190067467311
172.42381114258626,119.88996833042223,100.92881858856957,44.83894884166576
173.54611334072416,118.70514688819092,100.74208028879039,44.86878087789231
174.82290892164167,119.25299122853524,100.61006300428994,44.82234089257721
174.86180780416404,118.39211868072337,100.59699301499774,44.70964039245969
176.7078416286458,119.46344607755896,100.42578126965971,44.93854807971502
176.84849244894585,119.26734059164852,100.6390021410187,45.28183156559305
179.4778285128337,119.04291097275772,100.59874384304646,45.5426055453676
181.8147500031459,121.0533048567338,99.72437629386431,45.63267717148891
177.17925070934157,120.74673977775583,99.31515332385578,45.12459973457334
176.677601160843,122.67536707422944,99.34249526562525,45.239400099969636
173.73239560745992,124.28117004283715,99.04962685807868,45.26340703201691
171.08624251169192,125.20568340137669,99.39639405196455,45.296571853748546
170.27077039111396,127.75068098855304,99.09457435898503,45.245777939008896
163.22904153558665,129.3494604889428,100.27340522372614,45.14699170243529
165.7472866560238,131.6003417968729,101.06712709909333,45.24580977886638
158.76989955721336,133.35100346313297,101.17158906374297,45.52256762501139
162.57010300274774,134.25227641507416,101.44793216504486,45.64458703637558
155.22823383309338,136.52302943414804,102.36980202748592,45.57934595184111
153.88205871877963,137.5430593764467,102.1354969636024,45.584699322935315
146.14726425338088,140.95206902302343,102.45144610100391,45.75013664141516
146.593747402315,142.58240168487237,102.7062277966049,46.042647959181494
139.93811865187968,143.93295887522987,102.91993299797605,45.676181710790715
141.2995523635619,145.24361933930825,102.61128733822245,45.87147493363494
135.8690623802689,145.63899600176305,103.08272281780893,45.74756323489265
136.34185715901287,146.0164112917052,102.86970766360696,45.72111279865081
133.92213753396783,145.55765050076042,102.41938346307452,45.758716997346376
133.2285965076768,145.0091220451572,102.47114683107858,45.72304890817133
129.01711471366804,144.7928264714516,102.6742322223798,45.751921166822925
126.87216863938465,143.18929821107182,102.46682660712213,45.7331063630433
126.26140215079816,142.3114817258446,102.21730777212318,45.91954167877361
122.88282636100959,139.92440684610577,102.48517006794788,45.896430200153134
120.665550959139,139.5180536220804,102.67634127879356,45.88381533148484
119.47683637197245,139.06984455004653,102.2757598463609,45.63028475938892
115.04933607028929,135.5854596862162,102.97902132924384,45.85700479298827
115.00465174265446,134.17928769510846,103.28833019986268,45.99411445742425
108.89357338084349,133.11439046905653,103.76032861354811,46.12054696914418
109.40673227088038,131.42623985525861,104.01038767692677,46.506640047783705
107.912042679273,129.75886285373923,103.84684327615716,46.72103439162751
104.77857033573284,128.02658815817466,103.56684954389544,46.96996564921177
105.51703273081243,126.14075675307916,103.16540104253173,47.14012031883878
103.58966308739016,125.8562107910761,102.57761494256596,46.95469289946877
103.20880979588021,126.11956706999757,102.0021434145095,46.973049738121645
100.52045373817879,125.82028196089252,101.77278644193017,47.04972091181803
103.34039704928881,126.19716967402009,101.60831314215886,47.21640189501724
102.99613123435495,126.78060412144042,100.81739144675498,47.27560662288013
104.47967125587223,127.0671219356571,101.04273880049469,47.32640238578132
105.29204071080164,126.93735666293844,100.96718385536519,47.23105027369071
106.00216589715372,126.8886064034059,100.72774357654075,47.06604302627058
106.77999166935079,127.39638356287301,100.61448521585478,46.76908492735283
108.07213505956396,127.74877659402702,100.48427019560606,46.624482330525595
108.69399404137859,127.37459889407033,100.46289329261523,46.45892990449218
113.68051799348262,127.57508832603544,101.15050994681782,46.57768071442442
115.13548071867946,127.39374361785663,100.84323275463336,46.34536759877673
118.79846233907458,126.57513326782328,101.28686561369663,46.32778228096775
123.47621307940658,125.83841695268677,101.42403800693401,46.3614591138546
125.16649980659703,125.29683072056645,101.30430735269348,46.31626641906051
129.64343439027994,124.2566181250843,101.57026774465388,46.30366568724955
131.8289071101897,123.29714783677541,101.08084043036837,46.062665067425684
134.6064235740697,122.49859324592859,101.48619044099337,46.10515493683296
138.35813665580375,119.65437864448752,102.46565440661465,46.68680694855298
139.80437377947243,118.92572739617952,102.48509927625119,46.83862205083608
141.59494766489593,115.38216952928336,102.84148011563367,47.01201526952221
142.55833912642422,113.47980093581955,103.91684462871905,47.09718301179343
145.54163960235513,110.06442050170224,104.27206679697443,47.36669128603392
147.09551002064478,106.12407875557271,104.23910904717181,47.4867055468782
149.75535123885314,104.80292577728636,103.71313970355908,47.2892497694421
150.96532268029102,103.19907173517565,103.06804563946227,47.170881584513744
152.90940847456454,102.9529291027877,102.01249395638703,46.62367781845163
154.05316163316724,103.48267642078879,100.72053201317075,46.15598715040219
155.06250279775122,104.14455443438688,99.71515296387955,45.58651651835143
156.63315577468924,105.8536494581156,98.93384905086651,45.11861238245405
156.97883697970826,107.14986892223375,98.20342865215503,44.864245515756444
158.06107474569325,107.7219487462374,98.1090677327644,44.645859607563885
158.73870193238145,107.8943987350369,97.87639734471668,44.59098358268745
159.516423051256,109.92859846440358,97.57456154560435,44.650808973655025
160.09115415258174,110.06210845376974,97.08050218213671,44.74668856657988
162.39024982580926,111.58728301675094,96.42531711276598,44.727992129597574
163.5340055716019,111.06572348601843,94.1552885743268,44.81164282634702
165.5684729553584,113.32852163866758,92.95849826749188,44.50821639714735
163.56989165216285,114.02644889762827,92.89671474122308,44.16485962378621
164.82820070167378,114.55263559276085,93.09955474538117,44.57476185779625
167.11500769775137,116.03121298863545,93.29765114903898,44.17759937943207
165.9169275288147,115.45475866122251,92.66466386194278,44.64867613795285
168.15402609868482,117.3050608984826,92.72661336298015,44.44077772384226
164.25533545994784,118.13161927417696,93.13008995448001,43.36528267083304
165.59062093920346,119.0488927728703,93.46958264419267,42.73826128437011
167.20034312786316,120.07037869658868,93.98022030193792,42.107347790357444
167.39957611170593,118.56051556236338,94.52459681777296,41.532923277176565
168.167363499837,118.96980270797847,95.2468700658791,40.68581375027318
166.75244033422632,120.42212082126707,96.06221625595664,40.62633228596406
165.48359391960972,120.91194780036075,96.43541218653873,41.265672802187716
164.06871359174028,121.51486667092865,96.84297597719583,41.979027852037
166.81585507866168,120.91939119583087,97.69886027782806,42.88038930776579
164.10600007777515,122.38632175914424,97.75320525121981,43.09997318655593
165.68475727408116,121.93530343667038,98.41648329520751,43.92468089623809
166.56635998486018,122.00878774226717,98.6932392116927,44.199699043753455
168.0542234996651,122.26390218990423,99.15604572662325,44.60432509223164
166.54811530800373,121.87435881747373,99.32999216098665,44.736705613604784
168.98052490256174,123.40111015688811,99.53738280692315,44.81522769979068
167.7242177643274,122.04991120835867,99.73622059031932,45.16979863914693
169.59685897160938,124.33017263113783,99.3826744447525,44.67452905134007
169.1413997486601,123.96326964029714,99.41111882582413,44.749820116124624
168.938879197745,123.49255999806405,99.4328411756039,44.714878662313374
170.03195819657978,125.15601136875111,99.27546530722208,44.462516536021035
164.61669130172987,124.31369299031172,100.27205096154589,44.41732135892461
165.04304372945145,124.08792582360755,100.2124122500923,44.4366354121625
164.06768184003897,124.46767471378435,99.98968102899359,44.293765324985166
160.0996357786819,125.77444077959906,99.91776419479856,43.98908968062991
157.33819586166004,124.04342088123072,100.79877114599927,44.14430503164212
156.47740294318714,126.38447159343553,100.1530774533735,44.06641112294903
151.0920851435008,125.53844529817343,101.43794759559286,44.19775077993291
149.64843311052607,125.27199572229252,101.65049847245544,44.32383821752237
148.81494119906597,127.15315851368243,101.53624159370017,44.402569935310176
145.1433283251132,125.79536569943984,102.54126152724413,44.64397772642352
143.44762443863476,126.13654231547031,103.32679881489528,44.705817273426746
141.4683859546603,126.6966047832218,103.86638792922173,44.687808684283034
138.28991312484226,126.48469515380049,104.47683786513346,44.769287712183875
137.66358880557925,127.41562988827314,103.9571036482441,44.94659065420352
135.5026841414418,126.89549371621695,103.41849179579395,44.97239003689015
134.78970853046744,126.75080622333766,102.47610729386572,45.22930874012246
132.02241235886686,125.69533203530186,101.87364757789331,44.75190085970908
132.6624817375741,126.22362124044986,100.18945540065039,43.78387509575202
129.60098583881924,125.9218348535343,99.89052213025849,43.04176465253447
126.8140546433843,126.17869657567968,99.3017272602336,42.12642740652596
123.72950350134678,126.44927986707403,98.92489105248734,42.26458187438121
122.79804591257442,126.54402577799326,99.66253371759615,42.30551396494872
120.66720752573863,128.01444005110392,99.61044734963565,42.781281354548916
116.9558223499917,127.7047003822976,99.80641773622472,43.233542722267146
113.88686944782268,126.8660238649785,99.93878746115604,43.50595717829969
111.74128950366367,128.40690628754584,99.68222262565816,43.70834698671425
108.60633876442608,126.88231542305712,99.99785088025635,43.91057746943004
107.63055338985504,128.85160943550954,99.31372664877709,44.2245677030396
103.68655954460354,127.21219267119432,99.69864589216706,44.1797503947255
102.97317140602073,128.91780913189137,99.954777051573,44.359819629779714
97.43402249675346,128.34790480671757,100.76435138225352,44.32747301908762
95.63924227597683,127.84325958058994,101.14567822891237,44.53000542519267
92.37913483066748,130.0705044349645,100.97312406893293,44.75437208927679
87.11939186995603,128.99142630125118,101.34809590649351,44.493727287443775
88.43947560406448,130.2876631728208,101.78634454736168,44.807932459328356
83.340486859357,129.3220315318329,101.82265516665947,44.59676519740463
83.3222478522942,129.04516835533735,101.66198099832526,44.78957547230505
79.21516943365812,129.35579704083437,101.4199200697893,44.95159382476831
78.00270145406004,129.2778809301236,101.8292396120543,44.972088753041874
73.88625300254849,130.194410532506,101.48207460254079,44.92517559300818
70.58228514918443,129.3330173086663,101.10727372174449,44.773739523674
69.98351124060872,130.61401870037884,100.97796826359685,44.765077890532794
65.10292647819267,129.99591834181186,101.33731855930296,44.70114263755109
64.8462113365244,129.61141157404415,101.4299857970901,44.66614160952602
60.80557705251118,131.7926486700789,101.31981569018978,44.63367020218547
57.089199999491214,130.39059428780837,101.39461815514696,44.503932016195556
56.99137806825812,130.43575034600894,101.50339423811981,44.45156731237466
51.10669332369025,131.3263696529479,101.23725271040985,44.67421468291753
48.57083532167212,131.03399715051563,101.35048025009064,44.75605199439598
47.61990742978403,131.40642532968843,101.23247409729761,44.83238003279414
44.41393269511424,131.78741063156576,101.66010054188743,44.90896941420031
43.76280445534894,131.85788073048226,102.19742546185535,44.99521841450366
39.72573848872033,131.54370121503638,102.71476322854762,45.21364533866212
36.59285218361313,131.29323150193926,103.14628157393048,45.15571003856086
34.71844435651461,132.74030093320303,103.11505148037057,45.231288917045916
30.651650653114544,131.2447725792057,103.58953167891875,45.293744121668425
31.974335348604292,131.25288084141062,104.09328118823832,45.57570767075825
28.677091162343373,131.3636492699777,104.25189080709805,45.55035714751878
26.79399035910373,131.03180624012077,104.09800722185065,45.5353497934982
23.314306532257568,130.85515090471094,104.1543816733335,45.31359783175713
23.597553593203543,131.0027939528899,103.9602759441284,45.25064025462431
19.774671481902814,131.22160904670335,104.30843465220349,45.226170867931245
19.53343111733591,130.62190222877155,104.28830535354723,45.196557947779894
15.858103087618488,129.67917851001184,104.15643177278432,45.29035079850728
14.428049825801196,128.06212704548915,103.91235438414168,45.111738292524564
12.102393800616404,128.1375420988319,103.524365039095,44.84157579034515
10.800523492401837,128.59445298095966,103.11777736267746,44.86456744018639
9.446756615175786,126.97880313074133,102.3029968070557,44.89594362530326
8.442573007832273,126.76861117896476,101.52275618597308,44.84393294324697
6.399504956957244,125.87459715485625,100.45003971051366,44.900850895486215
6.930200590546995,124.4596287213563,99.0779916573692,44.946171053730595
6.90410707438744,123.87469785285327,97.73108291599141,44.752808641986356
7.483728991752386,122.1011409849318,98.03722523352897,44.61595788693878
7.986245309061239,121.00690725118115,98.4138776174507,44.22820198102701
9.364567415918323,119.39573557800098,98.31265942912715,44.622818724833024
11.17121224922353,117.00427621931107,98.40409550485683,45.14217523975923
11.209051393864925,114.0722033357138,98.23358158402468,45.60088735216864
11.102161937334088,113.25171508422957,98.04512633022577,45.85070193649694
11.78019806489418,110.45524427313842,98.09752184472839,45.670545566735896
14.335469340448178,109.8740945063323,99.1244304654954,45.65083564180626
13.224354288463275,109.0000396420358,98.56488485649828,45.769174018584984
14.298140392994277,106.75104468281486,98.89816048297705,45.489558403427
14.300988261511641,107.36882673840876,98.69102818161603,45.47048968694595
13.686819500444876,105.16150778367893,99.04099053113451,45.13446956112726
16.458610235084123,105.81138257932626,98.81426830715631,45.30008871754378
15.166260807840303,105.70027919817707,97.87165035294339,45.41654175258491
15.373426305838933,105.40868979678889,97.80353490307726,45.59784377795077
16.67458041696183,106.09177504263442,97.90266844566301,45.55542390137965
15.810675673254998,105.19077756751818,97.98622742095357,45.526187734363596
19.681905913601128,106.1460240339365,98.17336479487557,45.85903219433398
19.348251816289974,106.1116797903775,98.13898905099461,45.83259106489343
18.430842324643116,106.24220409604371,97.84679482780639,45.71815383115786
21.77302475746729,109.23656460828195,97.68006483077987,45.19748137922163
19.907536007304373,109.54213229604662,97.169316886312,45.04902166454092
23.696606843053345,111.0835929271718,97.64201654629599,45.04956383269524
22.524336152813703,112.07413471598264,97.1298899313224,45.10342264360811
22.743698767011324,112.60210933913024,97.03338524774222,45.26353856569365
26.79645466734071,116.1888298075427,97.12138636364838,45.00169106606353
24.36689051358293,114.47299228736263,96.7618314283661,45.3315797313779
28.411918795771008,118.03913224524177,97.34904956796943,45.6461672815925
26.359156601534096,117.35915675778065,97.42546209426064,46.01364709801026
29.473155209301524,118.85308270149666,98.05913680331685,45.800750721671385
29.352158575027403,120.21758583894123,97.90514443873025,45.15552902701297
30.00151618855034,121.18601272395586,97.48260407883754,44.61368739725777
34.30742506552437,123.89952932356823,98.22333587780696,44.427739250523246
33.11417188589089,123.79956800312765,98.951970156271,44.311282523099216
34.87869851217114,126.40296689388464,98.96120239756121,44.127280895607456
33.521103216274916,126.73453576382585,99.77372630138827,44.06977444759134
36.27185980549884,126.72772431384156,100.07684387931859,44.433811832299206
37.752283065640576,128.2480778029768,100.1876745669819,44.44788509885595
38.78173015643351,130.16404708123815,99.5808823312731,44.30218316228266
39.08904849958122,130.88114301179573,99.46454947560132,44.33566817914295
39.18268929126985,131.6183078786125,99.92186309800789,44.608135768736325
42.366805050538204,133.16164719169436,99.92519024570043,44.55183643792175
43.34859262034885,134.44227839191737,98.69102784058765,44.626506006164675
44.71367399457146,135.51269243055606,97.97827155576549,44.541722269020966
46.63268742065404,136.40616240019344,97.19818995506517,44.60727656955335
50.18505193025307,137.95772158983328,96.30809297016887,44.787787607693105
49.6086119178749,138.32264135885623,95.71705469525021,44.78418167121732
51.512114542576285,139.1699876234345,95.95864868901151,45.05216113722375
52.856644295840944,139.94200583061945,95.81993531857533,45.16785265387651
53.81157372564094,141.05321098394128,95.3646803694215,44.67455950230787
56.96017125884974,142.67122709905817,94.94604679973853,44.35765735897293
58.66009677465798,143.16291618155935,94.16134431243357,44.295554690453415
60.623926248339714,145.15899483158742,92.88274752174735,44.08821603968928
63.64171772199294,145.3607334833826,91.72694343644041,44.106361042207375
65.91957642511822,146.26436700563693,90.3607127722095,43.52423540375799
68.71055503143171,145.0674859511269,88.03434981312257,42.96955004688142
71.34442204826318,145.60818564059127,87.1433180881144,40.936873292731406
69.505431603734,149.49719256207067,87.2772199118499,39.57495041504363
71.88427166442324,148.77698996875486,86.59815021069845,37.57788445032332
73.57308274234398,151.03817924854388,84.39302437367411,36.72858824242988
73.53837285331876,154.14770989288454,84.14677512177346,36.323217616132574
76.22940126341857,155.09101912422764,84.14895511416542,35.885260957645585
79.60182471770932,157.1370411657935,83.46072928026042,35.957892587099295
78.72108784797759,160.57996743922467,84.14948404179572,36.81010099146985
80.71941520281204,161.88588757926982,84.11540023781222,37.56051604623372
80.42432809266018,163.65811320975905,84.27261072921124,37.81061067415599
81.49008445205654,163.85298081162588,84.59749912011395,37.841231326840976
81.78724122527478,163.67221311660032,84.66103583918039,37.73402303498445
88.29427520275854,163.28177001906457,83.08942222228661,37.64246358710777
95.65349539269351,163.30095427368366,81.43977513923062,37.21008182203502
99.92936890378894,163.15834724851572,78.45937583051023,38.62953697649687
101.52493163917823,163.57244874925317,75.88083089752766,40.012376617615374
104.49822527950082,162.50703852636275,73.95695918542496,41.11874676127219
114.25050296767637,162.05101146990285,69.61130883837075,42.6066177439277
137.0429982708363,176.52794990442268,65.60649553917979,46.03050271570835
159.77819394461602,181.06005371678512,62.519687260468,48.81807121403035
165.61096786950833,181.68832526516147,61.56177052182842,49.73006740293743
172.93702157821414,180.97423138917642,61.16319551408477,50.18807279568891
186.53827959747207,182.90255962587742,60.67099517991458,50.48611517101132
193.0185045662062,182.76713598506814,60.016251266616266,50.86639935950403
205.97288117598322,183.7203392249281,59.80057131976727,50.93357514754537
250.66835376864566,185.16663674924436,62.178508885907235,48.80570083684694
253.46725070172093,187.4559592811918,63.85688575034756,47.10486362855812
247.1130447866402,187.953289675399,66.65687034204467,45.76553087549838
252.0816224951371,189.91957829685487,67.59363250470172,44.48293656181639
256.71108719480907,183.37586388255957,65.13557304706919,47.33808084450851
259.1708780484827,178.4774448391501,62.621640524902716,50.20039344152029
259.91591718949235,180.73363449739506,61.02790621169203,51.956915949981564
266.7513010169107,173.6706276954804,56.64630882205305,56.55323213559805
272.20520360696725,166.57698045714528,51.74483937726099,61.998161728845375
271.4153228529114,162.59825967664102,49.429460475903035,64.26978795553381
277.99538430955994,159.2048805341246,45.45051088719094,68.35801437449304
266.3669186629379,148.3213298230579,48.062371150771924,64.84085981518115
263.41388546052275,143.68568270302353,51.591451767256885,59.75645833076259
212.4144253617693,140.50375679223924,56.33438289005679,54.23437913731653
217.39456129234813,142.39510539491303,59.1678064787282,50.64384417748094
229.6704310589932,143.93293126925712,61.134140981082645,48.017002380336564
235.06720069209842,144.86684779305085,63.19145468118077,45.40781063533471
246.35295889478496,146.10934979280754,65.22882499455766,42.66321696373274
255.3945813465864,147.60232228858894,65.66192416138941,40.948385129442244
255.14642278821125,147.65369873095207,66.02532426139504,38.894449998507824
251.20717042624727,146.98519328705365,66.00053823672681,37.41013701469209
257.36594384324894,147.0032454621124,64.7218021327039,36.24610273865601
255.92587036927657,143.1770480148021,64.02007780951527,35.60507398062771
261.05251483992015,144.33364365640796,62.367018131533804,35.09459251530234
258.71725770671526,143.33683616449446,61.792676517206225,34.481448427779235
252.3594031874059,138.29041641836304,61.644771473488575,34.31095459942441
248.59084451150898,139.649797763815,61.33448577581341,33.68772194163206
256.36968937895114,140.5561270119605,60.7779356817372,33.29165210939591
262.8915092535757,136.70370398063807,59.67336663408719,32.77129370426738
268.61279557634106,136.77348364257296,56.24898532614192,34.77683187452295
272.37775048896566,136.28175286608842,53.09588462107088,37.24649519064509
276.05355755687674,136.29116605073784,49.97521654924418,39.78485208703229
264.38500270214104,132.61087686693193,52.08830816179168,37.575513729485394
268.00168435371194,133.24517775291898,53.131246242622026,36.09843481803837
261.44886228188335,128.2306083432452,52.78280789726562,35.05025830688052
269.01584012291676,139.74425729577595,50.15108190575048,36.99467251424578
275.29528185338535,137.172286284731,48.07434375426158,38.79840791325833
278.56750660839737,131.7823039391167,46.07599486069258,40.423864967462954
270.18812967060666,128.14850919000756,48.38115262116169,37.05024963169688
272.62839018335876,128.59987682378545,48.95075585942095,35.03105880917893
256.3689493714452,129.0062253928469,51.2298932968468,33.64856236704758
250.06478638673138,127.35088903226598,48.65415058646477,34.428913728575
256.6655888551903,126.16664423073131,46.812223917979566,34.918919797785094
260.43083026829066,126.7393911323987,45.400422045758276,34.76476543956446
267.10769894332725,126.52760571680017,44.376852466070915,34.617951768350615
271.10473358048813,127.12053785300566,43.33336188132432,34.244850352423086
275.8314182932977,126.39939742088251,42.43988320277552,33.88828068032296
280.265443317459,126.40051340365342,41.11908104111059,33.705798755550724
284.01258209387794,125.34078350955494,39.23847431423102,34.120101502198
284.3183595560807,128.095926217359,37.87077653513497,34.76927901536186
289.2789897341165,127.4246204033742,34.51332795808543,37.58963343450726
260.53916083688534,124.05152963794734,35.0983209881436,35.78802825271452
264.22383274680965,121.94455550078148,36.86864754030425,33.194706476997425
269.89711951680823,123.11993949407862,36.68355681128114,32.13487269545838
279.7321713297193,122.75369811320076,36.59553211917488,31.47557496157048
280.5025253243085,122.82877572743237,36.457110659537435,30.769842156946815
284.26649163890664,122.33687868512024,36.09205177530576,30.280265927926663
286.85078112368274,118.83248053849464,35.16187040402018,30.545943458207912
283.62357097737095,118.38611828394589,35.60323918678657,30.13248021839642
282.2594782601821,119.27309520864063,35.983062175333025,29.52541484442503
285.8605167341398,119.71493302073057,35.47956215460262,29.14792987786081
279.2383089865352,116.19617316696788,37.74608286679192,27.179806694456005
279.9440193507819,115.32816765941625,36.8058177221569,27.485233636492552
285.04574834457594,114.9354186496542,35.668685875926215,27.63736018365795
286.9773712732969,114.44017517158328,34.38477380068039,28.06443375822327
290.77600902214255,116.84780109459354,32.356286831431454,28.975472138185417
295.0123296051135,113.41384452587947,29.064050805412645,31.163754996072527
298.0345996007677,114.04856080069457,26.366408654604136,32.91806774482794
301.51008125194556,113.38236688483434,24.249067807845314,34.957339960703685
300.9282447049904,112.8388851310843,22.675937608527587,36.295966616606925
298.70332198359705,110.29982929205819,22.561471070112994,36.25272562208224
301.51229271169774,109.76048886754837,21.869113930165355,36.90770110186779
304.37853634221335,109.618907396375,21.48702473279379,37.36302918472417
303.2852734019657,108.98396940570856,21.1960232332994,37.66944120397891
302.29112392963515,108.89888229733324,20.91432982642861,37.94170615199273
301.31454397355157,108.71580021500405,20.77019969953325,38.078190151002644
304.1271629010549,104.96213237938747,20.61257792576444,38.25776607949899
303.19778697257556,108.22142574275954,20.471850608109047,38.43093941592625
296.2714093968646,107.62328563867223,20.794960793405544,38.07735151725883
298.2223369056927,106.96663739585763,20.796877653038162,37.95186757590894
300.4762625932483,106.05685557161458,20.54275895920135,38.12906255011679
303.3592154976473,101.65975396675104,20.10279471305589,38.54114467372327
294.41647738158514,110.1352326938038,21.0666286417135,37.3703872241954
295.6487054624206,106.09519139192753,21.316429243500785,37.10000500708612
301.90193105392257,105.44160258671766,21.126289896739557,37.26632706673986
295.1399070810155,104.9959989595798,21.34400430068354,37.05689056701014
295.12221861737004,104.29351639893639,21.892774749283383,36.57200984021348
294.1163625683906,101.81692228612064,23.02778793605215,35.48787649830957
295.31370133283235,100.31722200399093,23.763192060763735,34.29582980457339
297.1315540626341,99.94524975957277,23.433786287592064,34.27962511252057
298.62540488653025,103.8668809527405,23.084359786284196,34.33234976002909
301.271796043572,100.44996772733617,22.371328963747263,34.9312280525736
298.7990520114812,101.1165794194209,22.286307079198387,34.94318517987875
301.12860733897077,100.52684402754414,21.983337991449453,35.20436153385323
298.819098744914,98.157006239688,21.886728939786416,35.18685355777718
301.4305848917568,99.19147754148631,21.697927750532,35.33887324017605
304.24956451590816,99.25366527637634,21.594440014070027,35.482107158032164
298.54418612110936,97.04211737380825,21.514507526018694,35.43642864447325
299.6077695478246,97.73739507162311,21.455601103877957,35.372009480265966
301.9437871510887,97.20480245990701,21.11987437665881,35.69313287603856
291.03804295784676,101.31145175532889,22.83175720284001,33.92494126837962
291.86505913654617,97.65645269789022,23.2694408965428,33.456567095506735
301.39276297303496,94.13266338392577,22.803596593316254,33.87636194810601
300.1950853630764,93.53491351673017,22.697124334824597,33.96578687246915
302.9089031584238,93.14585382595882,22.299484662403593,34.40971719666169
301.9683914567864,92.87650511188698,21.965084004856948,34.73509043561928
295.1144202137,92.79620295388045,22.316989351137167,34.388757128608354
300.89157108668854,91.99297360751255,21.86814014269671,34.77012579448868
303.59080335726713,92.24597215104812,21.578002990302963,35.043029747971595
302.4007848468909,91.91784247693772,21.319847834236608,35.26689819772627
300.15853786040026,90.06214158673343,21.178898348660702,35.241803529618004
302.81731653602196,91.23986211898222,20.62420654078277,35.663710745073445
302.02447259552844,90.8321383647741,20.35674524612586,35.90905258160705
299.5584287478105,91.4782722760877,20.336689272433336,35.86719913047034
302.16949646998603,91.93480471126617,20.12376489146731,36.03199425786272
295.4966947940866,91.98557010963822,20.463278079081643,35.725014759140905
296.4481070246113,92.4347964607295,21.067999804479346,35.066253567754885
302.65627000275475,93.06983808058112,20.204137379686586,35.62268898287494
301.6527863154066,90.5903612946509,20.07043373959711,35.731157229875755
304.3822522682932,91.78299859183898,19.785118719962846,35.98615096130527
303.25900580166166,91.45633749379495,19.38364336098954,36.36067228244482
305.9941269519056,91.27558799009988,19.188249998489926,36.59344279578684
305.1894317718913,90.7876912136576,19.098155294965764,36.685650955242615
304.1194407261931,90.12631005474464,18.94712533764081,36.803424316617104
302.9315201083339,89.4819152622769,18.74724864733383,36.892466458353425
305.6505036095837,89.6132933433983,18.543722925199216,37.08711386652421
304.7350412616291,89.52614811659893,18.344583038283712,37.254371824199616
303.74332258670853,89.2081746045807,18.180787140367922,37.38923171912002
306.346981117254,89.21462814620416,17.95071827111043,37.609692466388
305.56202097618626,89.50576063076456,17.732641069038745,37.820476713537666
304.7791262438896,88.94018608831372,17.52386948607802,37.968409512733764
303.6962142258292,88.967307893452,17.38451249574015,38.02265791924949
306.5391359993843,86.11550095841771,17.06667231700765,38.21937100196457
305.7430521165848,88.8830613609797,16.862352989634775,38.33219798507913
304.6645269803781,85.74524215027347,16.7326307725004,38.39467064645129
303.564549477999,85.97304047949935,16.649137319540824,38.43986631254253
305.97713041763586,85.86870502341452,16.49784361958835,38.53290473538857
305.0654229682863,85.81247120770465,16.444096896239987,38.55192287107555
303.86173293092963,85.58060721817981,16.39568978909918,38.54754133183563
297.63590345903566,85.83995806508307,17.0460391473158,37.83630428234197
298.0092218596679,85.36151974841056,17.50550555173224,37.38364145455113
292.9008869377632,89.09616983139983,19.126764094882482,35.65621216869953
300.6777554403182,82.72285193245224,19.32235093468208,35.225636205120125
303.30075332525314,80.27578970893164,19.144960587785853,35.37979998169012
296.99780715912755,88.18628481274197,20.756396628838232,33.54896785512415
304.152630192912,81.1958347928151,19.030326763661932,35.024676091999375
303.1797440701797,78.5351861299464,18.83171343287836,35.190013334728974
294.87376039343246,83.10094359682292,19.423188232661868,34.538286227514014
269.1431284899794,96.8001428131628,20.92111509498798,33.37161348758328
271.94223762831695,97.11889921785743,22.1688226262657,32.04970137141988
271.99965537277365,93.95496682516476,23.183015338455576,30.73194485706157
271.9837985490017,94.44712440211,24.123150025580824,29.471080900318455
275.5902223837894,97.09343943964288,24.56797666859685,28.566113712825945
271.11428851644865,94.2252954113382,26.31605421544269,27.58717702654591
270.4337855431842,94.33680894896722,27.633728225969925,27.268079646774865
272.3124420138988,94.70732960635686,27.6955590566659,27.80049657441196
273.76760346868093,93.2526983131281,27.427227762397028,27.697979852550382
275.7684045652686,98.58860482639517,26.984677082893505,28.275786309964033
271.98721669146227,98.7364668592057,28.614583462525268,26.33562385837952
268.73467889854436,96.66186619419064,28.869527918142627,25.80377774883444
285.794684187098,77.02554503475824,30.834661384003972,24.108383416087904
289.52337018999805,77.64116826658335,30.395155512847488,23.42302168086939
291.70443436648947,78.22533001284047,29.841403710539087,23.245865018418026
293.4094609440278,78.39770679993624,29.030464735073657,23.641893645516593
289.83135747836434,76.46827701536624,29.936769418018013,22.57586889535118
268.604183562055,80.66915945808094,30.417751466945276,21.609189306552665
250.54208173438604,91.20425992508318,32.33127320699995,19.989950439198573
253.093984618066,91.32736627691958,33.99762286948014,18.51159266449612
252.32690294699722,91.84260015661066,35.14730090726209,17.319785011176826
252.95276192899686,91.83609757681936,35.65317895919298,16.433416758627168
250.69090685190244,91.79325716760661,35.602746657327145,16.004780124145093
250.83387709080162,94.88351360787073,36.011531454568434,15.947057580225755
254.61937264069988,95.0490884705395,35.55725387863669,16.380091554972896
249.59305923148074,91.852006299246,36.34722257787332,15.598643924751055
249.58168985951522,91.81261396657288,36.58533200666647,15.094467090406273
246.7638670904942,92.09299378015136,37.32284331314115,14.045255684360637
247.1273756740194,91.80554376882581,37.253559348071356,13.89320196212342
247.91847507274917,91.51720559917061,36.77346068450764,13.680482849888094
244.82377836808416,94.06022770714884,36.649631685543014,13.398387990010738
244.49552130664827,93.52056879777696,36.40590640039858,13.476117106552651
244.70441755422732,93.18143957540842,36.04340799053448,13.272556243485639
243.72168470862,92.50476342855038,35.882536153520405,13.0208963587807
243.03374488322126,91.77774381064302,35.60108505289878,12.831281128920075
242.38869302382668,94.09461150200869,35.41821673627991,12.853967407565662
241.55716531336316,93.07738369286977,35.501283796802,12.86570960306824
242.1991860796128,92.36785762950961,35.0129396553359,12.77938026483038
241.93193642916458,91.68940105368794,34.7719862827971,12.74977314994081
242.42324034117559,91.05552543245614,34.327418858326496,12.588691026964062
242.55110908024045,90.420942743735,33.996535502299,12.37249458990744
241.67840876554428,89.71761595266028,33.77184419271889,12.208679031050387
240.63972891968788,91.5645557893761,33.9333377478808,12.142003775801133
236.79101498053882,90.744089390665,33.679331967579046,11.971394896702046
233.38671447323853,90.62082432149879,33.872813048097626,11.45403941777828
230.2865625799179,90.73165532771034,33.840020711997155,11.081971312949875
226.82360500159925,92.92099727788536,33.85348412455488,10.743237783388386
225.3391814376697,92.38176758617494,34.0195756581604,10.509020617851412
221.4273536709255,92.27744226521338,33.80099581719815,10.261809303893425
218.03195908562296,94.38824970058464,33.65033486878467,10.145209234176294
214.82080812416356,94.47343652376412,33.13728971147277,10.129887117224815
214.76095554116822,94.31467848522934,32.70947370350947,10.048190357075148
208.5188609930896,96.523185356526,32.351246036361026,10.020136975962535
204.42185849167396,95.94030642104917,32.3334142243119,10
198.44358061540044,96.21098144408946,32.10626178594103,10.007959565239926
189.17639758288595,98.42242496801191,32.27473544069163,10
182.42617281849508,97.89346116376691,32.05881247954418,10
177.11206308626078,100.36702013321064,31.596365173077743,10.215657577622551
167.66565143458848,100.24764297652378,31.587575240948723,10.220617872370074
164.34662048984774,100.17457847902743,31.22616832702444,10.227188611690318
156.44894080909634,102.96470410490278,31.162165086293346,10.1262926951752
148.56712461218095,102.78455599932876,30.766518610495197,10.06349418667489
144.75866956628843,103.10031708138523,30.670602927133743,10.199208672552022
138.03780321162293,105.55341157534723,30.997374012319238,10.203234108761329
129.05625193844534,105.41056456891114,31.061995189655896,10.058777791566833
123.78281171522723,107.93875326556736,30.62278306864827,10
121.87733684202013,107.95679863882833,30.156802959715787,10
121.52825212373776,109.89105423880392,29.831292663004138,10
122.05079795707474,109.56700664354139,29.392924424102716,10
123.09939499184372,109.24467840386205,28.965828420894695,10
126.00718733000538,109.14020258528762,28.37482546301621,10
128.30332299844747,109.40674501998001,28.064015841830276,10
129.19891825484672,109.56376670641475,27.66914662572364,10
129.65711765093593,109.63876979393535,27.355338990504787,10
132.7134644272359,109.77194300634437,27.37710302610067,10
135.24249208765536,109.50597444517189,27.34363199862719,10
135.05397669130667,109.26214395803981,26.997141916347445,10
136.52689702051694,109.49332753164344,26.76988388808438,10
139.46789206373612,109.24335505408817,26.6978641805218,10
142.06286777377807,109.22880066992366,26.637545233429833,10
143.94917983655594,109.52714504362666,26.43068338929194,10
146.14028737811324,109.96242401600139,25.996263697260087,10.053177316213969
147.46497158463464,111.91242118240916,25.88462597803441,10
146.83969494839545,112.02761262716376,25.958023994241437,10
150.56849039832986,112.15539109767997,25.996178753247158,10
150.92227548137458,113.83377802433097,26.162511027228778,10
152.347814448174,113.80515842387103,25.944057481371004,10
152.9643604672027,115.49042134234332,25.86697940892031,10
155.5601960337627,117.28839151808643,25.93176035938796,10
159.22824599004682,116.49130798299964,25.10451865070769,10.332048730634996
162.21675976177272,116.29205020145459,24.55208884742923,10.448942271334756
164.47678315112137,115.97428273115843,24.15256456781637,10.610931243394495
166.6702835162652,115.84488005320327,23.745432249546592,10.628401579835545
167.91004021617522,116.34980090553961,23.421099780817798,10.614425875815174
170.07742892026712,115.95164928367984,23.1692743951865,10.6420378181889
156.5866624541836,118.0970316989928,22.417431778037148,10.785316395003182
158.4100058277555,118.10404434288043,21.555682174219132,10.980273425867656
160.2816091658699,118.31328673235933,21.01620894220426,10.986060498687898
162.38097777370882,118.33457420764799,20.341401799310795,11.084191461415847
162.7163272412496,118.70904238568195,20.10716112405022,11.136288542599974
166.9150302447558,118.70147875678454,19.88208978805828,11.180189469548242
165.8212532166171,118.82712789681284,19.725733627050545,11.299264527952587
169.2072449972231,119.19143874313214,19.630313805615096,11.34203726690502
167.93260123327383,117.90818312512434,19.425047777071416,11.319481520651328
170.0435020644477,120.12687231823857,18.868315933220387,11.257022072105974
180.72163535632825,120.04886174951706,19.16612306466923,10.885585793491407
187.80611023563839,120.08175488055261,18.72511005073892,10.848112525587517
196.4072409396693,120.00814851137058,18.464096582740602,10.825206186984335
205.4392808357424,116.05225957728605,18.896425253118775,10.774723808876542
208.24430791665353,115.87239475306018,18.05967173903213,10.833000761004886
215.15494533395218,112.25361737510563,18.084749481644263,10.764066049293122
216.41808474733702,112.1297608167724,18.061279940992158,10.73516852328799
215.05528058399884,99.88286041616303,17.930281545790454,10.724448908246977
220.70539574853308,99.90610824909551,17.767240128159976,10.667182542441404
215.18372674602108,98.08652684896352,17.556460167485767,10.606953023979802
221.1870140392076,96.19026557310261,17.486898253537017,10.473752738253488
224.46254397826328,96.70222860012781,17.947318706846573,10.090183999743397
229.5664852324607,95.19833344980725,18.09368996737259,10
236.10320695711997,93.77525121733197,18.271065724291876,10
241.9310728876818,93.43059913083562,18.423908539681868,10
246.86064087437535,92.04117123052129,18.73895736548912,10
253.49158171828668,92.03403743767126,18.723152261528732,10.094791695004005
258.1009131211842,91.59361784547218,18.88115647843885,10
262.8647202789118,89.78609538204226,18.978272273151962,10.07698211596202
267.88950070651174,89.94931380092748,19.130095008650418,10
272.5189086931034,90.02734641976676,18.99266079511066,10.15194197281453
278.0106853780603,88.01158183352729,18.920345141871586,10.22543639149404
283.9409219590341,87.83403420458018,19.01461822626194,10.189948730267464
290.1750835391657,86.31758735617521,18.81819047462908,10.230824681105725
294.69053637490026,86.22036518974195,18.93111987090903,10.158285564513172
299.2508823110193,85.8820128248934,18.950594281324737,10.241170258752684
302.0731090546504,85.95229681406744,18.732048405909545,10.365684371497665
303.4007310701166,86.11743596093183,18.261303400321907,10.76729359712847
304.2526199909248,85.96188461726487,17.601926012273026,11.365621203066281
304.93167756660154,85.08919814863657,16.61669269065818,12.04380242031402
305.7118847698097,84.4119992874229,15.965904529740431,12.476394105315379
306.8179634244245,84.7133479376865,14.986469026083451,12.97822630479578
307.65054780741684,83.21722053176691,14.72766040948226,13.027625996929757
308.5665874993993,83.48185902508853,14.460673589146545,13.226218103704664
305.68982440348924,71.78908608178354,14.774958371664914,12.53074935713594
304.319181105234,69.8172087431729,14.798822959660885,12.489098350839752
303.1996194679737,71.32407224307738,14.83946467442811,12.416643609789324
306.35677774512527,66.27517478140143,14.680740084846672,12.501090907408807
304.5655481459176,69.55927993411801,14.756935550351878,12.349861822221005
306.0793618555961,71.02960909471017,14.824681999937082,12.198270530989706
304.8459309631915,69.14180946386367,14.904516282686409,12.017834893924775
303.62970563264633,69.02082322038366,15.011371564901001,11.84022960349908
303.830061341527,70.30697474487852,15.02829657144259,11.798525910206994
303.5355964152597,68.5784920364674,15.078770401237826,11.701072047930724
302.4450134254118,66.61443897403839,15.121067333768748,11.636717921934247
305.590337113038,67.09340789319941,15.19402498094674,11.357314472154364
306.4237914243321,69.09657977235449,15.208953678686358,11.325106351127536
305.9781102923801,69.22654766426244,15.213941051786069,11.312758024610877
306.46460862916825,67.51283660901231,15.139446549249286,11.361884475092225
307.3135880673723,65.98574138555637,15.101935985600628,11.391970088401186
305.81715697829145,62.311277952738756,15.146246747365256,11.226977123714144
304.39949161119944,67.04677619971723,15.192340697567897,11.125937599972048
305.17585899450324,68.89929159914081,15.22637777677791,11.065850515266721
303.398846671518,67.38034834642107,15.29032635768485,10.976742649292017
305.02139536419156,65.56890155362768,15.30121423234751,10.924735226272857
303.9808789203367,60.449636218577936,15.439150959168641,10.728399944834257
303.4436426790608,61.817689372378,15.48242339041274,10.64272693915978
302.9704247120754,61.338687233745645,15.496533067154735,10.612144969457177
305.3707450882354,64.45501934142325,15.510138969345146,10.56724015351602
306.3132096859309,64.3517944230576,15.390654648717717,10.663248417283139
304.4133632108763,64.15577685793862,15.388717101848066,10.623982639193999
305.70582411491307,64.24278389276826,15.353800252880987,10.558747925418317
304.69983707623527,65.60962739358074,15.353592571355971,10.530573924281647
303.53019221268744,57.1562248389655,15.437048672658237,10.274001271671297
284.18637043245405,57.71721730395802,16.050236971894527,10
287.4950389152099,56.447237230982864,16.965424115269595,10
292.7471745227445,56.76851309105405,17.56455885265392,10
298.36752947129065,55.410244830098236,17.7255270408888,10
304.8659779148994,55.71106106802472,17.050742237106256,10
306.7480183058717,56.093868431229566,16.066072055824,10.613211057319859
307.73832350292156,49.56995102105655,15.989422843364828,10.472110597819693
307.70901495696626,49.91978132007701,15.988944355144634,10.463659137218508
305.31419301205904,48.21889459477853,15.990307281061432,10.448714104844269
304.18322689155946,47.95074298844467,16.015240487178914,10.387569087722268
303.37696531851986,46.13408503816303,16.037483696467653,10.333755729176046
298.355294445137,39.23613332236208,16.14592325207128,10.078813060924432
301.0165017679472,40.84107366610828,16.11697469760686,10.027801401523456
302.8600361992188,45.3711334244872,16.109374228389456,10
304.7249025611771,46.68805620833882,16.08340999621796,10
303.4357980705484,46.79493260398158,16.089508086133108,10
302.0778133284356,46.762864504155004,16.123923491303007,10
301.13217166702384,46.66276090234169,16.122342706040833,10
299.80197403249633,46.7358551734651,16.125388150190492,10
304.7392973916296,46.86100434898981,16.07831806919206,10
303.87252295858923,46.977321449812734,16.09425526477866,10
305.4349344203418,46.85680438220152,16.06203507107096,10
304.4036121031569,48.18672705828794,16.058425328075558,10
306.0434557894935,48.07285043239244,15.781930618595062,10
304.943353917124,47.76600107192644,15.768162986915092,10
303.3441694514127,47.61535608410486,15.836000845721019,10
303.4952755474511,47.51305878549465,15.839554163249653,10
302.9966056420909,45.72360396772274,15.850891707563097,10
305.7984513471769,40.548832181986654,15.81956605819428,10
303.9459201578576,46.86186433225521,15.945605552464064,10
305.79840079575297,46.61173823862919,15.963204920823069,10
306.43742085952977,40.1841326096619,15.920749886767684,10
303.42968857349393,38.45725289374241,15.951801788703847,10
305.2790254580342,38.37508409857401,15.945802656464092,10
306.536794895785,36.92365413546213,15.911341213594955,10
305.18465242046074,36.705739971395815,15.903219767377633,10
304.0835392092717,39.98537420868524,15.867932409161833,10
305.0431395135439,39.85499934494146,15.8742743936198,10
303.9632324121478,38.166585248109186,15.952015384742067,10
303.19700445854255,32.742560666200006,15.985372633390881,10
300.8308655837331,39.34721164047369,15.899385898604265,10
303.8667334056841,39.11490049600252,15.897963708376583,10
304.98180690520064,45.793034460541094,15.948428224388596,10
302.3905291044392,43.75833287477144,15.954571243514062,10
304.3737348093846,40.50136437654146,15.944617210103372,10
303.30922183275237,40.0359129869903,15.962699607535937,10
306.80453050711697,43.26884667687831,15.470172525988097,10.439674517044041
307.66964098282034,44.706907634563514,15.126185261982187,10.73210500035527
304.6373864996378,46.27121666294435,15.16989935987807,10.480744290700546
305.4063494762771,40.1338725427668,15.401646396444725,10.013172551807582
306.68319939307565,48.20824408173212,15.197621741375386,10
305.33609695004975,46.614062305685366,15.301163909608054,10
306.7672018437626,45.38744306206354,15.139908321019615,10
307.5878826728441,45.81553500532755,15.060149493743445,10
306.01709440398184,47.452999767061556,15.003898692295632,10
306.8754495814921,48.93659013151773,14.951631472536597,10
305.5609528823932,42.554724630113924,14.991083197074145,10
306.29140924447967,47.417482789751375,14.9294616306237,10
307.61441543112863,49.03337949156412,14.98086723179782,10
305.86447600193713,47.44102996229776,14.972751438386373,10
305.0928027509966,47.25078373789438,14.97703758603462,10
306.73966927864046,47.3659889215196,14.888978225357508,10
307.11404715027396,47.224015455838526,14.881353787785105,10
307.88224360900057,48.945703607198084,14.869583668297853,10
309.1216682409299,47.49458990609988,14.136662453526705,10.367264986501212
306.1772713338666,55.610644083615625,14.514803725539071,10
304.38592941592066,49.33957789480337,14.923144929137287,10
307.7407398890205,50.790528265277956,14.161661266262772,10.327895668657765
308.3239869080304,52.468442538438154,13.686318072340084,10.711599831459063
309.11091490430147,49.547357928261015,13.39134041098234,10.814846455835562
305.65043718190617,54.4614461129595,13.899279059660898,10.242837498242789
307.53660992068666,55.92003074059648,13.381202943595884,10.423292544879232
308.51682299931093,49.38396735545963,12.91898793174833,10.74643116360264
310.11909937549734,49.31262918107834,12.311479647301526,11.231133746038314
306.8752958056292,54.07141286658404,12.724704958729696,10.78180654073736
309.23150457472275,42.073940079537095,12.406324190409633,11.006963372765831
307.68087082551915,46.7860497547689,12.772514784519903,10.532699962548799
306.6860910847403,48.48512540399679,13.323949728609552,10
303.54661222288024,48.25353727876791,13.743665013059696,10
305.80003153223026,46.79806874334463,13.974217389385304,10
306.33707087599885,46.97857927918085,14.123488034657662,10
306.65500610551476,45.65316080689081,14.304614567260106,10
305.4706647475046,48.72739505409845,14.343230363953666,10
305.4360504800674,54.90705442070612,14.621965395615176,10
302.68016844622923,49.89079999565729,14.812033658695505,10
304.645315339405,46.754214998480165,15.025751369841617,10
304.8938272737196,45.24338042378076,15.20469942647101,10
305.8393614325754,40.597349187964134,14.852346709726769,10.225725839858352
306.57495742545876,33.95162685023499,14.498802729445668,10.716723051327385
304.8919067898374,39.23771298193345,14.932732417512714,10.364327895169236
308.02586761745505,39.125816860486445,14.230634794107287,10.685139244212916
299.76868394512337,37.903548544779746,14.764913904822889,10.259809504471534
304.78951311100934,38.00575389727601,15.015825687186606,10
308.25388531311216,36.181329416737114,14.165682166464848,10.450850198947046
307.37188818101146,36.23692495630429,14.166843312227558,10.448422598509042
306.1145853142961,25.64547337269595,14.51739298295995,10.025626226541158
307.06841223910277,24.303312216099584,14.529475876319864,10
305.31350513118724,30.51365891486057,14.788705728213607,10
303.7830841521788,31.648524675663793,14.794859232556183,10
305.6639226109402,31.218255315121496,14.790345362823881,10
301.1802911283181,24.8132088521088,14.791213903629597,10
303.1185837535668,24.637345273193205,14.838255314432878,10
305.6582958116327,22.984619695838774,14.840576346006179,10
304.2709373352476,24.558211762603605,14.878687416131738,10
300.4972122305422,22.80300148218521,14.916456877556687,10
299.3826755920618,22.431296307739103,14.92222540598233,10
