146.5,54.5,68,101
149.1121322909437,51.43826145674189,70.95377878359112,97.60982619235118
146.54964530856716,55.698917923175614,73.01107834992195,94.23264825780527
147.23713674597997,53.60683827180106,74.77044792069874,92.40796843015276
149.5578251583894,55.32766536377821,75.81489882796606,91.05539815618687
151.2630225462866,52.23370413441147,76.45895694828981,90.28545156203339
152.65765327355217,54.280810711292894,76.17822992521619,89.51993155974453
153.8928857062294,55.19811629252602,76.59950943509062,88.57612164821289
156.81115595857432,57.4959008594126,76.7713288394584,88.6832807859241
157.72493181975608,54.73668485162064,76.68057754930012,89.20253916030319
161.192527664596,54.676671697851056,76.46329424203601,89.06416627932383
158.31770600608752,57.85142441925083,76.6857640399185,88.68051548129966
159.10581913864087,60.240734881899094,76.50365071941471,88.10754297824435
159.42530222579762,60.58553784655332,76.31716897398383,87.77625123527051
161.59693212157742,61.0654567894672,76.94661740767447,87.8604403203061
165.1639463951111,63.98814030106079,77.25714175901405,87.41802406082131
167.8404480321405,66.76526099562794,77.3172229919438,87.31353834032714
170.07081677004328,64.29947078672492,77.28231492669124,87.21345534031701
176.05744962927076,65.42449345910882,76.26962526567033,87.69017085980703
179.9593697956925,64.27881062280377,75.86234035656346,87.6520382414015
180.9244807944185,59.18758173724616,75.78969985535016,87.37551831323694
183.34951728052883,58.577681850671695,75.34649534092371,86.93766260886207
185.5928363046534,55.043153831975104,74.89518711140015,86.85674000855994
187.65894421977436,58.83106123809392,74.00233757411169,86.33148567071805
189.7641281575007,61.01738353965798,73.30175773500545,86.1151931107418
189.91763718674667,64.32045024565312,73.05353377635107,85.68965509670072
189.52001622862258,67.12049999773664,72.84339530052466,84.78059896945629
188.16062026540055,69.2523811235059,72.34497097368805,83.96946580727327
187.88474303012165,71.10030377774903,72.18995722954328,82.90402664006811
185.46587041472472,71.97927654178076,71.77614654068992,81.6939488273634
181.9117484790067,73.79481607654306,71.65449863508744,80.79886767310674
177.8684086185021,72.2027819882308,71.90820582954633,80.00096697003156
173.53731679999382,71.16176393539341,71.2994896939188,79.231914313423
169.63403628822238,70.42813377619632,71.3030960436946,78.94541739342912
164.4152599148241,68.09270899352092,70.74241118062785,78.51134895569764
160.58908494464345,68.23451945143427,70.35750106544717,78.58812072957583
157.45207127402307,65.11841468924588,69.22614720399017,78.68051253926146
153.77471488413445,65.41669758345046,68.5540970214261,77.71450491377992
148.95688502294024,64.68950781439314,68.81962334385115,77.37139278223972
149.6563476395214,65.39344795194779,68.91040438853611,77.04738244121245
148.48132334729362,64.49794126330893,68.31745551739476,77.0299249732677
148.03796437325582,67.12223253149156,68.01234187672527,76.47361557685606
148.59608491588338,67.83087683037499,67.49291876174601,75.81134348480744
146.23741047568237,68.16522759878703,67.40359840691855,74.99498035144671
145.73294746601232,71.28919137106007,67.39680095938544,74.61323274998534
145.38289559910743,70.54637457362603,66.93663316781229,74.55833196775536
141.84891696044866,72.96684111377049,66.48214619693032,74.08467937071228
140.87609650132032,71.7413702535583,66.79645555219113,73.85967533231705
141.0225083926975,72.36428531755334,67.55304628493205,73.91785786053886
141.5584073827298,71.61715300337214,68.14005057575676,74.08182334987842
140.61217790136408,70.35021027988901,68.20006534750914,74.56246182189959
140.04842884331802,67.98403149845628,68.12842899456899,75.6667707263941
140.71464278868393,65.7083531609345,67.5657022866794,76.81435361680022
139.40315300359273,66.44876652965652,66.99785329507898,78.09421113114145
141.9619538933176,68.72821669385964,66.61734687161682,78.35806184796226
142.06051356449527,71.007567287066,66.32509228006397,78.07743683342454
141.39819497786908,72.28803115636016,66.0257936346442,78.68768266737649
141.51599236252622,75.03601245535809,66.30942464152544,78.82850033137404
141.89903463665672,77.15364475974233,65.9171083334778,78.91754268747982
144.77910773450807,77.85902040001673,65.52545092637986,78.34833871728335
146.19741848796446,76.84208173943,66.31421327337944,78.12162047838297
151.26928299916932,74.19489497351712,66.09454793352585,77.6228612282263
153.26780894589427,70.48485202319661,65.9708314015567,76.63262207851332
155.60472478879322,68.45892279075038,65.48911502261303,75.96952521351076
157.79838875084582,67.4687690383744,65.55419302807326,75.22676924932959
161.01792234461172,63.101730279020515,65.45282000863227,75.10520635666043
165.20574528590083,63.47282469671737,65.55226510658386,74.13742946780184
167.04737304531955,64.3118128226133,65.80303106067731,73.68053852599226
169.71937568763406,64.72975914000399,65.63849774565276,73.31136346223101
171.02535350793443,67.16288708323313,65.07316032824238,73.34646427285527
173.77229112556745,68.70587248352359,64.86885160985254,73.14389796560624
176.04249572615697,71.08991848174287,65.12124283515666,73.39263069145773
177.48005938281358,71.13214272666795,64.95065696662184,72.82534979961666
177.8758093685595,69.25214884047986,64.69477649242926,73.26241510380743
179.48421317289865,70.14215591801289,64.5934073450546,72.65373378489251
181.76934083328683,71.38411485770578,64.323224217424,72.38868392270336
179.42471749235534,69.02190892969875,64.52693289345814,72.23962165762369
177.64958292631496,68.77212112475708,64.57018298257012,72.34358693501801
178.96374308692273,67.02914925990676,64.5277612991262,72.62807387951662
177.11846820591302,68.39573377923341,64.5293390648383,72.19495891419707
173.54764874596657,69.75783012208083,65.22084132320161,72.0874575794391
170.9261400273902,70.58162522390927,65.07685915326815,72.47044980376074
171.17413933080047,71.60838566296508,64.40403025469956,72.66968385233064
169.17559349734975,71.40233545343503,63.77242309576487,72.87022834339888
168.09140290466203,69.73411915426459,63.751603164578405,73.12772817959377
167.92684356776925,68.47170921987804,63.50479070652423,73.35833284603532
165.65160273206806,69.0227115788567,63.285203255612174,73.65308501551392
166.71691649332934,66.18168224244675,63.38031044378292,73.51133024991829
164.82170939629728,66.68379917423223,63.45794964585794,72.68678261974863
163.0225220419776,64.93893342512041,63.46602260240684,72.16559311653793
161.57953603634942,62.18979954251253,63.45275793458601,71.44757946772171
157.40816914489616,63.248869606514305,64.10276605907579,70.57104903229171
153.0036474859685,62.81793639298594,64.26183550760746,70.17584360666442
151.64794684802516,62.40291805081597,63.83450578068647,69.97816818429965
151.6392435842844,65.04664495491522,63.888128917347956,69.4663291145655
153.390809054032,68.14761023503968,63.33952297174928,69.55697725152118
151.83476792391036,71.50145674289422,63.04058089994599,69.39476544079866
151.7485429332268,71.19377830064866,62.64050490322476,69.23558738457018
151.91137505394505,73.03589764814537,62.43378604432371,69.59644270279088
149.0086344304603,74.29445185075178,62.48816818164359,69.69772414247245
150.4631664746486,76.33794678715526,62.29375734682223,69.49333767657164
152.3286669222975,77.23934305922896,62.31286278621076,69.13520579602897
154.21550304887614,75.06229348179933,61.745143654238724,69.28398840730912
154.62975355836457,73.31860644803955,61.480040936863304,68.99029081192586
154.69795146254103,73.50559368609694,61.33194797308691,69.17150743545479
156.5477381826583,72.39065455642313,61.385226972732745,69.21943035727797
158.26677183160132,71.24999324607192,61.51261916466911,69.45728283370855
161.10680841491936,73.42677601299098,61.96941304438922,69.3501572336473
165.22725326316575,73.81829332836533,62.48086747936617,70.08296170278263
166.70088237966667,75.75571049105608,63.40025052939964,69.7302154282434
171.0564432896278,73.37387343749222,64.31533129279032,70.16542645782596
172.17123428616813,73.25611445803992,64.09112110871541,70.47077727070348
170.65807348542285,72.37000117759418,63.349882705017976,70.25731013843395
171.28475212960748,73.43458137184776,62.89885084418091,70.17624283044742
175.1737013399266,71.5568770142392,63.07926493498678,70.45790095438646
177.9609320895291,73.5501738786519,63.92252852199391,70.40925426039686
181.10684607257937,73.08771148691413,64.00852295503279,71.29895124222165
181.99067681555002,72.24900375461476,63.875834756673896,71.677109428378
182.62286398559735,68.95257514808769,63.862736313605325,72.64279798603664
183.72150750053726,67.20920987912575,63.741088531619745,73.13783979562798
184.01592949684107,66.19267669196753,63.34990067874354,73.53579912953914
184.91456465645967,67.89392124922703,63.02848165688485,73.63092416029909
184.6682403593275,70.15278086434337,63.08829100654507,73.60538623118336
185.28106432459825,72.83244493527877,63.317778540671895,73.71934138017559
187.15882213710273,75.13554456245625,63.84614982514778,74.02198611996127
187.43190206805596,76.98588885247248,64.2492523438413,73.72693289683187
187.06890969023857,76.21264286454672,64.25905659610768,73.7600801079739
186.0793156157971,72.64616101155244,64.13620922252973,74.51129990603404
181.06272071256421,70.18629354005093,63.90835452673717,74.70113878046405
178.67690994450155,68.66036818441472,64.11855085381711,74.12134643486694
177.9616033285409,66.77127779727952,64.08428409611443,74.24413170132485
175.69920196073713,64.2545040118064,64.42036517492261,74.00000125942317
175.30525022248324,62.044870342402696,64.71784988946176,73.57406376806092
171.67926310197996,64.4228400577416,65.17546826117513,72.82026104468903
168.66380244588836,66.3162252172518,65.65659394576433,72.45415646663542
162.4984500223369,66.98275481526213,65.76829511549906,71.52248657143797
159.1637917183425,68.84356358734587,65.251191282814,71.6233685408966
157.99843316197718,69.40560026681504,64.80306570793792,71.57183796855647
155.1898240479204,69.64756967861281,64.51373972752481,70.83900047488359
156.0170794672219,68.74970005535701,64.091806451254,71.10421928224724
155.5595777541028,67.58207917523421,64.3416925540936,71.17567758759783
155.1486814405259,67.60636854540735,64.42432559720199,70.94448312006534
154.81984326297103,69.00315810951852,64.64932429589958,70.51021676459385
155.53415707022958,68.67286904170192,64.77047466600166,70.96761023597766
159.13757996036537,67.64704641936882,64.19668409584355,71.4957841252056
160.77021858578416,68.01266127295327,63.72932611838247,70.92669736535288
161.70127347232983,69.49551642732875,63.86230599544524,71.3894755495676
162.42976847715966,71.63697334227174,64.27393828879465,71.18169408967675
164.86063186074097,71.16769728672585,64.68392001009639,72.11481713824183
167.09033978046187,71.55083569442459,64.67322987103299,73.25221850163162
169.238938545814,70.34972911450559,64.47920321206333,73.9901250208446
172.35018625657727,70.56812171434575,64.32523882691373,74.4930312455341
176.28237364932363,67.73542806888969,63.91319463071544,75.38949477698576
178.70010164677794,63.69067763063375,64.28906809595088,76.18752178798862
179.4805934135434,63.565927664434284,64.61032342731862,76.24841474292478
179.47668461252874,63.84050198475946,65.18548223780587,76.5651492738328
179.51640616982135,66.134082755402,65.02129887936854,76.70324465240856
179.82596470672672,68.48607204445753,64.73679670829254,76.67221967994936
180.72926865424333,69.46915460386924,64.62655285840248,76.73829471348496
180.17332981117147,70.71906630100978,64.72208480518157,76.32714038086466
180.33887787738905,72.4957968984501,64.98262652255414,75.52857272732008
180.0465363490436,74.38572281867633,64.695323845736,75.230590822857
177.76282780807037,76.29712958459746,64.7028835592132,75.0658187682181
175.4398934750391,75.89541684938524,64.89042493187974,74.9502507059849
175.1512266946385,75.21191284709133,64.90460528537886,74.72207164258721
174.13091275166056,74.64072913030786,65.10346335684346,74.24499470588435
175.19354935843742,72.63759094744033,65.31706090706842,74.8673635150856
176.30631527551776,68.55471137638663,65.71100801387146,75.67404329623108
173.76962654231534,64.81015009027388,66.05080632149338,76.28698521965288
172.1792951505613,66.15718330114896,65.97190089058496,76.19357649939502
169.5104193598821,66.06095499126198,65.80478301088378,75.93750748178077
166.39051690916133,66.46688598486496,66.02036649203724,75.93245658885886
166.17912987774042,68.45219354102124,65.82500397012026,76.17862595378017
163.98611696155825,69.38540121241051,65.5805690633489,76.78191452373662
162.2472184020345,71.69908110723782,65.12011421019795,77.2677391861389
159.49888857391474,71.32822300358258,64.56444289567327,77.95032178555519
153.9214242882492,68.63506959563375,64.5252291253906,78.23579089393331
151.94150773868535,68.09555174794093,64.55330835069324,77.91249476024791
149.0356551330132,66.50583314426885,64.60083623964982,77.62516251072866
148.573492997384,67.85137463541086,64.54012455500231,76.46414303838574
148.25266026704458,69.17491330025862,64.58086319921767,75.20242213492924
148.7430711159002,70.43930983058516,65.0564454722248,74.90002062815495
152.12031924809597,69.59411642133416,65.29010457282352,75.3135797536714
154.78028058192774,71.99860042413093,65.47846885813235,75.39651896319627
154.5186930507368,75.30103916016907,65.50107630548206,75.02616001910464
157.48735877039977,78.31775195189527,65.46258815457776,74.80444813117833
160.14614574166356,80.877227864434,65.06600897065614,74.28975007502177
160.72113989181622,81.44705145352117,64.80385515969638,73.65591721073599
162.6598126404577,83.11522396870606,64.51001314713938,73.77033182964294
167.76580793161537,84.21822083103652,64.49055701154029,73.57613720204318
172.99622181056264,84.4504729715618,64.3479083842,73.35654497910762
175.52004572579546,82.069318103829,63.87295104064228,74.5005173217662
179.39135237285524,76.16129242264356,63.66530803003104,74.66249020055557
183.0177482644301,76.01222387600964,64.36776746376975,74.45831058049028
186.48126194645823,73.78522440500649,64.26557444648469,74.66618716226706
187.08125988642092,68.92000381607082,64.43274246311998,74.93992610777758
189.6443427095253,70.71032264057033,64.75873193013146,74.32269835944386
195.7534844112795,73.04076271691555,64.45196566987259,74.46742218777146
199.891738718868,74.53009619230556,64.20295434626055,74.38796163690905
202.81514319294263,76.7108590681951,64.24404575058927,74.72015479534724
206.38308724411266,77.71477135027618,63.14625216881807,74.58614207219614
211.78662006617026,77.39520402660908,62.85822853977855,74.4327237715323
213.18390800566266,77.38943513463488,62.191404011196624,74.01768413643812
215.18158498089386,78.83063367145563,61.4406787285656,73.61754442897703
214.81679657377583,77.38527396971247,61.19286197523954,73.3518602908984
216.45472089865066,76.42456693884006,60.76441804388893,72.65373151550027
211.99287272428424,75.3314947581836,60.48858569846897,72.41531676044967
210.3134512699467,77.06628535677376,60.16540031353442,72.07057796858858
211.41318366236743,78.65209137587722,60.56371623319127,71.60507640782916
210.2786360245407,79.1635026691798,61.0774712903007,71.3216033652723
210.73124581284782,79.90012430586324,60.533680510931504,71.177630693178
209.31023501284335,77.23234736050296,60.0358209292235,70.97275308441739
208.72505854887413,76.97637117923857,58.73591156811471,71.29629552243901
207.42064580909283,75.9565037714639,58.21347736788303,71.10717806595466
204.6777768646589,73.43188966242244,58.9394477244022,70.9974797970686
204.7533416479693,73.04774043769251,59.71967285930046,70.5135162502592
203.81383277904212,74.8572106519592,59.900806037523466,69.56816171344947
203.46180785768098,75.31107232517925,59.87427078197916,68.98722929584999
200.57453108045834,78.31995477074587,59.74785435427721,68.4626999927905
199.56387591934833,80.10851392275961,59.486390704939616,67.38468118178974
199.4746982415277,80.02336183647205,57.558413043231596,65.6201341847787
197.09207037927476,79.59910948249691,56.9117577569953,65.88690805013864
195.72866115864878,77.37457118061063,56.819028306630486,66.60061163373908
194.1980986064881,77.17673364023385,56.902066700975624,66.63655000370582
195.02040466779985,77.46829349477701,56.82487339205754,67.11650798283665
197.1492676583867,79.69596957510763,56.03930298186778,67.27061474551526
199.9612411324274,79.64627634941439,56.79566466186864,66.96649676565404
202.53249035410636,80.77586665282905,57.31775371622188,66.22448193889217
204.10482750503647,83.75640095732065,57.261556787484835,65.86928357679616
201.6968392658642,81.2483228282637,57.310021421194335,66.06369825394695
203.27767850734497,83.58026655209505,57.8750005672459,66.309041038523
204.53300507294358,82.28976019893324,58.722019650556696,66.7997095542491
208.81431054579414,78.77887844028078,59.086150304892215,67.04211802242072
211.77866434304556,79.87190014163575,59.66865219830443,66.31904261153969
211.9525824291881,77.11977108826437,60.21627645282675,66.51656234166502
218.53422803501667,73.59973784290982,60.122800876850775,67.60132230237534
221.55138734104065,71.67593976797883,59.98047817163262,68.85035692689246
223.1216509132312,73.67166015185964,59.55783222994927,69.71563374564819
225.95866076260236,75.20570751991568,60.42854319450654,70.4441779751428
228.27927106629676,77.55149839677836,60.95698935423812,70.71682485148337
229.0911548278878,81.4016578196869,61.89760724517953,70.82514600887062
232.09107395578266,86.43026514912725,61.872261539286036,70.95688379597381
232.75620088155773,86.22064172869852,61.207945111441944,71.30265333135937
230.90792328602421,85.70403925159441,60.541476067737264,71.71652996554118
232.22587261062534,85.26244960234494,61.1065990898302,72.11131133794797
232.6698496673656,83.23021570425551,62.10443854305346,72.86250570425622
232.357875031994,79.69386407227884,63.013783614863996,73.37165754227574
229.88761059489445,79.95202083596159,64.16328613522704,72.76765892907716
228.6388921599177,80.41532494378203,64.9292658909609,72.71518930711
229.27566537337842,79.38104733429523,64.90921837589705,72.8860631706072
229.57233742776802,78.64501395988447,64.57391153623333,72.99780839766969
228.31878864192652,81.28763588962991,63.75250836023562,72.22771413153207
225.20803459847446,79.49829452891109,63.96623923308947,72.65771950387916
220.7584481536664,80.93273300118884,63.84843767354792,72.70594990299736
220.03778219264433,83.26501511678516,63.29777521464109,72.2705025884612
218.18539878066497,86.4266569997314,63.73652245585143,72.1357936135233
216.3817470705318,83.58106605750068,64.2272205942879,72.1295577619313
213.26657087091203,78.71653155538601,64.70451932836632,71.83098070140232
213.2847134002028,72.60416816652472,65.0908272375334,71.5841031318959
213.93327496117598,68.7847174124883,65.07440909071525,71.41384536109912
217.54531283803203,64.24147609803833,64.99790108602659,71.94756309742093
222.45910441186015,63.221285974973995,65.20432119612175,72.00347285690867
225.16861533048942,68.18692730366884,65.5521174054331,71.50400153222162
230.13151389340192,70.6818676483714,65.9702457556823,71.9940126198551
233.5162951537152,72.19068835232092,65.69392692936117,72.59044043535997
237.62220652732145,73.87105310211754,65.34362494936053,72.77037751596691
243.5130207111597,81.22521317421374,65.2917405392036,73.49026858393275
248.8453596572107,79.55874242735753,65.1910627768013,73.38623221433338
250.6175885977725,76.5210708865639,64.96646845349326,72.83257844686057
252.77949582546682,71.97067722547831,64.04907780524877,73.19052023375345
255.66387768382566,68.37733794603685,63.502647519775024,73.8630200397372
259.4091552204256,67.27864174403624,62.62133202482216,73.68352583752198
262.39014694019505,66.18903680881054,61.1799593946095,73.16391583225621
263.50889361615594,65.13697652299592,60.016102693726744,72.89963249229487
264.527754360245,62.29251575639235,58.83586012219368,73.1341344126175
262.23179435116975,61.55048626297727,58.08811186641849,72.22472406579897
262.3163101256298,63.51121217231451,57.9387465627056,71.15927243213731
262.27242998536417,64.29986035971734,58.147160889772266,70.25456136588342
261.12757444448926,63.668242023066796,58.3942799228771,69.97871086286159
262.13707207326826,64.15938759945635,58.27214991399923,69.6566578568644
260.1401001396323,63.02249830985224,58.341998627462516,69.15297371520165
260.57317304458576,61.15106040885456,58.57704374220014,69.81025414785802
263.0515557421529,58.84814725501412,58.2485275154618,69.73186395621029
261.02643175702576,60.29099281546736,57.58062868472124,68.0926327962413
261.65873304380364,58.10803969613835,57.34219672254699,68.38108589845524
261.54819091818416,59.32618395019903,57.0304673651395,67.96046101414369
261.66769417645446,62.585640380487206,56.93776673749021,67.19816856067183
262.9550143548788,63.7150437217451,56.19304905672789,66.64275617194114
262.1505783700344,62.10579476350536,55.87836994380564,66.35343968107199
262.4125769078169,60.8746471986295,55.54623452752899,66.30012316226413
261.8795605991489,58.6163271088744,55.205052264875434,66.07735055719792
260.84021941243907,59.08903912963194,55.51860817154403,66.36343989668717
260.5733474586246,61.18702539844148,56.00879141779744,66.25960517263621
261.44415560688276,64.09086467693396,55.60782484528778,65.94809522908507
261.70438752490656,65.31351222646632,55.68837210667134,65.25481190599083
260.3324291931668,64.45635726440132,56.1895757956025,64.69149126257017
256.5172174084112,63.392083061176805,56.6304909270033,64.25710670087955
249.843929119959,61.97795015010878,57.58066228387598,65.12729807252273
243.17874523318608,70.69891395531349,59.16037965153805,65.69468786018463
234.1515802054512,73.09843064898034,61.01110977719823,66.13653591587459
230.33119231947808,71.38386427203088,61.08006147535297,66.14480051143306
222.2537855304523,69.11611366750054,61.244076103209224,66.0383525437054
217.7071834388458,66.09439060952053,61.85220242845105,67.69827281127675
212.72361243375278,63.53035828286648,62.310132898414906,68.40093196226552
210.80609848862113,63.91514226556331,62.22053849139123,68.33580083549872
209.8802563702473,64.0740704828257,62.17431463659374,68.91882956571163
206.82104789879935,68.56582164850981,62.31962138051506,68.98175019271744
204.40878712029394,73.0373636610417,62.578626942500264,70.01750508824693
200.51627515987033,74.71319778715505,62.544466083226595,70.18035557381317
197.89472534027033,73.88072806347145,63.37684585090565,70.50174386227535
193.98895340126694,70.6408646621075,63.82922501409918,71.72967918779989
189.69438707305304,66.77209074920344,64.464132607203,72.31718018819907
185.9240135810566,64.43058806677558,64.77920162412434,72.36239391944882
182.2764055648833,68.12757843092847,65.04573160987056,71.69743807822803
171.82257249320975,68.6212359901595,65.19528007743642,71.72655488744694
161.4468811253032,63.79635925198626,65.19063559156983,71.7895268620234
154.01134725466713,59.28333663816194,64.92433989900411,71.73358661603922
145.86703559132724,56.33718374480908,64.88761341794465,71.50110650262897
140.87783972279084,55.927032257943864,65.09595033781773,71.5244422083693
136.129575570234,57.44541775465329,65.76462830113452,71.83841784657275
133.7827733312486,59.081427464355144,64.68713941057507,71.89908222882005
128.737923803746,61.61036663071644,64.58510891998694,71.8185679593604
127.1545102742044,60.85796129771977,64.77773906821204,72.03277343793766
129.2569767466457,59.44209402778376,64.8480894599688,72.62101084455468
129.25276848908345,60.53481108105552,64.15698437389322,72.51676708568266
124.30518134329935,64.59372704988377,64.05403263549319,72.17605240037602
125.92642284685093,66.16219874582426,64.20033046068066,71.8648810555379
129.46530957026897,66.85741412671099,63.994304984425625,71.34547877667839
133.07218621894333,65.84001567263648,63.758075490787846,71.93291135453566
135.71583105534518,64.97520791035257,63.25282546031818,71.46804622152597
134.06688230582833,68.55631827828387,62.32733905584844,70.87070490308281
136.8496591250531,67.48844562262691,62.125694185099036,70.41124800683141
140.7458582176672,66.96051689526078,62.4684602607351,70.93659289022885
145.58900443792868,67.93376301511391,62.07062664436987,71.23456790897595
150.21602908492346,69.5491864157164,61.75583401847114,70.75563250951963
153.89240216512115,74.74582733474007,62.213240388745945,70.35177060860607
159.20634826818426,79.32023739814088,62.02864461511484,69.96452141228542
163.55190996952965,76.70127238228281,61.84640659603004,70.44759056601082
164.76784531132992,73.53222413059711,62.016844185744894,70.28261862226918
166.36066742498016,67.98041048055192,62.587161376596256,70.50249214580927
165.30941422340175,62.608365685276475,62.72949870283355,70.98581761435089
165.35083979147745,59.00551245991804,62.68138495249156,71.10964969449282
165.86674721279707,55.52596004975252,62.73357606173377,71.46197684682458
164.67810020691857,54.19175620355057,62.155890415363885,70.99955019817929
163.46827167524867,56.330982928957326,62.612177632359696,71.13909363075811
165.39123962519204,62.05924367745857,62.54418772780375,70.35442615292067
167.11281361775028,67.29380594347626,63.05232248232659,70.04997256509915
168.75370928380158,71.20066605149461,62.60347816598629,69.51445249859857
172.27214527544905,82.16348850258825,62.12839092695407,70.45235587521991
182.87010013594045,84.12489660843019,61.71945515921834,70.70462711547081
192.328053519579,94.36252889717241,62.39628368246861,70.89312176955377
191.4539662109799,94.41446260321429,61.91490889170779,70.96777703369949
193.5246295251324,95.3821741485415,62.68776731055245,71.02325255220646
202.6223099864234,105.2581907596323,63.00196029727222,70.94054229755415
203.79414372340213,101.20097053821104,62.61755376386651,71.58527095984857
202.57264319983645,97.49762615924973,62.90266449117365,72.55275979330219
202.47461477153604,94.9463875524389,62.76680766793626,73.67578678109376
199.32620012201056,98.07147687995479,63.38767737989008,73.84498211516721
192.41109688998705,99.56743266464775,63.371983308353634,73.9257286077625
192.82819244160345,92.71603655411133,64.08129930427243,74.07861028348623
189.82458197939718,85.28423408956343,64.95354431849816,74.84350419878807
185.82273548730882,80.78622307576073,65.39521843136752,75.79469399677922
180.01647377277425,76.119389063352,64.90806000618866,76.31760819927
174.80346850055417,72.12501399407395,63.582764970489634,76.39873552364764
175.13404933272193,67.71166899032733,63.02020797036059,76.68147926496658
172.61137042730462,68.73642157516062,62.782360272009456,76.13231360335662
170.07887737983057,67.59069646826521,62.691096843794696,75.72271568139003
168.34564108881082,70.12881466185019,62.1254272635112,74.8650805210267
168.56500888449,72.55870262993666,62.1506739860242,74.0269229510952
167.7204108525557,74.62071849480677,61.717701508938234,73.70873552830078
166.20858044649464,76.04045367081167,61.46659206120316,72.79275677346658
164.57410549843678,75.08109296422448,61.47383846610796,71.77645416358493
164.59823480905627,76.47574908068003,61.387858296639514,70.91440709791016
163.310344971364,75.01496314774226,61.95105495467483,70.56984350960784
162.13071910727658,72.69499588306115,62.47518350150659,70.66873714160066
161.55784060857673,71.03751472379722,62.78752618272892,71.15648092756629
161.05147340812525,68.86242082300365,62.65142110990753,71.66035620626526
159.72120614437972,68.83117366694742,63.20351976818168,72.26621373191682
163.23033658736028,67.22250546201113,62.24670745628667,72.80972487781237
165.6865274609671,64.27892480953791,62.26716414901444,73.24797117802856
168.60947972685423,64.17076867869233,61.733638977439156,72.73497209271198
175.16113047596912,65.0650355455742,61.817220451926694,71.75965671412708
177.82374745983967,69.13251867300099,62.15991565670144,71.35214083006207
185.56409401481167,73.38733269259626,62.33638425940394,71.40276211948482
191.5616466271437,76.77731487088778,62.223937993174935,71.34234265044448
197.4346594583384,78.6453142438215,61.71243896500188,71.109755674444
201.18642961988095,80.47559882267845,61.489548780771706,70.92882342430761
205.81860739412411,81.28079647349952,61.58675214646996,71.0496245261689
210.80602862344668,75.96446772514507,61.001161396809216,71.38645606462583
211.52158754405934,72.37052235171801,60.76063918241492,72.00262668818894
210.58431996995915,69.77251339229886,60.56624632730416,72.14371153589077
208.94901461268176,68.85430561919796,60.40835615112711,72.08463965438108
208.8871818245348,67.84075526940765,60.43647044525363,71.69659614886831
208.68718304536898,68.48179147401831,60.098156057193194,71.51580466730508
209.65089812593766,68.39529946236465,59.35363764971033,71.50299231056937
207.77059228443989,70.3746507216527,59.56222759083882,71.28414794247544
206.88383248558895,71.42073093977174,59.68958157918094,70.75705670484575
204.86741184808125,72.99796393223902,59.945466057550206,70.22548429176484
202.03769103670578,75.99225457194927,60.18062942102378,69.59008914286802
200.02627584908333,75.07541817718715,60.50120407040811,69.32574233247773
198.48023836471006,74.67399434209193,60.39621440101685,68.84965683521057
194.2483528712519,73.93587996061382,60.97656110585918,68.21377641390166
192.52179543062647,73.26795016491609,61.30734889780038,67.59484732045215
194.02581018940083,72.36222913091757,61.38280903669998,67.17409782579661
192.87306971356955,72.21843565141604,61.14270006450389,67.18512710085494
193.0449026238455,72.90902118131814,60.57381405545352,67.17910779447634
192.93706631660464,70.8191261140337,61.05968108121302,67.68940139279036
192.37310659906564,71.6831793528568,61.31343063017882,67.62210741228311
191.8663482345521,75.86880822499803,61.425411490561146,67.46147150180192
192.61475240911838,77.82060294855228,61.39540490400947,67.22315834367963
192.05893098132313,78.64499280449357,61.262923943109804,67.29827906915212
193.03774332003184,80.71106293437397,60.803134544203445,66.08611122913007
194.28699551606712,81.24852830105768,59.147143534567675,64.57039180948718
191.8946625866329,77.99071202039858,59.0150813737218,64.93804129661716
193.39496871390168,77.20463723301248,58.53583428489472,64.71974649730487
194.05814881214306,78.99724800450484,58.00453138516485,64.06843723154182
195.09524532083427,76.22658809543461,57.26510749753554,64.87471829235808
196.43459536595645,72.54691844717478,56.69880126333978,66.44871298820024
198.5759516248378,72.65167956268223,55.398830578310196,67.4158840774597
204.05665330767,71.1403990830179,55.17255752270444,67.42568678178347
210.22174776959153,72.9637913336196,54.74930524436917,67.04264949585107
213.8418396984414,73.69227247670673,54.21770331110794,66.74982707650571
215.53160857557558,75.77736941720784,54.25909022038327,66.01664109955624
216.86370662610136,78.2291223227807,54.44803471190676,64.85004300897631
215.43027246886763,81.07354398675898,54.71576023653353,64.20725833580491
214.05080529413559,84.3992954229816,55.258109665114425,63.963264313457344
212.4016241537646,86.3846451414708,54.962428214166934,63.93359800140262
205.4269498507146,86.26994121979433,55.633096018875335,64.36434418062724
203.62685550308504,83.86297576005802,56.30331897965267,64.94814299713359
195.68785087133077,82.46376293543966,56.402899211789155,65.36090013021123
187.27610568232956,79.39353563364602,56.256397905831605,65.82667068609953
182.1632692696993,77.60834630915582,55.84391097920002,66.31431951864319
178.17996006851925,76.57041206548723,55.869652897642865,66.61094775539289
179.59884881454371,76.05530289822423,56.12469342736823,66.6109642972019
181.46699282690426,77.76526510720059,56.737155040250926,66.83177669756279
184.91448339926916,81.86641900295075,57.49137719599716,66.51217983974777
189.18703556525523,84.1641787414234,57.9123277804069,66.3209114614353
195.6212557397118,87.46888317675015,57.62333517777056,66.22576669753226
196.82467013172,86.85956207115656,57.23074427446096,67.02200086438123
199.22662511672985,85.8715994449881,56.5348140789164,67.33387124611268
198.28116206322323,82.29849852530593,56.55351704712044,67.61500035827365
193.8086473431235,83.02455581313876,56.28569496296681,68.1717237209167
190.46524107194423,78.67120878994618,56.52102711668403,67.92256621243125
189.47874399009612,76.91879742531435,56.23021517572023,67.62315372173947
182.27474645617144,76.89294388422594,56.14010614811059,66.9797831462167
175.85377304067384,77.6635155446129,56.23651903592949,67.30874819145535
176.98943178201347,76.2042675840224,56.19673341169448,67.026411745693
171.9547496924595,78.64561010050394,56.35105089890791,66.28678215172526
169.36402197556328,80.39154256120057,56.00379930526502,65.89595830889955
168.3125738166608,81.17765827938246,55.650819034248556,66.02713058385473
166.85155392565215,80.55500846015798,55.83405566799623,65.96540169027548
164.31935179629878,77.6447581945569,55.82512284860849,65.80061455515684
162.7105265554177,74.98288384988126,55.98238643423721,65.11441928241094
165.5814152480813,71.90922742035843,55.385440706319685,65.0963449878311
165.5456817237524,67.39089710270349,55.411950597753076,64.85199118069714
169.40056121821732,62.070911392125424,55.37813689080567,65.08998124809352
171.72021802390702,60.67043808749271,55.19826112656371,65.39200622459222
175.24185204710216,62.52410141621455,54.90069773105233,65.29692608051525
175.65678009343515,65.34304634146298,54.67354991847287,65.7477780093458
176.58850649831615,68.64151687690314,54.69375337206228,65.70445584639393
173.99442080496343,70.08422758046271,55.22270644745793,65.45965848560047
170.03808897178212,71.64056749260406,56.10088906523656,65.05164479901308
162.61573602278594,71.16286771962582,56.905181106722594,65.28136023861961
155.18315171141927,68.53786493534986,57.33321594039343,65.63363068830557
148.9364266934882,65.7682253678606,58.006093123167226,65.81237944684977
143.3180856285299,59.68456176365416,58.895240119721976,65.9094847543227
138.6178297183831,55.26133097302379,58.612014185193786,66.4400255058105
133.08467169227967,51.4439679000184,58.84281044675124,66.8586309319116
131.5948006636347,46.074260741359694,58.691849054791916,67.24087609792286
127.59332489359,44.09393688199614,59.304323891237516,67.63792971379047
128.93222879824697,45.510833452551836,58.14941261016761,66.7282189710937
130.87098040798458,47.618163359447735,58.62491336942163,66.54274111454677
132.930434163356,49.607882940574804,58.51208934714312,66.07823077004166
134.69466231473604,51.37858640477855,58.434297803065334,65.99973711639917
140.4838546545763,51.156508845417434,58.065749129549346,65.74329649861781
144.20011512413475,54.492455577556186,58.000197299013955,65.27686024488108
147.0672712088974,56.07662260763783,57.85393597177381,64.39928145662941
150.81400767506622,57.907841765295125,56.950912372627116,64.21594384550794
155.30506983528872,56.944100020246665,56.43236436901558,64.3356669777481
152.11139692046913,52.15019303415086,56.62619632841552,64.76617332512282
153.07365356551526,52.118939295164445,55.988845819084965,64.71021914205487
153.87295482542507,54.52283690895128,55.96227861191794,64.84710889678101
156.8484122887161,57.45910906401926,55.60937184115864,65.268775020605
155.28496269691863,59.433884918718235,54.876935363819136,65.24329152371621
156.91948803084728,63.521618456380594,55.23188572211538,65.20768460158973
158.7678905853134,66.91929029258276,55.93159026055254,65.45219116417074
160.6366144851654,67.30749707811363,56.81204664709733,65.82456175372303
163.47216929331933,66.86583806710728,57.609096706387646,66.40629135963619
164.84068799425165,67.43905918192375,58.42471643190335,67.19299214967944
164.31819399090807,63.573453492141056,59.414845225059494,68.02540649402755
165.60275494140083,58.840739674367455,60.60676925684372,69.1311482317476
167.81109862082462,54.220346416078705,61.138688389085,70.01963124338126
164.15194985314878,52.97604769311231,62.03848740835397,70.24565544712655
159.569412920266,52.321336970971856,62.638792482920785,70.79744636438795
158.97142200113507,55.88500034956367,62.37524015293923,71.5575836536826
156.3870451104696,56.789296850197196,61.91584204065448,71.39339470610359
154.6191160535174,60.08432025908912,62.15120596052809,71.83515149626042
154.8414868044283,60.15054456736062,62.65908836245762,72.26197016220338
156.70094579533122,58.4038536641724,63.040211293279995,73.061550088697
155.88244142592794,56.617265657929856,63.87548683630483,73.83776288630783
158.71644143619127,56.7967525369575,63.22241038831843,74.28017131228117
163.4688084570338,52.26828609136517,63.22093600544689,74.82342088437403
169.0021581873352,50.15535896931806,62.30352281498568,74.01383134566186
174.7913913960516,50.889442742341636,62.00555776321451,73.69132121977309
179.96701551193718,51.59900286639916,62.06769396900438,73.44581261258821
182.73809482144532,56.24774444287644,63.03951764597812,73.56947680613024
187.2703182564997,59.16610094184707,62.52447301280779,74.87228206914479
185.626016712016,57.143688584441534,61.842903458113724,75.48239532765703
183.61118480044604,57.29415019296625,61.5670596213415,75.3246688424134
178.30895894246058,54.38954171288321,62.109615966829054,75.36518091137465
180.14041472524488,54.17309736941569,62.144689811950755,75.27440476619451
182.6050478373837,54.451003116480464,61.85721874605936,75.40941366801147
182.99582504560257,51.565104176666026,62.275162863824164,74.96264560678341
186.06970120358315,50.74185697818249,62.36839594138719,75.68206753833071
188.05138630330438,49.48094657820645,62.36382701147595,76.47952727623293
194.63678250105673,49.53683844764526,62.15822931811969,76.24048519187058
193.65236050666007,53.871926254731754,61.42237426745379,75.43204110693343
190.3214150452187,58.082566482281734,60.77481790182331,74.59158168912595
189.80779847575712,64.81142199227321,59.6837796898859,74.34765488697748
181.66162395773247,70.50623200557038,59.27740779392839,73.7001699082957
172.77516011319798,74.44050372843287,58.5052934450335,73.38275198899895
160.2231506357616,70.38552181177572,59.18425022034079,73.27838705644413
152.65899136028062,66.3945418579745,59.37790404504547,73.48727853600701
141.3903819807559,59.64521764949968,60.863799867083166,73.49005540907238
137.85366050940988,56.29206336095227,61.294691387656094,73.56863790813375
134.0681171929224,50.92207889563737,61.86579566360595,73.80278561073621
132.36661872988964,47.70670992184919,62.35188313341834,74.33378333919636
133.40683522161717,48.364011791514635,62.560470449874785,74.38151158629277
134.42849152065844,53.2696752115887,61.74400132808776,74.55525211369836
135.58808685986358,56.83935980970351,61.984129668995095,74.7346876583745
139.45611988215887,63.2038108209765,61.96451669981343,74.39398353469326
140.24424297462673,68.56431946789543,61.239410775574115,73.97570443055267
139.19893439007498,72.16262517035906,61.106723434561054,73.70993399471108
141.57688935148545,74.55782193506901,61.24041521919863,73.86401850026434
144.29815026657906,71.99513363509828,61.79500232532122,74.04447122248972
145.91525036791435,66.99033824730986,62.41095032363937,74.40946875923602
148.4325127610012,62.99634484702198,62.50238064229359,74.62918363674659
150.8074108103032,64.89255728366749,62.80132826851258,74.33677497591894
151.7043535120788,63.64438877523483,62.83142379242872,74.9818229588945
151.84545081602673,64.45790170419531,62.50097774192166,75.34067211146395
151.22091859875312,66.95122458520893,62.51449284575749,75.5431189855451
151.0192921038334,71.19337598486732,62.48511473041235,75.97877143982943
148.6490190045446,74.76854740696747,62.548855909611305,76.10276731785811
147.72939437527134,78.85404591162657,62.22384501915577,76.68016241364244
145.08339037712895,79.86463169864467,62.46082076217516,76.77396962988945
139.9498419956174,77.81569979593579,62.9130247563384,76.95401369691916
135.5887327037858,75.17653807701709,63.40871612595127,76.89495672551584
131.70392444396128,71.14344124504953,64.36640818805026,76.89817450596705
128.2802786146676,67.66941774205642,64.24382641829294,76.7563787156276
129.21672959154864,61.3245909074644,63.87007331020348,76.90834603685022
129.89310739446438,54.009008978860976,64.07550411622955,77.16428387324407
130.1288594377274,52.831201259239876,64.78945368303907,77.18463415287934
128.36209465344277,54.61280803253166,65.39713381389475,76.95232985846252
128.28395142552168,56.0874460792529,65.92670013929336,76.9476924941155
129.56676782865827,59.375744632059316,66.37882331828015,77.14389440354783
128.70203084130384,63.93967624515655,66.7293553994115,77.58736029417466
127.94555899057403,68.47356552462324,67.0113965482664,78.15733808289754
129.26267958272192,70.29146882102754,67.6182757024106,78.46652427077436
127.73018532225113,70.13843073008789,67.5572597658784,78.69140544836928
129.3334775255204,72.03030977260713,67.08107472953331,79.6491501251716
132.44609722433694,70.37460858155185,67.36114443681969,80.24771457278814
134.93049169535888,67.81468183759341,67.65277629403118,80.77945713693794
140.30076998998385,64.7965484741481,67.90918988147806,81.49051186202801
146.26291214585387,61.18228304261333,68.47373136777267,81.96884006930533
152.89955456458893,58.098663570471636,69.0799717149339,82.95441979193954
159.41769658716268,57.53091821538451,69.48825153544801,83.17583637920806
165.03484681587318,58.72491094200936,70.12903404769254,83.72853595975658
169.09061239437207,62.93014481863181,70.22490416632952,83.4723374249565
171.65513407579593,66.91766889819195,70.60877498423741,83.29118212624883
