298,160,48,80
299,164,47,78
298,166,48,80
300,170,48,81
301,172,48,80
303,176,48,80
307,180,48,81
311,183,48,81
316,184,47,78
320,185,47,78
323,185,46,76
325,186,45,75
324,185,46,76
323,185,46,76
322,185,46,76
320,186,44,73
318,188,44,73
318,188,43,72
316,189,44,73
314,187,46,76
312,186,46,76
309,185,47,78
305,186,46,76
301,186,47,79
298,186,47,79
297,188,46,76
299,190,46,76
305,192,47,78
313,195,47,78
321,198,47,78
331,203,46,76
340,206,47,78
348,211,47,79
355,218,46,76
357,226,44,73
352,230,46,76
344,234,46,76
331,235,46,76
316,235,46,76
303,233,46,76
288,231,46,76
277,228,47,78
266,222,47,78
255,216,48,81
247,205,50,84
245,198,49,83
245,188,51,86
251,182,50,84
259,176,52,88
272,175,50,84
288,177,48,81
302,178,47,79
314,178,46,76
326,176,47,78
338,175,47,78
350,174,47,78
363,173,47,78
377,173,47,78
392,175,47,78
406,180,46,76
422,186,44,73
434,193,42,71
443,198,43,72
448,204,43,72
445,211,42,71
436,215,44,73
421,216,46,76
403,215,46,76
386,214,47,78
369,213,48,81
354,213,47,78
344,214,45,75
334,212,45,75
324,210,45,75
313,206,47,78
303,203,48,81
292,196,50,84
284,192,50,84
279,188,51,86
275,187,51,86
269,184,54,90
264,183,54,90
261,183,52,88
258,183,52,88
256,185,50,84
253,185,50,84
250,184,50,84
249,185,48,81
248,185,47,79
246,185,46,76
242,183,46,76
238,181,46,76
236,179,46,76
234,177,46,76
231,176,46,76
229,175,46,76
228,174,46,76
227,174,46,76
262,176,45,75
261,176,45,75
260,177,45,75
258,176,46,76
257,176,47,78
257,178,45,75
258,179,43,72
260,181,41,69
264,183,40,66
234,179,41,69
237,179,43,72
241,179,45,75
245,178,47,78
251,178,47,79
257,177,49,83
262,175,51,86
264,173,54,90
270,174,51,86
271,171,54,90
274,171,52,88
278,171,51,86
282,173,49,83
284,172,49,83
285,172,48,81
286,170,47,78
287,167,48,81
287,165,48,81
289,164,47,79
290,163,46,76
291,162,44,73
290,158,46,76
289,153,46,76
289,150,45,75
288,146,45,75
289,143,45,75
291,141,43,72
292,140,42,71
293,140,42,71
294,139,43,72
296,140,42,71
298,141,42,71
301,142,40,68
303,142,40,68
303,141,41,69
301,141,42,71
301,140,42,71
300,142,40,68
296,141,42,71
293,141,42,71
289,141,43,72
284,141,45,75
280,141,47,78
277,144,47,79
274,145,49,83
269,147,51,86
266,150,51,86
265,153,51,86
264,155,52,88
267,158,52,88
272,163,50,84
279,168,49,83
286,173,49,83
294,181,47,79
302,188,46,76
312,193,47,79
322,198,47,78
333,204,46,76
345,206,46,76
356,205,46,76
365,200,46,76
372,193,45,75
373,183,46,76
374,174,45,75
369,163,45,75
362,154,43,72
350,149,41,69
334,143,43,72
318,143,43,72
301,148,43,72
287,158,45,75
276,169,47,78
269,183,47,78
265,196,46,76
265,206,47,79
268,215,47,79
273,223,46,76
281,231,46,76
290,235,47,78
302,240,45,75
313,239,46,76
329,239,44,73
339,243,46,76
353,239,47,78
364,233,47,78
371,227,46,76
373,220,44,73
367,210,46,76
358,202,47,78
347,196,47,78
334,191,48,81
320,184,50,84
307,180,51,86
292,177,51,86
276,174,50,84
262,172,51,86
251,174,49,83
240,176,47,79
230,176,49,83
220,174,50,84
214,177,49,83
208,178,48,81
203,177,50,84
201,178,50,84
204,180,51,86
207,183,52,88
216,187,54,90
228,193,52,88
245,201,51,86
262,206,50,84
280,211,49,83
295,213,47,79
308,211,47,78
319,208,46,76
325,201,47,79
327,194,47,79
324,186,48,81
318,182,48,81
312,179,48,81
305,177,49,83
299,176,49,83
294,176,49,83
290,174,51,86
288,174,50,84
291,176,49,83
294,174,51,86
301,177,49,83
306,175,51,86
311,172,52,88
317,170,52,88
322,168,50,84
325,164,50,84
326,158,50,84
328,155,48,81
329,150,47,78
328,145,47,79
328,142,48,81
329,142,48,81
330,146,47,78
331,152,47,79
331,162,46,76
330,172,47,78
326,184,46,76
322,197,46,76
318,210,46,76
317,227,44,73
320,242,42,71
286,230,44,73
284,241,43,72
280,254,44,73
280,259,43,72
281,261,41,69
281,263,40,68
281,264,39,65
282,266,37,63
279,264,37,63
276,258,39,65
270,248,40,68
284,267,42,71
283,257,42,71
282,246,44,73
284,233,46,76
289,225,46,76
298,219,46,76
311,213,46,76
324,208,47,79
337,205,47,78
353,202,47,79
369,200,48,81
386,198,47,79
400,196,46,76
406,191,46,76
405,183,47,79
398,174,47,78
387,165,47,79
374,156,47,78
360,147,48,81
345,140,47,79
330,135,47,78
313,131,47,78
296,130,48,81
279,128,50,84
264,129,51,86
248,132,52,88
