446,181,29,26
442,174,29,26
440,171,28,25
439,167,27,24
437,163,26,24
439,167,26,23
436,157,27,24
434,157,27,24
430,154,27,24
433,149,28,25
430,147,29,26
425,143,28,25
422,138,29,26
426,138,30,27
419,129,30,27
418,124,29,26
416,120,28,25
415,115,27,24
414,110,26,24
414,105,25,23
419,100,25,22
414,100,25,23
411,101,26,23
411,97,26,23
400,98,27,24
395,98,28,25
383,100,29,26
376,102,30,27
370,104,32,28
358,102,33,29
351,106,34,31
339,115,36,32
328,121,37,33
335,114,39,34
325,121,39,35
317,126,41,37
305,140,39,35
300,144,40,36
293,150,40,36
290,157,39,34
287,162,38,34
281,172,36,32
276,175,36,32
273,178,37,33
269,182,39,34
264,186,40,36
256,195,42,37
255,201,40,36
255,206,39,35
250,210,40,36
250,216,39,34
247,227,37,33
244,231,36,32
244,237,34,31
242,242,33,29
240,245,32,29
237,253,31,28
236,259,30,27
234,262,29,26
233,268,28,25
232,272,27,24
228,277,26,24
226,278,25,23
224,279,24,22
223,280,23,21
220,281,22,20
217,283,21,19
215,283,21,18
213,282,20,18
212,283,19,17
210,283,19,17
207,281,18,16
205,280,19,17
204,279,18,16
204,279,17,15
200,277,18,16
200,277,17,15
199,276,17,15
198,275,16,15
197,274,17,15
194,271,18,16
