146,53,40,148
144,54,40,148
142,55,40,148
140,57,40,148
139,59,39,145
137,62,39,145
133,62,40,148
132,68,38,142
131,72,36,136
130,73,37,139
129,75,36,136
128,76,36,136
127,76,36,136
127,77,36,134
126,77,36,134
125,73,37,139
125,71,37,139
125,69,37,139
124,68,37,139
123,66,38,142
122,65,38,142
122,65,38,142
122,68,36,136
121,68,37,139
122,71,36,134
123,72,36,134
123,72,36,136
124,73,36,136
126,76,36,134
126,76,36,134
127,75,36,136
128,75,36,136
129,74,36,136
131,71,37,139
132,66,39,145
133,60,40,150
135,58,40,150
137,56,40,150
139,57,39,147
141,57,39,147
143,58,39,147
144,60,39,145
146,64,38,142
148,66,38,142
150,69,36,136
152,71,36,134
153,70,37,139
156,72,36,136
158,73,36,136
161,75,36,134
164,78,34,128
166,78,34,128
167,78,34,128
168,78,34,128
169,77,34,128
169,73,35,131
170,72,35,131
170,70,35,131
170,69,35,131
170,67,36,134
170,66,36,136
171,68,36,134
171,69,36,134
171,70,36,134
172,71,36,134
171,72,36,134
171,73,36,134
171,74,36,134
170,74,36,134
170,74,36,134
169,72,36,134
167,71,36,134
166,69,36,134
164,64,37,139
161,60,38,142
159,56,39,147
157,56,39,145
156,55,39,145
154,54,39,147
152,55,39,147
150,58,39,145
148,59,39,145
147,63,37,139
144,63,38,142
141,64,39,145
139,69,37,139
137,71,37,139
136,74,36,136
134,75,36,136
133,76,36,136
133,79,35,131
131,76,36,136
131,77,36,134
130,76,36,134
130,75,35,131
129,71,36,136
128,69,36,136
127,67,36,136
126,68,36,134
125,67,36,136
125,67,36,136
125,68,36,136
126,71,35,131
126,69,36,136
126,69,36,136
127,70,36,136
128,71,36,136
129,72,36,134
129,71,36,136
130,71,36,136
131,67,38,142
132,65,38,142
134,61,39,147
135,60,39,145
137,61,38,142
139,61,38,142
140,62,38,142
141,64,38,142
143,70,36,136
145,77,35,131
146,81,34,128
146,83,34,126
147,85,34,128
148,87,34,126
150,89,34,126
153,92,33,123
153,94,32,121
154,95,31,116
156,97,31,116
159,95,31,116
161,94,31,116
163,91,31,116
164,89,31,116
165,86,31,116
165,81,32,121
165,75,34,126
166,71,35,131
166,68,35,131
165,64,36,136
165,62,36,136
165,60,37,139
165,58,37,139
165,59,36,134
164,57,37,139
163,56,38,142
162,56,38,142
162,56,38,142
161,56,38,142
161,55,39,145
160,56,38,142
