142,125,91,40
139,126,89,39
135,126,89,39
131,126,87,38
126,126,89,39
121,124,89,39
117,124,89,39
113,124,87,38
109,124,87,38
102,122,89,39
99,122,87,38
94,121,87,38
86,120,90,39
82,120,90,39
76,118,90,39
73,118,89,39
70,117,87,38
63,117,89,39
59,117,87,38
53,117,87,38
45,116,90,39
40,115,90,39
34,115,89,39
27,114,90,39
22,115,89,39
16,116,89,39
10,117,90,39
5,118,89,39
-3,119,90,39
-8,121,90,39
-17,121,92,40
-20,124,90,39
-27,124,90,39
-34,125,90,39
-38,126,90,39
-38,126,89,39
-39,127,90,39
-39,127,89,39
-39,127,89,39
-39,126,89,39
-40,126,89,39
-39,126,89,39
-35,125,87,38
-37,124,90,39
-32,124,87,38
-33,122,90,39
-30,121,90,39
-28,120,90,39
-24,120,90,39
-21,117,89,39
-19,117,89,39
-15,116,87,38
-12,115,87,38
-12,114,89,39
-11,112,90,39
-4,111,90,39
-1,110,90,39
6,108,90,39
10,107,90,39
14,105,92,40
21,106,90,39
25,105,90,39
32,104,90,39
35,103,92,40
41,104,90,39
47,104,90,39
50,104,92,40
55,105,90,39
55,108,90,39
56,109,90,39
55,109,92,40
55,111,92,40
57,113,90,39
58,114,90,39
58,116,90,39
58,117,90,39
58,117,92,40
58,119,90,39
57,119,92,40
58,120,90,39
59,122,90,39
59,123,90,39
59,123,90,39
59,125,90,39
58,125,90,39
58,125,92,40
58,127,90,39
58,127,90,39
58,129,90,39
58,130,90,39
57,130,90,39
58,131,90,39
57,132,90,39
57,133,90,39
56,134,90,39
56,135,90,39
56,135,90,39
58,137,90,39
60,138,90,39
63,138,90,39
64,140,90,39
66,140,90,39
68,142,90,39
69,142,90,39
71,143,90,39
75,145,90,39
79,145,90,39
84,147,90,39
86,147,90,39
92,148,90,39
95,150,90,39
98,149,92,40
104,152,90,39
107,152,90,39
112,153,90,39
116,155,90,39
119,155,90,39
123,155,92,40
127,156,90,39
132,158,90,39
136,158,90,39
139,159,90,39
144,160,90,39
148,161,90,39
152,161,90,39
156,162,90,39
159,162,92,40
164,163,90,39
168,164,90,39
173,165,90,39
175,165,90,39
179,165,92,40
183,167,90,39
187,168,90,39
192,168,90,39
194,170,90,39
198,170,90,39
202,171,90,39
201,171,92,40
205,172,90,39
203,174,94,41
207,173,90,39
209,175,90,39
209,175,90,39
211,176,90,39
212,177,90,39
213,177,90,39
214,178,90,39
213,179,90,39
212,180,90,39
211,182,90,39
210,182,90,39
209,184,90,39
208,184,90,39
205,186,94,41
206,187,90,39
204,188,92,40
203,190,90,39
203,191,90,39
200,191,92,40
202,193,89,39
203,195,87,38
199,196,90,39
197,195,92,40
195,196,92,40
195,196,92,40
194,196,92,40
196,197,89,39
191,196,92,40
190,196,92,40
190,196,94,41
188,195,94,41
188,193,92,40
186,192,94,41
187,191,90,39
184,190,94,41
183,188,94,41
183,187,90,39
182,186,90,39
182,185,90,39
179,183,90,39
180,183,90,39
178,181,90,39
175,179,94,41
174,178,94,41
172,177,94,41
171,176,94,41
169,173,96,42
169,174,94,41
170,172,90,39
169,171,90,39
166,170,94,41
167,169,90,39
165,169,90,39
164,167,90,39
165,167,87,38
160,165,90,39
157,164,94,41
158,163,90,39
160,162,87,38
155,161,90,39
150,160,94,41
150,157,92,40
148,156,94,41
146,155,94,41
146,156,90,39
144,152,92,40
144,153,90,39
143,152,90,39
144,151,87,38
140,150,90,39
137,149,94,41
137,149,90,39
136,147,90,39
135,148,90,39
130,145,92,40
130,146,90,39
128,146,89,39
126,145,90,39
126,145,90,39
127,145,87,38
123,144,90,39
122,144,90,39
120,144,90,39
120,143,90,39
117,143,90,39
116,142,92,40
113,142,94,41
112,141,94,41
109,141,94,41
109,141,94,41
106,141,94,41
105,141,94,41
103,141,92,40
100,141,94,41
99,141,94,41
96,141,92,40
94,141,94,41
93,142,90,39
94,142,90,39
94,141,94,41
95,141,94,41
97,140,90,39
100,140,90,39
101,139,94,41
106,138,94,41
109,138,94,41
114,136,90,39
117,135,92,40
120,134,94,41
124,134,94,41
129,132,90,39
133,132,90,39
134,130,94,41
137,128,96,42
142,129,94,41
144,127,92,40
149,127,94,41
149,127,94,41
155,126,94,41
157,124,96,42
161,124,92,40
165,123,94,41
167,123,94,41
172,122,94,41
174,121,94,41
175,120,94,41
177,121,90,39
179,121,90,39
180,121,90,39
180,122,90,39
180,121,94,41
182,123,90,39
180,123,90,39
179,124,90,39
175,126,90,39
174,127,90,39
170,130,94,41
168,131,90,39
166,133,94,41
161,134,94,41
163,136,90,39
157,139,92,40
157,140,90,39
152,144,90,39
150,144,92,40
147,146,90,39
144,148,94,41
142,148,94,41
141,149,90,39
138,148,94,41
138,147,94,41
132,145,98,43
132,145,94,41
131,144,94,41
128,142,92,40
125,140,96,42
124,140,94,41
118,137,98,43
120,136,96,42
117,135,92,40
115,134,94,41
113,133,94,41
112,130,92,40
111,130,94,41
105,128,98,43
106,129,94,41
105,129,94,41
106,129,92,40
107,129,92,40
108,130,92,40
109,130,92,40
109,130,92,40
112,131,90,39
112,131,90,39
113,131,90,39
116,130,92,40
119,130,92,40
122,130,94,41
126,130,94,41
127,128,96,42
130,126,98,43
135,127,94,41
137,125,96,42
142,123,92,40
144,122,94,41
148,118,92,40
150,116,94,41
149,113,98,43
151,109,98,43
155,109,94,41
154,107,96,42
153,105,100,44
154,106,98,43
155,106,98,43
158,108,94,41
156,108,98,43
159,110,94,41
161,110,92,40
160,111,96,42
161,112,94,41
160,113,96,42
158,113,98,43
163,115,94,41
164,116,90,39
166,116,90,39
164,117,94,41
165,117,92,40
164,118,96,42
162,119,98,43
162,119,98,43
163,121,98,43
166,121,96,42
165,121,98,43
165,121,98,43
169,123,94,41
167,123,94,41
166,122,98,43
166,123,98,43
167,123,98,43
167,123,98,43
168,123,98,43
168,123,98,43
169,124,98,43
169,124,98,43
169,125,98,43
170,125,98,43
170,125,98,43
170,125,98,43
169,125,96,42
170,126,92,40
166,125,96,42
161,126,98,43
162,126,96,42
157,126,98,43
154,126,98,43
152,126,98,43
150,127,98,43
149,126,98,43
147,127,98,43
147,127,96,42
143,127,98,43
144,128,94,41
139,127,98,43
137,127,98,43
137,128,94,41
135,128,92,40
134,128,90,39
131,128,92,40
127,129,94,41
127,128,92,40
125,130,90,39
121,129,94,41
115,128,98,43
112,129,98,43
112,128,96,42
109,129,98,43
109,130,94,41
104,129,98,43
100,129,98,43
101,130,94,41
95,130,98,43
91,129,98,43
91,130,98,43
87,130,98,43
86,130,98,43
82,130,98,43
82,130,96,42
77,131,98,43
74,130,98,43
72,131,98,43
72,132,94,41
70,132,94,41
64,132,98,43
63,131,96,42
60,132,98,43
54,132,98,43
54,132,96,42
51,132,98,43
49,132,98,43
47,132,98,43
43,132,98,43
42,132,96,42
38,133,98,43
39,133,94,41
35,132,98,43
33,132,98,43
31,131,100,44
28,131,100,44
29,132,96,42
24,132,98,43
23,130,100,44
20,130,98,43
18,128,100,44
18,129,96,42
14,128,100,44
10,126,102,45
10,127,98,43
7,125,100,44
6,124,100,44
6,123,98,43
6,121,100,44
7,120,100,44
5,118,102,45
9,116,100,44
10,115,98,43
11,113,100,44
12,111,98,43
13,109,100,44
13,108,100,44
15,106,98,43
15,106,98,43
15,105,100,44
17,105,98,43
16,106,98,43
16,105,100,44
17,106,98,43
16,105,100,44
19,106,98,43
19,107,98,43
19,107,98,43
21,109,98,43
20,109,98,43
22,110,98,43
22,112,98,43
22,113,98,43
25,115,98,43
24,115,98,43
25,116,102,45
26,118,100,44
27,119,98,43
26,120,102,45
26,121,102,45
30,122,102,45
32,123,98,43
31,124,102,45
31,126,104,45
32,126,102,45
35,128,100,44
37,130,98,43
37,131,98,43
39,132,98,43
38,133,100,44
38,133,102,45
39,135,102,45
44,136,98,43
44,137,102,45
44,138,102,45
45,139,102,45
47,140,102,45
47,141,102,45
46,141,106,46
50,142,102,45
51,144,102,45
55,145,98,43
56,147,98,43
57,147,98,43
58,148,100,44
58,150,98,43
60,150,98,43
59,152,100,44
61,153,98,43
63,154,98,43
62,155,102,45
65,156,98,43
65,157,100,44
67,158,98,43
69,159,98,43
70,160,98,43
74,162,94,41
78,163,90,39
80,163,90,39
86,165,87,38
90,165,84,36
92,166,82,36
115,168,85,37
122,168,82,36
85,158,79,34
86,170,77,34
88,171,80,35
89,170,84,36
89,171,84,36
90,171,87,38
88,171,90,39
92,169,92,40
91,171,96,42
94,171,96,42
97,172,92,40
98,173,90,39
97,171,94,41
95,170,98,43
95,169,100,44
95,167,102,45
94,166,102,45
97,165,102,45
102,165,100,44
99,161,104,45
102,164,102,45
105,163,104,45
109,162,100,44
106,161,104,45
108,160,102,45
106,159,106,46
109,159,106,46
111,155,110,48
113,156,106,46
117,154,102,45
121,154,100,44
117,154,104,45
118,149,106,46
118,149,110,48
120,149,108,47
119,146,110,48
119,145,108,47
124,143,110,48
129,144,106,46
129,145,104,45
148,142,108,47
124,143,104,45
158,141,108,47
162,141,106,46
110,140,110,48
109,143,110,48
105,141,110,48
103,141,106,46
97,143,108,47
95,143,104,45
90,142,106,46
87,142,104,45
82,141,106,46
82,141,104,45
82,140,104,45
83,139,100,44
82,138,100,44
80,137,100,44
75,137,102,45
76,136,102,45
78,136,98,43
73,135,100,44
71,134,102,45
70,133,100,44
67,132,102,45
65,132,104,45
64,130,104,45
65,130,100,44
61,129,102,45
58,128,106,46
58,129,102,45
59,129,100,44
55,129,104,45
54,128,104,45
54,128,102,45
53,127,104,45
51,125,102,45
51,125,102,45
47,125,102,45
48,125,102,45
44,125,102,45
43,124,102,45
41,124,102,45
39,124,102,45
40,123,102,45
37,123,102,45
35,122,104,45
33,122,102,45
31,122,102,45
32,122,104,45
33,121,102,45
36,121,102,45
38,121,102,45
43,120,102,45
48,120,102,45
51,120,102,45
55,119,102,45
58,119,102,45
63,119,102,45
65,117,106,46
71,118,102,45
74,117,102,45
79,117,102,45
84,116,102,45
89,115,102,45
90,115,102,45
92,114,104,45
92,112,106,46
96,113,104,45
96,111,106,46
100,112,102,45
102,112,102,45
104,112,102,45
106,112,102,45
108,112,102,45
109,112,102,45
112,112,102,45
114,112,102,45
118,112,100,44
119,112,102,45
119,112,102,45
123,112,102,45
123,113,102,45
125,112,104,45
127,112,102,45
128,112,102,45
132,112,100,44
134,112,100,44
136,111,104,45
140,111,100,44
139,111,104,45
139,110,102,45
137,111,98,43
132,110,100,44
124,110,102,45
119,110,100,44
113,110,100,44
105,109,104,45
101,109,102,45
97,108,100,44
91,108,100,44
85,107,102,45
84,108,102,45
89,108,100,44
96,107,102,45
108,104,106,46
123,104,106,46
136,103,106,46
153,102,104,45
167,101,102,45
182,101,100,44
188,101,100,44
193,100,98,43
198,100,98,43
202,100,98,43
205,98,100,44
205,98,102,45
209,97,98,43
215,98,96,42
214,98,92,40
216,99,90,39
241,99,90,39
226,84,94,41
212,64,98,43
217,62,102,45
201,98,104,45
202,98,100,44
202,99,96,42
201,97,100,44
199,98,98,43
199,98,98,43
201,97,100,44
200,97,102,45
200,96,102,45
202,97,98,43
200,96,100,44
200,96,100,44
199,96,100,44
196,96,102,45
198,96,100,44
197,96,102,45
196,95,102,45
196,95,102,45
195,96,102,45
195,95,104,45
194,96,102,45
194,95,100,44
194,95,100,44
194,96,98,43
191,94,102,45
192,94,102,45
192,94,102,45
192,93,102,45
191,93,102,45
190,93,102,45
187,93,102,45
184,94,102,45
183,94,100,44
180,94,100,44
178,95,98,43
173,95,102,45
170,95,100,44
166,96,102,45
165,97,98,43
162,97,102,45
155,98,102,45
150,98,102,45
145,99,102,45
136,100,102,45
132,101,98,43
125,103,98,43
115,103,102,45
111,103,102,45
104,106,100,44
98,106,100,44
93,107,98,43
83,109,98,43
77,108,100,44
73,110,100,44
72,111,98,43
69,111,102,45
69,112,102,45
71,112,104,45
73,112,104,45
73,112,104,45
78,112,100,44
77,112,102,45
79,112,102,45
82,112,100,44
81,112,104,45
84,112,102,45
88,112,100,44
87,112,102,45
90,112,102,45
92,113,102,45
93,114,102,45
97,114,100,44
97,115,102,45
97,115,104,45
100,115,102,45
101,117,102,45
103,117,104,45
106,117,102,45
107,117,102,45
110,118,102,45
111,118,102,45
114,119,102,45
115,119,104,45
116,119,106,46
121,119,102,45
121,118,106,46
125,119,102,45
130,120,98,43
133,120,98,43
132,120,102,45
137,121,98,43
142,121,96,42
147,122,92,40
153,121,89,39
156,121,85,37
156,118,84,36
162,109,85,37
115,101,87,38
122,101,85,37
132,122,89,39
128,120,92,40
125,119,96,42
122,118,98,43
118,117,102,45
114,116,106,46
112,115,102,45
110,115,104,45
109,114,102,45
106,114,100,44
105,114,100,44
100,113,102,45
97,113,102,45
95,113,100,44
92,114,98,43
87,112,102,45
86,113,98,43
85,113,98,43
81,113,98,43
78,112,100,44
75,112,100,44
75,112,98,43
74,111,100,44
73,111,100,44
72,111,102,45
72,110,102,45
73,110,100,44
72,110,102,45
72,112,100,44
70,111,104,45
71,111,100,44
69,111,100,44
69,112,98,43
69,112,98,43
68,111,102,45
66,111,104,45
66,111,104,45
66,110,102,45
62,110,102,45
58,110,102,45
55,110,100,44
55,110,100,44
51,110,102,45
48,110,102,45
45,111,102,45
43,111,100,44
37,111,104,45
38,110,102,45
38,110,102,45
36,110,102,45
37,110,102,45
37,110,102,45
37,110,102,45
37,110,102,45
37,110,102,45
37,110,102,45
37,110,102,45
37,110,102,45
38,111,98,43
36,110,102,45
37,112,98,43
36,111,102,45
36,111,104,45
38,111,100,44
35,110,104,45
36,111,102,45
36,111,100,44
36,111,104,45
34,111,104,45
34,111,104,45
35,111,104,45
36,110,100,44
36,110,102,45
33,111,104,45
35,111,104,45
33,111,104,45
31,111,104,45
32,111,104,45
29,111,104,45
31,111,104,45
29,111,104,45
31,111,104,45
29,111,102,45
28,112,104,45
29,111,102,45
27,112,102,45
27,112,100,44
26,112,102,45
24,113,102,45
24,112,102,45
23,113,102,45
24,113,100,44
22,113,104,45
19,114,102,45
23,113,102,45
24,114,102,45
25,113,102,45
28,114,102,45
28,114,102,45
32,115,98,43
32,114,102,45
34,114,102,45
35,114,102,45
41,115,98,43
40,114,102,45
41,113,102,45
47,115,98,43
46,114,100,44
47,113,102,45
47,115,104,45
48,114,102,45
54,115,98,43
54,116,98,43
54,114,102,45
56,115,102,45
57,115,100,44
57,115,104,45
59,115,104,45
61,115,104,45
66,115,100,44
66,115,100,44
67,115,104,45
69,115,100,44
72,115,100,44
72,115,100,44
74,115,100,44
76,117,98,43
76,116,98,43
80,117,98,43
78,116,100,44
82,117,98,43
81,117,98,43
81,116,102,45
83,116,102,45
85,118,98,43
88,117,100,44
86,117,102,45
89,118,100,44
90,117,102,45
91,118,102,45
94,119,100,44
94,118,102,45
95,119,102,45
96,119,102,45
98,119,102,45
98,120,102,45
101,120,102,45
102,120,102,45
104,121,102,45
107,121,100,44
107,122,102,45
109,122,100,44
110,123,102,45
112,124,98,43
111,123,102,45
112,124,102,45
115,124,100,44
116,124,102,45
116,125,102,45
118,125,104,45
119,126,102,45
120,126,102,45
123,126,102,45
123,127,102,45
