129,80,64,78
122,80,65,79
115,77,65,79
108,72,65,79
101,67,65,79
96,63,65,79
96,62,65,79
95,63,65,79
94,69,65,79
93,76,65,79
90,81,65,79
87,84,65,79
82,86,62,76
75,86,62,76
69,84,62,76
64,79,62,76
64,75,62,76
65,72,61,74
67,71,61,74
72,71,61,74
78,76,60,73
80,79,59,72
81,81,59,72
86,83,59,72
90,85,59,72
96,87,57,70
101,84,57,70
105,79,57,70
108,70,59,72
116,63,59,72
125,59,60,73
133,59,61,74
138,64,61,74
139,67,62,76
141,69,62,76
143,69,63,77
143,70,66,81
144,72,63,77
143,70,65,79
144,69,65,79
144,66,66,81
144,64,65,79
145,64,65,79
144,66,65,79
143,66,66,81
142,68,66,81
141,68,66,81
141,69,66,81
141,69,66,81
143,68,66,81
146,64,65,79
149,59,65,79
155,57,63,77
159,57,62,76
160,62,63,77
161,70,62,76
159,76,61,74
159,81,61,74
158,82,62,76
155,79,60,73
154,73,60,73
158,68,60,73
166,65,57,70
169,65,59,72
169,69,56,69
170,74,54,66
167,78,53,65
160,80,52,63
154,80,52,63
147,79,52,63
140,74,51,62
135,70,51,62
134,65,50,61
136,63,52,63
137,65,52,63
137,67,52,63
137,70,52,63
137,72,52,63
137,73,51,62
134,74,51,62
130,75,52,63
129,72,51,62
131,68,52,63
135,67,50,61
139,65,51,62
148,69,51,62
153,73,51,62
158,73,52,63
166,71,52,63
171,69,52,63
174,67,52,63
175,66,52,63
178,65,51,62
177,62,50,61
179,58,50,61
180,57,48,59
178,56,48,59
180,59,47,57
182,66,47,57
179,73,46,56
176,77,46,56
172,79,46,56
165,79,46,56
161,75,47,57
160,71,47,57
165,66,46,56
166,65,47,57
167,67,47,57
167,70,47,57
168,74,46,56
169,77,44,54
170,79,43,53
170,81,43,53
170,83,43,53
173,84,43,52
174,79,43,53
173,76,43,52
177,76,41,50
178,79,42,51
178,83,40,49
176,86,41,50
172,89,40,49
169,89,39,48
167,89,38,46
166,88,39,47
163,85,39,47
159,83,38,46
155,80,38,46
152,79,38,46
150,75,39,47
150,68,39,47
147,68,39,47
144,72,39,47
144,73,39,48
144,74,39,48
141,79,39,47
139,80,39,48
137,81,40,49
136,81,39,48
139,80,39,48
146,81,38,46
152,82,39,47
159,82,37,45
164,82,39,47
167,81,38,46
169,83,37,45
168,85,36,44
169,85,36,43
174,82,35,43
171,81,34,42
171,81,33,40
165,80,32,39
161,78,30,37
162,78,30,36
161,82,28,35
159,84,28,34
158,88,27,33
154,89,27,33
167,90,27,33
169,91,27,33
170,93,26,31
167,94,25,31
171,94,25,30
170,94,24,29
170,94,24,29
170,94,23,28
168,95,23,28
163,93,24,30
161,92,25,30
159,91,25,30
153,91,25,30
149,90,25,30
146,91,26,31
144,90,26,31
143,89,27,33
141,88,27,33
141,87,27,33
141,85,28,35
144,84,28,35
145,81,30,36
147,81,30,37
148,80,32,39
149,80,32,39
149,80,33,40
145,80,33,41
143,78,34,42
144,76,34,42
144,75,34,42
145,74,35,43
146,73,35,43
145,73,36,43
148,71,36,43
150,70,36,43
151,68,37,45
145,65,37,45
144,64,38,46
143,66,39,47
138,66,39,48
137,70,39,47
133,67,39,48
135,68,40,49
135,65,42,51
142,63,43,52
145,59,43,53
149,56,43,53
153,56,45,55
158,58,46,56
160,60,45,55
164,61,45,55
166,59,46,56
166,55,46,56
167,52,46,56
170,50,45,55
174,51,45,55
172,55,44,54
171,61,44,54
168,65,44,54
161,68,44,54
154,70,44,54
147,71,45,55
140,69,44,54
139,69,45,55
137,67,44,54
135,63,45,55
138,64,45,55
140,65,46,56
143,66,46,56
148,69,47,57
150,72,47,57
153,75,46,56
157,79,47,57
158,79,48,59
161,76,49,60
162,71,50,61
163,67,50,61
163,65,52,63
165,66,53,65
165,67,54,66
164,67,54,66
164,66,54,66
162,63,54,66
160,58,55,67
160,53,55,67
159,49,55,67
154,42,56,69
153,46,54,66
147,50,55,67
142,52,54,66
141,53,53,65
141,54,53,65
142,54,51,62
140,55,51,62
139,56,49,60
138,55,49,60
139,53,49,60
142,55,48,59
145,59,47,57
145,63,48,59
147,69,47,57
147,72,47,57
148,75,47,57
143,72,49,60
144,66,49,60
147,58,49,60
151,52,51,62
153,56,50,61
155,61,50,61
155,66,50,61
154,67,51,62
152,70,50,61
152,71,49,60
151,72,49,60
151,69,49,60
153,69,49,60
154,69,49,60
148,68,50,61
144,69,48,59
142,71,47,57
138,71,47,57
132,70,47,57
127,68,46,56
122,68,47,57
118,67,46,56
122,66,45,55
123,64,45,55
124,59,47,57
129,59,46,56
132,64,45,55
135,70,45,55
138,74,45,55
145,76,44,54
152,73,44,54
157,69,44,54
160,64,44,54
163,61,43,53
165,58,44,54
167,57,44,54
168,58,43,53
167,59,44,54
167,61,44,54
167,63,44,54
163,65,44,54
160,67,43,53
160,67,45,55
156,66,44,54
155,63,46,56
155,62,46,56
153,60,48,59
153,62,48,59
153,62,49,60
153,63,49,60
155,64,49,60
158,65,49,60
158,65,48,59
157,66,48,59
160,69,47,57
159,71,46,56
154,77,46,56
154,81,46,56
156,85,45,55
155,88,46,56
153,90,45,55
149,89,46,56
150,86,46,56
151,85,46,56
148,82,46,56
150,78,46,56
153,78,46,56
156,78,46,56
159,78,46,56
163,79,46,56
164,80,46,56
167,80,45,55
169,79,45,55
169,74,46,56
169,73,44,54
165,70,45,55
161,68,45,55
157,69,45,55
151,72,46,56
147,75,45,55
143,76,45,55
139,78,45,55
134,79,45,55
130,79,45,55
129,79,45,55
126,77,44,54
127,73,44,54
130,71,44,54
133,73,43,53
135,77,43,53
138,81,43,53
144,87,42,51
149,90,42,51
154,90,42,51
159,89,41,50
165,86,41,50
173,84,41,50
175,84,42,51
179,87,41,50
181,91,41,50
182,94,41,50
179,95,40,49
175,94,41,50
170,92,40,49
169,89,41,50
167,89,40,49
163,90,40,49
162,89,41,50
163,88,41,50
161,89,40,49
160,90,41,50
158,90,41,50
155,90,41,50
154,90,41,50
152,89,42,51
151,89,42,51
153,88,41,50
155,86,41,50
156,85,41,50
160,85,41,50
163,86,42,51
169,89,42,51
172,92,42,51
174,94,43,52
177,95,43,52
179,96,43,52
180,94,43,53
181,91,44,54
181,90,43,53
182,89,43,52
181,88,44,54
183,87,43,52
183,84,43,52
187,81,43,53
190,81,43,53
190,84,42,51
192,88,43,52
194,90,43,52
193,92,43,52
191,92,42,51
189,92,43,52
187,90,43,52
183,88,44,54
179,87,43,53
176,86,45,55
177,88,43,53
175,87,45,55
174,88,45,55
172,86,46,56
169,84,45,55
165,80,46,56
165,77,45,55
164,74,45,55
160,72,46,56
167,71,46,56
171,73,44,54
175,76,45,55
179,79,45,55
181,80,44,54
183,80,45,55
185,80,45,55
184,79,46,56
182,79,44,54
179,76,45,55
180,74,44,54
177,74,45,55
174,77,44,54
173,81,45,55
172,84,44,54
170,86,44,54
164,84,44,54
159,82,44,54
157,80,44,54
153,78,44,54
151,77,44,54
149,76,44,54
146,76,44,54
146,77,43,53
146,79,43,53
147,80,43,53
151,80,43,52
155,80,43,52
160,80,43,52
165,80,43,52
170,78,43,52
172,78,42,51
175,76,42,51
177,77,42,51
178,80,42,51
178,84,42,51
178,87,42,51
177,90,41,50
175,92,41,50
174,94,41,50
171,93,41,50
166,90,41,50
166,86,41,50
160,84,42,51
157,84,42,51
152,88,42,51
150,89,42,51
149,89,42,51
148,87,43,52
146,87,43,52
145,87,43,52
143,86,43,53
139,85,44,54
137,85,44,54
136,85,43,53
132,82,44,54
