310,102,39,50
309,101,39,51
308,100,39,51
306,99,39,51
305,98,39,51
303,96,39,50
303,96,39,51
301,95,38,49
299,93,38,49
298,92,39,51
297,92,38,49
296,91,38,49
296,90,38,49
295,89,39,51
293,88,38,49
293,87,38,49
292,86,39,51
291,86,38,49
290,85,38,49
290,85,38,49
288,84,38,49
288,83,39,51
287,82,39,51
286,84,38,49
284,83,39,51
284,83,39,51
282,82,39,51
280,82,39,51
279,82,39,51
277,82,39,51
276,82,39,51
274,81,39,51
271,81,39,51
270,81,39,51
269,81,39,51
266,81,39,51
266,81,39,51
264,81,39,51
262,81,39,51
261,82,39,51
259,83,39,51
258,83,39,51
257,83,39,51
253,82,40,52
254,84,39,51
252,85,39,51
250,84,41,53
250,85,39,50
248,83,40,52
248,83,40,52
248,82,40,52
251,83,39,50
251,81,38,49
254,80,38,49
254,78,38,49
258,75,37,48
260,73,38,49
264,69,37,48
269,66,37,48
271,65,38,49
274,61,38,49
278,59,37,48
282,56,37,48
288,56,36,46
289,54,37,48
291,52,38,49
294,52,38,49
297,50,38,49
300,49,38,49
302,49,38,49
305,47,38,49
309,45,37,48
310,45,38,49
312,43,38,49
315,42,38,49
317,42,38,49
318,40,38,49
319,40,38,49
321,37,39,50
320,35,41,53
322,35,39,50
324,33,38,49
323,31,39,50
323,30,38,49
323,28,38,49
323,28,38,49
322,27,38,49
323,26,39,50
321,27,38,49
320,25,40,52
320,28,38,49
320,28,39,50
318,27,40,52
320,29,39,50
319,30,38,49
319,30,39,50
319,30,39,50
318,31,39,50
317,32,39,50
316,33,39,50
315,34,39,50
315,36,38,49
314,37,38,49
314,38,38,49
314,37,39,50
314,37,39,50
312,39,38,49
313,40,38,49
313,40,38,49
313,39,38,49
315,38,37,48
315,39,38,49
316,38,37,48
317,39,36,46
318,37,37,48
319,38,36,47
321,38,36,47
321,37,37,48
323,38,38,49
324,39,38,49
326,39,38,49
327,39,38,49
328,40,37,48
330,42,37,48
331,43,38,49
332,45,38,49
333,46,38,49
334,46,37,48
335,47,37,48
334,49,38,49
334,49,38,49
333,51,38,49
333,52,38,49
333,52,38,49
331,52,38,49
330,53,38,49
328,53,38,49
327,53,38,49
326,52,39,50
324,52,39,50
322,52,39,50
320,51,41,53
319,52,39,50
315,52,38,49
314,52,39,50
312,50,41,53
311,51,41,53
310,52,39,50
308,52,38,49
307,52,38,49
308,53,39,50
307,53,38,49
307,51,40,52
307,50,40,52
307,52,39,50
306,51,39,50
304,50,39,50
302,51,38,49
303,49,39,50
301,47,40,52
300,47,40,52
299,48,38,49
297,46,40,52
297,48,38,49
297,47,39,50
296,48,38,49
295,49,38,49
294,48,38,49
294,49,39,50
293,49,38,49
292,49,38,49
292,50,38,49
292,51,38,49
292,51,37,48
292,50,37,48
293,51,37,48
293,51,38,49
294,51,37,48
294,51,38,49
296,51,37,48
297,51,37,48
299,51,37,48
299,51,38,49
301,51,38,49
303,51,37,48
305,52,36,46
307,51,37,48
308,51,37,48
309,53,36,46
313,52,37,48
315,53,36,46
316,55,35,45
318,56,33,43
320,57,33,42
321,57,33,42
324,59,33,42
326,59,33,42
327,61,32,41
328,60,33,43
330,62,33,43
331,61,34,44
332,62,36,46
332,62,34,44
334,64,35,45
335,64,36,46
336,63,37,48
336,66,36,46
337,67,35,45
337,67,35,45
337,69,35,45
337,68,36,46
336,68,37,48
336,69,37,48
335,70,37,48
335,71,37,48
334,72,37,48
334,72,37,48
333,72,38,49
334,72,37,48
334,72,37,48
334,72,37,48
334,71,37,48
335,72,36,46
334,70,37,48
334,69,37,48
333,69,37,48
333,69,37,48
332,68,37,48
331,68,37,48
330,68,38,49
330,69,38,49
329,69,38,49
329,69,38,49
328,69,38,49
327,68,40,52
325,68,42,54
326,69,40,52
325,69,42,54
325,69,40,52
323,70,40,52
323,72,38,49
323,72,39,50
322,73,38,49
320,74,38,49
318,72,40,52
318,75,38,49
316,76,38,49
315,76,38,49
314,76,38,49
311,75,40,52
310,77,38,49
309,77,38,49
307,78,38,49
306,78,38,49
304,78,39,50
302,79,38,49
300,80,38,49
299,80,38,49
298,80,39,50
296,81,38,49
295,81,39,50
294,81,38,49
293,82,38,49
292,82,38,49
291,82,40,52
291,82,41,53
291,84,42,54
291,86,40,52
293,89,40,52
294,91,39,50
295,94,39,50
295,96,39,50
296,100,39,50
295,102,38,49
296,105,38,49
296,107,39,50
295,111,41,53
294,112,41,53
294,116,41,53
293,118,41,53
294,120,39,50
293,122,38,49
294,124,36,47
292,125,36,46
290,123,37,48
301,124,37,48
299,123,38,49
272,120,38,49
271,117,40,52
306,112,38,49
308,107,38,49
308,105,38,49
305,98,38,49
305,95,38,49
307,92,38,49
298,82,38,49
296,78,40,52
295,74,38,49
296,71,39,50
295,69,41,53
308,87,41,53
309,85,39,50
309,83,39,50
306,78,41,53
304,74,43,55
302,68,43,56
301,68,44,57
300,66,46,59
302,62,47,60
305,58,45,58
305,52,47,60
294,66,45,58
295,65,44,57
294,62,43,55
295,64,41,53
295,61,41,53
295,57,40,52
294,55,40,52
295,55,39,50
294,52,41,53
293,48,41,53
292,46,41,53
291,46,40,52
291,45,40,52
291,45,41,53
291,44,41,53
291,43,40,52
291,45,39,50
291,44,39,50
291,46,38,49
291,47,38,49
291,46,38,49
290,47,38,49
290,46,38,49
290,47,38,49
290,45,38,49
290,44,39,50
289,47,38,49
289,47,38,49
290,47,39,50
289,49,38,49
289,49,39,50
287,49,40,52
288,52,39,50
287,55,38,49
286,56,38,49
285,55,40,52
285,57,40,52
284,59,40,52
284,64,39,50
284,65,39,50
282,69,38,49
282,69,39,50
280,73,38,49
279,74,38,49
278,76,39,50
276,79,38,49
274,83,38,49
273,84,39,50
272,86,39,50
270,88,39,50
269,90,39,50
