213,121,21,95
212,119,21,96
211,118,21,96
208,117,21,95
208,115,21,96
207,114,21,96
207,113,21,96
208,112,21,95
209,111,21,95
209,109,21,98
210,107,22,100
214,107,22,100
217,107,22,100
219,109,21,96
218,109,21,96
217,110,20,94
216,110,20,94
216,109,21,96
213,106,22,100
213,106,22,100
214,104,22,100
215,103,21,98
216,103,21,96
216,102,21,98
218,103,21,96
219,103,21,96
219,103,21,96
219,102,21,96
218,101,21,96
219,100,21,96
218,98,20,94
220,97,21,96
221,98,21,96
222,97,21,98
222,97,22,100
222,97,22,100
223,99,21,96
223,98,21,96
223,98,20,94
223,99,20,91
223,99,20,94
223,102,20,94
223,104,20,94
224,107,20,94
224,108,21,98
223,109,21,98
223,111,20,94
222,114,20,91
221,114,20,91
220,115,19,89
215,114,20,91
212,113,20,93
207,111,20,91
204,111,19,87
201,108,19,86
201,106,19,87
200,106,19,87
197,104,20,91
198,106,20,94
199,108,20,91
200,109,20,91
202,111,20,93
203,113,20,91
204,113,20,91
205,112,20,94
204,111,21,96
201,111,20,93
203,110,20,94
205,110,20,94
208,108,20,94
214,108,20,94
221,107,20,94
224,105,20,91
225,103,19,89
221,103,19,89
217,103,19,87
211,103,19,87
204,103,19,89
199,101,20,91
197,98,20,91
196,93,20,93
196,84,20,94
199,77,21,96
201,75,20,93
203,72,21,96
203,68,22,100
205,68,21,98
207,67,21,98
206,68,22,102
205,74,22,102
205,81,21,98
205,87,22,100
206,91,21,98
205,94,21,98
205,99,20,94
208,104,20,93
210,108,20,93
209,111,20,94
208,118,20,93
208,124,19,89
206,124,20,91
205,127,20,91
205,129,20,93
205,130,20,91
207,130,20,91
206,130,20,91
204,128,20,94
205,127,21,96
205,123,22,100
206,123,21,96
206,121,20,94
206,120,20,91
206,118,20,91
207,116,20,93
208,115,19,89
209,115,19,87
209,115,19,87
209,115,19,87
210,116,19,87
210,117,19,86
211,118,19,86
211,120,18,84
212,123,17,81
211,121,18,84
213,123,18,82
215,121,19,86
216,121,19,86
218,121,19,86
220,121,19,86
222,124,19,87
223,123,20,91
224,124,20,91
225,125,20,91
228,128,19,87
228,128,19,86
228,128,19,86
229,128,19,89
230,126,20,93
232,124,21,96
234,124,20,93
233,122,20,94
234,122,20,91
235,121,20,93
235,121,19,89
235,119,20,91
236,121,19,87
235,120,19,87
234,119,19,87
234,118,19,86
234,118,18,82
235,118,17,81
233,114,18,82
236,114,17,81
237,115,17,81
235,112,18,84
235,110,19,86
235,110,19,86
235,111,18,84
234,110,19,86
235,110,19,87
236,109,19,87
237,107,19,89
239,107,19,87
240,106,19,87
239,106,19,87
239,105,19,86
239,107,18,82
240,109,17,81
239,108,18,82
238,108,18,82
236,108,18,82
236,109,17,81
233,107,18,84
231,106,19,86
230,106,19,87
227,103,20,91
227,105,19,87
225,105,19,87
223,105,19,87
223,105,19,87
222,104,19,87
220,103,19,86
219,103,19,86
219,103,19,86
219,103,19,87
220,103,19,87
220,103,19,87
220,103,19,87
219,104,18,84
218,105,18,84
219,107,19,87
218,108,19,86
218,110,18,82
217,111,18,82
217,109,19,86
218,109,19,86
218,109,19,87
218,108,18,84
219,107,19,87
220,107,19,87
219,106,19,86
218,108,18,82
216,108,19,86
215,110,19,87
212,111,18,84
211,111,18,84
210,112,18,82
209,111,18,84
209,110,19,86
209,110,19,86
210,113,19,87
210,115,19,87
210,119,19,87
210,122,19,86
210,127,18,84
210,130,18,84
209,134,18,84
209,136,18,84
209,137,18,82
211,139,17,79
210,138,18,82
211,139,17,81
210,137,18,84
210,138,18,84
210,138,18,84
210,139,19,87
210,139,19,87
211,139,19,87
210,138,19,87
209,139,18,84
208,138,19,86
207,138,19,86
206,138,19,87
205,136,19,87
203,136,19,87
200,135,18,84
200,137,17,81
198,140,17,77
197,139,17,81
197,142,17,77
197,140,17,81
196,138,18,82
199,139,17,81
198,137,18,84
202,138,17,81
206,138,17,81
207,136,18,84
211,138,17,81
212,137,18,82
215,138,17,81
216,138,17,81
216,138,17,81
217,136,17,81
217,134,17,81
218,133,17,77
218,130,17,81
217,126,18,82
219,125,17,79
219,123,17,81
219,122,17,81
217,123,17,79
216,124,17,77
216,124,17,79
213,122,18,82
211,123,18,82
211,124,17,81
211,125,17,79
210,125,17,81
210,126,17,79
210,126,17,79
209,126,17,79
209,126,17,79
208,126,17,79
206,125,17,81
205,125,17,81
200,124,18,82
199,126,17,79
197,124,17,81
196,123,17,81
193,122,17,81
192,121,17,81
191,119,17,81
190,119,17,81
186,116,18,82
185,116,17,81
184,115,17,77
183,112,17,81
182,111,17,77
180,110,17,79
177,109,17,79
175,108,16,76
174,106,17,79
175,103,17,77
176,101,16,74
175,99,16,73
174,97,16,76
174,96,17,79
172,96,17,77
170,96,16,76
168,95,17,77
166,95,17,77
164,94,17,79
162,92,17,81
161,91,17,81
161,90,17,81
160,89,17,81
159,89,17,81
157,90,17,79
156,91,16,76
155,93,17,79
153,95,17,79
151,96,16,76
149,97,16,76
148,99,16,73
148,96,16,76
148,96,17,77
148,93,17,81
147,94,17,79
146,93,17,81
145,93,17,81
144,93,17,81
143,93,17,81
141,92,18,82
139,92,18,82
140,93,17,81
138,91,18,84
138,90,19,86
138,91,18,84
138,90,19,86
139,90,19,86
140,91,18,84
140,93,19,86
141,96,19,86
142,99,19,86
142,104,18,82
143,107,18,82
145,108,19,86
148,109,18,84
154,108,19,87
164,106,19,87
171,103,20,91
173,105,19,87
173,104,19,87
173,104,19,87
172,104,19,87
169,104,19,86
166,104,19,89
162,104,19,89
159,105,19,89
154,104,20,91
152,103,20,93
151,101,21,96
150,100,21,96
148,100,21,96
147,100,21,96
147,100,21,96
146,101,20,94
146,101,20,94
146,101,20,94
144,101,20,94
143,101,20,94
141,99,21,96
141,96,20,94
144,92,20,94
144,91,21,96
143,89,22,100
145,89,22,100
153,90,21,98
157,91,22,102
159,94,22,100
161,98,22,100
163,102,22,100
163,105,22,102
163,109,22,100
163,112,22,100
164,113,22,102
164,115,21,98
165,117,20,94
165,118,21,98
163,120,20,94
162,121,21,96
160,121,22,100
158,123,21,98
155,125,20,94
154,123,21,96
155,120,20,94
155,115,20,94
156,109,20,94
156,104,21,96
157,100,21,96
160,95,21,96
163,90,21,96
166,87,20,94
169,85,20,94
171,85,20,94
171,85,20,94
172,85,21,98
172,87,20,94
171,90,21,96
167,94,20,94
164,99,20,91
161,102,20,91
157,106,20,91
153,110,20,91
148,114,20,91
145,118,20,91
142,121,20,91
141,122,19,89
140,123,20,91
141,123,20,91
143,120,20,94
146,118,21,96
149,117,20,93
149,114,20,94
149,112,20,94
152,109,21,96
154,106,20,94
156,104,20,94
158,104,20,93
158,103,20,91
160,100,19,89
160,98,20,93
161,96,19,89
162,93,20,93
162,90,21,96
161,90,21,96
161,91,20,93
159,89,20,94
157,92,20,91
157,93,19,89
156,94,19,87
152,93,20,91
150,93,19,89
148,92,19,89
146,90,20,93
144,88,20,94
142,89,20,91
143,90,19,87
143,89,19,87
143,86,20,91
144,83,20,91
145,79,20,94
146,77,20,94
146,78,20,91
149,79,19,87
150,79,19,87
152,77,19,87
153,77,19,87
157,77,19,87
162,75,20,91
164,79,20,91
164,85,20,91
165,90,20,91
167,96,19,87
165,98,20,91
165,100,20,91
167,103,19,87
167,103,19,87
167,103,19,86
167,104,19,87
167,105,19,87
167,106,19,87
165,107,18,84
162,111,18,84
161,114,18,84
160,116,19,87
158,117,18,84
156,118,19,86
155,120,18,82
154,120,19,86
154,121,18,84
153,120,19,86
154,120,19,87
154,120,19,87
155,120,18,84
155,121,18,82
155,122,18,82
157,123,17,81
156,123,17,81
156,122,17,81
156,120,17,81
155,116,18,82
154,115,18,82
154,113,18,82
154,109,18,84
154,107,18,82
154,105,19,86
156,104,18,82
159,101,18,82
163,99,18,82
163,97,18,82
164,93,19,86
165,93,19,87
166,92,19,87
166,91,19,87
166,90,19,87
166,90,19,87
166,89,19,87
166,89,19,87
166,89,19,86
166,91,18,82
169,92,17,81
169,92,17,81
170,91,17,81
170,91,17,81
169,88,18,82
169,86,19,86
169,85,19,87
167,84,19,86
166,85,18,82
164,84,18,84
161,85,18,82
160,88,17,79
158,89,17,79
156,89,17,79
154,90,17,79
151,89,17,81
148,89,17,81
144,86,18,82
141,85,18,82
139,82,19,86
139,83,18,82
140,84,17,81
139,84,17,81
137,84,17,81
136,85,17,79
135,86,17,79
134,86,17,79
134,85,17,81
133,85,17,81
133,85,17,81
133,86,17,81
134,89,17,77
135,92,17,81
138,98,17,81
140,104,17,77
143,110,17,77
148,115,16,76
155,118,16,76
157,120,17,77
157,121,16,76
157,119,17,79
156,116,17,79
154,111,17,81
153,107,17,81
154,104,17,79
154,98,17,81
152,92,18,82
153,92,17,81
153,91,17,77
151,89,17,79
151,89,17,77
150,88,16,76
147,86,17,79
138,83,18,82
132,80,18,82
127,77,18,82
121,72,19,86
114,67,19,89
114,61,20,93
130,49,21,96
152,43,22,100
178,35,23,104
214,31,24,109
237,28,25,113
226,25,26,118
218,23,27,122
233,24,28,127
246,18,29,133
246,16,30,138
243,18,31,143
238,18,33,149
229,23,34,155
231,37,35,158
235,44,34,155
234,49,34,155
226,59,35,162
215,76,34,155
200,82,35,162
190,84,37,168
184,86,35,162
179,88,35,158
173,86,35,162
168,88,34,155
170,83,35,158
175,80,35,158
177,77,33,152
181,71,35,158
186,70,35,158
191,72,33,152
189,70,34,155
189,73,33,149
187,75,34,155
183,81,33,149
181,85,31,143
180,86,32,146
175,87,33,152
