1
284.0400,250.7489,44.1363,43.9414
285.9091,251.1488,43.8830,44.4685
287.7271,252.8308,43.7561,44.8325
287.5551,253.0004,43.8014,44.6962
287.6702,256.1347,43.4321,45.2459
287.7127,256.6790,43.3643,45.2228
287.8426,258.2536,43.1425,45.5009
287.2544,260.2792,43.2895,45.8348
285.7536,262.2235,43.3114,46.6326
283.5739,265.2631,43.6008,47.2926
281.7014,264.6621,43.5286,47.9184
279.9781,267.5984,43.2641,48.3721
278.6566,264.8613,43.3582,47.5688
279.5612,267.0481,42.9624,46.8436
277.8730,268.1281,42.7739,46.2802
279.8409,270.7046,42.2594,46.4702
280.4554,271.7218,41.9595,46.3449
278.5464,271.2144,42.2275,46.2302
279.1743,272.9730,42.2279,45.9201
281.4453,272.4370,42.1789,45.6174
280.5232,271.1364,41.9123,45.8483
279.7889,270.1153,42.4201,45.9254
279.4274,270.3979,42.6677,45.7238
278.7397,268.7393,42.3976,45.8276
278.1939,269.2191,42.3468,45.5136
278.3610,272.2268,42.5062,45.6573
276.8924,272.2560,43.2343,45.4733
276.6766,274.4818,43.6650,45.4623
275.9353,271.9201,44.3963,45.4919
273.5818,273.2382,44.4773,45.8991
276.1796,279.2561,44.5774,45.5330
273.9037,278.6562,44.8095,45.7738
272.9107,277.1003,45.1384,45.9468
276.3666,279.1967,44.9407,45.6254
273.3265,276.6765,45.5273,45.4088
274.3138,279.0682,45.5567,45.1135
273.3825,279.9902,45.9161,45.0414
276.0522,276.7028,46.0458,45.1764
273.7019,277.0930,46.2719,45.0941
275.8449,276.1820,45.9602,44.8940
276.4752,277.2821,45.4625,44.7594
276.4429,274.1072,45.0732,45.5904
276.6123,272.6307,44.8662,46.3415
274.4770,269.6896,44.9066,47.0271
275.1704,271.2199,44.6806,46.9235
272.6997,268.4540,44.4184,46.9692
272.1236,268.2679,44.2954,47.3022
269.7351,267.9273,44.6146,47.3113
270.9095,268.5779,44.6411,47.4919
271.6273,270.6071,44.5646,47.8266
270.6135,269.4470,44.7448,47.8288
270.5314,270.3434,45.0365,47.4269
269.4608,270.4863,44.6157,47.7864
269.1749,271.3102,44.4277,48.2849
269.0018,271.2831,44.1929,48.8871
269.0128,270.3508,44.0923,49.4030
266.6195,270.8110,44.1052,49.4038
265.7946,271.6450,44.2083,49.1393
265.0209,271.6226,44.2219,49.2497
265.1375,270.3946,44.2189,49.2098
263.7130,271.3663,44.3194,49.2559
260.2695,272.1664,44.2960,49.2836
259.1045,272.2039,44.1323,49.5352
258.8221,271.9908,44.1747,49.6724
258.2221,272.7088,44.2549,50.1109
257.1957,273.5350,44.2591,50.3099
255.6267,273.7245,44.2319,50.3406
251.5804,272.1660,45.1525,48.9645
249.4730,271.7012,44.9324,49.3795
247.7693,273.3082,44.8632,49.5700
246.6753,271.6118,44.5490,49.6621
244.9480,271.5620,44.2992,49.9354
244.0672,270.7022,44.0662,50.2404
243.3575,270.3911,44.0300,50.4933
241.6910,270.0171,44.0347,50.6048
242.0668,270.4857,44.1936,50.6525
241.8923,270.3710,44.1845,50.8990
243.2219,272.0299,44.6217,50.2134
247.4772,274.7852,45.0774,49.2276
247.1505,272.2290,45.1263,49.6818
247.8834,271.0512,45.0538,49.7466
248.9510,273.3864,45.2068,49.2048
249.8962,273.3359,45.0647,49.5207
250.9764,273.6005,45.0910,49.6903
251.1530,273.8083,44.9602,50.0344
251.2293,274.2068,44.6892,50.2447
250.2179,273.5094,44.5505,50.3711
249.8900,273.7499,44.4636,50.6549
249.3673,273.4439,44.6304,50.7644
248.3237,273.7725,44.8782,50.4551
247.5153,273.5556,45.0063,50.6894
246.7511,274.4991,45.0991,50.4065
245.9439,273.6108,45.0933,50.5260
245.3727,274.0005,45.0085,50.8217
243.9034,269.8831,45.3141,50.5347
240.8763,269.4514,45.5685,50.5347
240.0706,268.4072,45.7100,49.9399
240.0502,265.6844,45.7985,49.9436
236.6055,268.7482,45.5427,49.6551
237.7333,269.0034,45.7085,49.2868
244.4375,280.4564,45.9427,49.1256
255.9057,295.5324,46.8992,48.4867
275.1826,306.8100,48.0413,47.3835
295.1029,315.4265,49.0173,46.7867
285.6589,322.5952,51.5234,44.3099
2
0
0
0
0
1
368.7675,317.4688,46.1452,52.0643
370.8142,317.8516,46.1068,52.0694
365.0502,315.5367,46.3099,52.4814
362.5813,317.9887,46.4039,52.7799
364.6080,321.1378,46.4335,52.7240
360.8661,322.8170,46.2416,52.9625
358.2959,323.4360,46.3685,52.9385
357.4503,323.2442,46.5154,53.1525
357.9759,325.4558,46.5241,53.0102
355.1512,327.2786,46.7713,53.1210
350.1692,326.9149,46.3953,53.2076
346.7554,326.0898,46.6385,53.2442
341.1064,323.2094,47.0986,53.7184
333.2667,318.9938,46.6401,53.4606
327.0594,315.3839,46.8224,53.2896
330.8334,318.2538,46.3893,53.2067
332.0314,319.7700,46.1179,53.4218
330.8631,317.6898,46.1544,53.5481
326.5069,315.4212,46.3890,54.1338
328.1681,315.9318,46.0164,53.4650
325.9375,316.3127,46.0723,53.2348
327.9760,315.2534,45.9967,53.0402
329.6391,308.9566,45.2160,53.4802
321.9920,305.1820,46.1451,54.0021
319.2570,303.2888,46.0919,54.3496
317.9402,305.8233,45.8321,53.8710
316.4778,311.3421,45.2923,54.1978
307.7687,313.4882,44.7215,54.9645
302.7278,316.5913,44.5519,55.0232
302.0257,316.4325,44.5069,55.3351
305.1074,316.3770,44.2988,55.2085
304.1633,316.9224,44.3049,55.3071
303.8332,315.2008,44.4631,55.2723
305.9710,312.2719,44.1967,54.8479
307.4066,306.8395,43.7193,54.7334
309.5226,302.8319,43.7536,54.5598
310.0483,300.1880,44.4584,54.8475
311.9370,290.0681,44.4726,55.1438
314.8658,290.0952,44.0186,55.7310
316.8283,289.5078,43.8046,55.7590
316.1881,290.1229,43.3194,55.8269
317.8000,290.3141,42.8820,55.9835
316.9055,291.8731,42.5258,55.6132
317.6929,285.9432,42.2283,55.9498
320.0654,286.3913,41.9317,55.2903
321.5843,283.8652,41.5188,55.0643
322.7025,282.5450,41.1275,55.0931
323.9738,280.7845,40.9967,54.9910
323.1300,279.9961,40.7353,54.8508
325.7324,273.2740,40.8256,54.1899
326.4877,272.3200,40.5056,53.9062
324.6449,272.9344,40.8257,53.6750
325.8489,271.4915,41.3389,53.2537
326.8265,270.7506,41.5963,53.2803
325.6398,268.8484,41.9952,54.1164
326.4184,268.0781,42.0552,53.7017
326.3665,267.6342,42.1445,53.1877
330.3492,266.0746,41.9809,53.0672
332.7811,265.8100,41.6397,53.2701
333.0318,267.5512,41.3892,52.9811
333.0033,268.7101,41.2887,52.9422
332.9675,268.4854,41.4357,52.6784
334.0087,266.6100,41.1978,52.5739
334.2240,266.9036,40.8332,52.9026
334.9803,262.3802,40.6512,53.0090
333.0888,262.7147,41.0059,53.4499
330.3902,259.2875,41.3178,53.1253
331.6080,254.1909,41.7865,52.8340
333.3339,250.7715,41.8590,52.7535
334.2497,247.6110,42.5787,52.7111
335.2284,245.7598,43.1859,52.4397
337.9383,244.4088,42.7911,52.3811
340.9298,243.6109,43.4875,52.2504
341.3993,243.5334,44.1809,52.1016
346.6993,245.1241,44.1746,51.9104
347.4753,244.9000,43.2806,51.7972
350.9153,242.8128,44.2613,50.7742
351.2288,242.5040,43.7300,50.1448
350.3855,245.4129,43.6937,50.6769
351.7558,243.7819,43.2619,51.1799
353.3045,243.6607,43.3481,51.4425
352.3054,241.9043,43.3238,51.7792
354.1259,241.7266,43.3951,52.4860
354.9941,242.1032,44.1678,52.5842
356.4485,241.3560,44.6731,52.3615
357.5744,240.1233,45.5819,51.8142
361.7166,239.0798,45.6965,51.4797
368.3128,243.9095,46.6905,52.0220
366.8496,243.6986,47.1329,52.5287
365.4502,242.8926,47.0892,52.6821
366.8017,240.9065,47.9167,52.8056
363.2964,237.5239,48.3811,53.0359
363.3665,234.7475,48.0376,53.5446
364.7172,234.2588,47.5323,53.6564
362.3438,236.4711,46.2581,53.5861
362.5287,239.3322,45.2917,53.6591
363.1893,240.0306,44.8164,53.1366
361.0333,241.3186,45.0738,52.6576
357.5446,246.4276,44.7634,52.0644
359.0652,246.0581,44.4409,51.6862
356.4344,248.8745,44.3391,51.4760
352.2421,250.5243,43.9858,51.6272
351.7927,247.7691,43.7302,51.2620
350.5969,245.3361,43.9573,50.7134
356.2278,243.9020,43.8398,51.0353
350.0325,242.4663,43.7913,51.1951
347.6947,243.0505,43.3536,51.0514
347.5512,243.6782,43.4184,50.7847
343.1742,242.7386,42.9954,50.7734
341.6466,241.0493,43.3606,50.5833
339.1540,240.2319,43.7220,50.5957
336.6452,238.9667,43.4566,50.5182
337.0126,238.2488,43.3450,50.3276
336.1704,238.7735,43.4286,50.6483
334.4443,238.3545,42.8807,50.8998
336.1580,237.8811,42.6401,50.4198
336.3654,237.8426,42.0694,49.9946
335.6364,236.0991,42.1305,50.2326
335.9332,234.3821,42.3140,50.2397
337.0427,231.3697,41.9796,50.1876
337.2964,229.0765,41.7297,49.7129
338.9578,227.6995,41.1911,49.6023
339.6454,226.6796,41.0987,49.2942
341.6026,226.5434,40.5380,48.8908
341.7150,227.2281,40.5454,48.6097
339.6779,227.3805,41.1254,48.1868
338.2797,227.6760,41.3258,48.1712
339.6626,226.2282,41.7321,48.1824
338.6022,225.8164,41.5872,47.8846
339.7819,225.1202,41.0533,47.4349
341.0634,221.3633,40.8914,47.0980
345.3075,220.1952,40.5127,46.7787
343.5023,219.4316,40.5323,47.3214
344.9131,218.2259,40.3316,47.4891
343.8547,217.5439,40.5333,47.6387
344.6418,217.2169,40.7734,47.6240
343.8833,215.7355,40.7113,47.9015
345.0125,214.1689,40.3751,47.7159
345.7120,213.8339,40.2822,47.4430
346.0860,213.6591,40.2113,46.7450
345.2363,213.3184,40.3059,46.2083
349.6387,216.4510,40.2744,46.0856
349.8766,211.0114,40.3502,45.9822
350.2407,210.3072,40.6400,45.3974
351.6655,216.0564,39.9961,46.2610
356.3147,215.3728,40.8863,44.9184
360.4589,214.5784,40.6238,43.9144
361.0479,220.7023,40.5544,42.8386
358.2614,232.4263,40.8681,42.2458
357.0349,233.4696,40.0619,42.6319
353.8320,235.2295,39.7268,42.2133
348.4706,237.6415,39.4990,42.0627
346.7685,237.5387,39.3385,42.6066
346.6720,237.7330,38.8222,43.1566
346.4393,238.0701,38.5671,43.5111
348.9676,239.2980,38.7154,44.5109
348.1814,239.4226,39.0588,45.1799
348.0561,238.5774,38.9671,45.6074
348.1220,237.2061,38.9225,45.8026
347.4984,236.1755,38.8797,46.4335
346.4419,240.1181,39.2481,46.4407
347.0808,238.4835,39.6990,46.5749
352.7061,237.4972,40.6813,46.1515
351.3773,236.2068,41.0220,45.4963
351.2833,239.5547,41.1632,45.2942
351.6682,233.4204,41.2772,44.6798
350.2961,237.9169,41.0808,44.5104
350.6377,231.9581,40.6834,43.8705
352.2176,232.6759,40.3836,43.0682
353.6500,233.7339,40.4854,42.2428
358.8883,235.5215,40.7208,41.6821
356.1858,239.0953,40.7827,42.2782
355.4620,236.6767,40.9058,42.5336
357.5201,237.7289,40.6485,43.3267
357.8532,238.0912,40.3805,43.7107
359.4220,236.0227,40.5655,43.8515
360.9785,239.3376,40.5049,44.0755
361.6736,241.6827,39.6338,44.7651
363.9634,242.1780,39.0570,44.5708
367.1782,242.2240,39.0042,44.5971
372.5920,235.4891,39.3685,43.7859
374.1981,236.0642,39.5552,43.5956
375.6343,240.5908,39.7551,43.8068
381.2669,244.7897,39.4402,44.5296
382.3862,240.6486,39.5668,44.0991
382.6456,235.7715,39.3824,43.6624
380.0293,238.1180,39.2813,44.2466
379.7288,239.8753,39.3128,44.3916
379.8976,239.3694,38.8601,44.4794
381.4891,238.8709,38.5421,44.4929
384.6569,238.0704,38.3883,44.6173
385.7528,238.6104,38.2266,44.8078
383.4091,238.4350,37.8645,45.0865
383.5917,238.2850,37.7287,45.2972
383.2610,237.1412,37.7691,44.9960
383.9121,233.3232,37.6839,44.7113
385.6013,233.8067,38.2026,43.9332
384.3170,234.0793,38.1661,43.4906
383.3262,233.7630,38.4100,42.5202
382.9525,232.8341,39.2068,41.9238
380.8141,236.6961,38.9148,43.0891
379.8868,237.4253,38.6587,43.8594
380.0154,236.6099,38.3384,44.8169
381.6513,236.4055,38.2415,44.8559
381.2190,234.9543,38.2499,45.0130
381.8306,236.1547,38.3064,44.8393
383.1119,234.8438,38.2018,44.6879
382.0405,234.1847,37.8900,45.3171
381.9611,236.2194,37.8224,45.2710
382.3410,235.7568,37.4438,45.2199
384.2568,234.0423,36.8372,45.2500
385.9460,228.5495,35.9397,45.1706
385.8445,236.8468,37.3943,44.7912
383.8871,231.7974,37.6992,43.6952
386.6148,230.5334,38.2829,43.0830
384.4957,229.0400,39.4540,42.3580
371.6530,232.8357,40.1011,41.9817
367.6705,235.0422,40.8116,41.2040
363.1330,239.1842,41.0331,40.9750
360.7486,239.1388,40.6812,41.2227
358.5181,240.7879,40.6648,41.7736
358.9490,240.5310,41.1415,41.1915
356.8133,239.1179,41.1893,40.9043
356.9792,241.6716,40.7587,40.9288
355.0010,242.5234,40.4868,41.2186
354.5151,241.7545,40.5670,40.6979
355.0122,240.0284,40.8289,40.5926
356.1709,235.8048,40.0180,40.3124
357.0885,233.6927,39.1347,40.1330
