292.5, 19.5, 139.0, 421.0
2.939001724420534174e+02,1.119464166801697047e+01,1.375260975959803886e+02,4.232421759001110786e+02
2.986614482087808824e+02,3.164732387151897797e+01,1.366712344322765205e+02,4.263757442934000323e+02
3.073589681947548797e+02,1.937559645267410247e+01,1.347860516380629008e+02,4.298835851174179084e+02
3.035790158715956295e+02,3.170578552641035230e+01,1.341277632301821257e+02,4.291368288724112290e+02
3.025489092182598370e+02,1.276138506073576195e+01,1.343560532904701290e+02,4.281594455691412691e+02
2.973494685682552472e+02,1.594754118939451359e+01,1.347176468783820837e+02,4.281363945956982775e+02
2.972333661417098938e+02,1.029524166673178343e+01,1.349213723416264088e+02,4.264275859338093824e+02
2.883748948674727899e+02,1.917291108614483619e+01,1.345303112737676088e+02,4.329438935946170659e+02
2.860846167578609993e+02,1.441545354485037933e+01,1.328805308268840690e+02,4.338126437831019757e+02
2.884430280060171299e+02,1.508043227592554558e+01,1.353485471023919331e+02,4.327177038888246443e+02
2.784729004283742029e+02,3.321225205390044266e+01,1.351159907494989909e+02,4.321018685931287564e+02
2.759359187905847079e+02,1.253449769565895622e+01,1.345044867818834291e+02,4.367974652002367293e+02
2.745083205959750785e+02,2.111317019617260371e+01,1.350460688026639389e+02,4.373878466396391218e+02
2.813742193788660870e+02,9.970016914591980139e+00,1.347985594525192141e+02,4.395034512222095486e+02
2.783824724642245201e+02,1.871649745241080609e+01,1.351684034366789717e+02,4.387461411628072483e+02
2.684750267249286253e+02,1.459412046214862357e+01,1.347082132807493338e+02,4.418075011881009004e+02
2.682704956195220234e+02,1.834846716528861066e+01,1.341374781282812876e+02,4.365063924013430210e+02
2.645917646906329992e+02,1.754265925932719483e+01,1.327549287708493750e+02,4.366236075928053424e+02
2.695064128188541304e+02,1.589680214418885384e+01,1.331125040430325726e+02,4.344429373702622001e+02
2.721619539178103082e+02,1.095481799234795517e+01,1.337428748251617208e+02,4.328836502494444858e+02
2.818578321485617266e+02,8.691424980037197656e+00,1.328508799450797824e+02,4.267664333596372899e+02
2.871669134840331026e+02,9.129296841235998272e+00,1.319026706203895287e+02,4.254164818783361852e+02
2.993968169505550350e+02,1.816670650792173092e+01,1.321492998445721412e+02,4.223238164374818098e+02
3.136007905571245828e+02,2.595070772300243789e+01,1.321116567390990326e+02,4.249814686093711771e+02
3.182055420025578201e+02,4.725525230207568939e+01,1.301937512145656228e+02,4.320339929155801428e+02
3.224157948399334828e+02,2.876943747441126220e+01,1.299437138701976551e+02,4.299067303589949347e+02
3.221206522875021392e+02,1.647852229060447371e+01,1.306857497780541166e+02,4.266595678829805820e+02
3.162892893563362122e+02,2.296227061021573945e+01,1.314330589228565600e+02,4.243796046223591247e+02
3.187178438395743001e+02,1.326555480246656771e+01,1.333382361425987028e+02,4.197668087445713354e+02
3.116727302968487265e+02,1.210064561742140654e+01,1.351700527742535201e+02,4.146901944860300659e+02
3.013186897251963501e+02,2.924675158240134465e+01,1.369303723819136849e+02,4.143966321532381585e+02
2.835874899791396615e+02,2.910453671618404314e+01,1.405165874105260855e+02,4.148171647408782974e+02
2.785641174991050093e+02,2.186418918388707766e+01,1.417197292364401733e+02,4.146112610277012323e+02
2.699991145597373361e+02,1.764403279241059863e+01,1.415626333695699941e+02,4.172362490273289950e+02
2.698328723330145635e+02,1.342353656633454762e+01,1.419242071453292056e+02,4.186099826446422298e+02
2.732570061061181264e+02,1.226407846059248641e+01,1.426493677531137791e+02,4.219907168597808322e+02
2.796382221473032814e+02,1.651244606542428528e+01,1.430129379824499551e+02,4.256439927127393048e+02
2.816025461364213243e+02,1.479879519792808651e+01,1.430168022875391785e+02,4.319416667431113410e+02
2.895666609832450717e+02,9.024036536321887070e+00,1.444705115282177985e+02,4.342725713954253024e+02
2.950141787360492458e+02,1.727106756045884595e+00,1.472874968966328879e+02,4.324599873600910769e+02
2.975165319176616663e+02,1.281507762235963810e+01,1.487012132323826279e+02,4.314418672827370074e+02
2.957837391318432765e+02,7.971613327928253057e+00,1.493610893227800602e+02,4.331802613829217989e+02
2.936090569968944237e+02,8.751491842795132925e+00,1.497603216995198068e+02,4.339110736586079611e+02
2.862426233101481330e+02,6.266410970541016923e+00,1.496686279539328552e+02,4.311679962101535466e+02
2.870288307799812628e+02,6.913122253685116902e+00,1.472844997508741187e+02,4.313969928581140039e+02
2.770375622885180178e+02,2.441656777084006080e+01,1.447887118436639469e+02,4.305551179981205223e+02
2.755089137213672075e+02,2.422458871305371986e+01,1.424347493267814855e+02,4.368208982229156163e+02
2.681635466304234114e+02,2.185551500729599184e+01,1.410798530536519024e+02,4.327466328956310235e+02
2.645187642053397212e+02,1.705027448853260807e+01,1.402569839934494667e+02,4.284969159122227325e+02
2.531025260763316851e+02,3.226556928729891638e+01,1.391355856634528720e+02,4.255616189782643346e+02
2.515376097372796380e+02,2.302586863117278426e+01,1.391496577767528606e+02,4.289951170846450168e+02
2.454257294152511406e+02,2.597618273371847408e+01,1.387936006488982343e+02,4.292962792123478266e+02
2.396019758291446919e+02,2.622828208204919065e+01,1.382532311197561796e+02,4.228326197803653486e+02
2.369346234543010326e+02,3.184597396053572993e+01,1.396044413492560921e+02,4.164421146969457368e+02
2.294185365423804228e+02,2.749187033085456733e+01,1.404641956250626436e+02,4.158263502079560112e+02
2.230436346387375579e+02,4.241660669463911404e+01,1.423314539611569671e+02,4.193618758019201209e+02
2.221702990318654543e+02,3.769019498586521877e+01,1.437948778232547227e+02,4.171909218299415443e+02
2.235950374695734695e+02,3.663498445743036314e+01,1.450237739031610147e+02,4.186408818782625190e+02
2.093218923316047153e+02,3.986051698228854434e+01,1.466084438482879193e+02,4.132731653411956927e+02
1.927761244475853459e+02,3.633194930196987116e+01,1.479414499532407774e+02,4.113046497237446602e+02
1.811097432046828999e+02,4.986703094850997786e+01,1.460859342408034820e+02,4.042262161669925717e+02
1.736540387387318276e+02,4.182068528987690570e+01,1.446193648478154614e+02,4.066467025129452395e+02
1.645816984539949885e+02,3.995735536033706126e+01,1.430907952189249102e+02,4.116478691793521989e+02
1.684663082151949141e+02,3.192383152310898708e+01,1.433272586417764956e+02,4.060946890400876441e+02
1.793543393371176080e+02,3.799268453803074408e+01,1.418861649648256673e+02,4.020959858102319231e+02
1.829691165662371759e+02,4.958626969699020037e+01,1.413583607850593751e+02,3.996209488999057839e+02
1.946343614616706077e+02,4.615956411307143981e+01,1.388186958843292587e+02,4.034320183586063422e+02
1.930477112021561084e+02,4.405527436783165740e+01,1.387771972376325493e+02,4.017369537641554871e+02
1.850574138823533872e+02,3.612566989266855444e+01,1.391644891504924146e+02,4.063723029274943883e+02
1.730369830715389980e+02,1.980678661956613951e+01,1.398244875824238989e+02,4.119404550632988276e+02
1.755055075824262758e+02,2.351151470348338535e+01,1.391803629647936305e+02,4.173662793138603320e+02
1.814378312251139960e+02,2.492356071038028631e+01,1.383464096872917537e+02,4.165742669967218035e+02
1.857321924295783901e+02,2.823454597059426874e+01,1.371469513851134536e+02,4.171042263316405183e+02
1.957580546625139277e+02,2.143051757587443262e+01,1.374724794979776732e+02,4.157838363513658351e+02
1.999631813322656342e+02,3.858777378673454450e+01,1.367863405765040739e+02,4.216136568153877988e+02
2.022658510822875257e+02,2.352644214502464592e+01,1.369316767547134646e+02,4.194062782134316194e+02
2.053903750053272006e+02,2.097932221312566980e+01,1.359611084847449831e+02,4.177796184953203920e+02
2.209273019679495178e+02,3.594160257665268432e+01,1.356205309266878487e+02,4.200727243942429254e+02
2.264488194001140187e+02,2.524136601007978697e+01,1.345710501776542571e+02,4.210153270439902826e+02
2.270326427391756283e+02,3.101747153418415337e+01,1.365812055854074742e+02,4.169195235427786201e+02
2.248452081747666114e+02,2.736389421557259993e+01,1.358133201594769730e+02,4.112706730835661801e+02
2.223925562702341949e+02,3.249271727319921865e+01,1.350061934913995003e+02,4.071748588240868685e+02
2.274097966736805461e+02,2.562849414758028388e+01,1.340987792967504220e+02,4.063395061709057927e+02
2.293529366188751908e+02,2.862543027238353943e+01,1.324755077624554929e+02,4.093459419581034808e+02
2.244977162355072551e+02,3.698243622169420064e+01,1.338988305711225166e+02,4.117929942074313772e+02
2.236143195015645233e+02,4.323973503611787805e+01,1.323637548850315397e+02,4.175461539943555067e+02
2.194413809186624462e+02,3.625660409515262472e+01,1.313153478024836147e+02,4.189421043299603298e+02
2.227240625125555198e+02,3.348774491035214851e+01,1.330382355378542343e+02,4.199414437456275664e+02
2.203498236875815337e+02,3.404882086104956329e+01,1.337647510219696869e+02,4.220214994095403540e+02
2.167516133482716043e+02,3.646948327255927325e+01,1.331261854907201609e+02,4.303267447922094107e+02
2.082878538487735796e+02,2.829461152640351429e+01,1.321296589269720414e+02,4.392858623308466122e+02
1.960994505961691914e+02,2.668713947314367374e+01,1.330660319299835805e+02,4.400535545214345916e+02
1.969140367059028449e+02,3.611342926449913193e+01,1.322753788068907852e+02,4.320334544156523862e+02
2.102012599439679263e+02,2.770523667975555782e+01,1.330847500034901145e+02,4.268012784889481281e+02
2.115234651734633076e+02,2.710702993966219765e+01,1.317446398527268911e+02,4.254704459707522801e+02
2.097023565638999685e+02,3.279876279722452637e+01,1.316422958764800342e+02,4.204807085118532086e+02
2.070626852602775330e+02,2.600471392615281729e+01,1.317194166133025703e+02,4.227590547433765096e+02
2.245465519745659151e+02,4.110401062969435770e+01,1.325225953551359339e+02,4.231655448018696006e+02
2.323066026648358218e+02,3.214610860918807589e+01,1.317285319537220971e+02,4.215598930781116565e+02
2.437392842332625378e+02,2.898686649996466258e+01,1.325794678738754726e+02,4.191968692322884635e+02
2.434969617079529769e+02,3.101169870054485500e+01,1.313856834997318970e+02,4.174245073347138941e+02
2.447667896590943712e+02,2.821239401219378351e+01,1.330625483837345087e+02,4.145433040893457246e+02
2.405494899353607821e+02,3.060451143191926349e+01,1.307910225718022446e+02,4.141986029603745010e+02
2.366447591263931827e+02,4.769030129887553926e+01,1.292956507775670900e+02,4.080029295985322619e+02
2.438669471499977419e+02,2.895175011276822374e+01,1.290631325260732751e+02,4.103748950994090023e+02
2.516319866860798697e+02,3.795675883161769093e+01,1.280647945961819971e+02,4.088957748022129977e+02
2.503762241642862136e+02,2.806536475266091202e+01,1.281242973256976541e+02,4.082668884606148367e+02
2.482589459441308577e+02,3.021933961110539713e+01,1.300222589459857829e+02,4.134260560532961790e+02
2.462957781501877150e+02,3.844151976253229464e+01,1.307345857257360535e+02,4.219449258834990246e+02
2.417197147148696956e+02,3.862627796455862494e+01,1.325690770601782447e+02,4.275338931754302507e+02
2.392383901783986175e+02,2.818983185717917195e+01,1.384190257899883534e+02,4.292177862141637661e+02
2.460742492404305040e+02,2.936683951693146355e+01,1.429598854857487993e+02,4.261887943073636507e+02
2.588037492559204793e+02,1.895220332648966632e+01,1.431436905542561249e+02,4.281001666027980264e+02
2.561726407363879616e+02,2.183887294095498532e+01,1.435821334939712131e+02,4.276504271892360407e+02
2.595336501732188026e+02,2.262914000495834443e+01,1.450831590157563937e+02,4.283396770349231701e+02
2.577736200636853710e+02,1.911187794813076835e+01,1.468780774115313648e+02,4.331951819358555440e+02
2.600155307556538560e+02,1.834924826978857482e+01,1.485515522083195208e+02,4.339544530022300250e+02
2.653900313347017459e+02,1.184142783877166494e+01,1.489809625339883894e+02,4.336362344205992940e+02
2.606294681698011004e+02,5.943164914354866823e+00,1.497459057163592604e+02,4.359527159045036910e+02
2.552982465580362259e+02,-4.792357940288297868e+00,1.524699896793299558e+02,4.489699466304221005e+02
2.578730189799847494e+02,-1.215740358874938920e+00,1.531927869451131414e+02,4.475281367720082244e+02
2.578033569947220371e+02,1.781408065461874912e+00,1.548128030638471273e+02,4.561504571260933858e+02
2.602301016343359947e+02,1.624589622909556397e+01,1.532489942655762718e+02,4.600640139103982733e+02
2.645466714370063528e+02,1.708294773651891774e+01,1.526337036287414435e+02,4.590020594188822542e+02
2.628778461720082760e+02,1.662751431835260973e+01,1.530858221372149899e+02,4.589680314571148756e+02
2.788210906191607705e+02,1.980796596469110682e+01,1.524183426423241201e+02,4.630713930341278228e+02
2.880848249863055344e+02,-2.809408671540779778e+00,1.528296213140404234e+02,4.638040442230955023e+02
2.844110010708462255e+02,1.218906591123231919e+01,1.531188022336431231e+02,4.626570153303764528e+02
2.781104395667151721e+02,-7.755764615185597677e+00,1.549009202293930798e+02,4.676452977516204896e+02
2.648665514761166833e+02,-3.418432630272064898e+00,1.551080205225284203e+02,4.694006693729189124e+02
2.541192392403943359e+02,1.381806369022939407e+00,1.541327429553989816e+02,4.672404331879885717e+02
2.432009746396706760e+02,-1.582398100993876255e+01,1.530104193889019371e+02,4.694129942740369756e+02
2.393532436919140878e+02,5.524739183738716974e+00,1.529044710862034719e+02,4.649507986376585791e+02
2.413424059746527917e+02,-1.978402170294629059e+00,1.520879869595688092e+02,4.663245768825294704e+02
2.401009947857408235e+02,-9.835062857572722805e-01,1.533709048359546046e+02,4.654349702693232871e+02
2.338959224261521683e+02,1.508815317577011683e+01,1.538480919059009580e+02,4.619094625492714385e+02
2.351988801289792264e+02,1.615130206777462263e+01,1.532132637175777745e+02,4.595539048570631167e+02
2.332149477809925031e+02,9.076218420329723813e+00,1.537669023584059573e+02,4.591279079063474455e+02
2.271133705461834893e+02,4.595750095697525239e+00,1.551271546444912985e+02,4.563975279509975849e+02
2.271133193281041258e+02,7.406411907480645596e+00,1.545253989714142335e+02,4.545543434418112270e+02
2.270326976972351645e+02,4.359398099343110289e+00,1.524665477907845741e+02,4.561260138326682068e+02
2.293749025511594937e+02,1.407369023811793340e+01,1.519093744492078883e+02,4.572457121784095762e+02
2.287631564132361746e+02,1.399178761502514590e+01,1.536061125842006732e+02,4.538589557581065037e+02
2.155774830866912168e+02,1.367926686548469206e+01,1.529373515102398073e+02,4.573400718287969084e+02
2.184966346746305135e+02,1.556780918372609790e+01,1.508547961294661661e+02,4.555207501489333595e+02
2.195316177885777904e+02,1.050565757416862311e+01,1.494842153061584327e+02,4.583070483021303403e+02
2.127483552717097268e+02,2.054380309009530947e+01,1.485803957964375002e+02,4.546630006174449363e+02
2.041985712640252189e+02,2.118946039880461285e+01,1.482374131526268570e+02,4.559964018050800405e+02
1.978585403089321062e+02,2.804034253462140214e+01,1.469998801531450852e+02,4.544460857832633565e+02
1.896038093813044156e+02,2.027583770266949159e+01,1.460344904001241275e+02,4.520937153659904197e+02
1.923536393638312916e+02,2.648100168321764158e+01,1.456357415755122418e+02,4.519381586374991002e+02
2.037757000380913155e+02,1.767743657696257742e+01,1.446311244689356101e+02,4.480603664409516114e+02
2.109687910563700370e+02,1.220012607420159156e+01,1.430979487952932061e+02,4.414295611159071768e+02
2.138104902889195387e+02,1.139173140655850602e+01,1.429431801100098482e+02,4.390583941657166633e+02
2.102404799935895596e+02,2.237311028903835108e+01,1.429203007296615056e+02,4.366583290429688873e+02
2.079954055608998829e+02,2.094465108097566031e+01,1.410016871400542584e+02,4.404993802258179016e+02
2.038124982615111946e+02,2.106145934694697530e+01,1.402977490456553937e+02,4.384532949863137787e+02
1.966996586589341689e+02,1.453046706111504704e+01,1.395554869666297577e+02,4.454003069665774888e+02
1.896872937500471608e+02,1.845794450952189436e+01,1.378563016843060893e+02,4.427425213736578371e+02
1.890156013824785077e+02,1.786425766207571542e+01,1.387418864483397556e+02,4.383274470819474118e+02
1.886500041803733438e+02,2.753875479085417055e+01,1.386223183809933914e+02,4.340299092758065171e+02
1.939539008756034946e+02,2.216981419461467340e+01,1.377460094036800911e+02,4.369409300404290661e+02
2.016011627201725105e+02,3.144885144062834570e+01,1.362291851850620787e+02,4.300512439151009403e+02
2.037011120057625817e+02,2.835836298071222927e+01,1.361789691357020331e+02,4.310861045782193059e+02
1.954258710026980452e+02,3.557867948551933068e+01,1.358191585164038599e+02,4.280770330386368414e+02
1.928720680010553679e+02,3.775790968442001372e+01,1.348073377923942928e+02,4.230426154677264208e+02
1.919318370631519883e+02,3.492551540054546422e+01,1.366477076171717897e+02,4.233287891329791819e+02
1.885007064864794302e+02,3.736461860515390754e+01,1.360529260764251376e+02,4.201982366849439359e+02
1.858195806376104713e+02,3.888660697864128224e+01,1.351042780396659850e+02,4.197707152545127656e+02
1.920963995683165706e+02,1.937173245181267589e+01,1.345788040881658958e+02,4.286968685745274001e+02
1.988395500109781153e+02,3.782898593874631388e+01,1.335369011291733727e+02,4.190668750741708664e+02
2.045142960017312248e+02,3.959370466288294210e+01,1.325942609161608061e+02,4.180729155025608179e+02
2.107313607344915454e+02,4.361621840059927990e+01,1.316352157554497069e+02,4.125678541335429372e+02
2.172680969192566636e+02,4.745926835356334550e+01,1.317192140890444705e+02,4.050364529571298817e+02
2.156308579836404533e+02,4.113814100275320129e+01,1.320435525569337187e+02,4.067286401386085686e+02
2.210911326688865870e+02,3.869252801798049290e+01,1.318392164127598107e+02,4.088295606128918394e+02
2.202136924351857488e+02,4.014480333473787255e+01,1.309160320570108240e+02,4.138570387498238574e+02
2.235127177354451078e+02,5.212437103268752026e+01,1.312749778973795571e+02,4.128378314087341323e+02
2.144966545783149172e+02,3.851937162149320670e+01,1.316331234987493417e+02,4.204376465153024469e+02
2.122783195241287046e+02,5.553114480192905944e+01,1.312889646543324602e+02,4.122773222766231243e+02
2.062088365925798428e+02,4.845444990913324546e+01,1.300800120069931722e+02,4.068930648149002991e+02
2.005444658819397148e+02,4.608069878385128959e+01,1.312590027187397368e+02,4.092393782150613788e+02
1.941043751789210887e+02,4.333711057327741401e+01,1.306075259521695671e+02,4.110879404585052725e+02
1.903661290304628153e+02,5.090140983917598305e+01,1.301706118770158014e+02,4.064736994935416305e+02
1.912181637773685736e+02,5.028251354677632889e+01,1.304595881900890504e+02,4.041645827460655482e+02
1.863622955700054149e+02,5.628077027643269048e+01,1.306850060165585035e+02,4.035556635097752860e+02
1.804567125303815089e+02,5.528149294009699588e+01,1.324267760768244102e+02,4.084337419365665482e+02
1.734648634267412604e+02,5.625898974547573061e+01,1.320263151959701133e+02,4.069097343726001554e+02
1.781759304500729399e+02,5.142662803758719292e+01,1.307054489639430130e+02,4.033205534457258636e+02
1.855132270459744745e+02,5.787106071546247676e+01,1.319365736218713607e+02,3.997651155191745147e+02
1.829582857933818332e+02,6.540079747842082725e+01,1.302079127119871202e+02,3.972027695262167981e+02
1.899085228682332058e+02,5.849325741658012134e+01,1.285683457354410848e+02,4.019969727654377607e+02
1.882711112734826315e+02,6.378105635921951944e+01,1.297886020647432588e+02,3.971853781569839157e+02
1.904340175437598646e+02,5.711432059390875793e+01,1.288614334946782947e+02,3.937551120090776067e+02
1.919717554865783882e+02,6.398855521160018611e+01,1.286963198526935912e+02,3.958800787478158441e+02
1.886128058988359157e+02,7.578734703048922938e+01,1.279009438816941895e+02,3.897825427937535778e+02
1.892674830629460132e+02,7.762913627292888918e+01,1.270274120403513933e+02,3.857691311589642851e+02
1.993155147601865167e+02,6.959362533699939490e+01,1.279512823464319240e+02,3.822499659580693674e+02
2.052626758872182791e+02,6.767933302375192284e+01,1.287228927477028719e+02,3.817574539258576465e+02
2.079766837328315887e+02,6.330718375939099474e+01,1.282317304652897008e+02,3.867726448362475935e+02
2.086741506819648180e+02,6.514049087080076106e+01,1.265426806064252503e+02,3.813255664410647796e+02
2.134832070897440985e+02,6.316808034676830630e+01,1.245366722067603007e+02,3.782150190656677751e+02
2.156050863211925730e+02,6.912168291850284163e+01,1.248305943697788223e+02,3.711743295586427962e+02
2.231803379656032860e+02,6.867462445658728143e+01,1.245447694638309741e+02,3.719289352548661896e+02
2.391919331830468423e+02,6.520247504628474644e+01,1.250129539984262408e+02,3.739069934310163035e+02
2.523126635387123144e+02,7.195620240138782719e+01,1.231511090707867453e+02,3.743556019913789896e+02
2.553014763816337336e+02,7.041270200426248493e+01,1.230628247393140242e+02,3.727271510682529652e+02
2.655954224049679055e+02,6.698216947138334376e+01,1.225331659537540219e+02,3.766321314057702807e+02
2.652918514756304376e+02,6.484999305658755020e+01,1.225549874887233415e+02,3.771723040138042506e+02
2.598044075955160110e+02,7.224460124336695799e+01,1.220243420305684197e+02,3.831224122099475835e+02
2.545106185637189924e+02,6.192920418752018463e+01,1.220727317091526345e+02,3.847891197890483568e+02
2.644193606781044537e+02,5.042514828179670872e+01,1.218370231456649719e+02,3.896948718287667930e+02
2.672872273039205311e+02,7.258632943722449227e+01,1.219937221068623501e+02,3.848722272303135696e+02
2.622476233085228046e+02,5.682730806803760970e+01,1.224167439938370023e+02,3.842608220316756160e+02
2.527506488133061566e+02,6.337641892909604735e+01,1.233784206454031249e+02,3.820078227827032720e+02
2.380287632512167022e+02,5.869729516262694347e+01,1.227809930391132838e+02,3.824152560685101321e+02
2.315050845870117655e+02,5.335185925729348355e+01,1.224822428846129867e+02,3.856722861738547863e+02
2.205187775670133021e+02,5.203715081866053538e+01,1.210270290895269483e+02,3.865604242835349282e+02
2.223629702026985342e+02,4.641010366665275910e+01,1.197504589846298586e+02,3.915941063332169847e+02
2.267904646484505520e+02,5.246722689137806128e+01,1.184714760287947541e+02,3.872135959219743881e+02
2.390548925374143892e+02,5.124878011543466982e+01,1.180963582727176941e+02,3.838705269341883195e+02
2.604125859838632095e+02,5.129424283852736721e+01,1.214456533866559482e+02,3.780380200480310009e+02
2.800041527376633326e+02,5.521510354085302197e+01,1.204964714476592604e+02,3.731153364622883828e+02
2.877751934618487439e+02,5.805868827924069819e+01,1.194468569258630737e+02,3.656505379080784905e+02
2.897784232817230645e+02,6.560670989196327696e+01,1.176820733782623023e+02,3.560381839907998369e+02
2.916585671979173640e+02,7.191071127227581883e+01,1.156844961171627233e+02,3.466996900688283176e+02
2.887471559669185694e+02,8.203373779505741936e+01,1.130289526810280307e+02,3.386314324334213666e+02
2.927131686809158282e+02,9.316464118315954579e+01,1.112136622345703643e+02,3.292198368007107661e+02
2.981118841576452496e+02,9.843883705962275599e+01,1.095658751791217753e+02,3.213935658096556836e+02
3.005172238630378274e+02,1.027533762993482469e+02,1.082667008952897305e+02,3.145432611148421529e+02
3.036437680814665896e+02,1.074334454853878924e+02,1.064102475139742126e+02,3.086339784747269732e+02
3.030904268072939090e+02,1.128124268240401875e+02,1.038855890817898171e+02,3.031959005744914748e+02
3.094257241349094443e+02,1.186421136687806950e+02,1.013071756323082866e+02,2.975032193326728134e+02
3.109969773339989274e+02,1.194661513827095689e+02,1.001972639149154389e+02,2.920067387820581075e+02
3.160703845143781336e+02,1.211095684010078344e+02,9.852672309083914115e+01,2.864833919652720624e+02
3.167484361940040571e+02,1.281333951379538973e+02,9.692298991028681598e+01,2.808425273173687060e+02
3.167476347964496881e+02,1.283710948111531422e+02,9.574422614457881764e+01,2.772919834416275648e+02
3.173527966690054996e+02,1.300282778081167976e+02,9.385643523208968020e+01,2.746798836639783303e+02
3.171832282734202408e+02,1.308620569584503812e+02,9.264683640466890324e+01,2.728777798284619962e+02
3.165433247808728083e+02,1.332241873305548552e+02,9.129821922213071161e+01,2.709593407414338344e+02
3.137676106030151004e+02,1.358682040324318905e+02,9.076821952685122596e+01,2.677951271657132111e+02
3.104256089903644238e+02,1.411105613232632265e+02,9.032464163261523993e+01,2.645434767587026386e+02
3.108791708226842161e+02,1.427597100931984926e+02,8.997464687422562690e+01,2.637747233338986348e+02
3.160367119764403014e+02,1.391805445645523207e+02,8.988438947210903507e+01,2.623165954983687129e+02
3.209522089692900408e+02,1.412742575772473685e+02,9.012181875758875549e+01,2.606813438027363077e+02
3.222799071340232331e+02,1.435790707731468387e+02,9.153560863875463838e+01,2.596140147742186173e+02
3.250944019307446524e+02,1.437171048634856731e+02,9.215126416402522125e+01,2.585158177612007080e+02
3.291674478794505490e+02,1.407296431012258040e+02,9.221338988746299492e+01,2.572765136093288447e+02
3.307141113278032662e+02,1.402598360617172943e+02,9.208966462192206848e+01,2.566310277528142478e+02
3.368268247316412385e+02,1.346324787779125245e+02,9.146482089072323163e+01,2.518633977311903891e+02
