1
700.9647,242.4421,33.6015,71.1855
698.0809,241.2636,33.6641,71.0242
694.9507,239.7958,33.6602,70.7119
691.9529,239.9544,33.7369,70.9178
688.4947,238.7502,33.3505,70.4310
686.9753,235.6083,33.2930,70.5764
684.7610,235.4119,32.9942,70.0000
683.3336,236.7220,32.4534,70.1988
680.8257,236.8218,31.7648,70.3328
678.2051,238.3819,31.3953,70.3793
676.6484,240.7482,31.0402,70.8452
674.3202,244.5528,31.1798,70.2737
671.9240,245.1573,30.6187,69.7931
664.9510,241.9210,30.6091,68.2976
657.9819,241.3172,30.5005,66.9757
655.7883,243.9017,30.2352,66.4712
652.7341,245.8688,30.3607,65.4590
645.3178,245.0803,30.1719,64.7919
642.9966,246.5394,29.8721,64.6604
640.5379,247.9451,29.9499,63.8540
633.8458,244.0110,29.8355,63.5265
631.6204,245.7440,30.0793,63.0452
629.1875,247.1190,30.1511,63.0066
626.2881,245.1661,30.0361,62.8698
623.0687,245.1574,29.8472,62.5824
619.8140,243.9151,29.8747,62.2190
616.6039,243.7645,29.6880,61.8833
613.8298,243.6677,29.9648,61.5235
610.6967,243.9217,29.7425,61.5214
607.5682,244.9614,29.5450,61.8288
603.8989,245.3159,29.9325,61.2561
600.8756,245.8113,30.2049,60.8803
598.1671,243.6006,30.2148,61.0757
595.1920,245.0231,30.1939,60.9805
592.0466,245.2382,30.0691,61.5376
588.9777,244.6085,29.9581,61.4917
585.6370,243.9576,29.7954,61.4419
582.5256,243.6048,29.6969,61.3131
579.5513,242.5198,29.4500,60.8568
575.7491,242.3096,28.8706,60.3598
572.0281,242.1857,28.5161,60.6966
568.6751,241.8511,28.1814,59.8490
566.3907,245.0534,27.7655,58.9435
564.7451,244.2196,27.8515,58.3298
561.8000,244.6924,27.6091,58.5060
559.2920,249.3762,27.6698,58.4276
555.9186,250.4108,27.4151,58.2422
552.5151,250.4924,27.3095,58.0521
549.2134,249.4356,27.2264,58.2619
546.6427,249.2041,27.0493,58.2950
544.7877,248.4414,27.0777,58.1159
543.2003,248.0839,27.2212,58.0908
542.0665,245.1333,27.3682,58.8910
541.0059,243.8819,27.6593,58.6634
539.4741,242.7204,27.7041,59.1273
539.3004,242.5382,27.9459,59.6951
539.0179,244.4815,27.7629,60.3950
538.2245,245.8722,27.4407,60.2814
536.2153,247.0407,27.6717,59.9559
535.7897,248.3393,27.8316,59.5023
535.6139,244.0826,27.6507,60.2217
536.7961,243.4726,27.6002,61.0742
535.1631,242.3604,27.6853,61.6367
534.8383,239.4543,27.6747,62.2771
535.0248,239.1906,27.9464,62.0162
535.7615,238.2595,28.0203,62.0381
535.1921,238.7751,28.0619,61.7950
535.2404,237.1242,28.0532,62.0003
534.5723,236.7789,28.2181,61.9399
534.9567,238.1840,27.7961,62.0847
534.3599,238.7529,27.8229,61.8433
532.8282,238.8324,27.8149,61.4471
530.6104,238.6340,27.7148,60.5439
529.1621,237.5119,27.6302,59.6003
528.4565,239.3339,27.0844,59.4210
529.8243,240.8476,26.6121,58.8650
530.7309,239.2375,26.3510,58.4143
531.9806,238.5375,26.1378,58.2383
532.9958,237.7186,26.0391,57.5246
534.8907,235.8040,25.8660,57.5229
536.3640,235.6201,25.5952,56.9983
542.5407,234.2709,26.2777,55.7710
542.9536,234.3179,26.8655,54.5362
544.2371,233.8816,26.7535,54.1491
545.2883,236.7424,26.4836,53.4305
550.2439,235.7127,26.5595,52.6777
550.3317,235.7572,26.5037,52.4236
554.8769,237.1833,26.7990,51.3001
556.0828,239.2291,26.4840,51.3398
561.1860,241.3164,26.4841,50.8233
561.9455,243.3089,26.1841,50.0455
567.1485,241.6991,26.0310,49.0928
568.4553,241.2222,26.2588,48.5758
570.3969,242.8822,26.0071,48.3874
575.1311,242.1490,25.8453,48.1723
575.7282,239.3650,25.8170,48.5759
577.2632,239.3768,25.6438,48.8876
579.0397,237.2361,25.6070,48.8887
581.0864,236.1399,25.8651,48.4761
583.0562,234.4018,26.0942,48.5308
588.3131,235.6354,26.2739,48.2587
590.1096,236.2084,26.4359,48.0097
590.7471,238.1235,26.2296,47.9533
592.2760,238.1707,26.6935,48.1078
593.8721,237.6650,26.6435,48.9232
594.8447,237.5168,26.5960,48.9385
596.6623,238.2543,27.0309,48.5122
598.1984,237.9078,27.1870,48.4888
599.2455,237.5031,27.3129,48.1599
601.3051,238.1480,27.5461,47.8878
601.7799,238.3866,27.4929,47.9249
602.4732,238.6771,27.7367,47.9552
602.5859,238.1241,27.7524,48.0772
602.7161,238.0228,27.3630,48.1813
600.8023,236.6175,26.7887,48.3335
597.1044,234.9046,26.4669,48.3724
589.3630,234.1799,26.0742,48.6605
583.0031,232.8698,25.7319,48.8698
576.9620,232.2685,25.6142,48.9346
569.9667,231.6152,25.5672,48.2486
564.8587,230.4820,25.4450,47.8968
556.7426,230.2050,25.4079,47.4362
549.6783,232.3436,25.1794,46.7121
542.1460,234.1199,25.3869,46.0119
534.3655,233.8824,25.3473,45.5034
524.4744,232.0449,25.2811,44.9117
515.0354,231.3007,25.2550,44.3745
509.8397,231.8994,25.2050,43.8815
500.4484,231.7131,24.9992,43.6449
489.7827,232.3817,25.0417,43.1889
479.1815,233.4100,24.8915,42.8675
468.6790,236.2269,24.3626,43.2443
458.1155,239.5388,24.1284,42.8465
453.6747,240.5412,25.4758,41.0751
441.0291,242.1182,26.6671,39.4504
428.9909,244.0720,27.5299,38.2720
412.8065,245.3354,28.1900,37.2740
400.1399,245.2163,28.5446,36.4737
384.9999,246.1382,28.8659,35.8644
374.3784,246.5472,28.8790,35.4860
352.3157,247.6557,28.4406,35.2805
328.2220,249.1474,26.9391,36.0865
307.6349,249.0510,26.9651,35.4609
292.7125,251.2861,27.2866,34.7871
278.2631,253.0973,27.7424,34.0913
255.0677,253.4461,27.9194,33.7564
236.4549,254.4963,28.0508,33.5873
218.6606,255.7022,27.9426,33.1975
199.9019,256.8274,27.9653,32.8959
181.7701,258.3297,28.0452,32.5568
172.1041,256.5979,28.2333,32.1116
149.6576,258.5432,27.9209,32.0871
131.5945,259.8356,27.7358,32.5268
125.4316,258.1140,27.6106,32.4751
108.2980,260.3362,27.4139,32.7107
97.4347,261.1272,27.6393,32.5667
91.8918,262.5098,27.7206,32.4071
83.3910,263.1751,26.8836,33.8616
82.5000,262.6000,26.1847,34.8791
81.8846,262.0333,25.4347,35.8706
81.5895,260.2164,24.7280,36.9473
82.3566,259.3314,24.1385,37.9063
83.4225,262.6411,23.8987,38.4696
90.8936,266.1880,23.7219,39.0446
93.9309,266.5218,23.8000,39.3919
97.6735,265.9109,23.9407,39.8051
97.1358,269.0774,24.4590,39.3886
97.9478,269.9480,24.8248,39.1028
94.5128,270.8052,24.9237,38.7498
95.0071,271.6358,25.0629,38.9146
94.9691,268.2389,24.9237,38.9980
95.3097,270.7946,24.8630,39.1124
96.6135,270.8040,24.8250,39.3750
97.3954,272.8448,24.8114,39.9032
102.4063,276.6315,24.6915,40.8431
107.1301,278.1490,24.7902,41.7120
111.8049,274.8237,24.8756,42.1762
120.5653,273.0617,25.2678,41.9149
125.6963,272.4778,25.5915,41.9067
136.8799,269.0438,27.2637,40.8094
143.6096,268.5345,28.4788,39.7483
155.4307,269.1524,29.2211,38.9987
166.2667,267.9140,30.1889,38.3285
176.8813,268.5100,30.5262,38.0527
188.2993,267.7081,30.5277,37.7722
195.2555,267.5541,30.6104,37.4585
203.1960,268.5317,30.9360,36.9563
210.7353,268.2033,31.0632,36.6402
217.9203,268.2548,31.0823,36.0435
226.1009,268.9934,30.9698,35.4265
231.2382,270.3325,30.9153,35.2681
237.0705,271.5053,30.5774,35.2828
243.3798,268.6602,30.9481,34.9482
250.4396,268.7546,31.0422,35.0756
256.8875,264.5389,30.7083,35.3571
263.9138,266.0952,30.3333,35.4867
270.6334,262.2468,30.1775,35.3610
277.6579,257.2263,29.8500,35.4100
285.1050,260.8482,29.7072,35.5206
296.3506,264.5813,29.3144,35.4935
303.4850,260.2131,29.1098,35.2059
314.4337,264.4913,28.9159,34.8994
323.5726,265.7977,28.5534,34.7307
330.6842,262.2317,27.9459,34.5191
338.2661,263.5605,27.1463,35.1662
342.5177,260.0912,26.7784,35.1862
354.2922,261.1031,26.5996,34.7835
360.9906,262.5235,26.2148,35.1308
368.5104,263.7534,26.0910,35.2474
375.2147,260.6107,25.9005,34.9417
381.3235,262.1707,25.7456,34.5931
389.8481,263.6190,26.0562,33.9687
392.5411,263.3976,25.8380,33.7912
401.8372,264.5374,25.9192,33.9156
408.5892,265.1862,25.7050,34.2509
397.4475,260.3599,25.6600,33.8901
402.9379,257.8629,25.8705,34.2792
413.4237,252.5804,26.5007,34.3074
420.1323,251.9108,27.0977,34.2635
426.2762,248.7106,27.2461,34.5042
435.9123,248.8804,27.3711,34.7250
446.2070,249.1549,27.7077,34.6118
453.0312,249.3948,27.7923,34.2788
460.5454,249.3896,27.6757,34.0340
466.6134,248.0899,27.3981,33.9556
472.5112,249.4747,27.2596,34.0988
478.1576,250.6438,27.1818,34.1957
483.0064,251.5608,26.9981,34.2915
487.5274,253.6298,26.9449,34.3412
491.2427,251.4347,26.8430,34.6206
492.5926,250.3004,27.0598,34.7126
492.5261,248.3469,26.9195,34.4211
492.7213,248.0340,26.7733,34.6064
493.0813,249.2322,26.7677,34.6482
493.4093,256.2084,25.8083,35.2967
493.6990,257.9921,25.2230,36.0972
494.4131,260.2877,24.8356,36.4531
495.2498,260.8929,24.0825,37.5650
495.9289,261.9457,23.5474,38.5311
496.8224,262.5977,23.5333,39.0726
496.0213,261.9953,23.5526,38.8198
491.1108,260.6270,23.4068,38.3605
478.8829,257.6737,22.9249,38.1611
463.5823,259.2388,24.1994,36.6059
445.5181,258.0695,25.0843,35.2851
431.2030,258.3956,25.6546,34.5552
411.5517,259.5011,26.5052,33.5853
401.2488,257.5446,26.7240,33.0939
382.7007,261.1654,27.4653,32.2956
369.1088,258.3428,27.4767,32.2459
355.0905,264.7972,27.8108,31.6944
339.5408,270.1729,28.5164,31.4607
324.3578,271.0523,28.6879,31.4164
312.5024,271.6829,29.1142,31.3338
304.5825,273.2204,28.9789,31.3642
301.6823,274.0536,29.1614,31.3959
295.0064,274.7610,29.1805,31.5251
288.1202,275.5686,29.7842,31.7843
285.3183,276.9982,30.0852,31.8692
280.3602,280.9675,29.6006,32.5313
273.9604,283.0164,29.5677,33.0033
272.0007,284.9410,29.2158,33.4582
262.3162,287.2902,29.0867,33.7107
256.7509,289.0475,29.4244,33.7627
254.4648,290.4288,28.8376,33.6871
239.4066,292.7470,29.0112,32.9765
227.9930,293.7479,29.1602,32.3388
214.0553,295.2345,29.5304,31.9116
202.8439,295.1784,30.0824,31.5792
191.6440,295.4476,30.4955,31.1214
179.8851,294.7891,30.5520,30.6892
166.6817,294.7771,30.1414,30.9195
163.3103,301.3701,28.4524,32.5210
167.4745,300.7262,26.6136,34.0354
171.4175,299.5338,25.1277,35.0057
174.6116,297.2121,25.4252,34.7517
173.7758,294.1620,25.9601,34.0400
181.0758,291.5013,26.2532,34.0468
2
0
0
0
0
1
222.9238,305.0335,29.3758,41.2098
229.1124,306.2102,30.4497,40.7736
231.0358,306.7643,31.4945,40.0171
236.0812,300.7881,32.2209,39.2258
237.2163,298.4267,32.8203,38.5356
237.5543,298.6544,33.3070,38.2205
243.0618,297.8128,34.3531,37.3394
244.6490,296.9997,35.7128,36.5055
246.7271,295.3682,36.1355,36.5022
253.5124,293.4675,36.3640,36.5643
258.6364,294.3179,36.6620,36.3168
264.2992,295.2358,36.4575,36.5287
270.2176,295.9547,36.5835,36.5883
276.7119,297.7928,36.8013,36.5561
283.2363,297.5619,36.9934,36.3878
288.7813,297.6846,36.9240,36.6647
294.6680,296.1188,36.6991,36.4984
301.0513,296.6515,36.4070,36.1649
304.2877,297.1562,36.6367,36.1107
314.3969,296.6807,36.6679,35.6841
319.6580,293.3670,36.1158,35.6170
324.7682,292.9219,36.7227,34.5358
329.2344,291.5948,36.7638,34.0043
339.0974,293.4869,37.0921,33.5289
344.4962,295.1671,37.1651,33.6255
350.3366,297.5807,36.9893,33.8805
355.7232,299.6227,37.2096,34.0200
359.8656,300.3812,36.3118,35.0690
364.9447,299.4918,35.5925,35.3456
368.3709,299.1260,35.1072,35.3170
367.7577,298.7189,34.4406,35.6887
368.2386,297.8265,34.1162,35.9503
368.2859,298.1615,33.9630,35.7799
367.8265,299.1971,33.4880,36.0844
368.0450,296.3392,32.9151,36.3107
368.1214,293.1808,32.3502,36.4137
377.5293,289.0710,30.5781,38.0393
378.5757,286.8154,29.2406,39.4907
380.2950,283.6421,28.3600,40.1059
385.8439,280.1813,27.3684,40.7298
387.2886,280.2190,26.6226,40.7946
388.0864,280.0218,25.7942,40.8168
388.6239,278.1400,24.8786,40.7458
388.9232,275.3386,24.2142,40.7821
389.4418,273.7597,23.7230,40.9997
389.2028,271.5966,23.2592,41.2898
388.8909,270.2548,23.1430,41.1219
388.6572,268.6736,22.7586,41.3318
390.0162,270.9668,22.6362,40.9416
390.5580,267.8989,22.3035,41.3420
391.6597,268.9818,21.9948,41.8163
395.3937,271.1530,22.0589,41.4907
395.3701,275.0771,22.2709,40.7768
397.2234,279.6398,22.0688,40.5943
398.1317,282.0863,21.8891,40.2619
398.7190,288.8414,21.4491,40.1256
396.3136,286.7964,21.0650,40.1709
404.5825,309.2989,20.4268,40.5214
2
0
0
0
0
1
364.7332,298.5598,23.9587,33.8327
362.9798,299.1969,24.7612,34.0347
361.0311,299.8021,25.3905,33.9563
358.5505,299.6481,26.1078,33.9538
352.4517,296.6654,26.6487,34.1607
350.5504,294.2454,26.9082,34.4492
344.2570,294.7908,27.1582,34.3278
333.9258,292.2279,27.3822,34.0276
323.8077,289.6808,27.5519,34.0118
312.0458,287.2358,26.3658,35.1863
305.1189,299.6739,26.6051,34.9403
292.8229,298.4364,25.5413,36.3697
275.0804,293.1149,26.3030,35.5033
261.5012,295.3713,26.9249,35.0561
244.7691,297.6212,27.4798,34.9755
232.3737,302.7576,26.5823,37.1157
232.0493,299.7529,25.8159,38.5173
226.7316,297.3006,25.2817,39.8439
225.4881,299.6576,24.7697,40.6050
208.9175,297.3064,23.9413,42.1275
203.2253,298.2039,23.6452,42.8820
197.0186,299.1477,23.7885,43.0699
191.3724,299.0999,23.8963,42.7170
185.5795,300.0085,23.6488,43.1920
180.6089,300.1052,23.5519,43.3086
179.6414,299.5024,23.6181,43.6871
178.8006,295.2433,23.4009,44.1712
177.8751,294.1432,23.3290,44.9610
2
0
0
0
0
1
141.4614,302.8185,20.8446,40.7736
140.3440,302.0592,20.9422,40.9006
138.6349,300.2295,21.2104,41.0687
137.6420,299.6679,21.5384,41.1271
137.2899,300.0824,21.5960,41.6598
137.2818,300.7036,21.9864,42.4967
136.7802,301.1720,22.1397,42.8800
136.1524,300.3751,21.7379,44.1347
134.7574,298.2414,21.7420,44.7961
134.3562,294.9534,21.8560,45.0867
134.4782,290.4068,21.9168,46.0243
133.4746,291.5396,24.1100,43.8452
132.7914,289.3029,24.0071,44.2931
128.7216,287.6731,23.4031,45.1925
132.2782,293.3990,23.0605,45.8290
131.5613,294.2023,22.8890,46.0609
130.8203,292.7354,22.6802,46.3635
130.1678,291.7079,22.5085,46.0562
121.2896,291.5751,22.5736,46.1630
