627.0,317.0,22.0,63.0
622.840078753384,314.2178935460852,23.168674146827012,62.23535548595463
619.7514045237468,313.71022688558196,23.4610123636391,62.18563307900244
617.7181181949104,313.6504025107142,23.242203227336123,62.64093388209412
615.3343367286952,313.1234650072696,23.292439518683707,62.898082662176634
612.3397985246995,312.98217473769034,23.353850216225887,63.21100981284991
609.2867515060059,312.64253730915794,23.18509865348496,63.427268904962936
606.5390266506057,311.8764909782505,23.412920648221032,63.01815332340773
603.7501750051741,312.23165069239485,23.31168698077114,62.9881206602177
601.5381932615646,312.59099769528655,23.803303885577492,62.589517901992814
598.466267485711,312.1386142031292,24.51450487118364,62.101003426499275
595.954347335499,311.89142840581485,25.086860014594492,61.42216893020076
593.5499187725006,311.57000466022896,25.505229946530125,60.842227610642595
590.4238085953818,312.13277408488113,25.89615650804312,60.43518514357466
586.984745411561,312.3722408598315,26.146686497358367,60.20968729480579
582.2176075370002,313.2281819060217,26.609039944233963,59.57734950822676
577.9473527201459,314.32756391125685,27.013464067688517,58.62285916032367
574.6978486337434,314.0798434631326,27.20442160801675,58.388203597183384
571.4510048204055,313.80359213495876,27.747928704144336,57.1069170241381
568.7022291764945,313.1163431119463,27.820436885887318,55.78835014210809
565.1730484563252,313.8847198359018,27.976584752770016,54.888866369928735
562.3278139478588,314.3998770333989,28.122754644031495,54.34496807639028
559.588129396682,313.75896274166246,28.53018761586148,53.756112036144906
556.9756086639244,313.2845792924075,28.852426137193387,53.40376485231847
554.1166606452234,314.25495061860414,29.2880622334941,52.236356822308224
550.5476198388557,314.1577368090049,29.121576509193652,51.73170534518945
546.6039739240634,314.2215440623034,28.43589604110962,51.9449712325744
542.5158374891397,315.3192314383758,27.729831340766562,51.93765700250896
538.891412277723,315.78664466171045,27.10872908491958,52.566126397056756
535.3184203044991,315.93277150368664,26.77358386190325,53.20296714688894
531.8660881637186,316.9709081700414,26.937405801087582,53.19086417474458
528.0776095413748,317.02415440353195,27.133530850493102,53.76061149629568
524.15137280164,316.7521613914856,27.41401479367729,54.27856115729343
520.7287666951967,316.43421688983693,28.037265031466465,54.707455597249535
517.3075881214924,315.55370812272497,28.504064756236993,55.36481028300085
513.0416720880677,315.6115851337744,28.877376124539076,55.59214861305396
509.56553998412926,314.8746021011025,29.20038885231334,55.64180983544888
505.62321641965576,314.2397968849951,29.159489811979316,55.92783777102056
501.609676327691,313.6485199655838,28.639847583799614,56.87842103141109
497.6287539995095,314.5172865973576,28.25302604906146,57.10042777736204
493.22135909172187,314.88090436349984,27.78088101203658,57.761252099585015
488.49820241958474,315.53726843118216,27.820024060595507,57.64901825361861
483.3936739127696,314.9888281385691,28.55580684326874,56.66317522129101
479.82458676085236,315.9348662228396,28.759485698037146,56.08113857301366
476.3846918875252,315.2844177742245,29.414060009663288,55.76108393692634
471.5928620715041,313.3988610172971,30.076139327069313,55.39368150153179
467.18977277490023,313.5820616147855,30.42704906041377,55.63880351755728
463.0324280106449,311.51379562570804,30.499952585811727,55.901420300247224
456.28542100761734,310.9607360405863,29.4766030435879,56.27758749276088
453.8864477143191,311.8691994011642,28.62805571844124,56.52281363415392
449.77541787277374,313.3461506929148,28.069015128399602,56.28592870125697
445.91233873385903,313.99361276369393,27.75863528214464,56.13272199362816
442.0115210754867,315.0016018853315,27.716740897656315,55.68379599549297
439.5694865555413,314.9044969079501,27.973780041764734,55.81792028109598
436.5508880080729,314.6565431095413,28.276115762800114,55.6171392854797
434.696120145867,313.54036251909116,28.561413759093078,55.956879783663595
433.6915088252134,312.26318759517204,28.78836882990454,56.36862432678376
432.67455958213674,311.3288307348433,28.65874602623252,56.96879659217243
432.03057514042945,309.4875398410239,28.563795955751566,57.26211761092091
431.77026119721324,308.5335485746868,28.325245501748867,57.89664631192234
433.80738031293515,308.42835286633846,28.319441985576113,57.97121468741844
432.996942388928,307.9322766473897,27.89026185290805,58.50212185673263
435.40298314212725,309.0680857915843,27.577138934156036,58.2581791970056
433.8155553751555,307.33777906820774,27.704494811422208,58.00378104707898
436.70908763200754,306.3593009230836,27.523500816211843,57.226130117631186
441.11315935423465,304.21478453420286,27.413724490593008,56.52255625553062
444.25289265242594,303.6730259193468,27.322544675521495,56.33953605734057
447.8539794152378,303.2339731369095,27.20445518386383,56.28930714765153
450.69825149637205,301.33202873406606,26.940511145954467,56.14272431370523
454.0553283672448,300.25867798969523,26.57632583758913,55.69185419104248
457.1605327620988,299.96003084343425,26.571988424681656,55.88973090439042
457.11143601661985,299.3736555888232,26.733403318105875,55.4956244332886
460.25247257589956,299.6059615689414,26.613944068259855,55.74628084654167
459.7554637896392,299.03394039997943,26.501672254031348,55.487376235460516
462.8091846465405,298.55695398295956,26.699071104956513,55.95680550756482
466.5221362977907,296.86502468378217,26.85400552904904,55.96958489945291
470.05032206819743,295.6991968606587,26.85404620823676,55.92459664959701
473.1018724926843,294.4766948609105,26.44201830008944,56.80571293375361
476.4954919465159,293.6562120978016,26.080115753357635,57.461221874087386
478.45092868357904,292.14433286925924,26.08059658259142,57.736392722834644
481.03292055563895,290.5366811290015,25.99842283603013,57.751558111309166
482.66184699703973,289.1691557237898,25.805007342602362,57.91966241523234
485.006359337189,287.92224622521985,25.11061442957685,59.16682988210637
486.07083769017777,287.08780710700626,25.26829336088254,59.24014625654173
487.6325749128072,285.34348826025905,25.323218716878053,59.10545693320563
490.45473305897724,285.1736426690338,24.652153290474203,59.742214446565825
487.32959211459814,284.10444289407405,25.795835848330295,57.80048675725809
489.54178884318856,282.0601798552062,26.834777428380853,56.71437408682493
492.47893792689115,280.36046723689793,27.179979325825585,56.41229700029075
495.0060941957552,278.2805131683627,27.08960216331102,56.049062322725064
498.51365561821746,276.26349100924847,26.758725381618955,56.16418064035836
501.7655585660666,276.43904306507017,26.934894041889926,55.07241919915567
504.3089481068078,281.252907760493,29.340963833545956,51.54846626323558
506.80300230838014,284.9726516493495,31.59546969965791,48.554641460833885
508.48038434685066,284.8357213397532,33.3470569982967,46.66032161432812
510.72500948043296,286.90857170465995,34.271586466697286,45.94200764522638
512.2200920047547,288.32537969927085,34.87364625440314,45.09681214245474
518.0532546106979,290.69855755972765,35.55971896121812,44.12175053851496
519.7023812924942,292.84971064182645,36.49291949319414,43.68762035774632
525.5518351559815,294.96068714754995,37.07238929917856,43.28294811564749
531.5075498226411,292.4954191286225,37.601535565529865,43.072453841917955
533.8215061485784,294.7739074576873,38.35603010207101,42.546463969677
539.7130698114645,296.4300949405404,39.10202798992157,41.94426451819198
545.9280242518502,293.4165874521337,39.73067280482904,41.441484802012255
543.9899223936085,290.8458188462317,39.816490559779886,41.38643635860385
540.9019286792077,300.21708918582476,39.97076663909402,41.39073138803584
543.2453678984397,300.02176943655456,40.540461877693176,41.22149849773654
546.6609452165394,299.65461455241575,40.84076313977853,41.10777102312476
554.3431974997516,299.4222028924577,41.23050623875945,41.00847613653995
557.7302629627566,298.20018898211737,41.71015615457694,40.63600424713747
570.5526073723672,297.7953288019138,42.33980510391032,40.56783652408674
577.9587688457751,297.4951566927136,42.93726456676236,40.52987716458723
585.3592585158497,297.22707269492093,43.237957399159725,40.49081736314114
584.3905175820311,295.9610060733056,43.45233884298415,40.30961580755893
593.361958389134,294.575347666054,43.971880553363306,39.91817760954992
601.838635776076,293.09623157140084,44.50651901983562,39.48376181721257
605.5678326105065,291.1818506959625,44.89319905092588,39.16045829098956
609.6182076294087,288.647227537546,45.17271043432498,38.94600366482947
609.1124165197231,285.89523890310943,45.274927416937025,38.87518902543849
608.5677842196087,282.44033149102444,45.36366964205906,38.81373471890165
607.2578322459166,279.4108273854707,45.61330238354123,38.64613989885065
604.373447027217,277.01722131442426,45.850445165910976,38.495055246052225
589.905779329374,284.84430444291536,45.71745742622105,38.55451775799088
593.455898507268,285.6055600573358,44.762065986631875,38.79712906199448
597.5530265686621,286.64422283361904,44.13915662363977,38.910786328031605
606.5241433253758,287.15887990532553,43.468056533063816,38.80279739137513
613.9188719590542,287.91284153431883,42.86418619502851,38.60188573769765
620.7832784793471,285.5631791612766,42.63315204695964,38.57168491768109
624.8620951592354,287.13955193803235,42.33560608189739,38.505928766940535
628.8965574616111,288.30780995640686,42.16622428567882,38.378716586087485
637.7717604858101,289.2435243400662,41.78330328366758,38.19990881142944
645.2542808009792,290.0904628541946,41.278449611642074,38.009392769882176
649.4252535124373,291.060956381934,41.067233864019,37.79066154039984
657.5850021636576,289.3785707026007,40.73814545897835,37.70708580739149
661.6536938224237,290.99356083119415,40.467530501583866,37.56111472073686
669.8719445440026,292.7389582950025,39.950460744827474,37.3291114782246
674.228057899793,291.2602508497771,39.6622824570139,37.31604044300088
681.7006017932739,292.7203654309661,39.37137233576248,37.14048977793729
686.5319350617497,294.25417258311273,38.81603993577393,37.10401556267913
694.1385748695834,292.7200005306911,38.60256767789443,37.038227043849886
701.5712757016458,294.8112918793794,38.457767095617754,36.87418282150994
706.2710363979792,293.7346079098444,37.95583061811228,36.834868255926025
710.683398079068,295.6727804047534,37.88855926704301,36.5592272208047
717.6866130295665,297.371414690449,37.79032486165145,36.32301874424681
720.9479470141077,298.84276869037114,37.54769334200136,36.112060517428056
728.9643880530705,297.3070279799368,37.38217710117305,36.11096779965543
733.3077416498334,299.36397332791904,37.386641553765394,35.84276115520457
737.5928520066178,301.0239960441366,37.42264871495247,35.713090335577725
744.2641659804758,299.46369677087114,37.37452207186289,35.709065821882206
747.1984580841981,301.46657063542045,37.77172832691211,35.74430701490265
753.8927406587786,302.78679805798475,37.89111586787559,35.79647578503899
757.3868112328073,300.7918627119768,37.766210670288174,36.04673199036052
763.6254619982518,302.5384882253108,38.12393111205546,36.17080793856132
766.164674164683,303.83287056011994,38.3944028058044,36.38676390912549
769.6821143896193,304.9221302138227,38.660994542974045,36.5525150694782
773.2766563773051,302.6303421665258,39.045775981268235,36.73744385572237
780.3764277720096,304.75844242581553,39.35914212740609,36.75834246968075
783.8267100156002,306.49350420404494,39.71394587295206,36.85841363444389
787.3375105108801,307.9979086019309,39.82091830005593,36.96280240375076
794.9978668192931,310.36384497719786,39.96018950891329,36.85929660039089
802.5650325305573,311.8273462380184,39.873575180806164,36.64208550064004
806.3674258744364,310.16623932552835,39.453721201788206,36.63651335683956
809.5479386750328,312.1858471384652,39.48142708024045,36.664650979562076
813.2176100395646,313.9897980632425,39.40820383130976,36.47770669531503
816.9200427566411,312.47030123530334,39.26579862893777,36.49384387727067
820.4531078278749,314.64762771895425,39.160989363545426,36.49571776162294
823.7787663214181,316.78064144661977,39.04177210027506,36.2628223825553
826.2287218517496,318.3925382774084,39.02209623477194,36.26123555195647
829.7440404886296,316.6749777736323,38.7790303912181,36.345129037612296
832.2581617954919,318.8804021993716,38.816483540127905,36.11848810239351
835.0946698740366,317.36670239739357,38.93064971412359,36.16086444623292
837.9684446533572,319.5774210853859,38.950299671778865,36.26915357552787
840.0047162816682,321.2229785344305,38.991502104549085,36.06931627677326
841.9029758431102,319.61664919620637,38.82771799562662,36.23653451781209
843.8766490395504,321.4912834736039,38.857017310830315,36.33068479961063
845.6899109715727,323.3058970825681,38.9914549793786,36.186559519929936
844.7437567199711,324.7047783598573,38.91803567649057,36.21409479784052
847.2945792671845,323.2971144747114,38.92225796792778,36.29003839378542
849.5054700195121,325.1628512212979,38.94669638438468,36.23420023844198
852.1821087390722,326.4169970913923,38.73693071742031,36.33087442346979
854.1137569474663,328.1704503745424,38.879197082919845,36.28123299579577
855.8097293879509,329.23988343881786,38.95038839808686,36.168006639660014
854.3904096913403,327.70025591579866,39.128285508440676,36.4318181699208
856.888003425967,329.99810007415147,39.029766950167534,36.43857450195789
856.4390124665227,332.21955140366885,38.93624425947123,36.49612817608355
859.3432870523792,330.7968916093588,38.86300421175141,36.92454856044941
861.9592240687737,333.42801301888744,38.80602737287099,36.836742310606
863.9394268433599,335.18604966689236,38.92504477444323,36.54501422181057
866.1769950161779,336.7787557923602,38.7843248182725,36.51447009679042
867.8790971798896,335.51479871760813,38.806085323154925,36.63263783783201
867.1483614060251,338.4136411060175,38.78162249416746,36.66323064890387
869.7423842054596,340.9827229879497,38.9977502694743,36.65787270931928
871.6283285719678,342.60604328023106,38.825382935002345,36.74673069615245
873.5222599721918,341.3802377910226,38.90052887211849,36.85519916510891
875.4318759114647,343.8351261372944,38.844205929119745,36.85818988284354
874.7336845478529,346.42696286633924,38.75371836749413,36.87186597309385
877.4125358202326,345.6140695682174,38.711174189891864,37.01419524244841
879.5038821462143,348.40641462251136,38.671486432185105,37.177884364359755
878.4495947727594,350.60342425663566,38.69166248410277,37.230352522869026
881.3303223684741,352.56251105642895,38.780224840280894,37.23788983980155
884.2106140697008,354.7668555425231,38.86565212279456,37.28096831222384
886.6059397813062,357.0003978764131,38.99399035793939,37.215761047703204
888.3215616764141,356.3441108579571,38.9338870477651,37.43439232319393
888.0635503327844,358.95012919308,38.75468241006181,37.44902305712298
890.5764351745687,361.8158786467658,38.69394291982203,37.557311632966766
893.4302353706425,364.79031608048996,38.69897470693457,37.50840062126179
895.5639676376352,366.88835531991765,38.58127947913225,37.29565477637859
897.8721787528547,366.1480028652084,38.55792680206857,37.355928906339905
897.186244999565,369.8553280437386,38.716701862320605,37.31604156121188
900.0180927172399,372.7538941039792,38.657203452269925,37.35892103741049
902.7574305251758,375.03045943452474,38.53922844369809,37.350385141028774
904.9316009399017,377.4852755679338,38.47804801082192,37.34922875006521
904.3719240307207,380.3385718069518,38.419000120581195,37.19832083852697
906.7478166503555,383.0299072643574,38.48002053393003,37.06334775391604
908.9140769277248,385.2342249379308,38.37945264642772,36.81669255889943
908.4749979011157,388.04030672982617,38.018801710121124,36.78946368656491
912.3491069749884,391.3472737744089,37.90809719991837,36.748415587542226
915.1658817669469,393.5614509492261,37.83742813205363,36.656499416923886
914.7554112528469,396.4664022634261,37.81164131220062,36.51880080616307
917.7250448185556,399.3869521090146,37.53623593233964,36.40279114184159
920.8013713287132,401.70073358569493,37.270079455908686,36.21059052750067
920.0283766001601,404.6720902894728,37.0050585522972,36.19239093677842
922.7959823622579,407.21787712816376,36.774255101526926,36.02704292162799
925.3468744247039,410.2568929827808,36.56764357261278,35.97878158669193
927.5429043072841,412.517153860701,36.430100409014784,35.86064840354449
929.9791246963559,416.2096777735574,36.3923950243953,35.81826005125081
932.6681592165148,419.3554909501058,36.449054129676746,35.476831394839934
934.6839984392885,422.713640185682,36.37745010887309,35.215979166973625
936.5698339717771,425.02734400104384,36.3643397013971,34.8132820007275
938.5481282128076,428.2934730793617,36.280291693274194,34.781204088537486
937.7869219915974,431.56283704200894,35.82593206576354,34.66783541235805
940.6475366327418,434.98527111272733,35.477556539425684,34.63463137538294
942.9150626449303,437.83697870139105,35.21743546902801,34.58713956460216
941.8311910633242,440.90711915705805,34.873321122627274,34.522892722329445
940.9051755164651,444.19337945579986,34.65801446495693,34.541878129179246
943.7815267390929,447.49185798589383,34.52759166371372,34.36162095531341
950.3733948714639,451.3939467345384,34.24055053599564,34.174315768662574
953.1874140804064,457.61837789173114,33.96321011234284,33.74403293730941
955.8827564354519,460.7341537482845,33.82287349337736,33.402315628194344
958.8928435532607,463.85271845014705,33.645737339882594,32.965719519147015
961.479028325191,470.6979554004016,33.6873961544813,32.382632207688204
964.3667358233843,473.32268997462444,33.6282992885881,31.87316569138366
967.0393778877817,476.53594763625085,33.593746093936325,31.684890610135238
969.7786029456171,482.6423556973667,33.48710212297978,31.00450132200993
972.8105275754054,485.1448593413889,33.351934713836556,30.503433662566678
978.3940079993295,491.19342133690407,33.51421466493868,30.105228967800933
980.8100448160208,497.2218872765925,33.40420981817722,29.624145667830796
985.9544926498533,502.2140395059407,33.30868592327837,29.177055488309144
987.5889040014974,507.7627357417276,33.13049589706816,28.770334937511723
989.9213751310646,513.6692506728494,33.70472228188536,27.861593367199205
995.3952877410148,519.5139212781976,34.037587255161064,27.176384427315863
1000.448528455039,525.1672323934977,34.67213652016699,26.09594036596631
1002.7346686508101,530.8096927221886,35.11367916100369,25.378692438076595
1007.6866819683581,536.3001649738412,35.34465084744101,24.65366071553299
1012.2898231765191,541.6518446201597,35.68412095644865,23.965188278975226
1016.7202268102728,547.3423997831093,36.07384774655847,23.242897151684378
1018.1337250945685,552.7444947584697,36.35839054182817,22.74185642429122
1022.9064810413652,558.1193915871431,36.54627422471192,22.341347892676893
1024.6924805561173,563.4143069293112,36.81973799427971,21.970655353787382
1024.1469796365463,562.207299427025,36.33882694870956,22.35738263672603
1023.0166456323886,562.0333508536597,36.33205940633515,22.36454336449401
1023.0582818075193,560.2035709906727,36.333423736855806,22.36417429179248
1022.9994873632825,557.4554840301037,36.342469497554184,22.3607749821872
1020.7893080992598,555.5683040856156,36.341055545588695,22.362714941658943
1019.63579366395,554.2373996016572,36.33300472718221,22.369475539214342
1018.5526119740402,553.58468212411,36.28176943032039,22.427495070915473
1021.119605963165,557.269379456566,35.99797018421808,22.755901519132404
1027.003772204254,560.3631469573372,35.279194434218155,23.536679257915587
1026.1211756101281,561.614089904859,35.2742395836051,23.542473540560614
1024.2495184830723,560.9914873898725,35.271362336099465,23.545672864700236
1022.7466174526612,560.30382753674,35.25443333117168,23.56025167092576
1021.9168958158291,558.8029647553428,35.25503523329961,23.558973398041882
1021.3693560811271,557.1104835281888,35.25577628565034,23.558114271463282
1020.6732872092285,555.8630101002592,35.25539085993011,23.558599352496135
1020.5770642561117,553.0476112382858,35.25572384349514,23.558404663875994
1020.1054958482849,549.7104819225609,35.258715405013525,23.556591174659253
1018.5384256445592,547.0367483950802,35.26212375298629,23.553618681128217
1017.0302681221428,545.812431018965,35.25406025968725,23.563648840081587
1015.2258933094707,544.5053271883247,35.253113258368415,23.5650125110362
1013.6574560315769,542.9593523813212,35.25089751454973,23.56867405627182
1011.8457453110364,539.5995258334452,35.23181187936725,23.584190303574104
1010.8228879906833,537.485027570441,35.229501865684995,23.586123650566307
1008.9301645052744,534.803971017701,35.212817422089216,23.602473072727545
1007.4041936259888,532.3181476448467,35.1321645952419,23.65366817735314
1009.4699824982441,529.9055546276344,35.06218181380503,23.692824872941124
1004.7507187206544,524.1487464446012,34.743808581630844,23.887790993340964
1007.1141816281086,526.74268687725,34.49087034606818,24.01598926775287
1013.4319134834682,533.0230541529479,34.061192386691886,24.235605401476683
1023.4991877641405,541.5649718484818,33.37486884670941,24.639444723543708
1030.094901631964,547.0592101763805,32.28003401419975,25.267414562802536
1039.5713568010926,556.2625101382268,31.704854999184377,25.596877642649787
1045.7176256617145,562.1500723504568,30.928833963426648,25.942015364186176
1051.7493788677762,568.1297395809956,30.342945768771635,26.20907841745146
1061.0683867204991,576.5620878515663,29.96487307174853,26.46098572762874
1066.9054575055297,582.3279819495992,29.53245742331834,26.61435340009292
1075.795243470494,591.6907030574648,29.04295316611955,26.77296918301911
1085.0343047600045,600.53540527125,28.69496135492063,27.00830077839772
1090.4174133899749,606.3211936502123,28.070783393991153,27.07208855294396
1096.3602118753663,615.0045918574252,27.700120963003037,27.24044838851809
1101.8067060287437,621.0083410099222,27.391394550474356,27.274489275723855
1107.9920459914854,632.8315751144743,26.917151316274985,27.434898202850363
1117.1598261713975,638.536138842453,26.72774726748615,27.37093218488098
1122.7404578362602,647.4293298360874,26.50202127601721,27.44125109482909
1127.9010397660297,653.4092900873403,26.362824198094383,27.26830836026758
1133.272905082786,662.2904839667752,26.240214017462577,27.225956154376224
1138.3823793428985,671.0907948127773,26.103805055648685,26.895113667694446
1143.4831027044645,679.8639402220688,25.96750096404749,26.742011325673932
1145.517074126297,686.0469711275356,25.806039386403956,26.494924200409397
1153.8731808893053,693.4325143157779,25.79857973612002,25.9952077580067
1154.624347544295,699.1943628708349,27.09797562841104,24.10449862396701
1152.92093453987,697.3810664476679,27.098329192726794,24.104158849298692
1151.0935446909168,694.7677826933023,27.08680001078093,24.105553361508896
1149.3118876723745,692.3794695096444,27.082581270078936,24.110557071048714
1157.740790398397,690.4406237561628,26.8938775331223,24.305924406945643
1162.953286888111,694.3574821627866,26.77086838700688,24.35861401535954
1161.7855834239485,692.7339257095388,26.765941853570517,24.361061775981103
1160.130728967792,691.1137443467003,26.7643061423179,24.362641380549114
1158.492621190352,690.0352866090939,26.7599972049336,24.371062612140083
1163.7259568965762,691.699132819966,26.651558290654663,24.46884960247469
1162.251423404028,689.0820375625152,26.426060437341622,24.732681268804566
1148.5580397898989,689.384414190795,24.731471617015867,26.331402533881896
1150.2912047585055,692.3670582314968,24.63557071880393,26.290840938684447
1151.5590291814701,694.4841142521138,24.749004533549968,26.16370159184734
1139.6862580573766,692.4429178118894,24.71579350109715,25.971672780401672
1141.954407661017,693.5071720508232,24.805179508812884,25.577342130369043
1156.619333048602,686.2384849897998,24.6129439375004,25.84272070798246
1161.7426160576151,691.4192126868536,24.3868380482581,25.71563268448017
1166.4356545561616,695.4388017710636,24.398295421587445,25.385412188179387
1165.6543596025065,697.1298084646113,24.720158142694714,24.92639937519582
1164.3529262849588,694.329995519839,24.720975903888633,24.927082984924784
1161.624321593944,693.2187240092017,24.741226972930402,24.912862052036857
1162.877697919013,694.1327128511841,24.73853173017121,24.906474195609484
1158.3061602271498,682.6288937211511,24.612967549383566,24.831535703966495
1165.8949936939139,687.8139816194899,24.523796824046457,24.578766752381664
1173.553103385159,695.2608637026754,24.532473300320746,24.224005958203144
1175.450427239884,695.7131645525785,24.534586626789995,24.211595787670884
1176.9182137594378,693.2716296964194,24.493692895619752,24.256126853291043
1181.9441743678046,697.7440892135274,24.85212247844683,23.86913399705348
1177.2725557378246,694.1724906937236,24.8275313692661,23.88700726423071
1176.4607914040937,692.7721327426966,24.826222757408033,23.890066868601096
1175.074173707636,691.7715794961869,24.826204232629728,23.89016914256528
1173.4215928118297,690.2821806262522,24.82364846252023,23.892523830142917
1170.6980087570441,688.1151500095455,24.823544271371162,23.89285293541296
1169.3981278182944,682.2306983662372,24.558287304266365,24.113042537947372
1177.6678127735872,689.4108675967723,23.732688260074593,24.679455213657157
1177.2629574749983,697.7029878702067,24.260523842947528,24.138385595743234
1188.4304834167945,695.302252345437,24.286758122685,24.025474187549634
1186.852262117367,694.0906529187304,24.287901296414923,24.02455285320341
1184.7962078354828,692.3419410384461,24.28616498866218,24.027162217867456
1184.231126360453,694.0517114075324,24.270873889611664,24.045141745274123
1181.922874897362,692.9688561350644,24.27083447646878,24.045307303485263
1180.3953805620229,691.3424306379902,24.270434219687104,24.045860180949564
1178.6590810043851,688.8241104584857,24.266685173265344,24.04948719614752
1183.6396010614917,690.964270864187,23.71670062393248,24.543201838541357
1151.3775792810654,694.76257254216,23.34189469748029,24.56460137413592
1143.386443196664,689.2239652392831,23.27792129133191,24.625908692292217
1148.4914106953572,692.9476238510933,23.201366230163778,24.626213767865856
1162.0076055012214,690.9828731470087,22.97186358132604,24.864660355020845
1166.6163251748837,694.985209682668,23.14418615874512,24.71415903663194
1164.9597386312273,693.233573472974,23.14585249785846,24.712228447368187
1167.2819922723297,691.9407105037913,23.14215332112226,24.712669675803234
1172.0586031367961,692.9891020437616,22.825235875331643,24.643187192099642
1173.9022652887227,694.1073185755249,22.832173122382045,24.6564842387415
1178.4233727897738,692.4829392726442,22.87381184189828,24.81222836581954
1183.8044024851145,693.4751995700295,22.71028608158825,24.835726979956892
1182.6414304171708,692.4999835561179,22.70992220546667,24.83549901746956
1181.432098204305,690.1546792723951,22.702058177371498,24.843651568374476
1179.860116875931,687.9161350081955,22.70031203475726,24.845784061159737
1178.5621878451786,685.8204782648016,22.67512283788497,24.871114347874204
1170.8378979252627,660.4349578866246,22.319508227338122,25.332329207011533
1180.4526275265391,669.0471746805977,22.08804821606961,25.546679264695374
1185.4562661959146,679.8853717175274,21.8732351336054,25.941990055337882
1192.6863462799656,688.0409894611836,21.678770537402546,26.458038427278275
1199.8215035595615,693.4941599767053,21.631556640442334,26.053995751337418
1210.7465963188881,690.4123269985197,20.459177976037353,27.183894484350482
1193.8816915957912,688.5310860560116,19.871936488393356,27.940787122616634
1198.6001745307926,689.5016865013343,19.76230692973081,28.055620081687547
1197.4099855107283,688.0448328766487,19.76147750373345,28.056728721134395
1195.0931824173724,687.4045214283123,19.76211812571768,28.055780348771997
1192.8685749493407,686.5635285080892,19.758005882826147,28.061818165422
1191.435247654192,685.684183161093,19.747167806879027,28.07273854996636
1189.6102725693922,684.8601289009973,19.744780186943153,28.07594877475509
1188.2261901223408,684.1765557463506,19.740704203894403,28.081464763499504
1186.169249387378,682.1942102413482,19.741004970084717,28.08118923793618
1183.717530658838,681.4482841302079,19.73954235315929,28.082103154361967
1182.4459505851862,680.5512737161184,19.73871355736324,28.083373743168522
1180.6811136827646,678.6459157422165,19.737867161476846,28.08446168117617
1178.9266370617097,674.8942191604277,19.735796405326163,28.087156278317078
1187.0427797861214,669.9220484576031,19.92046118233278,27.745794024908708
1196.8747220592213,680.4243991305462,20.44583902626985,26.868673321722635
1195.9883442150863,678.3645972542528,20.44562689914069,26.868964311095432
1197.6012434726576,676.8549686244622,20.57229878194723,26.692338058179477
1195.60713434009,674.7964201054319,20.564985964929324,26.700762000536916
1194.2607633536013,670.4659384966603,20.643603639810717,26.57665765979174
1178.0641089327955,642.4335482542119,21.12490610324848,26.062981266026213
1188.6611003200453,656.2645822899527,21.63052354847545,25.48896594417852
1198.6435094117473,667.2568178403529,22.04220263374828,25.116030869379138
1208.8976521445088,680.9484039519975,22.37374184473906,24.68362616317964
1219.2997856927273,692.8672476983288,22.571351579356644,24.590062129379508
1211.8776305851138,687.9753118718888,21.8741340464756,25.06026839224483
1210.6526364279252,685.4680347265084,21.872463158277142,25.06220461812509
1215.2232761240905,680.3845352951714,21.83166861396931,24.92337538631693
1228.8629630417238,693.9849573537507,21.75012307154915,24.62617583092578
1227.416232087353,690.7181134841892,21.75006343297359,24.62624702723275
1225.9528986371556,689.6797421864408,21.741411863366714,24.634566351550273
1224.452548160171,688.1402640900689,21.735926332045565,24.641347518354326
1223.0265306445074,686.29005516192,21.73182623344445,24.645806283465408
1212.5995008220675,693.2977893637736,21.46084773135144,24.494070217709837
1210.3636848066326,690.5505625557332,21.459501170302143,24.495753161946084
1208.5455487434413,689.9216630932902,21.446192818016854,24.5089265184423
1209.9217048341882,694.8466895347918,21.458533842394235,24.196836548952206
1208.1851947937475,692.0581702915806,21.457834803250066,24.197459973424063
1206.1511300469397,689.5913799303056,21.457881964254554,24.197410229512894
1204.8924077809272,691.7462738906374,21.41648574463178,24.231225443004377
1203.284804997902,689.3701145924344,21.412969920911593,24.23519675700082
1198.5307182242339,696.3612506372657,21.40408414207588,24.082164512614074
1200.002251489095,691.8669093532086,21.61472630871902,24.024732159158532
1207.9847107747357,696.3890888520415,21.601002500621203,23.835414665398957
1205.9188538729834,694.8924546875154,21.601109248461924,23.83477935751869
1198.6628761790623,695.5330778163922,21.59257685096481,23.74207486974661
1197.743541832614,694.0012857382288,21.62088999977114,23.771461218761168
1196.1844081112183,691.9742183872496,21.620651487819845,23.770912712254116
1194.1058823813626,690.5025509045095,21.620804925833244,23.77086612980649
1179.3858192911136,695.6884885464387,22.79483308387022,22.627413010865023
1185.6911634955272,703.067121605168,24.33419102361492,20.80723013773022
1183.914531192994,701.5362961656233,24.337673590946444,20.80405834302199
1182.64250362812,699.0434148293201,24.325644326239402,20.805149422915875
1181.3676093641834,695.4118477135836,24.323381309923114,20.807171918091328
1180.1824248819826,694.3314608506281,24.321527135515783,20.809303113560993
1179.3459535299107,692.281563318715,24.3278045240311,20.802925138904666
1178.5851438913435,690.1902075565193,24.33625081704256,20.793706369259006
1177.5096445411532,688.7202684444268,24.334905290586082,20.79535074105777
1175.4583914680077,687.1788730948712,24.336849818072043,20.79369572521852
1174.2014449794426,686.2198009005155,24.318554618093433,20.811393460563735
1172.2653839190536,685.1343539624381,24.32281904424555,20.807682920824817
1168.2638959049814,676.9247563262386,23.549989599062272,21.65021994432258
1167.3036982195833,675.6921859911788,23.541285886911908,21.650492545746943
1186.0576780507292,650.8296975834193,23.33415325098712,21.81148162933259
1195.6444246865603,664.9367796493782,23.199133108597437,21.938586036843297
1203.402291790124,680.5537646637218,23.045192419536402,22.17816871201355
1215.8879027672567,699.1598223433336,23.029084829895112,21.6776469807196
1214.502818558671,695.137411700126,23.023642084881082,21.683141599349362
1213.4995629202033,693.6809793462525,22.949098912734822,21.6873489947031
1212.3122124919257,692.3380114082127,22.9485172432737,21.689662510553237
1214.2063058168176,690.7163020853442,22.6640141605373,21.74553943303877
1236.03090748961,660.4182135340374,22.227525963877994,22.10164237793773
1243.685138289555,649.6702706066238,22.226402124913403,22.318971409034248
1253.8152614892213,662.9868695228159,22.53756304369612,22.374984468373622
1258.355525509298,646.8334912002172,21.95560067737069,22.60714852323907
1263.0055897559635,639.1345558874825,21.318627739764786,23.378668745876418
1260.7511067791602,637.9623114057614,21.28348053419168,23.40985090084703
1258.5081925921236,631.270246176337,21.2892125680854,23.47996883223002
1256.8926954112792,632.9568145938138,21.294501306147698,23.460395067573803
1257.760239507537,631.5069794014198,21.303363480605416,23.458618394637604
1255.706624350865,630.0072501958886,21.30433635529032,23.459165901769378
1263.3934673826757,636.6474064012845,19.96272998832393,24.800711134105082
1261.6283041264453,634.7665855569645,19.910463298193957,24.848170684302016
1263.1461962392118,632.93462216815,19.28703568772732,25.606878145448448
1261.8167628656504,631.7472229095387,19.275699225927102,25.621426666485764
1260.3816503758558,629.7134568977787,19.271613950465657,25.6260228608432
1258.7193762822205,629.0096330451614,19.439111051310384,25.41870071649128
1259.272295127163,619.5074413174755,19.70794124434469,25.216529759021242
1263.91270790346,617.7228564151817,18.80632616385755,26.302934604273588
1262.4330401689947,615.9508694552527,18.803736126196387,26.306212141609066
1259.9719547811228,620.0995386178279,19.00530486641773,26.140861388174887
1260.3294551800284,607.3430115930678,19.229737345259828,25.94383433723127
1258.7127100234766,605.8514055461984,19.233927874656686,25.939201486969694
1256.8035892282046,604.1026864221021,19.26004066385482,25.912353703439198
1257.7158806016744,593.7326561673306,19.53253933972102,25.595710645477602
1257.8516527992595,601.311048259286,20.18779352662798,25.065495255817062
1255.6475908169562,604.9227671488007,20.385287551201543,24.899724255352137
1256.7083144550604,603.8399315862746,20.45209057826158,24.86168625488558
1257.6611191695615,602.4842777856852,20.471712486806396,24.8500579410712
1257.9695713232923,604.164688582509,20.52525523087015,24.707233421550658
1227.9817738926133,614.3766257271838,20.817408930118667,23.92375715771395
1240.8084264292008,633.0507795167471,21.123000493906428,23.248312585178972
1250.5160407429253,647.0209266550189,21.368208496706657,22.812552076335614
1257.4514695972175,661.0541289303383,21.409401035314595,22.46651495733746
1240.8981084313614,648.5658648775516,21.658846450522987,22.22192222856022
1244.998621242705,666.9301485001378,22.04138367878803,21.849689669667168
1243.5832456082494,657.9416603911842,22.312922501486472,21.73423386547961
1253.4623674956176,673.8049416473771,22.350210953312537,21.857318875066547
1257.9241542151979,687.3639316275386,21.911979539908653,22.635939638010154
1258.0566720512975,694.7031268701971,21.904678851869175,22.642053661665194
1256.6188290611792,696.1693168748757,21.985244592847927,22.647478351252257
1253.2494036227986,697.9999643653832,22.06773007501692,22.55316635477987
1251.3582044265845,699.1019996207184,22.143521840934003,22.470058940728258
1235.4554828401922,694.8438046859574,21.98780244658022,22.385344073922145
1237.6400942659075,698.9817379820487,22.371570317805666,22.035587272541566
1235.8383799668059,696.7421335551782,22.372952664712177,22.035911429322066
1237.1712931986629,701.2278815032183,22.69489699682048,21.685078222450866
1236.0279216669576,699.5821975853617,22.739429195209965,21.640642549405598
1234.79227340936,697.9326879620296,22.79525868655579,21.5921445441012
1230.7626474586602,699.5414236010351,23.097472948337263,21.269896406806776
1229.5265909494653,698.1176188527198,23.134878801962646,21.240209694102024
1225.2309556995829,695.4798492720575,23.107181291778858,21.261924144580604
1223.927457640297,694.1206107690101,23.112164060817506,21.257397047968652
1222.213370668542,692.2119962002006,22.926826203561504,21.411217906168826
1220.8621286505274,690.716684270663,22.922963012494368,21.41603959162934
1220.1982869403264,688.807492551198,22.92565103437469,21.413470615092976
1218.3032703574954,687.7521708820549,22.924281860101555,21.414695322779377
1216.792620073087,685.9728042216428,22.91881112192664,21.414509929080232
1214.773588534896,687.565680380341,23.077166385046006,21.281900874546988
1213.1617472933176,686.4431572755357,23.07150807650045,21.29109460422298
1211.4018224300426,684.9612354475128,23.129475211802827,21.223549739074222
1209.946761658012,683.4990661709728,23.12821336543713,21.225899089654874
1208.7756727079716,681.610828807304,23.233806602127267,21.15177524330784
1210.653245915767,679.9964279910632,23.374401172406444,21.04738953409916
1209.1248555282932,678.5843066884973,23.379424373272567,21.043203632379694
1216.3118790881447,671.0033348733886,23.294493159331328,21.1301884613279
1214.895961709146,669.3898100696539,23.29408137535203,21.130984320857177
1236.4120738179877,657.0456799080512,22.87512696357664,21.702907821552845
1243.780853028955,667.3547082584663,22.425896712418425,22.36470112682605
1248.7088811370436,678.0559168826329,22.242309635340508,23.05927446381989
1255.798479649851,689.2529456167184,22.05371414933747,23.905739380292452
1256.617562457803,697.1046629083806,22.196582764619436,23.214697794709835
1239.7452374311245,681.6278631390112,22.620031493513558,23.33135466071908
1238.5917704611384,690.1060647201126,22.904156643278938,23.532914297588512
1245.9313248009298,697.9520760195048,23.4344700752071,22.733818868603862
1255.6950654345142,698.593591956143,23.440567680718942,22.25193237010263
1255.8114950011025,697.0291372038052,23.26626598713816,21.72194089859709
1256.929499163243,698.7586848678334,22.830370029533288,21.582912499404234
1254.7268007563134,700.2097928779056,23.031459764077407,21.34927105086936
1252.3053125055776,698.6627739820581,23.07874048384125,21.306574833775368
1247.1137482101065,700.2545137848532,23.28904135414111,21.09121961783343
1241.7477643974946,704.7676576057806,24.518805038019693,19.960273849147654
1242.8558085045252,702.7837200989661,24.669524046324955,19.8197327823018
1241.0711333871905,701.2028707823645,24.698129261081675,19.778951576180138
1238.4361982994972,702.7112617511646,24.856621243566828,19.633025208419454
1236.3600633354224,701.0691898847793,24.87088353087767,19.618173684765825
1234.9186801791564,699.5648397407745,24.889609468653642,19.600179198147902
1233.487842030748,698.1292550523855,24.914274666609067,19.57927089052351
1232.0344080827288,696.3812966244913,24.91098011376417,19.58252793910664
1230.5403995269273,694.1109494114731,24.898579754435264,19.59372664904796
1229.5151693289743,692.2883557140182,24.886162018474657,19.605366261060077
1231.1476020969237,690.8161311266613,24.814511137498364,19.65882398641765
1235.5707171195472,697.8869021563015,24.60028392275683,19.84035722163174
1239.520752939888,702.1075949237832,24.731822770966676,19.62147725612653
1237.5009191630215,703.5043396647542,24.911206949913158,19.47711525755247
1235.7675791114386,701.9807540693374,24.93197993714293,19.458690344717855
1234.2312395810325,700.0715360534781,24.975450099411013,19.408925120637964
1232.5360672672464,698.908049584627,24.98337943233585,19.4001505779479
1231.0328195195282,700.5158851608336,25.0216086790691,19.355470607861875
1229.1986862550846,699.4528371385165,25.033840738351735,19.34419272824053
1230.7606055853903,700.3538639741146,25.12126907221662,19.249847535018556
1228.2121817639543,698.9402862328182,25.134033634797238,19.240373626894716
1226.5099139207477,703.4511324079673,25.632436623150863,18.853786409653143
1225.6777988999463,701.7863825390469,25.65035848108386,18.831475692171654
1224.86416772715,700.4012077889836,25.780438815072024,18.716404869880087
1223.5143023797648,698.3753171288288,25.771707509949355,18.725810148777374
1225.2172348630183,699.4462827507739,25.63653393824846,18.80011406571469
1223.3230744075497,703.7413525591652,25.987571333255204,18.470979850543543
1222.176856267264,704.9391360521183,26.065635694194814,18.406894798231004
1220.17292143356,703.4394694268597,26.089582880065944,18.38817642445024
1217.5441841705451,701.9757155563284,26.122660700468185,18.361785258804996
1218.1768851432055,703.0053963145294,26.23736389297247,18.255760100473314
1215.168191601553,704.5651082616226,26.41167427034485,18.118914960711948
1213.5649150663733,705.6591609642595,26.595379926687585,17.967087803271333
1211.126813640788,703.7609319490058,26.624267943263604,17.946733795357275
1213.0092283326578,705.1705854887261,27.059835097304795,17.53164872748269
1211.5038840186994,703.8554102614673,27.094679103563273,17.51132817675119
1211.7974683710304,705.3113996928693,27.493882810152375,17.231312566968583
1210.6696181137088,706.7693253028134,27.649218639736638,17.105281541324832
1209.3240279209829,704.9263256296974,27.68525934051132,17.07466497225825
1207.4666083128445,703.6181615043448,27.698735946924845,17.065657529604017
1207.0359533451503,702.2346680292368,27.82147155627478,16.974797504493555
1211.3820291350264,706.5779077884783,28.61600382204299,16.25814659166228
1209.462491601362,705.166258459701,28.660031367780594,16.230544837611163
1208.2356026616792,706.530633963756,28.82389773858608,16.089556900561252
1206.4994044326045,704.87101825464,29.05664180148665,15.963203783194622
1205.6247365713546,703.5522989951357,29.094202221099533,15.940013744997884
1204.3127135822106,705.044059075305,29.16403705970885,15.889016119983598
1202.9535417854759,703.0947783446084,29.166527677332716,15.88706822392437
1200.8544751912245,704.5784367277386,29.351038105063008,15.759016804191209
1200.6559538681463,706.1761925433678,29.609453684010937,15.561363458836478
1199.0879650755521,704.6375502022031,29.62599810460273,15.55102144553301
1199.6900747898067,706.1416836939238,29.780350324691497,15.450532248346443
1198.8943933527526,704.8686525953513,29.805349506516198,15.428943412090101
1196.6054840170045,703.445660064333,29.84731717627261,15.396905326543758
1194.927228014059,704.9602799400271,29.995248926655268,15.291987465032747
1192.5748694463327,703.6463363367867,30.02176343301831,15.27493620258031
1194.1864021999202,704.8459000645383,29.92369339589046,15.187480004096097
1196.024016209393,706.1090021784411,29.992199021430114,15.123558672332685
1193.1483098274134,704.7999784055235,30.016515227772338,15.106652004071833
1191.5014341858798,706.0459129945035,30.065060870046686,15.064593092606371
1188.532517059247,704.649817438617,30.08854413683127,15.046736101046985
1186.954540216689,703.3457305891336,30.13859920324914,15.012506674250757
1184.818140440611,704.8444255380306,30.210145341251295,14.952509964933327
1183.343363251439,703.4232608450089,30.215466778921215,14.949063269891422
1181.1461749214884,702.0040434054279,30.211408323008328,14.94960204042619
1180.1510980101561,699.8539246587269,30.207904556714478,14.952633608840374
1178.6425395909946,697.9889652597606,30.21314934189124,14.94970018623787
1177.4442220157732,702.3144612972877,30.245623716195468,14.915405422584774
1176.3418678966923,700.6930448483217,30.233641414043458,14.924974112676876
1175.0104685798551,699.0593120064132,30.233711022831102,14.920337440536919
1173.764690308166,697.8281186980755,30.227042115693024,14.926872025504492
1171.8535866914747,696.3357055095128,30.25205844445861,14.90933472083672
1170.1779055439551,695.0210533358816,30.25483394178338,14.910990714522478
1168.3040227786787,693.6046339440679,30.266039604477747,14.902920732356897
1166.9062612723208,692.0938059530893,30.262602408300484,14.906279280461243
1164.5467499837205,690.6623048035277,30.2627333648651,14.904200269311934
1162.1098116150713,688.7100453672505,30.25931222389827,14.907857163335661
1160.5830392479313,683.4432921310458,29.964440391329518,15.218413654055373
1159.7596524551218,682.0142404850075,28.68084245404514,16.486751516635426
1162.1371430843471,688.6722512687347,27.59975464728476,17.626550032799067
1169.2741152288638,698.23342313047,26.86961738797559,18.3771177625757
1171.076072783211,702.5484722823095,27.234390052032115,17.637677360660497
1172.4527274914597,704.1584931277903,27.54907523010907,17.070254077902156
1170.3762349717467,706.0250666617965,27.779986428439813,16.90836817741598
1170.092947358304,704.2359491528431,27.82778958968564,16.874870950831042
1168.0899855846117,702.9632645787599,27.84967430726691,16.86183946804654
1168.4819028082336,704.8443567758111,28.309903475822,16.52969614869691
1167.9150367405523,703.4734061750027,28.334428219445876,16.507976258471164
1165.4379631960762,702.1289483773116,28.407784597948865,16.457286903901945
1164.1599667423309,706.3381791756894,28.78544732241022,16.149051938310997
1162.481892703383,704.5941688325959,28.795302427741053,16.141586126619202
1168.7262894282103,677.9786497841169,28.974319418150007,15.667511766301732
1170.2871826572996,684.6606140963279,29.00026497939576,15.349707600192732
1171.6409407745039,691.1386405133399,29.25021796991704,15.13246435173995
1175.7227105218847,695.6747105793133,29.33458802105427,15.07604840192187
1180.6096788896532,703.2980297151972,29.335409624445184,15.143964344631737
1194.4760719069761,704.6589337608142,29.297354348466122,14.780480304301204
1201.0964410796273,706.1315177629514,29.683712179311467,14.373697691262073
1199.5730955761135,704.9309007908803,29.704964877623365,14.356061186338051
1198.371499141681,703.3470707428895,29.716641537839482,14.346432750062522
1197.1663824550742,701.9982750040999,29.716366993648887,14.346651791118267
1196.0502764843268,700.4500035386712,29.71413193273309,14.345965956488019
1195.1418908370433,698.5997164870078,29.705933935612766,14.352247276077907
1193.778935368347,697.2906590792674,29.69410936313314,14.363102341192487
1192.1993911878312,695.7416061282066,29.676578671277472,14.355734724942193
1191.262172514409,694.2645727203102,29.662871525019174,14.36927410161773
1189.6884501881882,692.9318755851932,29.650828929993473,14.381156847651326
1187.9512551675443,691.6891937136049,29.630720956831404,14.39931196694178
1186.255679636548,690.0629445287713,29.599564050684563,14.430805850524981
1184.9294139112578,688.5619831451518,29.552409927686888,14.471423476315074
1183.1713109244076,687.0302434713336,29.559669244206244,14.465463412787937
1181.8022387307335,686.2800687283923,29.549160458107956,14.475261665379097
1180.859495386674,684.5893371641714,29.547603193284722,14.475767428784847
1179.4680087490058,683.1411239954635,29.554043103371956,14.470759583079744
1177.9873805979591,681.811512182058,29.537211026559014,14.486965441030984
1176.592357708346,679.8313817559115,29.529083855040287,14.495118386982426
1172.0094725420909,678.3383212236206,29.63016264397157,14.397165669597076
1170.6777505000853,677.480122863856,29.622895687485993,14.404561682453695
1169.3420328211657,676.3991431368389,29.602702350790796,14.421928851331607
1167.3279649723083,674.9620816346657,29.60820354227988,14.417405958766558
1168.6046407945794,673.2321294885988,29.422803290865627,14.59260961880466
1166.674652841458,671.8969980186674,29.475767831217393,14.557874065473097
1165.9642846419279,670.7847877109891,29.4900410840682,14.550411870237063
1164.8402766711854,669.3676287996882,29.440641769052917,14.595856735609152
1160.55037077477,659.7461300070504,29.434605707269277,14.642620571495275
1164.883426532566,666.847463921954,29.457173886806803,14.694846998279736
1163.758143308026,668.561559341027,29.46025946659326,14.693836688774597
1162.3425992002224,667.4415252926855,29.363017499171754,14.793165821376805
1161.0525442729324,666.3913014437784,29.341243942344136,14.81703013372343
1159.7112657025561,664.6824991353059,29.3234264798251,14.83512174445812
1161.4162085286014,660.7023621155435,29.348597752554877,14.815737180314743
1163.3422911413259,662.0776244428242,29.45318673471704,14.719731845287418
1162.294114398664,660.8098314037145,29.4591109140102,14.715874192198953
1160.7798263138454,659.0504230089974,29.426003905699375,14.750387268788133
1159.522685979026,657.1206479957378,29.36432918440812,14.807511195530152
1158.0661494732003,655.7707614665819,29.401259694228234,14.778178542858878
1156.7520361641928,654.6931367246386,29.40004123625482,14.778379894802518
1155.378933324856,653.1611466581584,29.374556546275855,14.804257877799683
1153.9057641706977,651.6442169822773,29.359534876870274,14.819005596261123
1153.0859087282051,650.0675432428977,29.373016118033927,14.81099495696305
1151.5527262323174,647.7775923208341,29.290137993430594,14.894028190708202
1150.3076178932938,645.844333848295,29.138154201507042,15.033715606977735
1149.4976249545173,643.9342957699819,29.051457277813437,15.095961620629192
1147.8912189359187,642.2053503997067,29.02821251035363,15.081575673557483
1149.1609148789778,643.2735627434469,28.996138882520945,15.070597782494401
1148.3301991258602,642.2529836634912,28.99766471668254,15.069564675391996
1147.4212280448187,641.282119180436,28.998989628323166,15.068991056854431
1146.4036666688974,640.2788115637723,29.001330302376612,15.067673865636594
1145.030941062278,639.1427749962343,28.99241011096712,15.076321888941909
1143.8642153921699,637.9887055329585,28.985583779369854,15.083682903353527
1142.3991902322853,635.9510239764572,28.961635056627888,15.107550941130286
1141.1930795023754,633.4436048508787,28.9208404737384,15.144111032192182
1140.0087526114326,632.170496533405,29.100706080041178,15.04064514531949
1138.7513874568594,631.0568905528545,29.10236509058823,15.040159257146799
1137.194987721208,629.7144914229973,29.004782338761615,15.14074139900232
1134.6758612886088,628.4520752714141,29.02584522440708,15.127847299885998
1132.699319516914,629.9000026638095,29.168486558552413,15.041420253284986
1131.5770036858885,629.0899547010802,29.15029010895539,15.061014522211257
1129.6440468895826,627.8051966288467,29.189408838820036,15.038604807226896
1128.2700546779556,626.6704100597905,29.076681210682302,15.14171528550351
1126.4552304183621,625.1848178808656,29.08253827364653,15.14028559344178
1123.8761730252195,623.9194740871134,29.11367418572526,15.123850702461077
1119.380865648249,622.6398732699278,29.00786006851146,15.206475531717624
1115.375475703531,627.1753266113757,28.78690568212956,15.399258843633882
1113.5443268010356,625.9853589442147,28.79300427027762,15.396245064110015
1111.970549202728,616.413837049705,27.72576626163171,16.088708256205578
1121.464453137254,621.4325481145002,26.842483005006656,16.69944706106353
1128.6245999910602,626.533578353227,26.410417713836917,17.21267856053845
1138.2215990290474,631.7340361383008,26.08484119242822,17.63906783047874
1147.8878728488992,638.7801720408213,25.585587467519268,18.040630520982088
1162.8527065239794,646.3300870863795,25.116563885669557,18.361006499811968
1172.4104796927593,651.4911606765735,24.71640489247001,18.628239583706428
1181.9932856452951,656.7072177313445,24.42505675082598,18.938368287274585
1191.2972335204456,661.5821112814018,24.010503209387412,19.11127539339777
1198.2313933983805,666.7460199196261,23.872028500514556,19.33508909076514
1207.7371799966452,672.2572982153448,23.785391598541302,19.566350057616262
1214.5120135511434,677.2805327542973,23.709848444317878,19.724465101415582
1221.2378627345645,682.366881424329,23.632565475119534,19.773493225219127
1227.665717292959,687.0920788798592,23.311509068291237,19.857496393077376
1234.5395660601396,691.7583212256418,23.234056704523336,19.857872648167465
1241.6119513401907,696.812221467661,23.125227268383693,19.783081693242863
1241.9836883750168,701.837105927631,24.680682413209066,18.727719473436903
1242.740798040449,704.1517164090014,26.584287589104378,17.377063440658233
1246.3896160934921,703.7368095987136,28.004468789536524,16.59379131446882
1244.0990707694275,705.8893345363364,29.833232949170757,15.385920375227956
1244.7360877705707,704.7292206476078,30.24012836926282,15.098099952077687
1237.202857031598,703.1300946957841,30.16799903452558,15.153949683636407
1238.1420796097736,701.9342295038832,29.49796914802551,15.529411098856235
1236.2836324796567,706.2308414826407,29.88208781545544,14.966225974959448
1235.2905701458276,705.3596063875352,29.92307128686276,14.887184658136063
1253.0141659211738,688.9258741962497,28.340171880946137,16.40850722552155
1253.9241921465432,689.8723160854915,27.37529736914517,17.42809164199929
1254.6730343657587,692.9724562437447,26.425546151577826,18.329939831199844
1256.8615686239486,687.4960314490269,24.376331314854728,20.476101111919657
1259.189075014356,687.7926857919879,22.436003735685045,22.60310001457502
1257.2523996199827,686.9224694359107,22.115019540605633,22.893956825697924
1258.6939558915526,691.2020231835654,21.493191587233405,23.622653933964944
1256.099654011754,695.520173817004,21.533903825376903,23.59938786911436
1254.2429028864858,696.6986476872607,21.603231738526162,23.551174545562407
1252.380223693654,695.0462394720465,21.61337897115959,23.542771428719146
1250.770834242619,694.33228519861,21.61704089553767,23.541973448836014
1249.6006169281256,693.6984674034691,21.619226794818708,23.54150329380224
1248.26730118484,692.8662790022055,21.619858630434678,23.541395833862868
1246.6080963658724,691.0669805473848,21.61648377206274,23.54557254887853
1245.3844857815616,688.0759257103758,21.61370107830333,23.548056044155004
1244.9380829981385,686.1071534791835,21.614381455844963,23.54817465471785
1243.5894507672986,684.3571692600436,21.60908716165025,23.552604619868042
1242.509622549729,682.3646101763591,21.60579904150641,23.555517873144346
1241.7669222535994,680.4927691148157,21.606122133422662,23.55532735371384
1240.7844868719135,678.7871773394053,21.615719626187385,23.547288072808694
1239.44587766517,677.2065263730154,21.63413052357646,23.532434915256292
1237.7461529794548,675.9281248405014,21.659411499010744,23.513099960722627
1236.4489435604005,674.5506062847451,21.661086225104327,23.513023232132173
1235.1328126396527,672.9194522029821,21.658752434047017,23.515180486234243
1234.166469979521,671.6768916138209,21.659892019904817,23.515354221548172
1232.9520637159487,670.213793465265,21.66173406517681,23.51534035363621
1232.5315085481727,668.6051849196172,21.68376911434047,23.497380166413272
1231.0253845939135,667.1441528949473,21.709420676957475,23.476871145226905
1229.4532358167094,665.837450031835,21.710536192104883,23.47617307735336
1224.5765711746647,667.324098223648,21.848522382322436,23.357232505800237
1223.0062313388257,666.1846357795598,21.856660397506083,23.350655437036938
1221.4248152283071,664.5943018303799,21.857717029554045,23.350619218575588
1219.5470837057715,663.2905123108258,21.866889152460182,23.343356796502142
1218.1284923555909,661.4562197611692,21.86946544374856,23.342665181490137
1217.1201108100583,659.9616279927251,21.86940381252348,23.34161744282015
1215.6429520529632,658.711640593104,21.869681514626066,23.34156530076286
1214.817047020219,657.3893629046553,21.875698380575013,23.33660600251987
1213.5718909297063,655.3954373839418,21.87439025940032,23.33790361338946
1212.1664767619409,652.6724697349333,21.870584748648024,23.34160439526278
1210.9035822146084,649.963265626133,21.86975512421231,23.342413888498243
1210.430073457321,648.1310131624186,21.871483563412355,23.340851215676505
1210.5439656186302,646.4780831546993,21.874270153155138,23.338060022237553
1209.5742659440511,643.8718316291055,21.871058761651646,23.340884423522905
1208.492858171258,642.1696459543892,21.853301559053836,23.35978728998436
1208.2270442616834,640.2062028256038,21.8543571426184,23.358836175728943
1207.1702830306563,638.2353225814778,21.855805706357476,23.3575233912758
1205.7737311554624,636.5091936631886,21.856735355869368,23.356663618830282
1204.1139976111863,634.7849819630159,21.857723383294708,23.35578982946324
1202.217126647142,632.7793729029664,21.863515749310377,23.350341060371395
1200.6315721676344,630.501881399599,21.863631380231453,23.348198498716265
1196.742237080552,625.7477459076799,21.865931505873117,23.199836105479292
1198.3227586338476,626.8410061280065,21.800532634893163,23.045950638352256
1199.625083332146,625.886186592342,21.82631584403968,22.90932720701089
1201.214358570146,627.8538719008005,21.82884451728556,22.832246308721682
1205.4868569470852,629.5771657481018,21.82455916630028,22.7084239644609
1210.3041327912335,633.8260390634669,21.81554153562083,22.630156703848062
1212.174227211772,635.4446476186534,21.801580693277845,22.576060559432513
1216.1881076621214,637.4042439406219,21.887269842932618,22.39163082252391
1220.2893773595517,639.2480155989563,21.956919588392072,22.287711391963438
1224.3287023560442,641.0431718511264,21.967127246163837,22.285700546253512
1226.3314266484413,643.3477284207984,22.004066146873605,22.182391945636542
1230.6039186504936,645.2546414869688,21.977401272712985,22.131271616212995
1234.9539939036456,646.9564125326522,21.88845682109661,22.122200216527393
1239.1207023912955,649.3655975866111,21.89644857534999,22.055880031552533
1243.4769216325599,653.5412282162929,21.875562254991692,21.97643121115373
1247.9426471696415,655.2846204325106,21.86608059458569,21.957755671159347
1252.0954215109227,657.1942462369597,21.840467748815154,21.936919246282148
1256.481381829023,661.722759649567,21.72438226428717,21.953630519211814
1258.080754945718,660.8119385578358,21.5345257060378,21.932778572539775
1262.0413733130351,662.3626270157415,20.567362400510966,22.81147367821262
1263.2612946768988,660.7980310526008,20.435550993355445,22.947229267976724
1261.7039511585751,664.7839237393846,20.18886532072856,23.20598703100596
1260.2479749072643,662.5909845470132,20.189978980958198,23.204469556983906
1255.8836926659203,647.0013358680824,20.243269568382612,22.87752416277045
1257.4081291642756,648.710847362537,20.373421983277915,22.480687453157895
1257.850639696847,650.4265251664314,20.491038304456843,22.13660186680785
1258.2421610904366,653.3929799055663,20.502890808606036,22.01371569633837
1256.3328625872869,654.6026861323835,20.532967955591626,21.957875840207635
1257.1979083151116,658.1600392554793,20.790803936770647,21.695557975974033
1258.1845810091609,659.3793008271771,20.90684620393042,21.30009179745271
1258.6839281722391,660.3987731532089,20.846365285767078,21.20254326259932
1262.9759106657566,656.2786750902368,19.607357650416827,22.375773808557078
1263.7190943061655,657.5802080492898,19.44606301574006,22.554788540780795
1262.345514616092,656.3978556900794,19.430434100140968,22.57406932235763
1263.4043130656733,657.6761529999201,19.297748642781617,22.73375039466248
1261.7284999357878,661.1016922458392,19.030112207240133,22.99255521123484
1262.8335969263453,664.1875367898192,18.57652683150993,23.364420906142268
1263.8504611223718,662.843832680812,18.33149496693773,23.613004470531077
1262.1408719061535,669.4346502954918,18.070035801337077,23.84810012190875
1260.7433940207102,667.6154181603506,18.081979420505416,23.831824773889824
1259.2503867010896,666.1476555038676,18.0989415065696,23.81220735042091
1258.1792779015218,665.0696638003617,18.366809392379743,23.501021949449378
1262.0382248390422,663.8009985496874,17.881797540196537,23.98274703926827
1263.9465416781266,664.9505395962077,16.96177531413045,25.15673318353251
1265.8107181347696,668.0397494617552,16.08615935076531,26.19773817701643
1264.436706231793,666.7390301352359,16.068563163508514,26.220574754478058
1263.110532093531,665.4490979522934,16.056928810256323,26.221425057481564
1264.2408071732802,664.7210539967969,16.01681355485647,26.254519785338804
1259.4540437695985,659.068899328712,16.27145551267167,26.0516250657224
1260.2437706905318,661.1651798472308,16.606639832464133,25.67234866422858
1258.7482949229184,663.5557303939036,16.813470569580314,25.463952362905786
1259.5289233594333,666.0285934686485,17.262575606416892,25.069564886053808
1259.677230273189,670.9894451527357,17.96393718793622,24.508518256160677
1260.2947535725173,675.4324289541831,18.293510011238528,23.92305343036545
1261.0773941512737,677.1930576783428,18.389669941448712,23.649295924825466
1259.4360584310548,678.2640498590719,18.441139017918292,23.593325595731415
1257.9165390507872,676.6443742561121,18.459735531062776,23.574121866195547
1256.764292697265,674.9667651440113,18.469152106286604,23.56595536673378
1260.119610047265,676.2478439627797,18.57567324429938,23.46131225365692
1258.6882120839837,677.3769027362687,18.72392487459718,23.383289664030606
1257.3599473765514,676.0634977215233,18.792542683627047,23.326165958627488
1258.5874528866361,675.482115878315,18.962698556462946,23.14552272937956
1259.7911117950282,679.6606076107854,19.180619396676448,22.91932425284207
1258.8703066684068,681.6279933280496,19.627003409761095,22.638023572937144
1259.9767834491756,683.1672962293164,19.718052371645477,22.390753076570878
1258.4529890788792,687.2739964636528,20.008405346781235,22.25386017625766
1259.1634934225376,690.8773912301406,20.205252923578968,22.153882166719544
1259.6354517566008,692.0125260116782,20.257831621548927,22.094066829184445
1260.0862148483425,693.441904350575,20.422540741944406,21.950972153954407
1258.0809054747083,696.7152767859045,20.451045651016866,21.885066535767177
1254.9599169105138,700.963062422453,21.379525236071043,20.869977840947772
1254.6677274426852,702.7092765976156,22.404279827617877,19.90974291294004
1244.0456164374739,704.0861881364343,23.270389045071457,19.139438316557317
1241.8992741948116,703.4072053529954,24.64341248532195,18.340013527371287
1240.1886446255035,704.7223313907133,25.781742918722394,17.413243602966983
1238.1318681782188,705.8492808346643,26.825077965467504,16.66530720610046
1238.6119832772913,704.6278122278908,27.61029504534561,16.19029092843654
1237.5578594449607,705.7338791723824,28.37870456284338,15.690719600488302
1238.9394856105941,704.5343637349918,28.841145934274152,15.508043712955955
1240.2911703271836,705.7190593397593,29.206897385036857,15.339178740908725
1239.1590821139719,706.5380459242829,29.291924422193553,15.232666810722444
1237.628927126386,705.059309200616,29.568511758281346,15.235355387908609
1236.59306339536,705.8654069059351,29.939522605610026,15.066730233503758
1235.6107547489821,704.2101332377412,30.208412788457007,15.117292599798613
1234.8605326801928,702.9849956847265,30.51769815452037,15.323456644731728
1236.8683683619724,704.1763514177496,30.88595413623727,15.370220009313012
1238.693487837085,704.9402935325503,31.413035666358617,15.213964541003122
1240.953842733026,703.3256421389509,31.263547893672424,15.665058595596946
1245.5144606587967,704.2052720938473,30.9610586089032,15.801908505216602
1246.9412665522814,702.6013017329781,30.71052518726009,16.20465699482303
1248.757821399001,703.5100310272569,30.484773424957847,16.163585263298124
1247.5163840894566,704.6698610294466,30.61253048461379,15.90871431569677
1245.6010170932802,705.5612475895985,31.19433020801511,15.576885619068399
1246.1297933348442,704.4078772581177,31.554160322810453,15.556182205491861
1246.7495913691885,705.4778633806461,31.73970654232979,15.399420166466765
1245.3168534276058,703.9456582908085,31.8402512235604,15.622400874172403
1246.6705424532554,704.8696172303144,32.013757581212026,15.619139343389158
1247.86653926063,703.4492458871463,31.991739533326868,15.977775820924156
1246.698404685932,704.3515561394746,32.218561441892994,15.99603629962005
1248.2575834358975,705.144896218815,32.16979951729479,15.858193898049791
1246.9115454257044,703.5406576038639,32.39024973278002,15.97652220217087
1246.1338574163208,704.3341005257257,32.84986111455383,15.832245430178869
1245.657119577578,702.5196490281792,33.32062002305932,16.130259915521574
1250.3462835778225,699.6225280978863,32.06235580430852,17.43103682936041
1249.0355527888603,701.1587639828658,32.0930380777285,17.52448078701677
1249.3370878454466,700.135899649259,32.00922819223614,17.665480445555698
1249.8589270063676,701.7177032344562,31.97124282922581,17.701624890685736
1251.4644460372922,695.9801751769018,30.71166810908949,19.38326784356306
1253.499185712652,694.0318528915755,29.605653018471443,20.907986344956143
1251.910139854082,694.8497789690365,29.253950042618243,21.419209127854344
1235.8106843945259,700.645688271134,29.8476821287229,20.772048803078476
1236.9356136674676,699.9595523580564,30.472166739654035,20.22422494708945
1241.4196007829112,701.317536779205,31.356849826882076,19.563538220728233
1242.6659526533372,700.1112884208582,31.573893400483026,19.497240601103204
1243.761601328262,701.4051241858599,31.861615454091037,19.228717850015098
1241.7701944486844,702.367040294569,32.24417443915266,18.838814026914342
1243.0042504019382,703.2796968177882,32.80111436484408,18.34995954428053
1244.448199978317,701.1525390498613,32.93049507544381,18.363336893489045
1248.5731886598685,698.3378427122676,32.663173714385856,18.699706936077437
1249.3120389970536,698.321875973671,32.45955880013187,18.915758192406415
1248.5003874306938,679.8713130991672,31.557554992773195,20.169266601326076
1251.191066223715,680.7915325833278,30.591105339011765,21.566302312951777
1253.2281647733807,678.9479700791078,30.140640806513957,22.052475029903256
1251.8338323509054,676.9239031318361,30.093790152349744,22.10655746799507
1253.2314053414166,674.741475598931,29.818805561631933,22.33311688332329
1251.9311355082154,672.6778628939585,29.36408695395606,22.82642519999131
1253.192262135537,670.9513089921393,29.15928303059633,23.09189233666801
1251.434268843001,669.5431851980395,29.141155493277328,23.132044534547624
1249.7935340140104,667.7824428052971,29.133382883650203,23.14986601856468
1245.3269195016694,662.4936588210697,29.128416679755652,23.215973682759074
1250.3855703302575,663.6162775888639,29.095889039913306,23.528455854659697
1252.2995241381616,667.8782698392652,28.894797935259078,23.94225173410627
1254.0134226802213,668.930146236519,28.483791956410002,24.381658424461943
1255.3143102912793,670.2037548081377,28.306460217647,24.578549719716374
1253.5705106031571,667.9823048862622,28.282594044422158,24.623250482046473
1252.0612508631498,665.7975139756684,28.2430733823774,24.72608816642374
1250.844117938694,667.5504583333887,28.24934474161938,24.78771172477153
1252.5541430963383,669.3768621285253,28.243046505340796,24.844829070792994
1251.3281990890255,667.8427321427586,28.247355136116322,24.88077760281215
1250.1838925766624,665.7335083674138,28.250919676040432,24.898822893675042
1251.2778012679937,660.265694736117,28.281616020565885,25.007081420001672
1249.9949637816792,658.3189248943886,28.3368060593417,25.093638586215896
