820.0,408.0,123.0,235.0
806.4030267588599,383.750337772277,122.09854853306132,233.63050426501627
805.543073842102,366.40948373231504,121.2403422411805,231.96648251705938
802.1465522412295,355.1279492452859,120.56776873989213,232.80385302004834
801.8193837082708,343.2944813371244,120.66479182713749,233.719226717841
798.779014733645,331.4928095113582,119.94049704628658,233.7580371357309
795.0934802652699,320.97641917719545,119.34296332571844,233.28044182749383
791.5115888955726,311.4295977742509,118.29506088444909,232.1006318745939
788.0103813688168,304.15068214616736,116.80528748428651,231.68125976162037
784.8251060360247,294.6624642992789,115.80699840911724,230.45906607612477
781.9165567993,286.19066115531024,114.577270519957,229.77397401506312
779.0314631305282,280.5491637211394,112.62552735365534,227.4910337485171
776.743017170702,274.37584254184355,111.05994939034248,225.30613619011658
775.8518506438373,266.0938050973731,109.88545909507303,220.930714085039
776.3527439530126,256.5930104841075,108.9172278837995,217.8163098118144
776.4124733296132,248.14394940398896,107.72434467209459,216.2790491290338
776.0601896802777,239.87668463031798,106.88246374002213,216.20669085899294
776.0585265659373,232.8220221149041,106.53579876634862,217.24498241203756
775.2766160776256,228.16812491841262,107.33075111780786,215.8512282286655
772.9527139335996,222.6060531695138,108.58942290616494,214.8176673731306
770.0156279716036,216.04132375521215,109.31488362562828,214.3018425026983
767.8574037126785,210.31051493812316,110.57269142501825,213.19089124344362
764.8843375610948,206.50409469533858,111.76417361221905,211.39536361835604
763.6476519476519,201.75005081191335,112.78197271080896,209.61930793733052
761.8478667960513,194.9158730545409,113.16489181276185,208.40578936760275
762.0528897738641,189.6608133078003,113.31842523764868,207.41523461334222
759.3902615512499,181.5044293733434,113.8905464785619,206.26591294368183
759.3023629345357,173.9451085307764,112.8351362220227,206.85422778555414
757.7079284000716,166.4028368794846,111.40179383465207,208.1051443410064
757.8451713890529,159.02810775472403,109.41876980126982,209.15031792255877
756.2681949709907,151.4484121645491,107.32836075995257,209.01979974011567
755.2110391896377,145.53926333711433,105.10709483471295,208.37481671718982
754.4993704252857,139.27181388456145,100.62973322477562,213.23510691486757
753.6089691416048,134.07541184781846,97.13989875676779,215.68656768085845
752.4001862620919,129.54700586036614,94.618076240647,217.4154768618788
751.5698947759422,128.28685645824254,92.00845705306489,218.12152281273245
750.3727348214048,125.50930510707224,90.02375531754736,217.56937100991559
749.719815454821,123.06963774527938,87.87415090687055,216.6724787361258
750.4924520377187,120.44992640972025,85.1080208360913,213.39204304695355
749.6400471580711,118.62761091675614,82.09656014860936,211.39994526930144
749.8496453155299,116.49613657282094,79.3082453816197,209.78832072642842
748.9337364301833,114.31109950597683,77.15921531677198,208.29644875415963
747.6360827872181,111.70016006986405,74.92789010300751,206.234551343121
746.5083709724356,108.59558898395866,73.1653169445475,204.59133326636612
744.5190540175777,107.52617303236794,71.44568291755685,205.2228681305156
742.9843307319389,103.993056744134,70.16900817764665,204.59859949390975
740.4643884852914,102.63096771100938,69.06572565205141,205.07211261074187
738.6797660892922,101.45642184125447,68.14012982210147,206.79094006802512
737.060052439001,99.69886304349248,68.13147281596707,206.90641018926016
734.3149295442113,97.619752672122,68.7099845013899,206.0569347802677
731.312724813744,99.41529247939903,69.2467483171829,206.19665698646867
728.1430786838007,100.05501946438063,69.98508842863205,204.16072047494433
726.0069494556376,98.97801764724193,70.92906524395164,202.4351693606866
723.3825143375944,98.799636274484,72.06898438827163,201.47052299994786
721.9284221662721,98.8930345619562,73.43765526217413,199.9697371433491
720.331422235774,98.63646798680503,74.71511533492418,199.3053280840262
718.543987692191,96.74192756208353,76.20862718141325,199.30520767385616
717.5082786339444,93.80082857273507,78.02203032092801,199.8784695334735
715.8184936131679,91.08714079903919,79.88743329209217,201.4196005454191
714.5180639017188,88.1986085969452,81.59451039735202,203.17717566127698
712.4854156530408,85.39264884803018,83.24100558702986,204.75360703044493
712.4255110520648,80.8587336783443,84.08301637475138,205.62732077740947
711.7810638137755,77.61400241309047,84.73827753576681,205.88193004024743
712.4127926586589,75.27692452175017,85.23534709915117,204.85065054689653
710.25866945861,74.741870895275,84.9432722063715,205.2997330124209
710.3087421295672,74.38352221242785,85.06506390991206,205.3512439729333
709.6477059798091,75.61992554007499,85.07322596353313,205.94123581770006
708.3604974345994,75.41777958724276,84.93019100469701,206.7783588021323
706.8570022797205,77.81669424903929,85.73388441465933,206.2596489701164
706.5206894065849,78.76622654310003,86.10759486413751,206.32885921376675
705.4631799290692,79.96917577159283,86.58355475239664,207.74066281175857
706.2760490905223,80.42059040220602,87.01773030316272,207.81010886724744
706.6872539751259,82.6567137524126,87.23092417641918,206.8060871691231
706.1398840453481,83.55458942598119,87.79649006575237,205.45525090801686
705.3680023292352,85.46108211558638,88.31024756612402,204.58954545892124
704.0928273450876,84.65557440525875,88.83333174729445,205.70794452415734
702.7260897857112,82.35930166622498,89.66504140031093,206.40578828294082
701.283180478227,78.86385734107886,90.25394686830668,206.7422918433588
701.0779225991632,76.81868754932307,90.730413303233,206.205698329031
699.7819900266452,75.19702795424503,90.39831490151617,207.25055193347848
698.7543067220932,73.56638594740286,89.91942862861636,207.50141419423312
696.6279737878629,74.78045424871985,89.25153890549387,207.93578302754275
695.3986756103926,75.832804437965,88.61475829205058,206.9444833467606
691.9626857861392,78.15631978046969,87.96108600879464,205.81617257332653
688.9903606175518,81.41270345663223,87.2326163241493,205.36795848180466
685.8820098851337,83.19458864617934,86.22593579283088,204.50736865423937
682.8740816086723,84.99245127567221,85.82838358949735,202.16254759771488
680.4491472043372,86.0826092881533,84.70584314981555,200.93718130934786
678.0781259498249,89.04153337462269,83.24131264934928,200.2582576397355
676.251653099503,90.49239563437229,81.9053562580131,198.3958774309968
674.4100645551051,92.28839259178373,80.91830820337618,196.13845273194843
672.5366745500943,92.86983071799142,79.94105438084783,194.39149614105497
670.921594463287,93.23289385518213,78.83921763673784,193.18440246421537
670.0287852153948,92.18103424189195,78.12219445466567,191.73624848370343
668.6063995594596,92.4084381488633,78.00894317208409,191.28138520102857
667.6707623039034,92.10779926578647,78.12078012216156,192.07320620153052
667.0763140162553,91.52931671770897,78.14065151473379,192.19031152595701
665.8006488139772,91.80102530130455,78.37452400493747,192.5914882055638
664.6289493806963,92.70469349775323,79.0894689015439,192.49579562770703
663.3775134192321,93.01543682842221,78.69275414692102,194.2373115050501
661.2519907470635,94.38653210055621,78.95449614080972,195.66151376397423
659.8774219055394,96.5069654639289,79.14013365791827,197.88683594485212
659.0498377655246,98.86417043617806,79.2864488600596,199.1725151689024
656.6788820521157,101.09103018211982,79.54667035691513,201.34369458754134
654.56419123783,104.96588669946281,79.90787910149929,203.82556228710828
652.2204901362453,107.52799464276742,80.14220112736143,206.754234317064
651.2436640226963,108.6654723978757,80.63557865810937,209.23625922600638
649.1783316047458,110.61280922251385,81.42744330213092,211.43132013102087
648.0860875068171,112.28719178223241,82.21877175086473,213.7807404554619
646.8726346859127,113.50876996473593,82.92641288537986,216.4761300804451
646.0155152064377,113.2527502009304,83.80444111663807,218.24982398503982
644.5752156691198,113.27143041225608,84.46301193581142,219.1122168945265
642.6316854825736,111.68120484165007,85.20261828554243,219.30276220154053
640.3960279823228,110.93295554337949,85.58959032950104,218.03321761189395
639.049219675049,109.38957516254112,86.37927782970709,215.41597647003675
637.3748784169715,109.76065715839226,86.62478708994169,212.62547382667736
635.5484848169687,112.28128665931091,86.48677181115698,210.35668410699034
633.0364728813973,115.91408779880598,86.47561988197609,208.18701717269624
630.8550482277172,116.97368595150141,86.9567531763817,206.9627111756855
627.6612362090669,120.55058815476785,87.21066969033625,205.49725077092265
624.8768030244726,123.49478097639911,87.22195606532337,203.47305880556235
623.0203186776188,126.59857749237736,86.95265714085174,202.5434193983312
620.7686743581287,128.70398735486066,86.24432401850974,203.32278541097443
617.8956936024182,130.38494351077003,85.41930355056063,203.35495826799422
614.9231533403511,132.30417717850042,84.65137137938235,202.96644806487294
612.4600796709524,133.8608259445574,84.20811726325434,202.29267613700696
610.4686375883595,134.94884594308283,83.83766414053726,200.59156863173547
607.8983925065008,135.20991749629346,83.27525723241617,199.92311150038898
605.9140352180923,135.83254901622684,82.59950159438961,199.80331313833292
604.2753475985423,135.57442386751697,82.75053000693609,198.29445915146613
602.6923493213014,135.8331129781071,82.3634152466442,196.9127995739512
602.2293171487203,137.25019155952765,82.09247241254644,195.502996249077
600.9085480438704,138.49849207012687,81.9624797556233,194.74369669672774
600.5430452540953,140.65606498691082,82.2087898409983,194.55324139584417
598.8074896505647,142.77033443116838,82.71027819764163,194.10151959068781
597.1343857483105,143.72852315920096,83.35704909915006,193.29995033641254
595.2775220964261,145.51812658802004,83.94241851565074,192.27325421714718
593.8237765225973,148.24448656405502,84.40936481963472,191.618370091951
592.4870285656682,150.00448174678974,84.75491430900874,190.8501614285232
591.8006771268733,151.82017186034358,85.30428696303818,190.6330434961848
590.7519360666388,154.20132350179978,85.60380009985684,192.05354241358972
589.9266533033517,157.71100068661167,85.758921090222,193.00797773589102
589.9534011826447,159.2533399594647,86.2370836234527,194.7946394649957
588.8951151212549,162.85641166667313,86.61976032520414,196.8349846217459
589.6263139423876,164.47118779704095,87.06323323977016,198.59989342058054
588.5286250228734,165.76797082513767,87.51519667679054,200.4713699554821
587.3166164528867,164.05560721387081,88.3265580579062,202.35423767045506
586.370312618697,162.59759911540283,88.73795752106255,203.41827568459837
585.678189545642,161.0630878916081,89.11606617689984,204.97155332685185
585.4377491243737,159.11773594100714,89.3929783901956,204.16195224300733
583.3492878363365,158.97877966825558,89.93086836395979,202.87062123820985
584.6256015295511,160.86477713701913,88.93923095345983,202.63183586298442
582.1902266879488,160.67314754941617,88.94809604270085,202.97006488390255
581.1737097379123,161.96869438441524,88.7950363739719,202.861687297431
579.4219560572536,164.8368710577453,88.36618260934328,202.3813893058429
578.4064064230906,167.36957543575107,87.47882770744228,202.8930669985008
576.5298163142293,171.02737678990013,86.29301590169678,202.9380189853321
572.3323900688556,173.39403773408722,86.31761864421412,200.3653838282964
569.8055577526667,174.5191450634282,85.45834801963409,197.80295473546755
567.1916622666652,176.43563620568435,83.93765294961437,196.00866874001775
565.5271045187104,178.88233853050082,82.43595885232327,193.56905594715056
562.8001250751239,179.90090760824336,81.6249846302127,192.10947589188902
561.7886631887776,181.20748887506093,80.58103151463021,190.622942114777
560.6798120176314,179.95413377600227,79.25973406100897,189.60519223560854
559.7787609178054,180.69090728412462,78.22298433195002,190.24123002771347
558.7538955709772,180.88727988496288,77.42941515988379,191.30749852652215
557.5448624145478,180.35409842500303,77.3315937354685,191.62660242563652
556.8901280390343,181.54299021476686,77.41644524368225,191.3141257480406
556.4493496579701,181.7864158020639,77.73558867096429,190.626026479007
554.7564764878598,182.8788065812868,78.3057849223023,189.99224420435183
553.3749436029545,185.35088349415798,79.13407390912332,188.6422025364311
552.8307493180528,188.79871606366575,80.1124465874345,188.18235511592144
552.0034920931694,191.60161117680437,81.22386819033099,187.79744968960148
551.6515664827274,193.30860229443877,82.17928987439534,187.01626851024088
551.3238643223028,195.44009795696502,82.79001464292789,186.63250291608435
550.895039406369,197.38050668334918,83.06213192875202,187.30689748419007
550.5937918965744,199.47798044664242,83.27424772809391,188.41456369280257
551.6808414382896,202.1418613474594,83.23674389383964,189.03582466109657
551.7443421706257,203.29367490775888,83.7682395242755,190.58290602514728
552.6123209360467,203.9923630213818,84.52048337320957,192.2278896268504
552.2306705798958,203.90235192737066,84.70981096625258,194.4938850776596
552.8569948583803,202.87241167278592,84.88501420543375,195.4615401544331
553.0937677283298,201.80754985003384,84.99376412173879,197.13544270304016
552.8627237714944,199.98881678177176,85.46321049982205,197.1972390740919
552.1963511247395,198.30113179010394,85.8281660241592,196.54081593990435
553.1703965415028,198.3785699920371,85.60782239255224,194.96424513811172
552.6880663290848,200.29497197148635,85.54213332436152,193.3624787959429
552.7595170337291,201.87021420757128,84.73476523597645,193.19096461300342
552.0242564697768,203.08351685065722,83.84602604321786,192.9299531893651
552.1174701738922,205.08356517798484,83.26570649579054,193.28170036863324
550.4783518754894,207.4552741885698,83.57079689241608,192.09581418111196
549.6760443241749,208.59329294894184,83.30896573840761,191.15524018423267
548.5600923785715,210.73035448319766,83.0533415439056,190.22002173493792
547.6009607389575,212.79235478524515,82.52242445852488,190.47097773866153
546.7751891980766,213.905858789369,81.93658512832995,190.5705884018311
546.3531611331971,213.49997818625525,81.3537451628132,189.632967350597
546.8730151841485,215.91775526665648,80.50713647025225,189.11007197656824
547.1143878163249,217.4861622688009,79.76783204256722,188.26574416307525
548.4887164317947,218.2611810981174,79.16106223800391,187.21187911138736
549.3509655455621,218.83484811140653,78.6743447006624,187.75376014885788
550.3757705310229,220.57567707950298,78.70684155843033,188.23407182669388
552.6853745706705,221.4356216210674,78.75589739133602,188.49029534770622
555.4106116817856,222.15387874394645,78.85016050812587,188.1220377185406
558.4849182675188,222.56239131275422,79.21330280312054,187.6114323111115
560.8782499453473,225.51785607721166,79.92392433668462,187.37205973181213
563.745640458584,225.98634481934977,80.7419148785095,186.450452274698
567.0917689649538,228.3074888946983,81.36400131822373,186.48923635910836
570.548612126543,229.00479512468232,82.19109773277694,185.97063038317202
573.9983714273442,231.74663526955186,83.1244391241558,186.86673753850127
578.0173483453785,232.49299728776896,84.2026971792614,188.2383442706523
586.8348923504451,234.21560122695632,85.19848380291722,191.45243004385839
588.8365229748281,235.64986263782873,85.77994888776952,192.25969896253105
592.5950156855562,238.8799449309974,86.31113260236069,193.9856248455541
597.7009448241508,241.61193102761433,86.22017161826213,194.63502354770594
602.7220051069247,243.93293234305855,86.4806185347091,195.2361506470421
607.2218932271272,245.39938523916078,86.66795891722873,195.55816915217042
616.0470879503058,245.39042822980372,86.76232044743415,195.62887326505157
618.1938766043429,246.71722008376452,87.1351311741804,195.51390597596844
622.5802595719242,246.16977585583507,87.45566415106629,194.80557845129755
627.4529025483224,245.4326435633148,87.85111668551353,195.74178642432335
631.734906690815,244.9478520328771,88.23315332240323,196.10382452660724
637.0391631808352,244.4213454953444,88.43986880458213,196.98064847708844
640.8186502821361,244.53505303005693,88.96711725060085,196.90144427590283
645.1628901152171,244.2658147958492,89.51892441152637,196.15136393012455
647.4952112978946,244.5758447526548,90.38075318417187,194.79838485996197
651.4271549622074,244.59903891825672,90.77480996260199,193.17707182134544
654.4617537476325,245.8276878578747,90.62845251015987,192.12198358165867
657.7027642220391,247.57700365707092,90.12551700675061,191.29334681435148
660.7140881604464,249.04821650639906,89.78537378386677,190.28108557206272
663.7067805799044,249.01404447147544,89.59928293985436,189.550033186622
667.0371251942779,251.0365057690658,89.27689966127218,187.29117926934347
670.0834904616248,251.81698607955096,88.56297619444948,186.12142306512504
673.7719732525774,254.05418803236563,87.66578794866489,186.85783840388046
676.1120692498256,255.0377374457358,87.71062637637918,187.22256387981346
678.7206190288663,255.96837107323012,87.36797368719428,188.1046004006122
686.6519428549818,260.1958103846654,86.65496421092746,190.68759123117178
687.3328604735808,260.81048274882573,86.18934184957274,193.70979622361529
691.0393151533996,261.73505839935444,85.62843940216655,196.26184664756397
696.4696394376307,261.91899145024047,84.91308597683172,197.0615871379702
701.1214225442724,262.8126032096765,84.32323531683207,197.68580232263514
704.7991375186094,263.1622009243953,84.33319090053722,196.44091391290817
708.2970040113635,264.1145934246871,84.33294512816371,193.74519643580402
712.0389199195117,264.58075565409206,83.7768672371908,191.23864905466888
715.9074503253736,264.2313727061017,83.82144075621669,188.9262030785488
719.2564022828896,265.865736125094,84.11112381628232,187.05340152399626
722.4381689977916,269.1995510579495,84.04260286053815,185.74172773586093
731.2807673013511,271.68805038642444,83.49183427771112,185.98983388771845
731.2954645186894,274.6688672873529,83.72323445281964,186.08843463252288
733.6926468467011,276.40257893278255,83.87463862995664,187.20391281947727
743.3783970441426,276.9362387602879,83.96084277914105,188.0743960752714
743.4535191811091,279.74376329743563,84.77716471023282,189.84576677407773
753.4468682444505,279.77817573282937,85.49390057402873,191.35877502745092
753.0158390884637,281.68087054139244,87.15461624369478,192.5058395004432
762.6812341433784,283.52646319590394,88.3347018357697,192.58212002126953
760.8623550813128,285.64277528411475,90.49619154921824,192.7085022497246
761.3407448049408,288.1596568895047,92.66859944746716,193.13696972131777
762.5445937700376,290.4678363085444,94.84331089913994,193.60592372656106
764.3688348506683,292.6792075498913,96.43756793847041,194.2860393104261
765.1469402077856,294.18219986149734,98.00682285572093,195.40056192750944
765.7440100871614,294.85356953967334,99.929423800552,197.13638220822713
765.3418846979106,295.8300517749704,101.64136295834146,197.86286324277523
765.989051640512,295.7779606163215,103.12948475589315,197.95525707450133
766.6791607261935,296.7780957135395,104.5073093968776,197.57633216166616
766.994836270988,297.67869617254223,105.7212996320948,196.73545088191304
767.7609699523009,299.585282860299,106.02537925337857,196.42774539809267
768.2300712652869,300.67748411641816,105.94770873237543,196.27889777171856
769.1527008832832,302.48695469054667,105.25845499813028,197.01671283378874
769.8932729595748,303.9232268335545,104.2385959896375,197.81937735476464
770.4828188908288,305.1213490016189,102.7477113064377,199.89469731154352
769.7127305386958,306.3815290513165,101.44900198813576,201.67451860100334
768.9216112630755,308.1870268254851,99.58644516927436,204.17977452132453
768.4386343747477,308.96834396062195,97.84280755722759,206.30069346989234
768.5190812762669,310.09675838170267,95.98316576167366,207.95052494610562
767.8829920386743,312.98393231897705,94.22392782069075,208.5940623750542
766.7327239066278,315.3031388921091,93.18159408775917,210.3441027123716
765.8359679355551,316.1806342458357,92.58779075661963,210.46547897784177
764.9041395065349,318.21272196966305,91.9682670917413,210.56983208701072
764.473730947594,321.08677767795575,91.3878393690011,210.37971408244312
763.8490234588368,324.473263510564,90.57297192921821,209.52502921761118
762.3932807063003,323.117248466531,89.50863975393244,206.40694541789028
762.8507859839277,324.0380955174468,88.39038382709744,203.62472012184867
763.6608423279152,323.2147437111739,87.44683511731742,200.51274482127786
764.5229521108153,323.1711678550146,86.61258764223865,198.4690228534819
765.1438307962717,323.26392999808775,85.81562492617184,197.0514984548019
766.039469872289,323.23618505889374,85.22251481345913,194.46942272039706
765.8188166603976,325.45898061194714,84.85501052633495,193.8504319274768
764.8058944256335,326.9931011182038,84.87278691114645,194.28018176159745
763.9967431585287,327.14260912657454,85.78984711766586,194.1305512865334
763.7882687165202,330.1428296636558,86.53000922132549,194.7832073650809
764.2778246566971,332.10341981759984,89.56293795605356,194.55296719887062
765.0585993719209,335.6700034485004,91.43896863424867,196.59538568383473
767.263519098977,339.1453060682701,92.89545312804285,199.76588849941004
767.5085559385927,338.8596607727416,94.27444902507486,202.92170324513003
767.4974736612614,339.3703973835179,95.18185771082557,204.85632214279437
768.5924874788395,339.0348547132359,96.47555419294858,206.00363408138278
768.4756311757825,340.3665875312489,97.73244084653255,206.9771229913315
768.6975316773921,341.1367270939261,99.14701944574571,207.4393351017102
768.3682299341937,340.44455582336826,100.29465326351583,208.69499242174982
766.5040962323001,337.69508018976745,101.9859860531215,209.31944627531618
765.7093523809834,335.83548366245964,104.14307740346368,208.97721793558372
763.8665426106546,334.07951877926547,104.74632618606464,209.3619351775579
763.2898611564772,332.9751048805613,107.06807078539852,206.91330991481618
762.6496575474533,330.1787462370723,109.89461545557165,203.1171598235593
762.4042447266985,328.8723906987765,111.7173998678333,200.16593705081624
762.2539074531816,327.7691241534003,113.23902358784085,197.29823517910512
761.8621667137794,328.37598931794986,113.96613601158259,194.9024540258407
760.9322024942295,329.92034263925945,113.76771770233037,193.5570426951493
760.774276420574,330.7716904714521,113.4782498728348,193.2630807563118
759.9512356947205,330.7857609652971,112.4816089563015,194.6739514616227
758.5267755821737,328.72667437197686,111.41359683695833,196.286387105157
756.7749055863324,327.41991927415364,110.35290802233611,197.93800231178975
754.9974297792023,326.18726770511194,109.01533920889226,199.58712611475585
751.2017165420233,322.17419528372704,107.72165387447345,202.74340887790524
748.2648157592964,319.309808752543,105.66722801530574,205.35090866108325
744.4930339963673,316.3351985814611,103.56656737429378,207.71645838709716
741.2481980508417,313.06391493916874,101.96244635000083,209.29956207533797
736.7846270949418,311.5353353053631,100.4721507083948,211.06087285414145
732.6259717256261,307.6928374178301,98.6839259398242,213.16908401845927
728.8668035455065,305.48744246001456,97.3239644942771,214.12624753981845
722.7257668687033,300.05690510070696,97.29833864439219,213.23604624219834
719.173513649051,293.94692248278074,96.82330340049995,211.64628476296286
714.6539592948545,288.5319905336118,96.74940456342159,209.12072187297068
712.1815788350627,282.9147871269287,95.88168980170033,208.4288915800137
709.4092186723387,275.7065810960271,95.60630266712626,205.99990378524947
706.4957414236699,269.28162905816276,95.2153940815784,203.1442099834757
702.5309317342601,263.49908080352554,94.51193393158927,202.755945935194
700.2501429136838,262.07081303748004,93.6586403569216,202.2070475740812
695.2305962254248,260.90898233841324,92.9861744377851,201.18148655056874
690.3380048331228,260.97053912711306,92.59687010843668,201.38325637456296
685.8467352753928,260.1335118450194,92.36480675349871,202.16812348357294
680.8131913686551,256.41942344155655,92.49392822023327,201.60122601834297
677.0780956781473,252.18362074694673,92.63213078975603,202.79876782037383
674.2680196592506,247.58967680563237,92.90747806375553,204.6514878181759
670.1692199104832,242.26437537331725,93.23223238840808,205.48630718213474
666.5686956322065,234.90466814424263,93.29284477247619,206.74154069393387
663.2402103589927,227.60844795770475,92.97749666961184,205.07914975292272
660.5711817203413,221.1249369979961,91.79739503425598,203.12382555722778
657.8655398131805,212.01216351200424,90.38510430557834,199.1414257518677
655.7502355966789,204.5634138320183,88.70909366662119,195.7705478077624
652.7406062676342,195.73815645416352,86.67754246448095,191.68530855041044
650.6576333809909,187.57973763165893,84.76104690781143,187.71080632115203
648.3410415377308,184.67090367567806,83.00353788345525,184.93661823030615
644.9006471448555,182.90774557586323,81.55222293995783,182.03958886413994
641.3414919512495,179.5495740206421,79.94285025984806,179.23647797220184
637.9145600707385,177.48927558116614,78.6766492854574,176.62125455772724
634.9732543330708,175.50955745210933,77.09352580214397,173.56851239482037
631.8508654876839,172.82701091175156,75.07868854846001,172.1134298278003
629.1999531900005,167.95744044131789,73.37833256750218,172.5034983123078
626.5758072651175,162.699863934405,71.37310154434337,173.22382577223954
622.196350442978,156.05771340990339,70.15843196718694,174.74669894190927
617.8700812672663,149.974203110252,69.44929600983349,175.78993929066266
614.1378651222299,142.00588854582912,69.0772939355875,175.04855175691077
609.4034850805048,134.81899540402685,68.91137231737747,175.884965451404
603.1204064051701,128.370191471493,69.03341116829085,177.73311958112012
596.4862970339568,121.20398972078924,69.66914261365955,178.7286452596517
589.7384633917676,115.85739808375004,70.13686437954415,180.3324320569845
582.8176977401669,111.43594054736965,69.98426077979164,180.61038665000893
576.1432973302465,106.79362477254466,69.81728305806737,180.70909939167552
569.2874715578312,101.70318910397394,69.31567681328625,180.69976706212995
562.8959559479537,96.41226916049342,68.94575679250173,179.20096520257
555.8106656051275,93.33292427137613,68.30861347913054,177.43100364794935
550.1823320453826,93.49497664593888,67.58305231950649,175.3547069976169
543.224933014687,94.58658602372407,67.1065940485002,173.846215324299
536.8184091996127,94.93111651252929,66.71526164324865,172.81058018921215
530.3523613715865,95.35296534097753,67.00221951243566,172.20972638376276
525.1610110100116,93.92654828371012,66.35204708189899,173.1137147541646
520.1001041487428,89.95849474218264,66.00283533751752,174.31819628027375
515.6999555912746,85.0082384917447,65.34680119940238,176.013402727988
512.4688798223898,80.32040880901619,64.50247900517739,178.19532601709005
507.9974564739285,76.89391464878487,63.477655261426065,180.5585396335732
504.4659239522111,71.20783722110636,62.68985732497201,181.5635994953389
500.9455937961264,68.47524221558686,62.570963155635,182.93160627883884
496.8554388132178,67.0459386207038,62.752366032218774,184.26097274118035
494.3407654123019,66.55940083041295,63.346789662053524,184.2257387190246
491.1844793587123,68.22604980007215,63.57143442777154,184.70087455083964
489.290592484649,69.48059291415662,64.0077119562632,183.97704745028759
486.78022484578645,71.45654619155758,64.14581068689958,183.96508349382856
485.9789600894392,71.27401557134692,63.76759285748439,183.64456531511382
485.18616381309675,70.81586668453441,63.40667271104211,183.47184033311598
483.4063514245631,70.40611662474933,63.09804735650232,182.68406913901885
480.73800899331604,70.48703241097277,62.9489796364464,181.6922786508615
479.93128594509926,70.08142068609659,62.863994837074586,180.94502529492692
478.8315809413604,69.70336168672259,63.010918663293154,180.6700898697934
477.50931479256775,69.50445801291356,63.869392177347294,180.47354991926616
474.6567399688396,70.68767235075101,64.72409226273086,179.48933280956263
471.40295774324113,72.57459849810483,66.21648852392534,178.234301992745
468.48106996626757,76.02334349632473,67.80107065746236,176.85414311965727
466.9090498325484,79.46627122665944,69.6205067712675,175.2615749362095
464.3058989709632,81.38368020011137,71.03819255243657,174.07741321260278
461.67987437995566,84.08114643872555,71.8324723405308,174.50680200536343
459.3064339877937,86.51140106420394,72.73907616829648,174.38124425053093
456.6082624951443,88.69031737815419,73.06421973648105,174.5459855705369
454.7267758511356,89.60889091372619,73.32260799680371,174.97926358064598
453.57617372190924,90.24047430244028,73.84988671242506,175.45905356076327
451.56213234407335,91.36669429946683,74.32115980432418,175.9804842732684
450.7744639619817,91.88412429902375,74.6758389814561,177.28640691651904
449.38403606821186,92.32239867143252,74.66476433190778,178.74229807114608
448.79487138101825,93.02279104958585,74.49299855344006,180.82966176569087
446.51694850590496,95.7412677679781,75.71852656799469,180.76699974888928
445.3411539056773,97.95792912893523,76.26016792012999,180.15440246795401
444.0891418281036,99.99196340539427,76.60786458923916,179.5680500710418
443.663375603988,103.54953215538262,76.51802047058348,179.3465869446918
444.16284319773314,107.33917550802589,75.75963101785638,179.89897023757422
443.8221979402996,110.51650123190151,75.01954256257731,181.1482287591528
444.02317539979754,111.78137806606316,74.02407677741627,181.91343177494207
444.28010369672637,113.23585243589665,72.85094733399876,182.7271266490904
444.37392906157436,113.65579139761567,71.77484306111663,182.49798205590213
444.9295257875889,113.9081816199513,70.6873433066146,181.293225584219
445.62831814751235,114.30993274379284,69.76588442314,181.04759044631146
446.224908620835,116.49582861949456,68.77929581279176,181.64040593367756
446.6997224075336,117.63705579339963,67.7346520579256,181.68341321192028
446.9792727874649,117.66267553539578,66.85671499649789,181.13100798028546
446.39365083352783,117.98282395719971,66.51830378638343,180.72945335409912
445.2781237432373,119.2687548032443,66.5330755992581,180.13283213098882
444.82539320175454,121.1214979894637,66.55417243490162,180.09403443919882
444.5074009243,121.7189853317602,66.38212441754132,179.93971107601698
443.90545459703117,120.97026082953892,66.76764190184808,178.50406724789423
443.8342815665683,122.16066943066325,66.6215966706786,177.69848410116467
443.5581429417219,123.91625470714078,66.81027786844002,177.27593111145728
443.0404770433963,126.53232241135802,67.16601043957012,176.87149774846347
441.8099900604854,129.17156020288803,67.43406944262335,176.76537352572447
441.85736372262033,130.8898669763721,67.2600349171873,176.60494501446192
442.3878427552012,132.66084632806496,67.18409164828273,177.36758273517898
442.4928722257431,134.20302958896622,67.00677495790951,178.09642527023072
441.55306309839466,136.5606594538663,68.10819753341868,177.47470334789517
441.0556167529396,137.79092108321646,68.88813094562597,177.92650308724174
441.3756770538436,138.16463435165772,69.23377979448252,178.3693897703833
440.0485199709054,138.61640913889886,69.54875947244396,179.61684069562637
439.4741881987706,141.27125522442773,69.29805043904624,180.52152306680495
439.3078383452822,143.358844532535,68.94335981856945,181.3546490465377
438.89244737116866,145.69257683568208,69.19208113170667,182.0020929447296
439.2263453616872,148.22449826680673,69.26666261067251,182.80890132759745
439.3678823778547,151.0663640191588,69.02685693853502,183.40909821721092
439.4899176068619,153.96857908656642,68.95967815015166,183.69782251278517
440.1511658526882,155.54978482221463,68.72041155790545,182.98540775131232
446.5037383336354,157.7144722196604,67.69182222955602,183.4988555081481
445.138632106194,161.894688193482,66.84531492354408,184.52387869203565
445.2207435795906,164.59504073685804,66.4747895723472,183.87456453927405
451.771218784858,166.3085312328202,65.4916227082602,183.9737311513384
451.3334661435434,169.52658511104187,65.08081684129219,183.33065174953978
453.0707088205883,172.2359027780525,65.05426969101391,182.96571161739234
455.81998215618904,174.43260610120885,64.38155109522145,183.5312759946392
456.1085884233056,174.13558244999666,64.61419747917836,182.99457442907502
455.4574197550608,174.54479999846038,65.68952309036135,182.9059631598911
454.6616756075009,176.23484383397138,66.46969704107504,182.53168050443304
460.7016896256236,177.03245516425105,66.85041004792052,186.06051179895184
455.99995164093417,177.5442794959004,67.72434786269731,189.46591024334964
453.8046013724073,179.83104449282294,69.91943120080694,188.11299396753742
452.4628898721272,181.22624966470795,72.28237871246603,187.02167410457187
458.00434154672274,183.92817621245973,73.76709182598242,188.72583082428434
455.88757348485007,185.59010958409118,74.64259858418826,187.67188967535125
455.32110355058927,187.19222447122493,75.39517001136653,184.7637115821255
461.9057192546569,189.36068625124096,76.22830657655891,185.40277211862053
459.48502090012244,190.36197522999407,76.04250401728673,185.8765053679319
459.6420317202161,191.30281124731306,75.99918119268362,186.18246446351247
460.41772820150294,192.07459323958514,76.13471817128732,186.29624184001415
461.5842335836476,191.9102893283657,76.88489164924654,185.96647445884355
462.2695109995922,192.37767537281798,76.72208797225683,188.06832084108464
462.6078653485314,192.2529848515644,76.94701879550051,188.24058617649234
463.0654619465312,193.14039466805536,77.48452895624378,187.23987572825237
462.98327039256367,192.4388492245903,78.10281052385174,186.68539320133362
463.73313519837376,193.79424024713222,78.6972591119996,187.16152560021953
465.0442885526575,195.16984979691517,79.11400727403762,188.47136931345878
465.1339486895311,196.50265529333063,79.60414997913031,190.01152404481002
466.12923253018516,197.9631438357342,80.24522058632004,191.198656434185
467.1775703128793,200.28594665868061,80.53783440005162,192.09138134325434
467.9272103577495,204.00096665934694,80.95666062783138,194.18766466040313
468.2167292715795,206.1454661384606,81.7587436011435,196.65510681850884
469.08645800091756,207.38436263576224,82.55879210102441,198.85271169683034
468.82144366065427,209.0196057682352,83.31662737949905,203.378692259277
469.6477475679066,209.53473470776396,83.45861921728476,206.53137629382422
472.1016106976191,208.774413977344,83.3994413701828,208.0126409966251
472.86745286276664,206.54857427552048,84.03342147432065,209.4743315964087
475.0652756169324,205.28691152968716,84.76760871058757,209.47839429739537
476.1846229244859,202.6122662434389,85.39072787912616,208.040259351856
476.6105924812572,200.41240281623212,85.31453821054515,206.45137879965336
477.9295385705864,198.83020425576925,85.20724514916583,205.17874751252856
478.53108593550894,197.94292603372418,84.94889393338161,204.21519412957704
478.16732801302345,196.10973583739826,85.39942589139551,203.71522177335808
477.9792787360485,198.22076785487974,86.04387975530862,203.06909310216463
476.9905375626224,200.5271756624757,86.24670711768663,203.3501373502539
476.12933814799703,200.19619416688448,86.46372734300209,204.43903491151045
474.80524383094195,202.12315504994348,86.83432045709279,204.64081201700503
474.0040840871535,205.24915562856967,86.81610564386554,205.50714467628097
473.64760979743244,204.5496973698739,86.9084469068137,206.09241374465594
472.1516185764011,206.40821067848245,86.82085500233387,205.73572748426562
471.6565078417418,204.33561310084735,86.94128120883899,202.57032474295988
471.8061152227608,205.28987727371197,86.5172629856666,200.61974470194343
472.1031834854323,205.63379225201663,86.28873005629569,198.67696314907403
473.3319287561551,206.0647196122154,85.87748294403394,196.31057096548827
474.8250234716186,205.9562747169085,85.21876572303748,195.39739030818038
475.3435869533272,205.40604150701998,85.08780453825722,194.22192823064296
475.88973267794665,205.1087384049996,85.29164529593498,194.44809660805024
476.43923162323426,206.4158039401405,85.83092970440157,194.435626266223
478.30413951435565,206.2142424849488,86.45106661991265,194.86165299896885
479.33136781858747,206.82247497194726,86.9137334722187,196.26928561065003
480.72236936356603,209.19621582463267,87.05963594180137,197.1334472196408
482.6016688093332,210.61090932855706,87.59518311121062,198.86784433425905
484.9152149240423,212.52584610788998,87.9276689190544,199.75659202956052
487.6023621916163,213.71774145294088,88.38603076742082,200.0139384625666
490.1109970096831,214.86729740079338,88.47738415908869,201.27240799157477
492.74373787828824,214.31820559451688,88.57230214493143,201.2398427361392
496.0546170366201,213.4094669969076,88.64382500197385,201.47405188497862
499.3906475610539,212.880025517916,88.69463668717594,200.8248099669395
503.3802326770767,211.33815573727742,88.61025519719581,200.94112489709792
505.92418745555597,211.7056795154669,88.00912389951463,200.80548447715924
508.96555957459117,211.348760108909,87.91126440036635,199.53318542330112
512.7773343042953,210.6309839762355,87.94779155915252,198.47221359311283
515.7909834564409,212.45186896441953,88.25186122437425,197.5185663660734
518.5900193219514,214.46283111610933,88.56972596338505,197.55329603913427
521.7663740885247,217.0333763553404,88.59545299563774,197.80778108404854
523.9111050514451,219.64316667643484,88.72560443115543,198.50792252209038
525.7931566443074,222.95575183638078,89.26288378708747,200.69418694798708
527.4034934607894,226.00827593847853,90.18843989808093,201.6596972917652
529.4364805543427,227.31278507405557,91.72914896521645,203.04664831611288
531.816201705774,229.1918506465454,92.84393752401758,203.41315191387002
534.5113169958643,230.19082175770234,94.223765575734,204.804795901807
538.1804180414368,230.28316165402052,94.72538196221944,206.41025387696237
542.0334278931813,229.46909784735155,95.40486030560564,207.46651116330446
546.9038248270238,229.3082671111555,95.7410737316217,207.53800595130747
559.6996881894283,228.8476309374227,93.94925278379014,209.69294567243028
562.801157171373,229.23902512196872,92.26985913142424,208.75065181684985
568.5787646116231,228.36734480491333,91.04367428785037,207.7166131494317
574.211279707617,226.29451957091808,89.4406256785042,206.24313443651403
578.9021038143145,227.0082193065004,88.24019465871257,204.70660893395063
584.469028334966,230.23818498392075,87.669503652688,202.97517222327497
589.2946493522918,233.16697986759266,86.90749139251153,201.8514920628647
595.441929393109,235.20771538101909,86.37745100234434,201.69002325807304
601.3323687494716,237.54446884997492,85.89278734699226,201.54389201825094
606.8165344778739,240.5879657099067,86.29391504240918,200.9351669217394
610.4806984287682,244.3564179717673,86.98097753673893,199.512823955788
623.0140826883181,245.44784604910006,86.48165095794661,197.43726732268792
624.988862061469,250.44097415986636,87.48395025531545,195.67141095772274
628.557603678994,253.62046580990489,88.81638622497735,193.6823340831218
641.3315057875863,254.37440336116484,88.05812515964845,192.14496861402375
642.5908486048679,258.2014486395592,88.31060799546776,192.1550268647606
645.3328471858623,261.06788538036835,88.33735445149054,191.0342663821047
647.7442656471934,262.82691648587627,88.83839581709724,190.09549217691776
660.0213396913067,263.50745493058537,87.18037542967642,190.34587466192733
661.1097068687247,265.43084847524784,86.51675564641161,190.33684444477956
662.6866611734183,267.53669327646975,85.66612929791926,191.4825633658953
676.0004891224207,267.6033036680059,82.76676967982172,193.93935561001427
676.5241019253332,269.29052797071813,81.93044800168056,195.28290550922844
687.3088300437543,271.2786905850612,80.62296800690382,196.25805876183495
685.6281380327349,275.9942488496546,80.67350713071872,198.9059751305974
684.0261023844835,278.4851640577413,82.53656380357961,199.82517668540171
693.6808248696793,279.5380670896159,83.09941039812925,201.57910849473004
691.3603833965941,281.90294309360957,85.10155971888766,201.55688793892165
700.3168687321448,281.3473619566964,85.2064723485675,200.83127502907027
698.352324656337,283.16730875534506,86.85018967346198,198.8100355636622
708.9008663760035,282.8045460521706,86.04192268615546,196.30946815461203
709.3124378981697,283.19496503920277,86.31875129385384,192.9494160844783
721.1520095321564,281.08314854773363,84.54575312170566,190.24919328586148
722.9165709871164,281.53438620645073,84.48149017424913,187.13637603803787
734.8963512975602,280.7236919729321,83.07071953138885,185.03032677047128
735.9931967935463,284.7851731300359,83.26414830946659,184.23651751717665
737.6090960331169,285.47041180557505,84.80535722320872,183.29509278722463
739.2625373011117,288.0391979950266,86.65022429812004,182.38300907104124
740.4760768191215,291.2249694921611,89.39130713114952,182.0716853646445
750.6517286264211,291.4575333021552,89.96891663300548,184.7750662743195
748.3638890958408,294.8942123100986,94.77983479760249,182.61533845786496
747.8189016786646,298.7099822437924,99.1450135752074,180.75046691017957
747.4797917869336,306.748666541523,107.83620619039559,175.32914518208895
747.5352018301857,311.3312780822778,114.82703586509132,171.33508661321363
747.140635218481,316.1769900632984,119.9626618558347,168.4231583672674
746.8890388516669,320.7419536608096,123.95839018058845,168.06014553992077
746.8264937527284,324.0585721032254,127.90616180546724,166.87772719375494
749.1392643990877,327.85407451012384,131.31171506383524,166.43837805393872
752.057017448662,331.2234986360568,134.1998351014663,165.9266850106606
756.9909036412937,331.7386434835526,136.07043361158867,165.54052751257214
764.7143303546061,332.4506245464073,136.73763581850875,164.91844234904755
774.3612637464693,333.44157123292655,136.09778743688207,164.29740443617604
783.0016895563529,334.7958209918721,135.12756852280347,163.49507325992164
792.1584257136337,336.77916431207893,133.9570805985004,164.00745442193718
802.0715870609483,337.06015313407954,132.17216262799232,164.74332369127364
811.8297655630724,339.61413340225363,130.28614047786994,166.7286401324646
815.8432567814767,339.3067111987579,130.0487636585847,166.53880365557154
818.7117597430873,338.6030138092942,131.0936490813413,166.66293367829616
819.565890765161,338.4206150791033,132.1986571292043,166.01445027014782
820.1044830683221,337.9973255669268,134.06594650473943,164.86896851397557
820.5968729716337,337.65598635218646,135.626740171093,164.27716767347493
821.3657716960846,337.02727747203846,136.22202725778988,163.66159494476477
823.1168559666481,336.0238527755045,136.10538132065147,163.55472725867014
825.4899151465735,332.62568284770924,136.2463002380225,163.8206563476591
829.920981362589,330.2345315454062,134.86532367833632,164.12686232216885
835.2546934599769,327.0649103232962,132.63179459464453,164.45803239013753
841.7349874971236,323.9271442938795,129.0186367495383,165.28290040554444
847.418670007236,320.096657261304,125.84351530536338,165.98432361315145
852.094165591593,318.5857553557465,123.28103827391737,167.40872437479743
854.6086522143564,316.1579707509938,121.55966123505542,168.89073315568353
855.7896150159827,315.1695787656496,120.24863668713897,171.2149009235407
856.1439574293058,315.4862773257563,118.81271284777452,175.11190026481404
855.7205213883306,311.0321986323653,119.0247697136605,179.066263172226
854.9682730913275,307.0583983257418,119.41819460184843,181.11945126792537
855.3929809797204,304.56179699274105,120.63978583838372,182.7125849355901
853.9914190295794,298.0648221315275,120.59583785260301,184.5053475242281
854.4778017953313,301.8151615149671,123.91441744057545,184.0823598355349
855.2785124817717,302.26130500513597,126.9339419981757,183.73917945309753
856.3025022771649,299.88140346485284,130.61171952942905,184.29494772836597
858.1575745061576,297.55440180436426,134.45741604052924,184.2011735873375
861.3566810477171,295.0814202435803,138.64228706385583,183.83083917777753
865.670344300166,291.87996824307606,142.03953197772003,182.59644554847586
869.7782601713616,287.9135747389116,144.8714726428607,182.70174318073666
875.5958549781847,282.31915779398736,146.46705218662424,181.9562852309856
882.172539416213,276.15633472005254,146.3622262869469,181.58231303931663
891.108060202308,270.69255823054607,144.5580582651719,182.2341168117866
900.9314063290394,266.2043591854452,141.2921319266262,183.97106444727652
907.3580050544456,261.81966646826976,139.40463939372142,185.56330821521502
915.7103083763775,259.3253863598519,136.6491265685221,187.17240571308702
921.7841242739217,255.61210963759868,134.91782129626094,189.49196309817577
925.2105316793452,251.21787565914389,134.65349649472188,191.98653247262686
925.985088060833,248.66863354148933,135.4510734328265,194.06342051462238
930.0598338543997,245.21694208634153,134.98771093886324,194.66429507073101
929.355200985595,240.2062070340201,135.79346951533205,195.05607595876003
931.7151416678229,236.98561680864395,135.87361122979488,195.13526357351387
932.5126442937782,232.15428755018024,136.62690452753648,195.45826430693296
935.4689552627967,227.5900177055272,137.3544441037817,196.2479806777576
938.2353040050427,221.38382370255383,136.8803508597071,196.10461020744702
940.8052637932601,216.3757819297007,136.51654431656695,196.15781457224506
943.3461163404376,210.78487969735983,135.437931511183,195.88273846746878
944.1920429959482,202.66698610072433,133.4372185836438,196.64936176608649
946.1142945534476,194.8844931798913,130.97664102578148,196.52896476473495
947.8725574382266,188.74346655195905,127.63936585417713,198.23764994808968
947.545388404238,182.83486004870497,125.77481521022504,199.92369077442208
948.7882414131618,176.36375749547733,123.68448039103166,199.74288143080415
948.7589530636376,172.7394076410203,122.78406514529033,199.9436256267177
947.680102177843,169.6050739568631,122.03950589812646,200.2931593318546
945.431522702717,167.0049608937666,122.10321510320031,199.81818785672925
943.6914875738001,164.49240842958793,122.19734170983446,199.83772714177604
941.2265489695205,161.37719521141702,123.01805563409206,199.79778118737076
938.650442899379,158.71603742805428,123.38585205248188,200.2415290584786
937.9473795589685,154.61514717395642,123.61205198025866,200.12880589693557
936.9033523441573,147.6699586797819,122.55642202267403,200.83589145004288
935.7687511420604,141.63461829797768,122.51601644423224,201.4573658614174
935.5490520679786,135.06455868711498,122.25277370132085,202.40034343580396
935.5337101491994,130.3106076580114,121.74426331261435,202.92045920098136
936.1805883237274,124.24668984066743,120.73348466379157,202.59265785751987
934.9254895188435,120.45846589152728,120.72890795104959,200.23425983142272
933.8058132171079,114.97906347958201,120.62970164224373,199.25859161759354
933.3001984552732,109.28734232357175,119.86176220248079,198.26397454240703
931.1343271846835,105.43138950245321,118.64470379837823,197.06724599885308
928.5436371495233,104.25137069434143,117.93503925199937,197.11209353824864
926.5680374848056,101.1402566552153,116.92942667652748,197.47402059873968
923.8663641519834,97.97246358281544,115.74491752628444,197.9635169036041
919.5315926551655,96.28295621658971,114.95246444142902,197.5429305580221
914.8456477342088,94.17824994197417,114.62055122090345,197.43024771311866
911.120653520198,92.38141558774804,114.20748441973825,197.20953172270313
906.5923749517879,89.03167987199276,113.67637409134846,197.23498858588482
902.8047865465138,85.28867444285675,112.76257919169144,198.0657450801432
898.5776868011411,82.4837964512559,111.81809513446329,198.52954168605606
895.9604915545709,78.16572020237747,110.57163254685416,198.47616095017034
894.2942961326593,71.90269035761436,108.83059857454575,196.80061865757986
889.9743659370802,67.92612116342228,107.4492845348569,194.92202906439664
887.4094236964053,62.008845120838444,105.7942821792009,193.010637126432
885.3061447229873,56.313516047472035,103.57516282653754,191.39259680972486
882.1590356401981,52.66872846462395,101.63692192381751,189.39267650728138
878.7030339616442,49.40690098168534,99.72330939805178,187.04776782112003
874.2899211771519,46.473196014905355,97.91131227263939,184.8724293034471
868.712262433884,45.60258487782944,96.6486257232254,183.46064788497196
863.2572609853247,43.141722657096494,95.4865422861156,181.78997415978137
858.1406201960958,40.29349997373879,94.25513937818425,180.04542192594135
854.2133807391938,38.94976702915315,93.02015505804046,177.24830491411166
850.5356602392635,38.96817032529998,92.16624833298653,174.30205422811378
845.9073712557434,38.022738170581704,91.29947043454818,172.2235469803146
841.2162479503853,36.45662671308281,90.66357053037184,171.33497931837758
837.428366433452,33.81055752650225,90.29465907235604,170.37028032352723
833.5382547222183,31.668108460406557,89.63342665375905,170.44049158514366
828.9526067301047,28.82187255249852,89.3602703522198,171.46330617058254
824.7151985329814,24.618124710554753,88.66217414880997,171.8930057767418
819.6815310396158,20.97459204775231,88.32081296091948,172.3490149843352
814.5817668300657,17.47397445734505,87.90330074586457,172.38720885960774
809.4938773253105,14.683203857306154,87.82576859814856,172.63925796755296
804.5302490126409,10.753940649555872,87.87017553018933,172.55180574154352
799.3950516272239,6.979090678368635,88.25509609600624,171.75721208955764
793.8727256120516,7.222651966141086,89.10532540448789,170.53982568478148
787.6801853222736,6.897763126869734,89.59313387405857,169.672254477788
781.8212624471568,6.072853629001841,89.75239922573272,169.19539071519247
775.3767800515205,5.582787868407934,89.31006804990297,168.71140983537168
768.4493447047577,4.963884308831766,88.6822479322716,167.65282642107675
763.2693686380912,2.892444896890524,88.16898057555328,165.93464987081373
757.1848635151067,1.0847740864898299,87.49788481108531,163.93342197257215
751.1762204017238,-1.0388832629055855,86.45289896601273,161.9888841017829
745.3666886502929,-0.4895583059547022,81.55410396362547,168.3850652730862
739.9289575904596,-2.0404121798568724,77.42043560538683,173.45996654715856
733.4936505118986,-5.402467629293028,74.24200419976465,177.056351606416
726.73771879195,-7.992031148536796,71.79171992695436,178.02356696658933
720.8151606813825,-10.310892640225461,69.91438779909033,176.7885539727938
714.5758995082723,-12.867701081235495,68.88325133183415,174.77255077958804
706.5010846240825,-13.92343133745868,68.09133561376352,172.29523374992016
699.4686493174806,-14.353367734746826,67.0331450468524,170.9404675960559
693.2245829875787,-15.473757881644957,66.35526494267928,169.01142424330675
685.6116357544582,-15.573229496640081,65.80018025242617,167.49631753795612
677.2170447236672,-15.672735534978685,65.45621793534609,165.89040810679793
670.0825039508749,-14.763690708287427,65.4208284650005,163.9619511925421
661.921659116733,-13.794899303727206,64.95005483067197,162.69036565019107
654.083735777199,-13.194067423221654,64.48102693698624,161.78909097041966
646.5694327942381,-12.978420086417799,64.07205088691673,161.40481960061874
639.597258773515,-14.737489596784116,63.96723511000337,160.8072493165418
632.577768619057,-16.199775161260504,63.653272952183585,160.20979342980854
625.3840223288267,-15.35689771172295,63.39822936931404,159.51693872347101
618.1425273562941,-17.681726578443687,62.946918891710894,158.9437780822787
611.0558222167423,-17.85013133456748,62.69783714353174,157.93215016605185
603.9675277862419,-18.85430226258923,62.4200421544348,157.48339687591616
595.8740456419732,-19.766268237831724,62.08500708384153,157.39610458037606
588.6945448149378,-20.794717768129203,61.69902887951398,157.04539918502314
582.3271398985275,-21.16977169464616,61.53647886431193,156.97805395168086
576.0631573259835,-22.01388795740546,61.46410125885072,156.17548037444678
570.1294382121947,-21.529137594512108,61.2910092816553,155.9104659591421
565.2279130535911,-20.551080454453412,61.10425246995617,155.59684588068487
558.4687126320262,-18.559506497834178,61.79538948099382,154.78034730902965
553.6124564282503,-17.78110482376016,62.07271740978577,154.92517073853054
549.1916047439275,-15.91978116735352,61.89245193687858,155.10953326572886
544.6988692959104,-15.799807229667906,61.72373086208777,155.4820770576283
540.5710366926263,-15.798553315515292,61.54441186150247,155.57645408346096
537.3456446719453,-16.007944858427678,61.38130573181358,155.70991012217613
534.3306498217953,-16.477037245190985,61.21853591825857,156.40131131134643
530.8844372032452,-17.51052894295566,61.20768661922595,156.30012783103655
528.1688806133545,-18.317500908574573,61.53688443951034,155.67111917705404
526.6145940847769,-19.526997186515757,61.7910697365033,154.36550641105225
526.534677999723,-20.578533457630982,61.26650057327882,153.40182413532006
526.5826062646826,-20.087082133061585,61.75053441372863,150.64719797734642
532.0900192189316,-19.74603853348559,62.086360246258536,148.89873516498184
530.1732752118461,-19.84859713525111,62.43379264786548,147.63651547543122
535.2960900194067,-19.026947091321674,62.84176658651619,146.6190626079932
535.4291701442489,-19.70566910152324,63.214583745240795,145.53427902639132
536.2177850196991,-18.555857267239034,64.00516066739041,144.0157143249364
542.3965065013083,-16.89555588625143,64.63203453003878,142.99538760399207
542.7451183335725,-16.234413618088965,64.74884038029988,142.23055187204565
548.7950388804428,-14.905348214152468,64.98813159551923,142.05141042688933
549.0779629654545,-13.93909443522115,64.77378468172338,142.18224448661093
555.6858953505777,-14.295986024439983,64.66215651426015,141.98418901434516
556.3355980860823,-13.947858428655621,64.50123409073636,142.4254183732525
562.4874090250373,-13.82479355283003,64.32227365844386,142.10337730830597
562.8680121276071,-13.664096476631613,63.794159418622115,142.38248034209306
568.647165395242,-12.569334299422792,63.314759896291605,142.72334005139612
569.9071953463116,-13.960570013649487,63.12802585703708,143.35259940938442
571.4028009985426,-14.585238383487876,63.505136209755904,143.2380743498211
577.5183369107613,-14.854563875511488,63.56467088403669,143.67427403920775
578.0378352916005,-14.067541600462178,63.688999789739626,143.83572314908227
580.1071617758186,-13.942462569877591,63.88189360475077,144.77306651842457
582.6581605404249,-13.623749113900288,64.05120354395241,145.08308571433435
584.7462657924177,-11.799040023837136,64.2141258257639,145.72407280764554
587.3010626801142,-12.258570683201057,64.43702011036838,147.87103856534586
589.7685313712718,-11.862540770166348,64.46417226662753,149.23334713985017
591.3760609664423,-11.772385149648883,64.4208247595598,150.5605500179635
593.0509684160781,-11.819981601535417,64.44512938047555,151.7572992228535
595.431158025881,-11.363631889290474,64.41891344517144,152.41662783924954
597.7036402495958,-11.10799457840642,64.24934572625766,152.52086743628865
599.7375517843717,-11.13267215729168,64.23344259383958,152.1303308682806
606.7695216368852,-9.8634145665024,63.28126684297508,153.45303962278297
606.6254637944637,-9.771385608359083,62.92479447459161,153.74066231786833
608.3476574464682,-11.506493020229172,62.96825235300142,153.90595074619225
610.4252098658234,-11.063329417951422,62.98361584467445,153.53941532353906
617.0211793327769,-10.779169294675796,62.27783814276188,153.36369719285733
616.3971940007906,-10.080523150644453,61.60487949402865,152.90381239838595
622.6068932190274,-10.758285682824436,61.11377619305301,153.23628822740199
623.0747205267024,-10.616076694018517,60.65934530993606,152.81677371470352
625.6491365613683,-10.143045379423071,60.85847848108281,152.38983911009072
628.1053460996203,-9.421126307150601,61.084108053412955,151.486200066517
630.6209635934966,-8.199789115100927,60.852190425584595,150.76644919964482
633.0371922257665,-7.304597613107163,60.938811034275005,150.1792242166305
635.2133877050773,-6.785966247509336,60.71190263485753,150.3804143968118
637.6221102960897,-6.864284073997922,60.6448150807013,150.0411616079879
644.7482697349583,-7.7178206280520385,59.87024888851093,150.60878595415613
645.1313132533733,-5.643440323877684,59.205349192596174,150.6370368356756
647.1283619457943,-5.1368922838998685,58.89043982083112,151.14018850504857
649.0254336102761,-4.252553118000407,58.895112695938465,151.6750768675093
651.2648901523835,-3.429567241969508,59.3348488083485,151.9645207410197
653.7714420766233,-3.480311599883265,59.61814741424499,152.51173310968687
655.7090565805042,-4.280072772129188,60.028476153370285,153.00500457202997
657.9906483505857,-4.9939692562060145,60.23942391127257,154.06917210316237
660.2262881244235,-4.7199486471017025,60.63486933155365,155.4450187338078
663.1525103471339,-4.9838266999002485,60.994330365563975,155.84637404084572
665.3626415280347,-4.535638594520719,61.39492743598274,156.03867654769988
667.2807317313736,-4.4038686191297245,61.78193447589902,156.13741523718812
668.5622740334883,-3.918362892601351,61.993646119152174,156.0618244546407
670.2742465287113,-4.063210174089676,62.33263938973834,155.77878400603976
677.8746572824277,-3.225882804013253,61.50224024558655,156.41443986807502
677.3460943269112,-1.214350592131197,61.67627983288162,156.1095482329309
677.6853942066442,0.07505137487009961,62.39616048875965,155.53099392318063
685.0694274526832,-0.5794850645440448,62.341077128090554,155.88733710001307
684.7468760841529,0.10620227221096457,62.971599557622866,155.26515561803137
685.9418245850545,0.7007263887594064,63.84893330494978,154.55386245466715
694.2025166467089,0.22287783317484866,63.650224886596945,154.98680054550775
695.6237513427843,0.11379164166773137,63.68746593031348,155.37532543217932
697.2780349650687,0.1262979547073826,64.05187923269582,155.2845246339146
705.3417748111709,-0.31644410854690364,63.02233426339184,156.06151587936353
706.3962744782004,0.046504180603108125,61.46158655820875,158.83567199156948
713.6592002147886,-1.6112699101101242,60.26551184894834,160.03064999019566
715.2429403825886,-0.12683410355411695,59.27212762083124,162.94686825135122
716.7217782194929,0.8745000559440399,58.52989317398182,164.9411894209566
718.8121951424398,0.37960186152544395,58.38647530938076,165.39150434874566
721.0093251877889,0.022805367865885273,58.546735348839974,165.72841347504755
722.7730337800429,0.8538893168612844,59.21863848064676,165.82282962532793
729.7008826026632,-0.5929936119122203,59.7055016035335,165.34353263383014
729.800938133508,0.2777760597143413,60.76255180149508,164.2116405049897
731.5204620269814,2.486287087075425,62.90808395915897,162.38810857401631
733.4734380776874,3.832690308000821,64.58723393904586,160.9064748320938
736.1531541868118,5.097665976343976,66.1985191509118,160.1709136969761
743.484434423745,4.015279471685233,66.34233131956245,160.70787134050227
744.7024930874106,5.161957570944395,67.77205061256197,160.0919590039453
751.4262516798835,4.208491653416985,67.9059476503334,160.472262583156
752.6672820164159,5.170337933580697,69.17101617915779,159.9607065775466
759.9547343728242,3.4614988458014295,69.31220452969575,159.57677094542692
760.4515914098428,3.5494167883380072,69.77552039435642,159.96517050919104
763.7592782116978,3.4809650672921464,70.93480785479413,160.08975896391388
766.9939059961938,3.070573511188627,72.01091618884783,160.10155749846513
771.0986278524597,2.6074930082467347,72.99524765331819,160.7261905869638
774.2760414886918,2.5682642702447396,73.77623075606738,161.33834697940304
776.6228277014968,2.9978550967265534,74.45185665275363,162.13213921674398
779.9170136603028,2.0872250663168757,75.25678955997077,162.29555676066423
782.6138159459039,2.129184749521869,75.62561279562291,162.00566165310624
785.0315212126764,4.016485959879205,75.9810811301808,161.6882714420931
786.9729204507004,5.393977061960598,76.42198498949055,161.43290896029666
789.0496747320456,6.988130282848999,76.7604293229183,162.6240261368365
791.3477373361583,8.001198907476464,76.69326338898483,163.35624593561624
793.8265928861357,8.515083352270779,76.48787782385065,164.31739523126168
796.6764630449605,8.795695028097597,76.30711705560893,165.2116544817275
798.9073206651954,8.875578833149575,76.09062342997684,165.9816676528926
802.5865694528825,8.468284088557155,75.65075073253225,166.33917358900166
806.1486364924702,7.571372070643676,75.24924095526725,168.50409220929365
809.0448886729678,7.094492650295749,74.86687949283167,170.85221433410052
812.0876706471304,5.864077872707497,74.47080538596762,171.81921916889434
815.0402401324424,5.120392030421371,73.80560372079407,171.52172034813364
818.6181671574594,3.1156769674763325,72.86405888630563,170.46401752419462
821.8688535940767,3.8374913366434384,72.11031231769769,169.75640285398708
824.8052849286203,4.0221503265766785,71.27827978395592,169.09161722919072
827.7107837916947,4.661803524124608,70.88650202851021,168.44360979335008
830.3440510007566,5.446841022575853,70.42686811163762,167.5682703830908
832.5017170064049,5.762796211723412,70.3771196155083,166.9250780255254
835.3642025659555,6.543002425036434,70.54119564225059,166.58685729029798
837.9421613964798,8.3418287061521,70.66567539636299,166.19091018384668
840.0833525326626,9.863263382464112,70.97265002325886,166.57577377571118
842.2339779121223,10.012541683017105,71.01525941372309,166.93166389568216
844.8125844293744,11.086543534746824,71.48712429059591,167.59029724094404
847.2316736660403,11.607717161731898,72.15414477279994,167.53470386795152
849.2211031293205,11.716124740702952,72.72865441466007,168.57780251215632
851.273069786435,9.786755384187032,73.2009397054724,168.63455333875933
853.8806201419023,9.326301532899677,73.88980446771272,169.5562158891656
855.87253561946,9.385012527074991,74.81350095934431,170.15143347105118
858.4207997313965,9.461332132819194,75.6368564634987,169.7169973273423
861.5955492065907,7.92449809581602,75.98426121870713,170.38746596706827
864.6117306526148,7.356842260491646,76.13371728875617,171.2955563275783
867.2575759751032,6.63713394189935,76.26530545237291,171.822877835273
867.2710875046223,5.608462961408463,76.62787006389959,172.49829898174062
865.631724501669,7.446557041483871,77.11206949281028,172.70859830556807
862.4656907240976,7.477762270981714,77.10797114295434,173.92763680687665
857.644983056883,8.189473203013947,77.16011397829905,175.00133770739959
853.4061693709339,8.704426514337683,76.86369826700634,176.1786747657061
848.2261820312925,9.28840012306955,76.18727501232902,176.73000469172075
842.4276140194357,8.6757840284466,75.48622473385754,177.68452790279053
836.4964494874508,8.262775849245543,74.61153998099398,177.8755322901958
828.722544583594,8.177457957908828,73.75610958485018,178.33304344003383
821.0915706489545,6.610867959256339,72.83753262807923,177.96432228758906
812.4211850367235,4.986554998738228,71.96713174865958,178.63982976036783
803.7067828062006,4.612941145878807,70.86269303038387,179.1134442813962
793.6475332723077,3.409001003047706,69.76288460305265,178.98947971270354
783.4020024882365,1.3937900265634084,68.7098406414099,178.79579487703688
772.5243665629428,-1.9232467994177824,67.82919101372599,177.1715467669143
761.7293992400308,-4.575329259228681,66.95352659949111,176.15389714948776
750.4139203116206,-7.246573798723588,66.24232709242015,174.98709553328715
739.2736928576576,-9.419865766139182,65.69866815452085,173.612685949289
727.6222444960192,-10.59140977103661,65.0183133061424,172.9067946767047
716.4375908761897,-11.60344372518199,64.28020057815002,172.41312567322177
706.0733515008938,-11.958885558977087,63.416373191657044,171.5979373155129
695.3816504553346,-11.964050991054506,62.97912136737003,171.219991245044
684.3595068525863,-11.001082067541319,62.86498991747112,171.17817398155188
672.8143529099052,-9.447989740246086,62.73528513803832,171.65372565317907
661.3579032291688,-8.89253795882415,62.70462485290485,171.60909661407024
650.8458930390559,-9.427631011626573,62.49695768735412,171.46254127699473
639.7559600117618,-9.968929032251637,62.534606105833966,170.4851078115615
628.9414080507843,-10.436763304658285,62.54535332307702,169.56368051878172
618.5750650806438,-9.984412747773476,62.32794885503288,169.257706869688
608.2417405964628,-9.971113743156764,61.87250462271118,168.6229274434662
597.8978897039416,-9.251594993098948,61.441571230141435,168.29605384467962
587.1556407901961,-9.61577902259637,61.115934169936864,167.4728611441301
577.40363122775,-9.040630410972241,60.839477678374024,167.59481445398578
567.5792941322068,-7.513139994372054,60.48779328791757,168.0648408687102
557.9266170122427,-7.345770470336845,60.377685033949334,168.45001804511946
547.74670131698,-7.176318151513414,60.524110815343846,168.0535913303592
537.6909135427992,-6.160724156750746,60.73235269976506,168.2319601588423
528.1576121333879,-5.252482877993472,61.00621374307477,169.19185742501244
517.686861924183,-3.628409093078517,61.44822914561561,169.52907658110416
508.68757122201225,-2.8016522885663164,61.68972093508883,170.03129631901885
498.22533582194785,-1.37280096459412,61.972601616809435,171.1811615536123
487.5709099058316,-0.5379919738327743,62.26555569818744,171.8223188520884
477.55102258248456,0.20927776993545422,62.5820141522546,171.71078438755455
467.3812567576101,0.3672469817927606,62.855877695924434,171.87918317449515
457.0549506525969,1.0171160950537228,63.15357428705435,171.68584448410604
447.1165926836131,1.323223313449347,63.85497436808839,171.78088874863926
437.1427085783979,1.4486237930302366,64.67278156472483,172.24629887002862
427.48376441036055,1.7201974061590022,64.91813152494507,173.38665086080448
416.59470143559804,2.1942694790155173,65.62802016978247,174.2050756142461
405.654405063305,2.5280811884504146,66.16449670343113,175.22691998311893
394.8508245204766,3.3799609554486523,66.75812324318954,176.25262879476455
384.09656897859793,4.260682623491135,67.3851073799253,178.18401578285255
372.46327373777865,5.358756067510882,68.03794358910301,179.84764348435164
362.14775638973924,7.331903457158333,68.6570745223644,181.3718672940765
350.01882660987695,8.541184709185671,69.48043434148836,181.75639250135606
338.5482411158101,11.887068789582159,70.05947993289364,182.50815966847446
326.88848559855904,15.16532018241439,70.50136264097969,183.49627930407465
314.9471746087621,18.856580165372947,70.64900880575424,185.1615269773177
302.9729967589786,21.080894276330383,71.42498024323632,186.570215726228
290.9018564576228,23.045275640781796,71.92116557006894,187.23099633991552
278.39864809924666,22.659245127524628,72.65656521223626,189.19211793523937
266.29323968203596,24.90094140169475,73.38384628005608,189.61362116936982
254.17919104931053,26.097974649291388,74.21524936215738,190.0089542980474
241.8088856625417,27.394257047677897,75.06308936848309,189.09378639477566
230.14226177394818,30.02732750851152,75.75184976468873,188.8008825107671
218.22095859959148,31.956611306310137,76.52226868969606,189.02020435761372
205.89978268176966,32.530513332357984,77.20597565839631,189.43878593231094
193.87042483633886,34.462636440165284,77.95064448951672,189.83985667989214
182.16976686950008,37.29242468490172,78.5150120284189,189.36746976942928
170.88533766107608,39.67738647647471,79.1933617935335,188.67582901938266
159.25348378156428,43.04355927023295,79.81765190424161,188.55013759904148
147.87853984991813,46.11251810094515,80.29419572761694,189.03222983675647
136.26713788139972,49.20067201628788,80.79141181980512,189.1314680799846
124.42916189454073,53.27005931728374,81.24348493304952,188.86780553472505
112.54779404399083,56.719604444057,81.79345017211315,188.11595591991144
100.29948849347278,59.70408598778502,82.39237717585922,187.3868938982818
88.44720029979771,64.05242185673715,82.95839612912734,186.49041785434727
75.87644445332016,66.86432372629127,83.58327383465567,185.9396078705796
62.31966309702854,70.28959996962949,84.55382926879653,185.3586114294354
50.244774793075806,74.81617049400325,85.13222144677036,184.3464345072748
37.44259981477407,77.52431118609043,85.84986028276836,184.02233671303574
23.80223562059315,79.8627177526676,86.36502089158918,184.919885857866
11.632993385183575,84.48338337315707,86.87664493455189,186.12098606677722
-0.4833274740868845,91.06398979728158,88.9192746749434,184.73188701857703
-10.30423388677707,97.983023188933,88.95879257844877,184.35524506284986
-16.436729682706087,105.94536687794613,87.50432082191813,183.52223630420838
-10.09204588446925,130.55785052510885,85.48365916569104,179.27251162462906
-16.570911551564123,148.2302919042819,80.89551685791301,180.3618177090564
-18.983826659631227,176.0345263582198,76.03552363349546,177.21336314444227
-21.629312668322342,200.02058606546967,72.42371893273804,174.2861160138781
-13.25020737774694,223.17194089760477,71.91540344741243,173.88362912792823
-18.187007574507994,221.7904310838332,71.89150094176462,173.88810621778217
-21.34372511062815,216.02657240499758,71.88675974447368,173.89457475800953
-24.19063325971773,207.73604442587387,71.88449345064234,173.89804740326866
-27.753218545987053,198.6572140367495,71.88273426320174,173.90017915930056
-32.139070433066564,189.5610406289332,71.88244630762443,173.90049792927888
-35.941113493898264,181.06149442272374,71.88222698779653,173.90077289785015
-35.94101245775073,172.82481186496216,71.88202491550146,173.9010011115179
-35.94091251452365,164.0048094067263,71.8818250290473,173.90119355850715
-35.940869318601415,156.74602751377506,71.88173863720283,173.90128221623584
-35.940797352719734,147.60826753144653,71.88159470543947,173.90145161021417
-35.94068041214468,138.16843536930438,71.88136082428936,173.9017175885512
-35.94049733417686,130.05006825354215,71.88099466835372,173.90205503052488
-35.94035950583218,123.73981680606757,71.88071901166435,173.90237779546916
-35.94029283835344,117.42681371575536,71.88058567670689,173.90250373469954
-35.94018078584645,111.31662778612915,71.8803615716929,173.9027103412664
-35.94010508797928,104.01529323738518,71.88021017595857,173.90285849606636
-35.94002805272171,97.1440645018245,71.88005610544342,173.9030063968752
-35.93993524754277,91.6392275769079,71.87987049508554,173.90317211377385
-35.93977153492341,87.20020287332568,71.87954306984682,173.90347970727862
-35.93960444547435,82.27250925825385,71.8792088909487,173.90381685044719
-35.93947899913038,77.64624865389254,71.87895799826076,173.90416177437976
-35.93933560536367,70.78625066128605,71.87867121072733,173.90451798145554
-35.93904668151647,61.395402004986636,71.87809336303295,173.90519226854167
-35.938792048392465,51.35599073369343,71.87758409678493,173.9056819101271
-35.938582388357474,43.40472715443356,71.87716477671495,173.90621817814392
-35.9384204460086,35.536178643190084,71.8768408920172,173.90664756757423
-35.93831986145551,27.975938559526412,71.87663972291102,173.9068903844377
-35.93820777076401,19.75263257843072,71.87641554152802,173.90718085920233
-35.93811308462249,11.508627144048177,71.87622616924499,173.90738350042835
-35.938008725691084,3.675055323995096,71.87601745138217,173.90757596103012
-35.937912992021076,-3.5121976682439424,71.87582598404215,173.90772472199745
-35.93784626440533,-9.549894339997806,71.87569252881066,173.90779686799542
-35.93778776491839,-14.85082349827563,71.87557552983678,173.9078561733206
-35.93773403944918,-20.642639297052895,71.87546807889836,173.9078915413219
-35.937687096361074,-26.444275156387263,71.87537419272215,173.9079184784965
-35.93763262347384,-32.17054902431509,71.87526524694768,173.90792677038243
-35.93756946195363,-37.18468739287644,71.87513892390726,173.9079337397439
-35.93751201109411,-41.49790194144546,71.87502402218821,173.90792564968712
-35.93744681050183,-44.83252679305376,71.87489362100366,173.90789148602138
-35.937388481290725,-48.47345300329698,71.87477696258145,173.90786400462184
-35.93734116701839,-51.83640352985451,71.87468233403678,173.90782483022835
-35.937289220400466,-54.4342694481241,71.87457844080093,173.9077926019787
-35.93724349953191,-56.30402209897919,71.87448699906382,173.90777592340325
-35.93720752167189,-58.01941903527468,71.87441504334377,173.90776315918393
-35.93716832615641,-59.869618543048844,71.87433665231282,173.90774417927938
-35.93713545852281,-61.57034293030166,71.87427091704562,173.90772968359764
-35.9371081882751,-63.69285792768761,71.8742163765502,173.9077183079777
-35.9370875493733,-65.78049072582951,71.8741750987466,173.90771143950928
-35.93706509146605,-68.29273124053945,71.8741301829321,173.90770640401828
-35.93704468059772,-70.86574399883808,71.87408936119544,173.90770483245026
-35.937019988414875,-72.96440949101839,71.87403997682975,173.9077105871661
-35.93699401883813,-75.38513442262031,71.87398803767626,173.90771595802985
-35.93696859858731,-78.14087940547354,71.87393719717463,173.90772416180394
-35.93694884420555,-80.06546878131331,71.8738976884111,173.90773175183188
-35.936931394711756,-81.75537810244347,71.87386278942351,173.9077429218632
-35.936911847593194,-83.73747279236628,71.87382369518639,173.90775493163738
-35.9368938618727,-85.98968556348163,71.8737877237454,173.90776591545745
-35.93687561318962,-86.9538897978556,71.87375122637924,173.9077795957112
-35.93685617938809,-86.95389762444252,71.87371235877617,173.90779524888504
-35.9368387869655,-86.95390327597728,71.873677573931,173.90780655195456
-35.936822281457,-86.95390855584132,71.873644562914,173.90781711168265
-35.93680533617482,-86.95391241745423,71.87361067234964,173.90782483490847
-35.93678601700998,-86.9539169851726,71.87357203401996,173.9078339703452
-35.93677148921888,-86.95392033155352,71.87354297843775,173.90784066310704
-35.93675650323138,-86.95392279963062,71.87351300646276,173.90784559926124
-35.93674368230409,-86.95392455430755,71.87348736460818,173.9078491086151
-35.93672973287915,-86.9539271500312,71.8734594657583,173.9078543000624
-35.936715194091605,-86.95392930267872,71.87343038818321,173.90785860535743
-35.93670077412738,-86.95393132366549,71.87340154825476,173.90786264733097
-35.93668904241328,-86.953932129063,71.87337808482656,173.907864258126
-35.93667617113947,-86.95393369240969,71.87335234227893,173.90786738481938
-35.93666257834789,-86.95393628719127,71.87332515669578,173.90787257438254
-35.93664957354457,-86.95393819057544,71.87329914708914,173.90787638115088
-35.936633654333264,-86.95394411835201,71.87326730866653,173.90788823670403
-35.93661782229116,-86.95394910553564,71.87323564458232,173.90789821107128
-35.93660164927683,-86.9539569692329,71.87320329855366,173.9079139384658
-35.93658239367945,-86.95396120697136,71.8731647873589,173.9079224139427
-35.93656446685205,-86.95396698186724,71.8731289337041,173.90793396373448
-35.93654879729357,-86.95397185009337,71.87309759458714,173.90794370018673
-35.936529610832245,-86.95398000165855,71.87305922166449,173.9079600033171
-35.936508015866885,-86.95398852213673,71.87301603173377,173.90797704427345
-35.93648753351048,-86.95399782372263,71.87297506702096,173.90799564744526
-35.93646643036895,-86.95400333389989,71.8729328607379,173.90800666779978
-35.93644231433767,-86.95401016783916,71.87288462867534,173.90802033567832
-35.93642354677367,-86.95401508129984,71.87284709354734,173.9080301625997
-35.93639412688268,-86.95402796387836,71.87278825376536,173.90805592775672
-35.936363841683956,-86.95404498777245,71.87272768336791,173.9080899755449
47.16967835510782,62.00116162452635,75.93836850951092,166.55599584274418
63.189028574560275,67.06292684892777,79.72138437919976,164.46589644710295
82.33591155075797,60.37427819222796,81.13556138945086,162.95025323926234
107.77759699631535,57.37122898378496,83.75501718900992,164.22753562373867
107.01203935098025,55.295245566978465,84.97643240786847,164.9798392474365
126.13794218345043,49.54388073659783,85.32547207984214,165.4741527323555
146.9100668373873,44.20716551643446,85.30034966405827,165.91150586402745
168.00438516842672,40.09268626858035,84.81257588650088,166.57662015578669
195.1986314185675,39.79394486984131,84.87878385619008,168.95670073349243
214.66767766706616,35.827868032315905,83.668909437806,171.7055062296797
234.7575215838637,31.983745533573966,81.83922007833199,173.63098915746144
262.08424137179924,30.357053431364378,81.19914338698247,175.94181251030668
280.0397232242985,26.679181472731514,80.36462621518709,177.09831908092323
299.68936349977616,22.836471719710033,79.02211370012041,177.36109635597865
319.6034473765499,19.25602242944791,77.52796465384823,176.8043025613198
338.4762420119747,17.627838726641116,76.0484276290924,176.899676152465
357.7395419962493,16.047453167055423,74.10451885317019,177.91716080503787
376.50757039861537,13.735694487934325,71.96645322885796,178.77957572530704
393.6786833349629,11.393264230556667,70.22459204122148,178.50531024442637
409.8112065341629,9.421291132081066,67.81375363537518,179.47500540950196
424.45226562848984,6.642842425098479,65.57421319025163,181.0048823690604
437.9829194368676,3.8339893888075807,63.79232070411135,182.10526065615025
450.14898982463893,1.5994113268779415,62.87777674558523,181.71153368903663
460.1572548065654,0.4274934337162648,62.13591070690329,180.7865634946776
469.2681854025825,-0.753772368948546,61.95975149545981,180.28274945601004
477.2773125848751,0.14731310572531697,62.11947946119686,179.53804811306185
478.19548625640255,-0.7232022018587116,61.67854051009458,179.87982237961998
486.7886239658461,-0.5851151244468156,61.67538772609515,180.94825736614598
488.1579479616024,-1.370156360312805,62.04262714760743,181.28840323814651
496.4176194738606,-0.8420512128583084,62.45071904435561,180.87493641152213
496.74328304097924,0.4089823719118044,62.664419278187154,181.65817664936105
498.29140806130926,0.07834203556441821,62.92396128312032,182.77992871373368
507.18676166542525,0.14806377988331576,62.814530396299446,182.2138195613767
505.88910193863313,0.8213344866272507,62.26596089953577,183.37436823959416
513.5719784208347,0.7653344265533093,61.04178756312322,184.79002672594535
512.5223271286828,0.5477171666529159,59.97569965594151,186.1408637509532
513.3682940134229,1.6058720852206108,59.60229787651262,185.3510818669657
522.0643117557961,0.6085493891323637,58.7703629471862,184.50014596603611
522.1560021890681,2.576447955571581,58.39730630249161,183.90627016265597
529.8013621722295,2.847734355760622,58.13818156627147,182.9552483979205
529.173815433261,4.903511471510484,58.01507224822594,182.84641976761708
536.1394271327518,6.0495955534674835,58.207161799378596,183.30109637222725
535.5167799443878,8.069902723412213,58.48992162925444,183.72219820741714
542.1884088492503,8.37270888288468,58.68976226923658,184.4043296953112
541.6357960617004,9.847283481052045,59.325014399397695,185.03066191377138
548.0382858282212,9.585307035449944,59.89919384005009,185.27475168585022
548.5503684537099,13.017214384190183,61.013253190818304,185.14616218902282
549.8309710304783,15.767525938703955,62.08711406969111,185.12255743631852
555.2577046868038,16.16482615880639,62.87221182051664,185.40789028182684
555.2039913251739,19.3899406332921,63.86063149278547,186.19512433029195
560.6480599596316,20.630514836297323,64.17012510613318,186.7215373695177
560.7978305723,25.11225860080505,64.82712017382626,187.40538107829522
566.7645748150527,25.314617987106317,64.67979215737586,188.86260316644098
