565.0,61.0,19.0,33.0
567.681126037217,65.26093979670253,18.927365464017967,32.55658872934885
574.7268164361113,72.15883957715945,18.966319520355473,32.201404822426696
581.2003111551493,78.83724907346242,19.037482319218086,31.80841010197654
584.4460615451695,82.50962128439733,18.92649997560952,31.482536033805452
588.338478730702,88.35620305116996,18.859261181784504,31.42503267176896
591.2596507494947,92.20657427467403,18.83659831180168,31.28380331680186
594.8078053628986,96.0207367821261,18.54563175924904,31.426511588946063
597.4519375703171,99.9160946032661,18.41844770482465,31.34206997925881
599.8632831971237,103.26643476347407,18.24670926722105,31.45264559069712
603.2210221996736,108.80543451756512,18.062353946600048,31.53846730291299
604.1085811466363,111.25976827861385,17.94878669373443,31.559104380577487
606.5212322451272,115.49020193150213,17.85863674132066,31.51954845327991
609.1084755833961,119.28756747845522,17.82565053780542,31.40033177130001
611.8134020846469,123.27326002410655,17.728059116724584,31.135020917820846
616.2214578420829,127.61246251812821,17.54732453208924,31.137484078581227
625.8455174041119,130.66280966139385,17.345735177928905,30.864891427029214
636.0620272955506,135.50679587957885,17.334090669709763,30.927268989133335
645.9535026574315,140.604255715113,17.37950145717825,30.973097723521583
653.662816075125,144.89029178993826,17.439534251613175,31.175692360064893
666.7248482543674,150.66279536041446,17.533989103943657,30.939414390865423
674.5062443683335,156.84410584442995,17.355922446690343,31.16611932768063
681.7123219639238,161.0430028272282,17.241390889847832,31.551128897545517
688.4297374649115,163.6946975704006,17.231491414056844,31.55392513355187
692.7206667694827,168.73354741501137,17.297636383100333,31.58220154906661
697.1483412283031,172.76166389702328,17.364946385747572,31.554827723531563
700.4188150439236,175.47157874150057,17.276994054799665,31.43850107107604
700.6079508659848,178.23386208928534,17.109486923096863,31.354096557360734
700.7495480892939,181.01591659856336,17.136979899231235,30.90488669728242
700.9556911605072,184.25375553734995,16.94022461424825,30.677393023810858
700.3218979532771,188.0266352645929,16.72893872951418,30.391047765339366
699.4006767314918,190.9272674838752,16.652978262852237,30.299953118950057
698.6812896362078,193.314884007211,16.461826367947996,30.3171204323859
697.9122299317128,195.75006760591066,16.36355389881013,30.442358703736538
697.1639518461985,197.13691872159495,16.409239436713385,30.442673329515152
696.0175374889415,198.71550642676448,16.52565389989997,30.135653987978024
694.059255718769,199.59823193467105,16.51696786367627,29.872932507267716
693.4231624528647,200.10718835697367,16.230964407348424,30.089780185504903
691.6839662616804,200.94552367860783,16.25531745446613,29.85298168788932
690.7957962712293,201.0880098205345,16.288763262700034,30.038119105192585
689.7806670831287,200.97627885226913,16.293672975571113,30.067222067028137
688.5268188753253,200.88751173706646,16.26068159172431,30.186676074975818
687.2400183993922,201.01472138836243,16.275200512340504,30.231731011733253
686.1185288592393,200.29535403384136,16.414333281076992,30.438018931033888
685.3231189650699,198.98527739717423,16.383562455096932,30.56118486153366
683.5826767836311,199.24457945274244,16.462607561687847,30.613608446529895
682.6730812789341,198.6966718953227,16.500805347891593,30.98780055788653
682.2638563680965,198.14179920302502,16.506765540775028,31.45438047331229
680.4767556323209,197.4257634493829,16.557222667614894,31.619743129735927
680.0055861568526,197.2035301912769,16.62035210011901,31.861839002332175
678.8932279229439,196.77832839853772,16.598198527042655,32.123640521770525
678.0942756317233,196.87859867173688,16.651326908235752,32.230189333940444
677.3392129956866,196.243285545505,16.54091966764441,32.13350232060373
675.6827714797289,196.01364759077111,16.582367677205603,31.95318415200751
675.4380392911274,195.16242597030126,16.674531811030793,31.728486799418473
673.8073392633519,193.72966519944814,16.460448925908192,32.03137935667345
671.6351824191433,193.91844488791293,16.319676650122272,32.13892513664235
670.3686119432091,193.73060735030785,16.33098442060958,32.44234600859256
669.2460678243842,192.61472622238804,16.352257217127676,32.551638362393604
668.1157454287659,191.99158432460274,16.535057627032167,32.377825045308555
664.4939352289865,190.83757347158996,16.56198176423107,32.437975590826895
661.0082804633038,190.21822809134173,16.55095048291362,32.35604450321698
658.2979659315396,189.86880235027667,16.423677916040223,32.360422957164126
655.0881510166397,189.28332451968706,16.653183710958444,32.14797197924425
652.9834723660182,188.96371037739402,16.71577101174367,32.04571115145316
649.2689578347592,187.42022111233237,16.913549311322218,32.06936284594413
645.5448006870344,186.90013465086253,16.896940701803747,32.240829363720984
642.580629143945,185.82018956605575,16.877685807483296,32.43241907156545
639.1238557279754,185.11626470356853,16.966978126635357,32.43442267761286
636.9952481670199,185.11387040280516,16.922837409770896,32.60610052941806
633.3479827499151,184.9832331380033,16.917979358482373,32.39804194678199
630.6299465219942,184.1080862425336,16.659610018975222,32.543061418072654
627.4812718020565,184.21112651064593,16.531323167346475,32.1895632173201
624.2634608479985,184.3053398372536,16.415331744621387,31.820596449463558
622.0565648389987,183.6164210031363,16.225726393236336,31.353045586013234
619.3618446460774,182.51603087847803,16.257931347407798,30.91944859419516
617.1412642235734,182.60788337180696,16.023647112612366,30.049327041165363
614.6995617885586,182.08615371142585,15.821124019384916,29.43071513390026
611.7863549743761,182.32821220172795,15.607095657851364,28.984399828794558
609.8205733862796,182.56201659461615,15.360115266386764,28.729740184878167
606.717892978232,181.91188709366182,15.36074557177036,28.394446780475796
604.7559550251341,181.55870964635147,14.98826193893427,28.022162644639916
602.3523001164573,182.3072304220829,14.973914098664583,27.350451171778897
600.0999139897611,182.4243752458318,15.05453111676638,26.87905561827144
597.9181215001406,182.97052515036066,15.0644879374381,26.47711230220994
595.5031233921502,182.70506782621172,15.056157699256442,26.288949542194057
593.1162340351668,182.3769708721295,15.005451588088782,25.980426539042583
590.8771563670266,182.19508769454248,15.024809946372484,25.56059369635211
588.5615153306411,182.75993816660446,15.1037810755399,24.891584740696317
585.059752078412,182.9544730018412,15.519044545177618,24.23463412382506
580.4748979350211,183.62983818293807,15.600617112660025,23.875614722496326
578.5565875880717,183.42977114003878,15.704499550104375,23.655259807020826
575.5482070895434,183.28302231970042,15.872090339183599,23.467473455168594
572.8409969305669,182.8009036570918,15.994645785157905,23.069218457464125
570.141956146639,182.63130833621645,16.291878201402383,22.79804394685579
566.654410824024,181.8082841669749,16.334193349195907,22.666166436378056
563.7721544309703,181.58176255517776,16.356288799792882,22.64179007498272
560.7833902231167,181.6006604639412,16.36667081886312,22.41380097687816
557.7856395241195,181.49259217090227,16.513505548919582,22.286542091383165
554.8443378439201,181.45285635092773,16.76207952089046,22.280526589127042
550.4344441650233,181.64718780221497,17.61701692980124,21.699744103065033
547.7038589891499,182.05927806430634,17.409414107261824,21.845488267221498
545.1015395502952,181.78243074681748,17.286586020249693,21.91668547831197
542.3258188837051,181.98528152122145,17.174880857610823,21.869480863679552
539.675430211577,182.16817581371302,17.092724585228837,21.789855936600098
536.8812761284821,181.5887220026268,17.154278848983203,21.863464662936593
535.3083973685651,181.2622164847367,16.991437135189827,22.101572534806884
534.7400799916387,180.48167288828964,16.87468777573107,22.321761094697802
534.058493830821,180.3664185869327,16.724078788238565,22.705081224663886
534.5184564559344,179.8582172197928,16.63195667292998,23.034506036027267
534.2771035362708,179.73989242174144,16.577137037231967,23.54379898964533
534.5562341738299,179.15977436001276,16.67388765443249,23.576752970463506
534.5636249460467,178.4913581500259,16.65268026083697,23.6297340053207
534.3718205343974,178.80012756882698,16.613083321033805,23.819742260156282
534.6264671493158,178.09681943727878,16.602388189952,24.22158013809029
536.7056183789055,178.34618941006318,16.513006819945012,24.482821943963444
537.0725307916138,178.36083007480977,16.29369018229931,24.802651813849252
537.1718106324737,178.61428844298305,16.349418577933893,24.865762130858858
537.8730120573263,178.63260375688614,16.167201008074933,25.029803563303922
538.5987769237681,178.65262534402788,16.080748413138313,24.9920901834776
539.4986873758284,178.508623411658,15.885646790214494,25.17279854996545
540.360154360591,179.1484373325407,15.724092253367449,25.32675134517818
540.9063037059469,179.65322590202297,15.75694007087235,25.31615377469511
541.6057950670869,179.64820569984425,15.768021807439561,25.2525201260988
541.5523344119608,180.1821665581594,15.833510304881706,25.281561934286987
541.6554615396524,181.07576136312727,15.874188526257598,25.36382277429477
541.8662431102853,181.83290801443067,15.88827033943464,25.44138916998353
541.9718787760175,182.71789002584518,16.00233665636198,25.43320660124082
541.9835000471221,183.86075051921188,16.22583694383328,25.401967883794526
542.1821852173687,184.3977313145339,16.324210712493844,25.172700788351644
542.1532198428216,186.15992859508924,16.249977862454404,25.11352310231723
542.2095154442633,187.17718787025555,16.280742818900535,25.044116403676828
542.3952695680323,188.4862605820544,16.188323753977855,25.06724304810281
542.5740321737533,189.85766770375514,16.17947042588044,24.94717074233864
542.6889226322056,190.97155135084708,16.129617826641873,24.757576408436115
542.8238477376074,192.72662686104886,16.035376310391715,24.66346914642491
542.8535623572159,194.41049916381823,15.919786352971986,24.61802068346429
542.8311552827721,196.15443798798356,15.764021305644931,24.57840548821288
543.1667566089332,197.82795186275,15.706389403082515,24.555843967165067
543.2897940609174,199.11858067450896,15.6713403480987,24.4345434664499
543.6480088861206,199.998890473836,15.585820557826452,24.378934401128618
544.1300583277775,200.95953683162696,15.422226776193341,24.261323178352182
544.2257240517339,202.12101915636333,15.35166230326621,24.010593874719927
544.9175032727383,202.49718108184064,15.278534745618785,23.751621781291693
545.4919849424044,202.88209228061825,14.969490615766807,23.63457264480675
547.6902131477975,203.79131640462984,14.80908767177754,23.778578477365194
548.6181397874691,203.92528645809082,14.699854451447578,23.773764117885477
549.4496548827577,204.46411954395097,14.61646584145206,23.77172861099063
551.7953758379317,205.2129538051643,14.652532476025991,23.65090866701707
552.4209446491392,205.2396043690387,14.588181386012996,23.86050753411844
555.0864095938269,205.51669218649457,14.369416470850172,24.029772129099417
555.902961504305,205.8699988612565,14.157354138541356,24.19768039269654
558.2410837449795,207.04827875635715,14.23641971578624,24.146808030016032
559.0326171502853,206.93779277536396,14.19404559220918,24.29156855441945
559.6247214841508,207.08283517146708,14.236808431550816,24.38552235955855
560.6466830936696,207.46576921018476,14.21106176814671,24.50580780127676
561.7636253871508,207.41567841368092,14.074917831361363,24.698100005782823
562.8700561601603,207.6591040134083,13.968331843813926,24.976710549205993
563.9440288157366,208.34878742903908,13.88545883071139,25.063989793193194
564.8559474876918,208.47709308641217,13.86808937754034,25.255460925498987
565.8429644937008,209.03499417837102,13.943097351987667,25.277123026478147
566.9123081289805,209.58837383117034,13.93091188005806,25.370930608735044
567.8209661945988,209.92899660201778,13.900972510258114,25.508770486218147
568.710228355859,210.71863728643487,13.929720383553569,25.470814328908936
569.4929139318433,211.17147603657355,13.953646526201808,25.12665055057446
570.247164378411,211.8484987455999,14.089690234506834,24.641804348887607
570.9490372123718,212.8805899582442,14.03740085110827,24.33680807224249
571.9390236504034,213.26002776798856,13.988242479668418,24.162361359194527
572.2751876347194,214.69439562367253,13.874674498390714,23.859731728835456
573.0631828747703,214.68038670549433,13.767141359483146,23.63889114315094
573.2364489507747,215.2978600918739,13.691810698830178,23.594623562934842
573.1154539699892,216.29755591072646,13.71173394504153,23.267143760900186
573.6001349138136,216.94873772075152,13.649613103821277,23.311689187023166
574.1337459175462,217.29676700691834,13.54522724271072,23.380506384304677
574.1403481169812,217.8833974933358,13.56477413210595,23.3489275594495
574.391332187229,218.43757767451126,13.713156502684356,23.187047709717575
575.0643631224117,219.25218198887782,13.781886931589579,23.164027974302634
575.4739452018323,219.6685349393747,13.873671108872646,23.19321966108511
576.0448754061572,220.46838896142046,13.899438392445514,23.30597332696975
576.6408894663532,221.41961155562242,13.903544124058577,23.27956812040787
577.2921014769357,222.24539373261499,13.821058023463817,23.703211715107464
578.0034661581731,222.98408166774993,13.724123715424772,23.805606529079796
578.7032435140983,224.2921201164563,13.712394015781511,23.927058194212876
579.6117345057189,224.62602563972953,13.575091903145704,24.17786761485236
579.9763710655773,225.82308520283044,13.465063180115488,24.540992837176546
580.3651447372715,226.55437392231005,13.314002555381693,24.71818530998334
581.069144232318,227.1692347087607,13.376716346241311,24.756527043890486
581.3399687623997,227.00839439630752,13.44382221895805,24.882857096330028
581.3652696188019,228.04690350341602,13.586688585124708,24.73524242558533
581.5916272195209,228.96795887092736,13.639224493286779,24.623087244571128
582.0669761375736,229.20185978236472,13.665387001591164,24.619208518353194
582.6903099862107,229.8988510432445,13.71182395290717,24.641273808101882
582.786168813775,230.76398297295987,13.5258834123152,24.682959359109642
582.5668903053981,232.19203664896344,13.383616709567278,24.77549616832687
583.1838536438486,232.59016435028047,13.566041589444357,24.600768735529982
583.1833997587072,234.45081966834812,13.562564861615424,24.32830968478286
583.0539221606892,235.3769602397597,13.669666198226702,24.165215949453266
582.8029119934682,236.9967732715158,13.754406216315761,24.066377010574882
582.5901544063556,237.93530456193503,13.852332385309104,23.92120439288645
582.1807481280528,238.49390222527234,13.857221106160534,23.79594515382021
581.7076595777197,239.5158116315853,13.86971737444054,23.60883331808481
581.6358096647766,240.1323590320683,13.85138484942895,23.294091061426528
580.8110506835093,241.52078390752945,13.882728974302015,23.122200321582138
580.0669161836058,242.2201967027407,13.944923230837873,22.89248145303766
579.7458104411836,243.21029772045586,13.951107617980327,22.486504008862518
579.31041701366,244.63402571620435,13.896983689260042,22.307807601792412
578.8815062434649,245.37899320986836,13.848673544869994,22.198981732926008
577.596449389853,246.67418196202271,13.779982816363832,22.14401248705542
577.502467364575,247.3954603042865,13.796960974504827,21.958956093398506
576.2881461592091,248.3006894431839,13.840699239042207,21.915856237883105
575.0345695581625,249.70912171858257,13.795909615817871,21.844663674619287
574.9490397280445,250.92791898195637,13.667499894483282,21.843976200865463
574.1421442986455,252.45959108890875,13.582836730873538,21.821806160315816
573.4432744178374,253.987661055002,13.551207996548516,21.727555256678496
572.8219048759439,254.77626670318995,13.462715128621904,21.904387897032038
571.4684161643193,256.46909097241814,13.383245265265375,21.738168374688964
571.0290357675328,257.57240690831037,13.367428138401527,21.688851041860126
569.6684097539312,258.20961899221066,13.341361420945198,21.630473803419047
568.7491367707228,258.93232295943324,13.348883098231035,21.571900013566133
568.0314520412295,260.48388500800075,13.39953163570106,21.734329629276022
566.7812341324977,262.18002241107297,13.473996183557034,21.58716008970254
565.5993536878926,263.2136467805052,13.486779890379106,21.35283762418403
564.6325426544382,264.6905076003377,13.442972090496953,21.38760322817148
563.4310465032783,265.8219708839976,13.41861935535671,21.246473507241326
562.0266769281158,266.8612291397692,13.501635000661464,20.887195634576027
560.4602719110669,269.0792365017546,13.495126091735612,20.448590492743286
558.7419757379743,270.0410886732376,13.664540379296675,20.191683787716812
557.4084906852876,270.7864304266529,13.593319833729925,20.10199434330986
555.6251458969757,272.14082171300424,13.486859824629915,20.059058833671784
554.0207163873039,273.5891311459353,13.515740950144199,19.876722003637223
551.7834549219729,274.81882517425373,13.546627463417355,19.69757948952667
549.6990828270417,275.79816571380377,13.541262194356168,19.773299111949484
548.4117956761103,277.15671061298985,13.682958478793555,19.62560318679199
546.5549912754594,278.1901756464574,13.688910419743813,19.588011956526802
545.1996323955667,279.4340743885835,13.805320041635404,19.468623390655384
543.0711195071935,280.3033564031971,13.856973008017995,19.531904435128087
541.3300316633668,280.640990264162,13.790126736366755,19.56841177766667
539.6459890266094,281.60533583670167,13.639857593987887,19.602031423602998
537.9754091978081,282.11051373761717,13.636279721835935,19.67567191770096
535.6791576983361,282.5220889834403,13.817217893814677,19.6565759843318
533.5854090068259,283.9109129320144,13.848696066019654,19.718099973627606
531.775061753959,284.8895035183979,13.883127391974286,19.631262724429426
529.4094826400479,285.1141907524406,14.017198713363394,19.446387861046023
528.3148328290414,285.7496054508857,14.082648943439082,19.47048618041091
526.214980924123,286.2211765239082,14.146531410807789,19.279375718287806
523.720977806084,286.87715264818877,14.13841910135341,19.322722465698295
521.2497157081451,287.30344821660105,14.219236563527499,19.422896197610093
519.2323677894238,287.85706011858287,14.209522172240915,19.279706414547114
517.4106111820143,288.9066057191191,13.963596757909603,19.466210392078782
515.1537493010093,289.4202043005454,13.891138402457559,19.441803084229573
511.2758744183773,290.5501491056407,13.88545408950484,19.473149397806083
509.2005694376,291.32963436118774,13.809660337833158,19.527107754052103
505.66409206463044,292.2721647822528,13.83369779022371,19.616112573352325
503.0951624324359,292.65991093481716,13.955191526506034,19.712451327679403
500.4002375177244,293.1627366796785,13.981261811098772,19.720315787205962
497.7143791514256,293.6439604652372,14.053085641322074,19.81718568568549
495.3220424592402,294.6964906487988,14.144685752987805,19.929904954945368
492.9261116785212,294.9113103551345,14.095144306918518,19.914469960933157
489.3424292734077,295.54202614187363,14.086320171375302,19.920928363956328
487.3156499369634,296.1948986434213,13.991949652674563,19.67122770099465
483.2192504623398,298.6346265877246,13.845869970329861,19.366113586374926
481.33136330248016,300.64534829227637,13.786757977564475,19.035426021387572
478.7934569672576,300.807031218138,14.594738845641325,18.168190137830702
476.0649160192249,302.9494686468097,14.968619810157767,17.676895574142687
473.6779259909291,303.64599336463084,15.277276418568192,17.130038319610822
471.1169675148321,306.11117774392994,15.499694908085218,16.883810243232983
468.4250495992835,306.5885460502085,15.882112625473827,16.718395410880728
465.94158356113354,308.84179582588376,16.008572957236414,16.716780102541644
464.431956302179,309.62622735766894,15.952047083452412,16.81669402795443
462.2293410720789,310.24663602872226,16.070296914685255,16.823474261035432
460.09190436826935,312.5923698161391,15.991407218819244,16.98907236384454
457.9972264703394,313.21323043749464,15.903873213653792,17.289527248567325
456.18502768417403,313.8426734468143,15.76691753166628,17.728394063294488
454.071425386235,314.9765677162127,15.792377094280297,18.045032642798972
452.86293552383364,316.3713063438856,15.757304464270293,18.179584022478302
450.0480256234182,316.74052634217867,15.829820359614164,18.42827919778231
447.95463110878114,316.5067334641717,15.8717000070218,18.92608194569765
446.0813473513799,316.00916604896906,16.047429070438692,19.240566243857355
443.81332077658567,315.52783649156356,16.095845653865176,19.563034459296198
442.19613473487055,314.15674951152226,16.096869844534126,19.96269700389721
439.4652465673713,312.6466924066879,16.182438827848017,20.04262542827236
437.33730835546004,311.3570915845037,16.253714898429582,20.053801006814425
435.5880431189205,310.3447637730901,16.405765478778022,20.11081360710434
434.2275549190332,309.20541201376165,16.78118633465308,19.97870689359879
432.32229070316373,309.0432032853878,16.837678816685,20.330501925982364
431.32845285314056,308.46736768360745,16.800069034324657,20.561186715587397
430.39378076390676,308.39611109742214,16.624409321801096,20.695188274834862
429.36885467898185,308.51308956965715,16.597509544247984,20.586582550734153
428.1229749867766,308.5368005498956,16.524400240075057,20.421447571005487
427.084141496124,308.4675239523709,16.56817220566372,20.03277193380996
425.8023003681713,309.16631312397743,16.777918743032725,19.615640346482966
424.3196539157175,309.9600381126087,17.076573512030368,19.387052769275453
423.69987111552234,310.4811067890762,17.15076435656121,19.59175231705144
422.81749663436295,311.40307650624584,17.11859909902378,19.672824159911013
422.12042127306637,312.353960309717,16.927122981025473,19.89404096230086
420.8223370991436,313.64957224366367,16.715159395658738,19.974406707368438
420.3380389892564,314.4241668438376,16.63306544133034,20.0693742014328
419.9313319894704,316.17858877780395,16.617596627448737,20.053825764637203
420.0545167533285,317.2784015888675,16.664759828881262,20.25621988166108
420.1614614650431,318.51539152502426,16.81302524687522,20.424757099191318
420.82752435619665,321.6774365876322,16.662923585852553,20.891560528662925
420.8087054942005,322.76190526403167,16.550566325575666,21.094104832892135
420.9740017389853,326.323424203031,16.288937363685644,21.167732718748525
421.1362740963042,329.9135784905329,15.987184802108288,21.35075403113477
421.25455774263764,332.7543401655813,15.776620451094432,21.576788645362946
421.85548529625,336.46075514144303,15.866913457120523,21.75764241327454
422.3221329770779,339.956687953562,16.12842932040214,21.71871963724223
423.3792343242994,340.44739009364775,16.089136551419987,21.861658394675956
423.75561791585835,341.5632676398799,16.272880467640597,21.991132245082824
425.06989282942243,344.3244074286831,16.259912629800716,21.863638071681578
425.2194837367804,345.49684549674504,16.177712866814982,21.529151025142127
425.65138625251,346.60673362259257,16.258921477666796,21.223956549112398
426.3816702233624,349.18821513956925,16.15696202023028,21.08349641432894
427.16867881549683,350.51626477735226,16.19949432784365,20.690231210875986
428.13647842833365,351.3024887842116,16.181413360264848,20.46925426363214
428.6025672251611,352.60689927681665,16.10373170920255,20.577445683817615
429.1009646187595,353.949092391767,16.01499788992799,20.739953718138036
429.9273704696338,355.11010874336813,15.84250831075324,20.820085235745733
430.2739206662779,355.70559071963476,15.917415613139958,20.824984172502393
431.5719731395296,356.36088037493437,15.86619654043108,20.76708122966286
432.1032822195548,356.43213573453977,15.763646427427348,20.911161205833245
432.9167566475952,356.57175406194807,15.887429993221541,20.891200643069006
433.4496812159752,356.679355307306,15.893469780106585,21.091208369590582
434.5475302746299,357.0008342421753,16.03409015568661,21.19265463698661
435.03805990835207,356.83244181377086,16.12513724963136,21.65553973593341
435.6684683423925,356.1568819552307,16.097931130795214,22.000913446048067
436.1605324594005,355.44199796113264,16.177180873196775,22.399317827791293
437.03678951911724,354.3838489130221,15.887892952913411,22.716445310723483
437.10829253723966,353.97459466683455,15.80748723128562,22.90358719257155
436.8511110355806,353.4904746301131,16.21341327015154,23.09398385027721
436.7644458523861,352.19875533401006,16.458212086669565,23.031040587472397
435.9953117431152,351.2040619884778,16.523729522244732,22.930201820391694
436.12617491568693,350.63554680391354,16.55731066435066,23.11844092403259
436.1519920288106,350.3734718424003,16.614394758830656,23.31518956665594
435.0682115563941,349.6501725152683,16.92416594879614,23.180893989123675
434.1255270542598,348.3916891736687,17.04709713263013,23.49808926805656
433.16335001637214,347.99565349714493,17.21463541727538,23.74075260251505
432.527028473909,347.25540432290654,17.284137408947576,23.785032927691617
431.6415331344738,346.91035999656435,17.334920515834753,24.084218018068643
430.1727620731307,345.86220284419176,17.63621500363315,24.203581558157754
428.33489854468536,344.8615517053799,17.70168085866533,24.244370720852277
426.6519486131891,343.8325416432756,17.751996062081375,24.286661894560467
424.29777079774385,343.4983422966074,17.850561367807103,24.265928731932103
423.07855051894353,343.30525487125425,17.85663555425294,24.387661973255817
421.4504259266802,343.6419749958465,17.982343414164145,24.186557152070854
419.6108244885145,342.99893094664566,18.001964867689843,24.645855215701552
417.36317283923233,342.71530602883695,17.96379038305101,24.78303778032476
415.20727651086753,342.5588792293126,18.07558323051547,24.594432853715794
413.3998614689103,343.2613239351774,18.058566648093866,24.36836047575394
412.5422835011054,343.5210887639066,18.11187284653639,24.317101745963075
410.37072784784846,343.6168075955321,18.12826916052694,24.13123944064838
408.70822510044087,343.35235185902536,18.252206015586886,24.301093755430212
406.2663772112798,343.30471198038765,18.07251153893468,24.384051213523257
403.98663106693164,343.291786212276,18.18463854366498,24.15975779125037
402.4958997790794,343.8449488496526,18.49924578413381,23.848292760294488
