264,149,32,68
265,148,32,70
266,149,32,70
267,150,32,70
268,148,32,71
270,149,32,72
271,148,32,73
273,148,32,73
274,148,32,73
276,147,32,74
277,148,32,74
278,147,33,75
279,148,33,74
280,148,33,75
282,148,33,75
283,147,33,76
285,148,33,76
285,148,33,76
287,148,32,76
288,148,32,76
289,148,33,76
290,148,33,76
292,148,33,76
294,147,33,77
296,148,32,76
297,149,33,76
297,148,33,77
299,148,32,77
300,149,33,77
301,148,33,77
303,148,32,78
303,148,33,78
305,148,32,77
306,148,32,77
307,148,32,77
308,148,33,78
310,148,32,77
311,148,32,77
312,149,32,77
313,149,33,77
315,149,32,77
315,149,32,78
316,149,32,77
317,148,32,78
319,149,32,77
320,150,32,77
321,149,31,77
322,150,32,77
323,150,32,77
325,150,32,77
326,149,32,77
327,149,32,77
328,149,31,77
329,150,32,77
331,150,32,76
332,150,32,77
333,151,32,77
334,150,32,77
335,150,32,77
337,150,32,77
338,150,31,77
338,150,32,77
340,150,32,77
341,149,32,78
343,150,32,78
344,150,32,78
344,151,32,77
345,151,32,77
347,150,32,77
348,151,32,77
349,151,32,77
350,150,32,78
352,152,31,77
352,151,32,77
353,151,32,78
355,152,31,77
355,151,32,77
356,151,32,77
358,152,31,77
359,151,32,77
361,153,31,77
361,152,31,77
361,152,32,77
363,152,31,77
364,152,32,77
365,153,32,77
366,152,31,77
367,153,31,77
368,153,31,77
370,152,31,77
372,153,31,77
372,154,31,76
372,153,31,77
373,153,31,76
375,153,31,76
376,153,31,76
376,153,31,76
377,153,31,76
378,153,31,76
380,154,31,76
381,154,31,76
382,153,31,76
383,154,31,76
384,154,31,76
385,154,31,76
386,154,31,76
387,154,31,76
388,155,30,76
389,155,31,75
390,155,31,75
392,155,30,76
391,155,31,75
393,155,30,75
394,155,31,75
395,155,31,75
396,156,31,75
397,156,30,75
398,156,31,74
400,156,30,74
401,156,31,75
402,156,31,75
402,156,31,75
403,156,31,75
404,156,31,75
405,156,31,75
406,156,31,75
406,156,31,75
407,156,31,75
408,156,31,75
409,156,31,75
410,156,31,75
410,156,31,75
411,157,31,75
412,157,31,75
414,157,31,75
414,157,31,76
414,157,31,75
416,158,31,75
416,157,31,76
418,157,31,76
419,157,31,76
419,158,31,75
421,157,31,76
421,158,31,75
423,157,31,76
424,158,31,75
425,158,31,75
425,157,31,76
427,157,31,75
428,158,31,75
430,158,31,75
429,158,31,76
431,157,31,76
431,158,32,76
432,158,31,75
433,157,31,76
433,158,31,75
434,159,31,75
435,158,31,75
436,158,31,75
436,158,31,75
437,158,31,75
437,158,31,75
438,158,31,76
439,159,31,75
440,158,31,76
440,158,31,76
441,158,31,76
441,158,30,75
441,158,31,76
443,159,30,76
443,159,30,75
443,159,31,75
443,159,31,75
445,159,31,75
445,159,31,75
445,160,31,74
446,159,30,75
447,160,30,74
447,160,31,74
448,160,31,74
448,160,31,74
449,160,31,74
450,161,31,74
451,160,31,75
452,160,31,74
452,160,31,75
452,160,31,74
454,161,31,75
455,161,31,74
455,160,31,74
455,160,31,75
456,161,30,74
457,162,31,75
458,161,31,75
458,161,31,75
458,161,31,75
459,161,31,74
460,161,31,74
460,161,31,75
462,162,30,75
462,162,31,74
463,162,31,75
463,162,31,75
464,163,31,74
465,163,31,74
465,162,31,75
466,163,31,74
467,163,31,75
467,163,32,75
468,162,31,75
468,163,31,75
469,163,31,74
470,163,31,75
470,163,32,75
471,163,31,75
472,163,31,75
473,163,31,75
473,163,32,75
474,163,32,75
476,163,31,75
476,163,31,75
477,163,31,75
478,163,31,75
479,163,31,75
480,164,31,74
480,164,31,74
481,164,31,75
482,164,31,74
483,164,31,75
484,164,31,75
484,164,31,74
485,164,31,75
486,165,31,75
487,165,31,75
488,165,31,75
489,165,31,74
489,165,31,75
490,165,31,75
492,166,31,74
492,166,31,74
493,166,31,75
494,165,30,75
494,165,31,75
495,166,31,75
497,165,30,75
497,166,31,75
498,166,31,75
499,166,31,75
500,165,31,75
500,165,31,75
501,166,31,75
502,166,31,75
504,166,31,75
505,166,31,75
505,166,31,75
506,166,31,75
507,166,31,75
508,166,31,75
509,166,31,75
510,166,31,75
511,166,31,75
512,167,31,74
513,167,31,75
514,167,31,75
514,166,31,75
515,166,31,75
516,167,31,75
517,167,31,75
518,167,31,75
518,167,31,75
519,167,31,75
520,167,31,75
522,167,31,75
523,168,31,74
523,167,31,75
524,168,31,74
525,168,32,75
526,168,32,75
527,168,31,75
528,168,31,75
528,168,32,75
530,167,31,76
531,167,31,76
532,168,31,75
532,168,31,75
533,168,31,76
533,168,32,75
535,168,31,76
536,168,32,76
537,168,31,76
537,168,31,76
538,169,32,75
539,169,32,75
541,169,31,75
541,168,31,76
542,168,31,76
542,169,31,76
543,168,31,76
545,169,31,76
545,168,31,76
546,168,31,76
547,169,31,76
548,169,31,76
549,169,31,76
549,168,31,76
549,169,32,76
551,169,31,76
553,169,31,76
554,169,31,76
554,169,31,77
555,170,31,76
556,170,31,76
557,170,31,76
558,170,31,76
558,170,31,75
559,170,31,76
560,170,31,76
562,171,31,75
562,171,31,75
563,170,30,76
564,171,30,76
564,171,31,76
566,170,31,76
567,171,30,76
567,171,30,76
567,172,31,75
568,171,31,76
569,171,31,76
571,171,30,75
572,172,30,75
572,171,31,75
573,171,30,75
574,172,30,75
575,173,30,74
575,173,31,74
576,173,30,74
577,172,31,75
579,172,30,75
579,173,31,74
580,172,30,75
580,172,31,75
581,172,30,75
582,172,30,75
583,172,30,75
583,172,30,75
584,173,30,75
585,173,30,75
586,173,30,75
587,173,30,75
587,173,31,74
588,173,31,75
589,174,30,74
590,173,30,75
591,173,30,75
591,173,30,75
592,174,30,74
593,174,30,74
595,173,30,75
596,173,30,75
596,173,30,75
597,173,30,75
597,173,31,75
598,174,30,75
600,173,30,75
600,174,30,74
601,174,30,74
602,174,30,74
604,173,30,75
604,174,30,74
604,174,31,74
606,174,30,75
607,174,30,74
608,174,30,74
609,173,30,75
609,174,30,74
610,174,30,74
612,174,29,75
613,174,29,75
614,174,30,75
614,175,30,74
615,174,30,75
616,174,30,74
617,174,30,75
619,174,30,74
618,175,30,74
620,174,30,74
621,175,30,74
623,174,30,74
624,175,30,74
624,175,30,74
625,175,30,74
626,175,30,74
627,175,30,74
628,176,30,74
628,175,30,75
629,175,30,74
630,175,30,74
630,175,30,75
631,176,30,74
631,176,30,75
632,175,30,75
633,175,30,75
634,175,30,75
635,176,30,74
635,176,30,74
637,176,29,74
637,176,30,74
638,176,30,75
640,176,29,74
640,177,29,74
641,176,30,74
642,176,29,75
643,176,29,75
644,176,29,75
644,176,30,75
645,176,30,75
646,176,29,76
647,176,30,75
648,176,30,75
649,176,30,75
649,176,30,76
650,176,30,75
651,176,30,76
651,177,30,75
652,176,30,76
653,176,30,76
653,176,30,76
654,177,30,75
655,176,30,76
655,177,30,76
656,176,31,76
657,177,30,76
658,177,30,76
658,177,31,77
659,176,30,77
659,177,30,77
660,176,31,77
662,176,30,76
662,177,30,76
662,177,31,77
663,176,31,77
664,177,30,76
665,177,30,76
666,176,30,77
666,177,31,76
667,176,31,77
668,176,30,77
669,176,30,77
669,177,31,76
670,177,31,76
671,177,30,77
672,177,30,76
673,177,30,77
674,177,31,77
674,177,31,77
675,176,31,77
675,177,31,77
677,177,30,77
677,177,31,77
678,178,31,77
679,178,31,77
679,178,31,77
680,177,31,78
681,177,31,78
682,178,30,77
682,177,31,77
683,177,31,77
684,178,31,77
