461,304,22,17
458,304,22,17
455,304,23,17
452,305,23,17
450,305,22,17
447,305,22,17
444,306,22,17
442,305,22,18
439,306,22,18
436,306,23,18
433,307,23,18
431,306,23,18
427,307,23,17
423,306,22,17
415,303,21,18
404,301,21,18
404,301,21,18
307,339,21,18
378,411,21,18
369,410,22,18
361,410,21,18
413,498,22,18
406,498,22,18
488,400,22,18
482,399,22,19
392,311,22,19
380,311,22,18
380,311,22,18
448,313,22,19
442,313,21,18
452,309,21,18
445,309,21,18
435,309,20,18
425,309,20,18
417,309,20,18
404,309,20,18
392,311,20,17
383,311,20,17
373,311,20,17
335,315,20,17
323,316,19,17
313,317,19,17
305,314,19,17
295,316,18,17
284,316,19,17
272,315,18,17
262,317,18,17
251,317,18,16
241,318,18,16
231,317,18,17
217,318,18,16
207,318,18,16
195,318,18,16
186,317,18,17
174,318,18,16
160,317,18,17
151,317,18,17
139,319,18,17
128,319,19,17
117,318,19,18
127,316,19,17
127,316,19,17
90,345,19,17
80,345,18,17
72,344,18,18
53,346,19,18
43,347,19,18
31,347,19,18
19,346,19,18
6,348,18,18
66,444,18,18
133,525,19,18
127,525,19,18
119,526,19,17
113,528,19,17
102,528,19,17
94,529,19,17
85,531,19,17
77,531,19,17
69,531,19,17
57,533,19,17
49,533,19,17
41,534,19,17
33,534,19,17
24,536,19,16
14,536,19,16
4,538,19,16
0,537,17,17
0,537,17,17
1,575,19,16
56,659,19,17
124,569,19,17
115,569,19,18
172,560,19,18
214,562,19,18
203,564,20,18
192,649,20,18
184,563,20,18
161,606,20,18
155,607,19,18
142,609,19,18
134,610,19,17
125,610,19,18
116,611,19,17
107,612,19,17
95,613,19,17
85,614,19,17
76,616,19,17
66,617,20,16
70,576,19,17
56,585,19,17
145,585,20,17
78,482,19,18
78,429,19,17
117,353,19,18
62,320,19,18
57,322,19,17
50,321,20,17
45,321,20,18
38,323,20,17
29,322,20,17
25,324,20,17
18,323,20,17
61,239,20,17
57,239,20,17
50,239,21,17
46,239,21,17
41,239,21,18
35,239,21,18
29,239,22,18
22,239,23,18
16,239,23,18
11,238,23,19
5,239,23,18
1,239,23,18
-1,238,22,20
-1,238,22,20
-1,238,22,20
15,351,22,20
80,440,23,19
45,421,23,20
21,474,23,20
14,421,23,20
1,423,22,20
11,345,23,20
24,331,22,20
7,408,22,20
23,301,22,20
131,393,22,20
225,411,22,20
228,413,22,19
233,413,22,20
235,415,23,20
230,415,23,20
247,412,23,21
243,418,24,21
246,419,24,21
285,432,25,21
286,432,26,22
291,432,27,24
296,434,27,24
298,435,29,25
303,437,29,26
307,437,30,27
306,440,30,28
318,438,30,28
323,440,30,29
310,447,30,29
328,442,30,30
305,431,29,31
293,450,29,30
278,454,28,30
278,454,28,30
423,604,29,30
294,456,30,29
296,439,30,29
299,442,30,29
388,457,30,27
361,613,31,27
403,455,31,28
408,456,32,29
412,460,32,30
420,463,32,29
420,463,32,29
353,449,32,30
491,304,31,29
536,207,32,29
530,207,31,29
526,207,32,28
523,207,31,28
516,207,31,27
512,209,32,28
509,209,31,26
505,209,32,26
502,209,31,26
494,211,32,26
491,209,31,27
487,209,32,26
480,210,32,27
480,208,31,26
472,210,32,26
467,213,32,25
467,213,32,25
338,263,31,25
332,263,30,25
325,265,30,25
322,265,29,24
186,309,29,24
273,352,28,25
163,495,28,25
253,353,27,25
244,353,27,25
237,353,27,26
358,288,26,25
347,291,26,25
386,285,26,25
370,240,26,25
415,218,26,24
407,218,27,24
391,217,27,24
384,216,28,24
466,216,27,23
462,215,27,24
458,216,26,23
451,216,27,23
445,216,26,22
363,219,27,22
358,221,27,22
355,221,28,21
351,223,27,21
345,222,27,21
338,223,27,20
335,222,27,21
328,224,27,20
208,233,27,20
317,224,26,20
312,224,27,20
308,224,26,20
302,225,26,20
296,225,26,20
290,226,26,19
285,226,25,19
281,226,25,20
276,226,25,19
270,226,25,19
263,226,25,20
259,226,25,19
255,226,24,20
249,227,24,20
245,227,24,20
237,228,24,20
232,228,23,20
226,228,24,21
221,228,24,21
216,228,23,21
210,228,23,21
204,228,23,21
199,228,23,22
193,229,23,21
188,228,23,22
181,229,23,22
175,228,23,23
169,229,23,22
163,229,24,23
158,230,23,22
151,229,24,23
145,230,24,23
139,230,23,24
135,230,23,23
128,230,24,24
121,230,24,24
114,231,24,24
108,231,25,25
102,231,25,25
96,231,24,25
87,232,25,25
81,233,25,24
75,233,26,24
70,233,26,24
64,233,25,25
55,234,26,24
50,234,25,24
44,234,26,25
38,235,26,24
32,235,26,25
18,235,26,24
18,235,26,24
18,235,26,24
18,235,26,24
101,231,26,25
94,229,26,24
88,229,26,25
88,229,26,25
229,325,26,24
226,325,26,23
303,302,26,23
212,327,26,22
293,302,25,22
289,302,26,22
283,303,25,20
275,305,25,20
182,330,25,21
265,305,24,20
170,331,24,20
253,306,24,19
247,306,24,19
240,306,24,20
234,307,23,19
234,307,23,19
168,288,23,19
158,288,23,19
154,288,23,19
147,289,23,18
142,291,23,18
135,291,23,18
89,337,23,19
123,291,23,18
146,288,22,18
70,341,22,18
62,341,23,18
53,343,22,18
47,343,22,18
90,292,22,18
80,292,22,18
72,292,22,18
60,295,22,17
53,299,22,18
1,346,22,18
0,347,20,18
44,295,22,18
136,401,22,18
128,401,23,18
120,403,23,18
109,403,24,18
-1,437,22,18
67,522,23,18
58,570,23,18
47,572,23,19
36,574,23,19
25,576,23,19
1,584,22,19
1,585,22,19
0,589,21,18
82,703,22,18
32,643,23,19
145,699,22,19
126,702,22,19
107,705,22,18
107,705,22,18
69,679,22,18
45,689,23,18
45,689,23,18
4,700,23,18
4,700,23,18
4,700,23,18
4,700,23,18
4,700,23,18
4,700,23,18
4,700,23,18
4,700,23,18
4,700,23,18
4,700,23,18
4,700,23,18
4,700,23,18
4,700,23,18
4,700,23,18
4,700,23,18
4,700,23,18
4,700,23,18
4,700,23,18
4,700,23,18
4,700,23,18
4,700,23,18
4,700,23,18
4,700,23,18
4,700,23,18
4,700,23,18
4,700,23,18
4,700,23,18
4,700,23,18
4,700,23,18
4,700,23,18
116,612,23,17
107,615,25,16
97,616,26,16
85,619,27,16
76,623,27,15
66,626,29,14
56,626,29,15
46,630,31,14
33,633,31,15
24,636,31,15
13,639,32,15
3,640,33,14
-1,643,31,15
-1,643,31,15
-1,643,31,15
-1,643,31,15
-1,643,31,15
-1,643,31,15
-1,643,31,15
-1,643,31,15
-1,643,31,15
-1,643,31,15
2,706,32,16
2,706,32,16
2,706,32,16
2,706,32,16
2,706,32,16
2,706,32,16
2,706,32,16
2,706,32,16
2,706,32,16
2,706,32,16
2,706,32,16
111,670,30,16
102,672,30,16
94,674,28,17
56,693,28,18
46,697,26,19
34,700,25,20
25,702,25,19
25,702,25,19
3,703,24,20
27,696,24,20
11,701,23,20
1,698,23,20
-3,702,21,20
-3,702,21,20
-3,702,21,20
-3,702,21,20
-3,702,21,20
-3,702,21,20
-3,702,21,20
6,683,23,20
6,683,23,20
6,683,23,20
6,683,23,20
6,683,23,20
6,683,23,20
6,683,23,20
6,683,23,20
6,683,23,20
6,683,23,20
6,683,23,20
6,683,23,20
6,683,23,20
6,683,23,20
6,683,23,20
6,683,23,20
6,683,23,20
6,683,23,20
6,683,23,20
125,605,24,19
139,603,23,19
131,606,23,19
123,608,23,19
115,610,23,19
107,612,23,19
99,613,23,19
122,609,23,19
83,619,22,19
76,621,22,19
68,623,22,19
60,625,22,19
49,627,22,19
39,630,22,19
33,632,22,19
23,634,22,20
15,637,22,19
4,640,22,19
0,642,21,19
27,636,22,20
19,638,22,20
1,641,21,19
1,645,21,20
-2,647,21,20
-2,647,21,20
-2,647,21,20
63,640,22,19
63,640,22,19
63,640,22,19
38,648,22,19
38,648,22,19
3,680,23,19
-1,686,21,18
3,658,22,18
1,663,21,18
-1,663,20,19
-1,663,20,19
-1,663,20,19
-1,663,20,19
-1,663,20,19
-1,663,20,19
-1,663,20,19
-1,663,20,19
-1,663,20,19
-1,663,20,19
-1,663,20,19
