643,293,15,64
642,292,16,65
643,290,16,65
640,293,18,65
640,291,18,66
638,293,19,66
638,291,19,67
638,292,19,66
637,293,19,66
635,293,20,67
636,292,19,66
634,294,20,65
634,294,20,66
633,295,20,65
633,293,20,64
632,293,20,65
632,294,20,64
632,293,20,64
631,293,20,63
631,292,20,64
630,292,20,64
630,292,20,65
630,292,19,65
629,291,20,66
628,292,20,66
628,291,20,67
627,293,20,66
627,292,21,66
626,293,21,66
626,292,21,67
626,292,21,67
625,292,22,67
626,291,21,68
625,291,22,68
628,291,21,69
626,290,22,68
626,289,21,69
625,290,21,69
625,288,22,70
624,291,21,69
624,290,21,69
624,291,21,69
623,290,21,69
623,291,22,69
623,292,21,68
623,292,21,68
623,292,22,68
622,293,21,68
622,291,22,68
622,291,22,68
623,292,21,67
623,291,21,67
623,291,21,67
624,291,20,67
624,290,20,67
623,291,21,67
623,290,21,68
623,290,21,68
623,290,21,68
624,291,20,69
624,293,21,69
624,292,21,69
623,291,21,70
623,291,22,70
624,293,22,70
624,293,23,70
624,292,23,70
625,292,23,70
626,293,22,70
626,294,23,70
627,292,22,71
627,293,22,71
627,293,23,70
627,294,23,70
628,294,22,70
628,295,22,70
628,295,22,70
628,295,22,70
628,296,22,69
628,296,22,69
628,297,23,68
629,296,22,68
629,297,22,68
630,298,22,67
630,295,22,67
630,296,22,67
630,298,23,65
631,298,23,65
631,298,23,65
632,298,22,66
632,300,22,66
632,299,22,66
632,299,22,66
631,299,22,67
632,300,22,67
632,300,22,67
631,301,23,68
632,300,22,69
632,301,22,69
632,300,23,70
632,301,24,70
632,300,24,70
633,301,23,71
633,300,24,71
633,302,24,70
634,302,23,71
635,302,23,72
635,302,23,72
635,302,23,72
634,302,24,72
634,302,24,73
635,302,23,73
634,302,24,72
634,303,24,71
634,304,24,72
634,306,24,70
634,306,24,69
635,306,23,69
635,308,24,68
636,306,23,68
636,307,24,67
637,305,23,68
637,305,24,67
637,305,24,68
637,306,23,67
639,308,24,67
638,308,23,67
637,307,23,67
636,307,24,66
636,307,24,67
637,307,24,67
637,308,23,66
637,306,24,66
637,309,24,64
638,311,24,64
642,312,23,65
642,312,22,64
642,311,22,64
642,311,21,64
645,310,22,64
644,313,21,64
643,315,22,64
643,315,22,64
643,314,22,65
643,314,23,65
643,313,23,66
643,314,23,65
643,314,23,65
644,314,22,66
644,315,23,65
645,315,23,65
646,316,23,65
647,317,23,65
648,318,23,64
649,318,22,64
649,319,22,64
649,320,22,63
650,320,21,63
650,316,22,63
650,318,22,62
650,319,21,62
650,316,21,62
650,317,21,62
650,318,21,62
651,319,21,61
651,320,21,61
652,321,20,61
652,322,20,60
652,322,20,60
653,323,20,60
653,323,20,59
657,318,21,60
658,319,20,59
658,320,20,59
658,321,20,59
658,322,20,59
658,322,20,59
659,320,20,58
660,321,19,58
660,323,20,58
660,323,20,58
660,324,20,57
661,324,19,58
661,325,19,57
661,326,20,57
662,323,20,58
662,324,20,58
663,325,20,58
663,325,20,58
665,323,19,58
665,325,20,58
666,322,19,58
666,324,20,58
667,325,19,59
667,325,19,59
668,326,18,59
668,327,19,59
669,327,18,59
669,328,19,60
669,328,19,61
670,329,19,61
670,330,20,61
670,328,20,61
671,330,19,61
671,332,19,62
671,333,19,62
671,335,20,63
671,332,20,63
671,334,20,63
667,335,20,64
663,335,20,65
662,331,21,65
657,333,20,64
653,334,20,63
647,334,20,64
641,332,20,63
636,334,19,62
630,335,18,63
623,337,19,62
612,338,19,62
602,339,19,62
597,341,18,62
590,343,19,62
580,344,19,63
574,345,19,64
563,342,19,63
558,344,18,63
552,345,18,63
542,346,19,63
536,347,19,63
526,348,19,64
522,349,19,64
516,349,20,65
511,351,20,66
505,353,20,66
500,350,20,67
500,353,20,66
494,354,20,67
494,355,20,67
489,353,21,66
488,356,21,66
487,357,20,66
486,359,20,66
485,357,20,66
484,359,20,66
482,361,21,65
481,361,21,66
480,363,21,64
479,363,20,64
478,364,21,63
478,366,20,61
477,366,20,61
477,367,20,61
476,367,20,60
476,368,19,59
475,367,20,60
470,367,20,59
470,367,20,58
470,367,19,57
470,368,19,57
470,369,19,57
470,372,19,57
466,370,19,57
466,370,19,57
548,468,18,57
544,469,18,57
544,469,18,57
539,466,18,58
534,468,19,58
530,470,18,58
526,468,18,58
521,469,19,59
521,469,19,59
516,470,19,59
511,468,19,59
507,469,18,59
503,471,18,59
502,468,18,60
497,470,19,59
493,471,18,60
493,471,18,60
488,473,18,60
484,473,18,60
483,474,18,60
478,471,19,60
478,472,18,61
477,478,19,61
472,473,19,61
472,475,18,61
472,475,18,61
468,475,18,62
467,473,18,62
466,479,19,62
466,479,19,62
462,474,18,62
462,475,19,62
462,475,18,63
462,475,18,63
462,475,18,63
458,475,19,64
458,475,19,64
458,476,19,64
458,472,19,64
458,472,19,64
458,472,19,64
458,472,19,64
458,472,19,64
458,472,19,64
458,472,19,64
458,472,19,64
458,472,19,64
458,472,19,64
458,472,19,64
458,472,19,64
458,472,19,64
458,472,19,64
458,472,19,64
679,662,19,64
679,660,19,65
679,660,19,65
678,659,19,66
678,659,19,66
678,659,19,66
673,658,19,66
673,658,19,66
673,658,19,66
668,656,19,67
668,656,19,67
668,656,19,67
668,656,19,67
668,656,19,67
657,654,19,68
657,654,19,68
657,654,19,68
657,654,19,68
657,654,19,68
657,654,19,68
657,654,19,68
657,654,19,68
657,654,19,68
657,654,19,68
657,654,19,68
657,654,19,68
657,654,19,68
657,654,19,68
657,654,19,68
657,654,19,68
657,654,19,68
657,654,19,68
657,654,19,68
657,654,19,68
657,654,19,68
657,654,19,68
657,654,19,68
657,654,19,68
657,654,19,68
657,654,19,68
657,654,19,68
657,654,19,68
657,654,19,68
657,654,19,68
657,654,19,68
657,654,19,68
657,654,19,68
657,654,19,68
657,654,19,68
657,654,19,68
467,430,20,66
467,430,20,66
467,430,20,66
467,430,20,66
467,430,20,66
467,430,20,66
477,424,20,65
476,425,21,64
476,426,20,63
476,426,20,63
476,426,20,63
476,426,20,63
476,426,20,63
476,426,20,63
491,440,20,62
494,375,21,61
494,371,20,60
494,371,20,60
497,373,20,59
497,372,19,59
501,373,19,58
500,373,19,58
504,374,19,57
508,412,19,57
507,375,19,57
507,372,18,57
508,373,18,58
511,374,19,57
512,374,18,57
512,374,18,57
515,374,18,56
516,374,18,56
519,374,18,55
523,374,18,56
523,373,18,57
527,370,17,57
527,370,17,58
531,370,17,58
531,366,17,59
532,366,17,61
533,367,18,61
534,367,17,62
538,368,17,63
539,368,17,65
539,365,18,65
540,366,18,66
541,366,18,67
542,366,19,67
544,366,18,68
544,367,19,68
548,368,20,67
548,368,20,68
549,368,20,67
550,367,20,67
555,398,20,68
556,361,19,67
556,361,20,68
557,393,19,67
561,396,20,68
561,395,20,68
561,358,20,68
562,363,20,67
567,363,20,66
566,363,21,66
567,363,21,65
568,362,21,65
569,363,20,64
573,402,21,65
569,356,20,65
574,393,21,65
574,367,21,67
579,395,21,67
575,364,21,68
579,379,21,69
579,372,21,70
579,366,22,71
580,366,22,72
581,371,22,73
582,366,22,74
583,366,22,75
584,366,23,76
585,365,23,77
587,366,22,77
588,366,22,77
589,366,23,78
589,366,23,78
590,366,23,79
589,367,24,80
589,367,24,81
589,367,24,80
588,367,24,81
588,368,24,80
586,370,25,80
586,371,24,80
585,371,24,80
584,371,24,80
582,372,25,79
581,372,24,80
580,372,24,80
579,371,24,81
578,371,24,81
577,370,25,81
576,369,24,80
575,368,24,80
574,367,24,80
573,367,24,80
572,368,24,80
571,368,24,80
570,368,25,80
570,369,24,80
569,369,24,80
569,368,24,82
568,368,24,82
567,368,25,82
567,368,24,82
566,368,25,82
566,367,25,83
566,366,26,83
566,366,26,82
566,366,26,81
566,365,25,81
566,365,26,80
566,366,25,80
567,366,25,79
567,366,25,80
568,365,25,81
568,365,24,81
568,366,25,81
569,365,24,81
569,365,25,81
570,364,24,82
570,364,24,82
570,364,24,82
570,363,24,82
570,363,24,82
571,362,24,82
571,361,24,82
571,361,25,81
571,359,24,81
572,360,24,80
572,360,24,79
572,359,24,79
572,359,24,79
572,359,24,78
573,359,23,79
573,360,24,78
573,360,24,78
574,359,23,79
574,358,24,80
574,359,24,79
575,358,24,80
575,359,23,79
575,358,23,79
575,357,24,79
575,357,23,79
574,357,24,78
574,357,24,78
574,357,24,77
574,357,24,76
573,358,24,76
574,357,23,76
573,358,24,75
573,358,24,76
573,356,23,77
573,358,24,76
573,358,24,77
573,358,24,77
572,358,24,77
572,357,24,77
572,357,24,77
571,357,24,76
571,357,25,76
572,356,24,77
571,355,25,77
571,355,25,77
571,355,25,77
572,355,24,76
572,354,24,77
571,356,25,76
571,356,25,76
572,357,24,76
571,357,25,76
572,357,24,76
572,357,25,76
572,358,24,76
573,358,24,76
574,358,24,76
574,359,24,76
575,359,24,76
575,358,24,77
576,358,24,76
576,358,25,75
577,358,25,75
577,359,24,75
577,359,25,75
577,360,24,73
577,360,24,73
577,360,24,73
577,364,25,73
578,363,24,73
578,361,24,74
578,362,24,73
578,362,24,74
578,362,24,74
578,363,24,74
578,361,24,75
578,363,24,75
578,364,24,75
578,364,25,76
578,364,25,76
578,364,25,76
578,364,25,77
578,363,25,78
578,363,25,78
578,364,25,78
578,364,26,78
578,363,26,77
577,365,26,77
578,368,26,78
578,366,25,77
578,366,25,78
578,367,26,77
579,367,25,77
579,366,25,78
579,366,25,78
579,368,25,76
579,366,25,76
579,367,25,77
580,367,25,77
580,369,25,76
581,369,24,77
581,368,25,78
581,369,25,78
582,370,25,78
582,370,25,78
583,369,25,79
578,370,25,79
580,371,25,79
581,371,26,81
582,372,25,81
582,372,26,81
583,373,25,81
583,372,26,82
583,372,26,82
583,372,26,82
584,373,26,81
584,373,26,82
584,377,26,82
584,375,27,83
585,373,27,84
586,372,26,84
586,370,27,86
586,370,27,86
587,370,27,87
587,371,27,86
587,371,27,87
586,371,28,87
587,370,28,87
586,371,28,86
587,371,27,85
586,372,28,84
587,376,28,84
587,374,28,85
588,373,28,85
588,372,28,85
589,372,27,85
590,372,27,84
590,371,27,84
590,370,27,84
591,371,26,83
591,371,27,83
592,371,26,83
592,371,26,83
593,372,26,83
593,372,26,82
593,372,26,83
593,373,26,82
593,374,26,83
594,375,26,82
594,374,26,83
593,375,27,83
593,375,26,83
593,374,27,84
593,373,27,85
593,373,27,84
594,374,26,84
595,374,26,84
595,376,27,83
596,376,27,82
596,375,27,82
597,375,27,82
597,375,27,82
598,379,27,82
598,378,27,82
598,378,27,82
599,377,27,83
599,376,28,84
601,380,27,84
602,377,27,85
602,380,27,85
604,378,27,85
604,380,27,86
605,378,27,86
606,377,27,87
606,376,28,86
607,376,28,86
607,376,28,85
607,380,29,85
607,377,29,86
607,377,29,86
607,377,29,86
607,377,29,86
649,389,28,84
649,389,28,84
649,389,28,84
649,389,27,82
649,394,26,80
648,394,27,79
648,394,27,79
648,394,27,79
648,394,27,79
648,394,27,79
648,394,27,79
648,394,27,79
648,394,27,79
648,394,27,79
648,394,27,79
649,395,25,78
649,398,25,78
649,398,25,77
649,398,24,77
650,401,23,77
649,401,24,76
650,403,23,76
650,405,23,76
650,403,23,76
650,403,23,75
649,403,23,75
650,406,22,75
650,405,23,75
650,405,23,74
650,405,23,74
650,406,23,74
650,406,23,74
650,410,23,72
650,408,23,72
650,408,23,72
649,408,24,71
649,408,24,71
649,408,24,71
649,408,24,71
649,408,24,71
610,403,22,71
610,403,22,71
610,406,22,71
610,405,22,71
610,405,22,71
646,410,21,71
647,413,21,72
647,410,21,72
647,413,22,72
648,410,21,72
648,407,22,73
648,410,22,72
648,408,22,72
648,412,22,71
648,410,22,71
648,413,22,71
648,410,22,71
648,409,22,70
648,412,22,70
648,412,22,70
648,415,22,70
648,414,22,69
649,417,21,69
649,417,21,69
649,417,21,69
649,417,21,69
649,417,21,69
649,417,21,69
649,417,21,69
649,417,21,69
649,417,21,69
649,417,21,69
649,417,21,69
649,417,21,69
649,417,21,69
649,417,21,69
649,417,21,69
649,417,21,69
649,417,21,69
649,417,21,69
649,417,21,69
649,417,21,69
649,417,21,69
605,396,21,68
604,397,22,67
603,393,22,66
602,394,23,65
602,395,22,64
602,395,22,64
602,395,22,63
603,398,22,62
603,397,22,62
603,397,22,62
604,397,21,62
604,397,21,62
605,398,21,62
605,399,22,63
608,400,22,64
607,401,22,64
607,400,22,66
607,399,22,68
607,399,23,68
607,397,23,70
607,397,24,71
608,397,23,72
609,397,24,73
609,396,25,75
609,396,24,75
609,395,24,76
609,395,25,77
610,394,25,78
609,394,26,79
610,394,26,79
609,394,27,79
609,394,27,81
610,393,26,82
609,391,27,84
609,389,27,85
609,390,28,86
609,390,28,87
610,389,28,88
610,390,28,88
610,389,28,88
610,389,28,88
611,388,28,89
611,388,28,89
611,389,28,88
612,388,27,88
612,389,27,88
613,390,27,87
612,391,28,87
613,390,28,87
613,390,28,87
613,390,28,87
614,389,28,86
615,389,28,86
616,390,28,85
616,390,28,85
617,391,28,85
617,390,28,84
618,389,28,83
618,389,27,84
618,389,28,84
619,389,28,83
620,389,27,84
620,389,27,83
620,390,27,82
620,390,27,82
621,390,26,82
622,390,26,81
622,390,27,81
623,391,26,81
623,391,26,80
623,390,27,81
623,390,27,82
624,390,26,81
624,390,26,81
624,391,26,81
625,390,26,81
626,391,25,80
626,391,25,80
626,391,26,80
627,391,25,80
627,390,25,81
627,391,25,80
628,391,25,80
628,391,25,81
629,391,25,81
629,391,26,82
630,391,25,82
630,391,26,81
630,391,26,82
631,391,26,82
632,390,26,82
633,389,26,82
633,390,26,82
634,390,26,82
635,391,26,81
636,391,25,82
636,391,26,82
637,392,25,81
638,392,25,81
637,392,26,82
638,391,26,82
639,392,25,82
639,391,26,82
640,391,25,83
640,391,25,83
640,390,26,83
641,391,25,84
641,392,26,84
642,392,25,85
642,392,26,84
642,392,26,83
642,392,26,84
643,392,27,83
644,392,26,83
645,392,26,83
645,393,26,83
645,394,26,83
645,393,27,83
646,392,26,84
647,393,26,83
648,394,26,83
648,394,27,83
649,394,27,84
650,395,27,83
651,395,27,83
652,395,27,83
653,395,27,82
654,394,27,83
655,395,28,82
657,395,27,82
658,395,27,82
660,395,26,82
660,398,27,82
662,397,26,82
663,396,26,83
663,395,27,83
664,396,26,83
664,395,27,83
665,395,27,83
666,395,27,83
666,396,27,83
669,398,28,82
669,397,27,82
669,398,27,82
670,397,27,82
671,396,27,82
672,395,27,83
673,395,27,83
674,395,26,83
674,396,27,82
676,396,26,82
676,397,27,82
677,397,27,82
678,397,26,81
679,397,26,82
679,397,27,81
680,398,26,81
681,399,26,80
682,400,26,80
683,401,27,79
684,401,27,79
685,401,27,79
687,401,27,78
689,401,26,78
690,402,26,77
691,401,26,77
692,402,26,77
693,402,26,77
693,402,27,77
694,403,27,77
695,402,26,78
696,401,26,78
696,402,27,78
697,402,27,78
698,403,27,78
698,403,27,78
699,403,27,79
700,404,27,79
702,403,27,79
702,401,27,80
703,402,27,80
704,402,28,81
705,402,28,80
707,403,27,79
707,402,28,80
708,403,27,79
708,403,27,79
708,403,27,79
707,404,27,78
707,404,27,78
706,405,27,78
706,405,27,77
705,404,27,79
704,405,26,78
702,405,27,78
701,405,26,78
699,405,26,79
697,405,26,79
694,406,26,79
692,406,26,80
688,405,27,80
685,406,27,79
682,404,27,80
679,407,26,79
676,406,26,80
673,406,26,80
669,407,27,79
667,408,27,79
664,407,27,80
661,408,27,80
660,409,26,79
657,409,27,80
655,409,27,80
654,409,26,79
653,408,26,80
652,407,26,81
652,407,25,81
652,407,25,82
652,407,25,82
652,408,26,81
653,408,25,81
654,409,25,81
656,410,25,81
656,409,25,82
658,410,25,81
659,411,25,80
660,411,25,80
661,413,26,80
663,413,25,80
664,413,25,80
666,414,25,80
668,414,25,80
669,414,25,81
671,414,25,81
673,415,25,81
674,415,25,81
674,415,26,82
676,415,26,83
678,415,25,84
679,414,26,85
680,415,26,84
681,415,26,85
682,415,26,85
683,415,26,86
683,416,27,87
684,416,27,88
686,416,27,88
687,417,27,88
688,416,28,89
690,416,27,89
691,416,27,90
692,417,27,90
694,417,28,90
696,418,27,89
697,417,28,89
698,418,28,88
699,419,28,87
700,419,27,86
700,419,28,86
701,420,27,85
702,420,27,84
702,421,27,83
702,422,27,83
702,421,27,83
701,421,27,83
701,421,26,82
701,420,26,82
701,421,26,82
699,421,27,82
699,420,26,83
699,419,26,83
698,419,27,84
698,418,27,83
697,418,27,83
696,418,27,84
693,417,27,85
693,416,27,85
692,417,28,85
691,418,28,85
691,417,27,86
689,417,28,86
689,415,28,87
687,415,29,87
687,414,29,87
686,414,30,87
686,413,29,87
685,412,29,88
685,411,29,88
685,410,29,88
684,409,29,88
684,409,29,87
683,409,30,87
684,409,29,86
684,409,29,86
684,408,29,86
684,409,29,85
684,409,29,84
685,409,28,84
685,409,28,84
685,409,28,84
685,408,27,84
686,409,27,83
687,408,27,83
687,408,27,82
687,407,28,82
687,407,28,83
688,406,27,82
688,405,28,83
689,405,27,83
690,403,27,84
686,403,27,83
688,402,27,84
689,402,28,85
690,401,28,86
690,401,28,86
689,399,29,88
689,400,29,87
689,399,29,87
689,399,29,88
690,398,29,89
689,398,30,89
689,397,30,89
690,396,29,89
690,396,29,89
689,395,30,89
689,395,30,89
689,394,29,88
690,394,29,88
689,394,29,87
690,395,28,87
689,395,29,86
689,395,28,86
689,395,28,85
689,395,28,85
689,396,29,83
690,396,28,82
690,395,28,82
690,396,28,82
690,396,28,81
690,395,28,81
690,394,28,82
690,393,28,82
691,393,27,82
691,393,27,81
691,392,27,81
691,393,27,79
691,393,27,79
691,392,27,78
691,391,27,78
690,394,27,78
690,392,28,78
690,394,28,78
690,391,27,79
690,389,27,79
690,389,27,78
689,389,27,79
689,389,27,79
689,390,28,79
690,389,27,79
690,389,27,79
690,390,27,78
690,389,28,78
690,390,27,77
691,390,26,76
691,388,27,76
691,390,26,75
691,389,27,75
692,392,25,74
692,395,26,73
693,395,26,72
693,395,27,70
694,394,26,70
695,393,25,70
696,395,25,70
696,393,26,70
697,392,25,70
698,391,24,70
698,392,25,70
698,391,25,69
699,390,25,70
699,391,25,70
699,392,25,69
700,392,25,69
700,391,24,69
700,393,25,68
701,394,24,68
701,394,25,68
702,394,24,68
702,395,24,67
702,395,24,67
703,395,24,67
704,393,23,66
704,394,24,66
706,395,23,65
706,393,24,65
706,395,24,64
706,395,24,64
708,395,23,64
708,393,24,62
709,391,24,62
709,394,24,61
709,393,24,60
709,395,24,60
709,393,24,60
709,392,24,60
705,394,24,60
706,396,24,60
706,394,24,59
705,396,24,58
704,393,23,57
703,391,23,57
703,394,22,56
699,391,23,55
699,392,22,56
698,393,22,56
694,393,22,56
693,390,23,55
692,392,22,55
690,393,23,55
689,394,22,54
687,394,23,54
685,394,23,55
680,394,23,54
679,395,23,54
678,396,22,54
676,395,22,54
674,395,22,55
672,396,22,54
671,395,21,55
669,395,22,55
667,395,22,56
665,394,23,56
664,394,22,56
662,394,23,56
661,394,22,57
660,394,23,56
660,393,22,58
659,396,23,57
660,397,22,57
659,397,23,57
659,396,23,58
659,396,24,58
662,395,24,60
661,396,24,61
658,393,24,61
660,393,23,63
658,393,24,63
661,393,23,64
663,394,23,65
665,394,23,66
662,390,24,68
664,390,23,69
665,388,23,70
666,390,23,70
666,391,23,70
666,391,23,71
666,391,24,71
667,391,24,72
667,392,24,71
667,392,24,71
667,391,24,71
667,392,24,72
667,390,24,73
667,389,24,74
666,388,25,74
666,388,24,73
666,389,24,73
665,388,24,73
664,387,24,73
663,387,24,73
662,388,24,74
662,387,24,74
661,389,24,73
660,388,24,74
659,389,24,74
658,387,23,75
657,388,23,75
656,387,24,75
655,388,24,75
654,387,25,76
654,386,24,77
653,386,24,78
652,385,24,80
651,384,25,81
650,385,25,81
649,384,26,82
649,383,25,83
648,382,25,83
647,382,26,84
647,382,25,84
646,382,25,84
646,381,25,84
646,381,25,85
645,381,26,85
645,381,26,87
645,380,26,88
645,379,26,87
645,379,26,88
644,377,26,88
