648,382,19,81
646,382,20,81
647,383,21,80
645,383,22,79
645,382,23,79
645,383,23,79
645,383,23,78
645,383,23,79
644,383,24,78
645,382,23,78
645,382,23,78
644,384,24,77
644,384,24,76
644,384,24,76
644,384,24,76
643,383,24,76
643,383,24,76
644,383,24,75
644,383,23,75
645,384,23,75
644,383,23,75
643,383,23,75
644,383,24,75
643,383,23,76
644,383,23,75
643,383,24,75
643,383,24,75
642,382,24,74
642,383,24,74
642,383,24,75
642,384,24,74
641,384,24,74
641,384,24,74
640,384,25,75
639,383,25,75
639,382,24,76
638,382,25,77
638,381,25,78
637,382,25,78
637,381,25,77
636,381,25,77
636,382,25,77
635,382,25,77
635,383,25,77
635,383,25,78
634,384,25,77
634,385,24,76
633,385,24,76
633,386,25,75
633,386,25,75
633,385,24,75
633,385,25,74
634,384,25,75
634,384,24,75
634,384,24,75
636,384,24,76
636,384,24,76
636,382,24,76
636,383,24,76
637,383,24,75
637,383,24,76
637,383,24,76
638,384,24,75
639,384,23,75
640,384,23,76
640,385,24,75
640,386,24,74
641,386,24,74
642,386,24,73
642,386,25,74
642,385,24,75
643,384,24,74
644,385,24,75
644,385,24,75
644,384,25,75
645,383,25,75
646,383,26,74
646,385,26,74
647,385,26,75
647,385,26,75
649,385,26,75
649,384,27,76
649,386,27,75
649,385,27,75
650,385,27,75
652,385,26,75
653,384,26,75
654,384,26,75
655,384,27,74
657,384,27,73
658,383,27,73
661,383,27,73
663,384,26,72
665,384,26,73
666,385,27,73
665,385,26,72
662,384,26,72
664,383,26,73
666,385,26,72
668,385,25,72
669,384,26,72
670,385,25,71
671,385,25,71
671,384,25,71
672,386,25,70
672,385,25,70
673,384,24,71
674,385,24,70
673,383,25,71
674,383,24,71
674,383,24,71
674,383,24,72
674,382,24,72
673,381,25,72
673,383,25,73
673,383,24,74
673,384,24,73
673,384,24,73
672,383,24,73
673,383,23,72
673,383,24,72
674,383,23,72
673,383,23,71
673,383,23,72
673,385,23,71
674,385,23,71
673,385,23,71
673,385,23,70
673,385,22,71
673,385,23,71
672,385,23,70
673,384,23,71
673,386,23,71
672,386,23,71
671,385,23,72
671,384,23,72
672,385,23,71
671,384,23,72
672,383,23,72
671,384,23,72
670,384,24,73
670,385,23,72
669,384,24,74
669,384,23,74
668,384,24,74
667,383,24,74
665,383,24,74
665,382,24,74
664,382,25,75
664,381,24,75
663,380,24,76
662,382,24,75
662,382,24,75
661,382,24,75
659,381,24,75
658,381,24,75
656,380,25,77
655,381,24,76
655,381,24,77
653,381,24,76
652,381,25,75
652,381,24,75
651,380,24,75
650,380,24,75
649,380,24,75
648,381,25,75
648,382,24,75
646,380,25,75
645,379,25,75
644,380,24,76
643,381,24,76
641,381,25,77
640,382,24,76
638,381,25,77
637,381,25,76
636,381,25,78
634,380,24,77
634,381,24,76
631,380,24,76
631,379,23,76
630,379,23,76
629,379,24,76
628,380,24,76
628,380,23,76
626,380,23,77
626,381,23,77
624,381,24,77
623,381,23,76
622,382,24,75
620,382,25,75
619,382,24,75
618,383,24,75
617,383,24,75
615,383,25,76
614,381,25,76
613,383,24,75
612,382,24,76
611,381,24,76
610,382,24,75
609,381,24,75
608,382,24,74
608,382,23,73
607,382,23,73
605,383,24,71
603,384,24,71
602,383,23,71
600,383,24,70
599,383,23,70
597,384,24,70
596,385,23,71
594,386,24,70
592,387,24,70
591,387,24,71
590,388,24,70
585,389,24,69
586,390,23,68
581,389,24,66
581,392,24,65
576,392,24,63
573,395,23,62
572,396,24,60
572,397,24,59
567,398,24,58
567,398,24,58
567,400,24,57
632,401,24,57
632,401,24,58
631,395,25,58
631,405,25,59
631,405,25,59
632,405,24,60
632,402,24,61
631,403,25,62
627,404,24,62
627,404,25,63
627,397,25,64
627,407,25,64
627,406,25,64
626,404,25,65
626,404,24,65
625,404,24,66
624,404,25,66
620,405,24,67
621,405,24,67
621,405,24,67
620,406,24,67
619,403,24,67
618,404,24,69
614,405,24,68
614,406,24,68
614,407,23,68
613,405,23,68
609,408,23,68
609,409,24,68
610,411,23,67
606,413,23,66
606,415,23,66
607,415,22,67
606,416,22,68
602,416,21,69
603,418,21,68
603,419,20,69
603,420,20,69
601,417,21,70
601,419,20,70
601,421,20,71
601,422,20,71
600,417,20,72
600,419,20,71
600,420,21,73
601,422,21,73
601,426,20,74
601,426,21,74
602,426,21,74
604,430,20,73
605,431,20,72
606,432,21,71
607,433,21,70
608,434,21,70
609,436,21,70
610,438,21,70
611,438,21,71
613,440,20,71
614,441,20,71
615,443,20,72
616,447,20,73
617,446,20,74
617,447,21,74
619,448,21,75
620,450,21,74
621,451,21,74
622,451,21,75
622,453,22,74
623,454,22,73
624,456,22,73
625,458,22,71
626,460,22,70
627,461,22,70
628,463,21,69
633,464,21,70
633,465,21,70
633,466,21,69
638,463,21,69
637,466,21,68
637,472,21,68
641,472,22,68
641,476,22,67
646,478,22,68
646,481,22,67
646,479,22,69
651,478,22,69
650,478,23,70
649,474,24,70
655,476,24,70
655,472,24,71
655,472,24,71
535,457,24,69
535,457,24,67
536,457,23,66
537,458,22,65
537,457,23,64
538,457,22,64
538,458,22,62
539,458,21,62
540,459,21,60
540,459,21,60
541,459,20,59
541,458,21,60
541,458,21,60
543,458,20,59
544,460,20,58
544,459,20,58
545,459,20,58
545,459,21,57
546,459,20,57
547,459,20,57
547,460,21,56
551,461,21,56
551,461,22,56
552,461,21,56
552,462,22,55
553,462,21,55
557,465,22,55
557,464,22,55
557,464,22,54
557,465,21,54
556,465,22,53
556,466,22,52
556,466,22,51
555,466,23,51
555,466,23,51
555,466,23,51
555,466,23,50
555,467,23,50
554,467,23,49
553,467,24,48
553,467,24,48
552,467,24,47
551,467,25,47
550,464,25,47
550,464,25,47
549,464,26,47
548,464,26,48
548,463,26,48
547,462,26,49
547,461,26,49
547,459,26,50
547,456,26,51
547,458,26,51
547,452,26,52
547,451,26,53
548,446,25,53
548,446,25,53
548,442,25,54
549,441,25,54
550,438,24,55
551,436,24,56
551,434,25,57
552,431,25,59
553,428,25,60
554,427,25,61
552,428,25,62
555,426,24,62
557,424,24,63
558,422,24,64
556,421,24,64
558,420,24,65
555,420,25,65
557,415,24,65
554,416,25,65
553,420,24,65
551,418,25,66
554,417,24,67
551,419,24,67
549,420,23,66
549,419,24,67
548,419,24,67
546,418,24,68
545,417,24,68
543,416,25,70
541,416,25,70
539,413,25,70
538,413,24,70
536,413,25,70
534,411,24,71
529,412,25,72
529,412,24,72
525,411,24,73
525,410,25,74
523,408,25,75
522,406,25,75
520,405,26,76
518,404,26,76
516,404,26,76
514,403,26,76
512,402,26,76
510,404,27,77
509,404,27,78
509,404,27,79
508,402,27,78
508,402,27,79
508,401,27,80
508,401,27,79
508,400,28,80
509,399,27,80
510,399,27,81
511,399,27,80
512,397,27,81
512,396,27,81
513,396,27,82
514,396,27,81
515,396,27,80
515,395,27,81
516,395,26,81
516,394,27,81
517,393,26,80
518,392,26,79
518,391,27,79
519,391,26,78
520,390,26,78
524,389,26,78
523,388,25,78
523,389,25,77
523,389,25,76
524,388,25,76
525,387,25,75
525,386,25,75
526,385,24,75
527,386,24,74
527,386,25,73
528,386,25,73
529,385,25,73
530,385,25,73
530,386,25,74
531,386,25,74
532,386,25,74
533,382,25,75
534,381,25,76
535,380,25,77
535,380,26,77
536,380,26,77
537,380,25,77
537,380,26,77
538,379,26,77
539,378,26,76
539,378,26,75
540,378,26,75
540,378,26,75
540,378,27,75
542,379,26,75
543,378,26,75
543,377,27,75
543,377,27,75
546,376,27,75
544,377,26,75
547,377,27,74
547,376,26,75
547,376,26,75
547,377,26,74
547,376,26,74
549,376,26,74
553,375,25,74
550,376,25,73
552,377,25,72
553,380,25,71
555,379,25,70
557,378,24,69
560,377,24,69
558,378,24,69
560,376,24,69
563,375,24,69
561,376,24,69
563,374,24,70
564,376,24,70
565,376,24,71
566,377,24,70
567,377,25,70
568,377,24,71
568,377,24,71
569,376,25,72
570,376,24,72
571,376,24,72
572,376,24,72
572,376,24,72
573,377,24,71
574,377,24,72
574,378,25,71
575,381,24,71
575,380,25,71
576,378,24,72
577,378,24,73
578,377,24,74
578,377,25,74
578,377,25,74
575,376,25,75
578,376,25,75
575,375,25,76
582,376,25,75
582,376,25,75
583,376,25,75
583,377,26,75
584,376,25,76
586,377,25,76
587,380,25,75
589,378,24,76
589,379,25,77
590,378,25,76
591,380,24,77
592,379,24,77
592,379,25,77
593,379,25,78
594,379,24,78
595,380,24,78
595,380,25,79
596,380,25,79
596,380,26,80
597,380,26,80
598,379,25,81
597,380,26,80
598,380,26,81
599,381,25,80
599,380,25,81
600,381,25,80
600,380,26,81
601,380,25,81
601,380,25,81
599,383,25,80
601,382,24,79
602,383,24,79
601,382,25,79
602,383,24,78
603,382,24,79
604,382,24,78
604,383,24,77
606,383,24,78
606,384,24,78
606,384,24,78
607,381,24,79
608,380,24,78
609,381,24,79
609,381,24,79
609,380,24,80
610,379,24,81
614,377,24,82
614,378,25,81
615,379,24,81
615,383,24,81
615,381,25,81
616,379,25,80
616,382,26,80
617,379,26,80
618,378,26,78
619,376,27,78
621,377,26,76
623,377,26,77
624,378,26,76
624,378,26,76
625,379,26,75
626,379,26,74
628,378,25,74
629,378,25,73
630,379,25,72
631,378,25,72
632,380,25,72
633,378,25,72
634,379,25,71
635,378,24,71
636,380,24,72
636,376,25,71
638,377,24,71
639,378,24,70
640,378,24,70
641,378,24,69
642,378,24,70
642,379,24,69
643,379,25,69
644,377,25,70
648,376,24,70
647,376,24,69
648,376,24,70
649,376,25,69
651,376,24,68
652,376,24,68
656,376,24,68
656,377,24,67
659,377,24,67
659,377,24,67
659,377,24,67
660,377,23,67
661,377,24,67
662,376,24,67
664,376,24,67
665,374,24,67
666,375,24,67
667,375,24,68
668,375,24,68
669,375,24,68
670,375,25,68
671,374,25,69
672,372,24,68
673,373,24,68
674,373,25,69
675,373,24,69
676,372,24,70
675,373,24,69
677,373,25,69
679,370,24,70
680,371,24,70
681,370,24,70
682,369,24,71
683,369,24,70
684,371,24,70
685,372,24,71
686,371,24,71
686,371,25,71
687,371,25,71
688,373,25,70
689,373,25,70
691,373,24,69
692,375,24,69
694,373,24,69
695,374,24,70
697,373,24,70
698,373,24,69
700,373,24,69
701,372,24,70
702,372,24,70
703,372,24,70
704,372,24,71
705,371,24,72
707,371,24,72
707,371,25,72
708,372,25,71
709,372,24,72
710,373,24,72
711,373,24,71
712,372,24,72
713,371,24,72
714,372,24,71
715,371,24,71
716,370,24,72
718,371,23,71
718,371,24,71
720,371,24,71
721,372,23,71
722,373,23,70
723,375,23,71
724,373,23,72
725,373,23,72
726,373,23,72
730,371,23,73
728,372,24,72
729,372,23,72
730,372,23,72
732,372,22,72
733,373,23,71
735,373,22,71
736,373,22,71
737,373,22,72
739,373,21,72
740,374,21,71
741,374,21,72
742,373,22,73
742,373,23,73
744,373,22,74
745,372,23,75
746,372,23,76
747,373,24,76
748,373,24,76
749,373,24,77
750,374,24,76
751,374,24,75
752,373,24,75
753,372,24,75
755,371,23,76
756,373,22,76
759,371,23,76
759,371,22,76
759,372,23,76
762,371,23,76
762,372,22,76
762,373,23,76
766,372,22,76
764,372,23,76
761,373,22,76
762,374,22,76
762,373,23,76
762,372,22,77
761,371,23,77
759,371,23,76
758,370,23,77
756,370,23,76
754,370,23,76
747,370,22,76
740,369,23,77
738,369,23,77
732,369,22,77
726,369,22,77
723,368,23,77
715,367,23,78
708,367,23,78
704,366,24,78
696,366,25,79
693,365,25,79
686,363,25,78
682,364,25,80
674,364,26,80
672,364,26,80
669,364,26,80
665,364,26,80
662,363,26,80
660,363,25,80
658,363,25,80
656,362,25,81
654,362,25,81
655,360,24,82
658,360,25,81
656,360,25,82
660,360,24,81
656,361,24,81
658,362,24,81
660,363,24,80
661,364,24,80
662,364,24,80
663,364,24,79
664,363,25,80
665,364,25,79
667,363,24,79
668,363,25,79
670,364,25,78
672,363,25,79
674,363,24,78
676,363,24,78
678,363,24,78
683,362,23,78
683,362,24,78
684,363,23,78
685,364,23,77
686,364,24,77
687,364,25,78
689,363,25,78
690,363,25,78
691,363,26,78
692,363,26,78
694,364,26,77
695,364,26,78
696,363,27,78
698,362,26,78
700,362,26,78
702,361,25,79
704,360,26,79
709,360,25,78
709,358,25,78
710,359,25,78
712,360,26,77
714,359,25,78
717,360,25,77
718,360,25,77
720,360,25,76
721,360,25,76
722,362,25,76
723,360,25,77
725,360,25,76
726,360,26,76
728,359,25,75
729,358,25,76
729,360,25,75
729,360,26,75
729,359,26,76
725,358,26,75
728,356,25,76
726,356,25,75
725,355,24,75
723,355,25,75
722,355,25,75
720,355,25,75
718,354,26,76
716,353,26,77
714,350,26,77
711,352,26,76
706,352,26,76
705,349,26,77
703,351,26,77
700,350,27,78
697,350,26,78
693,350,27,78
689,349,27,79
686,348,27,79
683,346,27,80
679,343,27,79
676,345,27,78
673,345,28,78
669,342,28,79
667,345,27,78
662,342,27,78
659,344,27,77
656,344,27,78
653,344,27,77
650,343,27,76
647,341,27,77
645,345,27,76
643,344,27,77
641,341,26,77
640,338,26,78
638,338,25,77
636,340,26,77
632,337,25,78
632,336,25,78
630,335,26,78
628,334,26,79
626,334,27,79
625,333,26,80
623,333,27,80
622,333,26,80
619,331,27,81
615,331,26,81
615,330,27,81
614,330,27,81
613,330,28,80
612,330,27,80
611,330,27,80
609,329,28,81
607,329,28,80
606,328,27,81
604,328,28,80
604,327,27,79
602,328,27,79
602,328,27,78
600,329,27,77
599,329,27,77
598,329,26,76
597,329,26,76
596,328,26,76
595,328,26,75
593,328,26,75
592,328,26,74
591,328,25,73
587,328,26,73
588,327,25,74
588,328,24,72
587,327,24,73
585,327,25,73
584,327,25,73
583,328,25,73
582,327,24,73
580,326,25,73
579,326,25,74
578,325,25,74
575,325,25,74
575,325,25,74
574,325,26,74
573,326,25,73
572,326,25,73
571,326,26,73
570,326,26,73
570,325,25,74
569,322,26,74
568,324,26,73
569,324,25,73
569,325,26,73
569,324,27,74
570,324,27,73
571,325,26,73
572,325,26,72
574,325,26,73
576,326,26,72
577,326,26,71
578,326,26,72
579,328,26,71
581,327,26,72
582,327,26,72
584,328,26,72
586,329,25,71
587,329,26,71
589,330,26,71
591,330,26,71
593,329,25,70
595,329,25,71
597,328,25,71
600,327,24,71
601,327,25,71
603,326,25,71
605,326,25,72
607,326,25,72
609,326,25,73
611,327,25,73
611,326,25,73
612,326,25,73
612,327,26,73
613,328,26,73
614,327,26,73
614,326,26,73
616,327,25,72
616,326,25,73
617,326,26,73
618,326,26,73
619,326,26,73
619,326,27,73
620,326,26,72
621,324,26,71
624,326,26,72
624,326,27,72
625,328,27,72
626,328,26,72
627,329,27,71
631,328,27,72
631,328,27,71
632,328,27,72
633,328,27,71
635,329,27,70
637,330,27,69
639,331,26,70
641,330,26,70
643,327,25,69
646,326,25,68
647,324,25,69
649,324,25,68
650,324,25,68
652,327,24,68
655,327,24,69
657,327,24,69
659,329,24,69
660,329,24,69
661,329,25,70
664,330,24,69
666,330,24,69
667,331,25,69
668,330,25,70
670,330,25,70
672,329,25,70
674,328,24,71
676,328,23,71
678,329,23,71
678,329,24,71
681,330,24,71
683,330,23,72
685,330,23,72
687,331,23,72
688,331,23,72
690,331,23,73
691,331,23,73
693,333,23,72
694,333,24,72
696,334,24,71
698,335,24,71
700,335,23,71
702,336,23,71
703,336,24,71
705,336,24,71
707,335,24,72
709,336,24,71
711,336,24,72
713,337,24,71
715,337,23,70
717,337,24,70
718,337,24,70
720,338,24,69
722,338,23,69
724,339,23,68
725,340,24,69
727,341,23,69
728,341,23,69
730,342,23,69
731,343,23,69
738,341,23,69
739,340,23,69
740,340,23,69
741,339,23,70
743,339,23,70
744,340,23,70
745,340,23,71
747,340,23,72
749,341,23,72
750,340,24,73
752,340,24,73
754,341,23,73
756,342,24,73
758,342,24,73
760,342,24,72
761,342,25,72
763,342,25,72
765,343,25,72
767,343,24,72
769,343,24,73
770,343,24,72
772,342,24,72
779,342,24,72
780,343,24,72
781,342,25,72
783,342,24,72
784,341,24,72
784,340,25,73
784,339,25,74
784,339,25,74
779,339,25,75
780,339,25,74
780,339,25,74
780,338,24,76
779,338,24,75
774,337,24,76
774,337,24,75
772,334,25,76
770,333,25,77
764,333,25,77
759,333,24,77
757,332,25,77
754,331,25,78
752,330,24,78
744,330,25,79
737,330,25,78
734,329,25,78
731,328,25,79
724,331,24,78
721,330,25,78
713,328,24,78
711,328,24,78
704,327,24,78
702,328,24,76
700,328,23,76
693,328,23,76
688,329,23,75
687,328,23,76
686,327,23,77
684,327,23,77
681,326,23,78
679,325,23,78
677,325,23,78
675,325,23,78
673,325,24,78
670,324,25,78
668,323,25,79
666,322,25,79
664,322,25,79
662,321,25,80
660,321,25,80
658,320,25,80
656,320,26,79
654,320,26,79
653,320,25,78
652,319,25,78
650,319,25,78
649,318,25,78
648,318,25,79
647,318,24,79
645,317,25,79
644,319,24,78
642,319,25,78
641,319,25,78
640,319,25,78
638,318,25,78
637,318,25,78
636,318,25,77
635,318,24,77
633,318,24,76
632,318,24,76
630,317,24,76
628,318,24,75
627,318,24,75
626,319,24,74
624,319,24,75
623,320,24,74
621,320,24,74
619,320,24,74
617,320,24,74
615,320,24,74
613,319,25,75
611,319,25,75
609,318,25,75
608,317,25,76
606,316,25,77
604,316,25,77
602,315,25,77
601,315,25,77
600,314,25,77
598,314,25,77
596,314,25,77
594,314,25,78
592,315,25,77
590,315,25,77
588,314,24,78
586,314,24,78
584,315,24,78
582,315,24,78
580,314,24,79
577,315,24,78
575,315,24,78
573,315,24,78
571,315,24,78
569,315,24,78
567,314,24,79
565,314,24,79
563,315,24,78
561,315,24,78
560,315,24,78
559,316,24,78
558,318,24,77
558,318,23,77
558,318,24,78
558,318,23,78
558,319,24,78
559,319,24,78
559,319,25,78
561,320,24,78
562,321,25,78
564,322,25,77
566,323,25,76
571,321,24,77
571,321,25,76
576,320,24,76
576,319,24,77
577,323,24,77
578,323,25,76
580,323,25,76
582,323,24,76
584,323,24,75
586,323,25,75
588,323,24,75
589,323,25,75
590,323,25,75
592,322,24,76
593,322,24,76
593,321,25,76
593,320,25,76
592,321,25,75
590,321,25,75
588,321,25,74
587,321,24,74
585,322,24,74
583,322,24,74
580,323,25,73
577,323,25,74
574,324,25,73
571,324,25,73
568,324,25,72
565,324,25,72
562,325,26,71
560,325,25,71
557,325,25,70
556,325,24,71
554,325,24,71
552,325,24,71
551,326,24,70
551,327,24,70
550,327,25,70
549,328,25,70
549,328,25,70
549,328,24,70
553,328,24,69
551,328,25,71
553,329,24,71
553,330,25,71
554,331,25,70
556,331,24,70
557,331,25,70
559,331,24,71
561,331,24,70
562,331,25,70
566,331,24,69
565,331,24,69
569,330,24,70
569,330,23,70
572,330,23,71
572,330,23,71
573,330,24,72
574,330,24,72
574,329,24,73
575,329,23,73
575,330,24,73
575,331,24,73
576,332,23,73
576,332,23,74
577,329,22,73
576,330,23,73
576,332,23,72
576,332,23,73
575,333,23,73
575,334,23,72
574,334,24,73
573,334,24,72
573,334,23,72
571,334,25,73
570,334,25,73
569,335,25,72
568,335,25,73
568,336,25,73
567,334,25,73
566,335,25,74
564,335,26,75
563,332,26,75
562,336,26,75
557,335,25,75
556,333,26,76
555,337,27,76
554,338,27,77
552,339,27,77
551,340,26,76
549,341,27,76
548,338,27,76
546,337,27,75
544,339,27,76
543,340,26,76
541,341,27,77
539,341,27,77
537,341,27,77
535,341,27,77
533,340,27,78
531,340,27,78
529,340,27,78
528,341,27,78
526,342,27,78
524,342,27,79
522,343,28,78
521,343,27,78
519,343,28,78
518,344,27,78
516,345,28,78
515,345,28,78
514,345,27,78
512,346,28,77
511,346,28,76
509,347,28,75
508,348,28,75
507,348,28,75
501,349,28,75
500,350,28,74
499,350,28,75
498,351,28,74
492,350,27,75
491,350,28,75
490,351,27,74
489,351,27,74
482,352,27,74
481,353,28,73
480,353,27,74
473,354,27,73
473,355,27,72
472,355,27,72
470,354,27,72
463,354,28,73
462,354,28,73
461,354,28,73
460,354,28,73
459,353,28,73
458,352,28,74
458,350,28,74
457,356,29,73
457,356,28,72
457,355,28,73
457,355,27,72
457,355,28,72
457,355,28,71
458,355,27,70
458,354,28,71
459,352,28,71
460,352,28,71
462,351,28,72
463,349,28,71
464,350,28,71
465,350,28,70
466,351,28,70
467,351,29,70
468,351,29,71
473,351,29,70
473,351,28,70
473,352,28,69
473,352,29,69
474,352,29,69
474,353,30,68
475,350,30,69
477,352,29,68
478,352,29,68
479,353,29,67
480,353,29,68
481,353,30,67
482,353,30,68
483,353,30,68
485,354,29,67
491,349,30,67
492,349,30,68
493,350,30,68
494,350,30,68
496,351,29,67
497,351,29,67
503,351,29,68
508,352,29,68
508,347,29,68
508,348,29,67
509,348,29,68
514,350,30,68
519,351,30,68
519,350,29,68
523,350,30,69
523,348,29,70
527,347,29,70
532,346,29,70
531,344,29,71
535,345,29,70
534,345,29,71
538,341,29,70
537,340,29,71
542,341,29,72
541,342,28,72
541,340,28,72
540,338,28,73
540,336,27,74
540,336,27,74
539,336,27,74
538,335,26,74
536,336,26,74
529,334,27,74
528,334,26,74
521,334,26,74
520,334,25,74
514,332,24,74
508,332,24,75
503,332,24,75
497,332,24,74
491,332,23,74
485,333,23,73
477,333,23,72
470,333,23,73
462,333,23,73
455,334,23,72
448,335,23,72
438,336,22,72
431,336,23,72
425,336,23,73
422,336,23,73
415,336,24,74
409,337,23,74
407,337,23,74
405,336,23,75
402,336,23,74
400,336,23,74
398,335,24,76
397,335,24,76
396,335,24,75
396,335,24,75
395,334,25,74
396,334,25,74
397,333,25,74
398,334,25,73
400,333,25,74
401,332,25,75
403,332,24,75
405,332,24,74
406,331,24,74
407,331,24,74
408,331,24,75
410,331,25,75
412,330,24,75
413,329,24,75
415,329,24,75
416,329,25,74
418,329,25,74
419,327,25,75
420,327,25,76
422,327,25,76
423,326,25,76
425,326,25,76
427,326,25,76
428,326,25,77
430,326,25,76
431,325,25,77
433,325,25,77
434,323,25,78
436,323,25,78
437,322,24,78
438,322,25,78
440,321,25,79
440,320,25,80
442,320,25,80
443,319,25,80
444,319,25,80
446,319,25,81
447,318,24,81
448,319,25,81
449,318,25,82
450,318,25,82
451,318,25,82
452,317,25,83
454,316,25,82
454,315,25,82
456,315,25,82
458,315,24,82
458,314,25,83
459,314,25,84
460,315,25,84
461,314,26,85
462,314,26,86
463,314,26,86
464,313,26,86
465,313,27,86
466,313,26,86
468,313,27,87
469,312,26,87
470,311,27,88
472,311,26,87
473,311,27,87
474,311,27,87
475,312,27,87
477,312,27,87
478,311,27,88
479,311,27,87
480,311,27,88
481,310,27,88
482,310,27,88
483,310,27,88
484,310,27,87
485,312,28,85
486,310,28,86
488,311,27,85
489,310,27,84
490,309,27,85
491,309,27,84
492,309,27,84
494,309,26,84
494,309,27,84
495,309,27,83
497,309,27,83
499,308,26,84
499,308,26,84
501,308,27,83
501,308,27,83
503,308,26,83
504,308,27,84
506,307,26,84
507,308,26,84
508,308,26,84
509,307,26,84
510,307,26,85
512,307,26,85
513,306,26,85
515,306,26,85
516,306,26,84
517,307,27,84
519,307,26,85
520,307,26,84
522,307,26,84
523,307,26,83
524,306,27,84
526,306,26,83
527,306,26,84
528,305,26,84
529,306,26,83
531,306,26,82
532,306,26,82
534,306,25,82
535,306,26,81
536,306,26,81
537,305,26,81
538,305,26,81
540,306,25,80
541,305,25,81
542,306,26,80
543,306,26,81
544,306,26,82
546,306,26,82
547,305,26,83
548,306,26,83
549,306,26,83
550,305,26,83
551,305,27,82
552,306,27,82
554,306,27,82
556,304,26,82
557,302,26,81
558,305,26,81
561,306,25,82
562,306,26,82
558,307,27,83
561,304,26,82
562,305,26,83
562,309,26,83
561,307,25,83
559,306,26,83
558,306,25,83
557,306,25,83
555,306,25,82
553,307,25,81
551,307,25,81
549,307,24,81
547,307,25,80
545,307,24,81
543,308,24,80
541,308,24,81
539,308,24,81
537,308,25,81
535,309,25,82
534,309,24,82
532,309,25,82
531,309,25,82
529,309,25,82
527,309,25,83
526,309,25,83
524,308,26,84
523,308,26,85
522,308,26,85
521,307,26,86
521,308,26,86
521,310,26,86
517,311,27,86
519,310,26,87
520,309,26,87
520,310,27,87
520,310,27,87
521,309,26,88
522,309,26,88
522,308,26,88
522,309,27,88
522,309,27,88
523,309,26,87
523,309,26,87
523,310,26,87
522,310,26,87
523,310,26,87
523,310,26,87
523,310,26,87
523,310,26,87
523,311,25,86
523,311,25,86
523,310,25,87
523,310,26,87
