810,165,50,111
808,162,51,112
808,160,51,113
807,159,51,112
806,158,51,112
806,156,51,111
805,157,51,110
805,155,51,110
805,155,51,110
805,154,51,109
805,156,51,108
805,155,51,108
805,155,52,107
805,154,51,108
804,154,51,108
805,153,51,108
805,152,51,109
805,151,51,109
805,150,51,109
805,148,51,110
805,147,52,110
806,146,52,110
807,145,53,111
809,143,52,110
810,142,52,110
811,142,52,109
813,140,52,110
814,139,52,110
816,138,52,110
817,137,53,109
819,136,52,108
821,136,52,106
824,136,52,105
826,135,52,106
828,136,51,105
830,136,51,105
832,135,52,106
835,136,51,106
837,135,51,106
839,135,51,106
841,135,51,106
844,135,51,106
846,133,52,106
849,132,51,106
850,131,52,106
853,131,52,107
855,130,53,105
858,130,53,105
860,128,54,105
862,128,53,104
864,129,53,103
865,129,53,103
865,129,53,102
866,129,52,102
865,127,53,102
864,128,52,102
862,127,52,102
859,127,52,101
856,127,51,100
852,126,52,100
849,126,51,101
846,125,51,101
841,125,52,101
837,124,52,102
833,123,52,101
830,121,52,101
826,120,51,102
822,117,51,103
818,116,51,103
813,115,50,103
809,114,49,103
804,113,49,103
799,113,49,102
794,112,49,101
789,111,49,101
786,110,49,101
782,110,49,100
779,109,48,100
775,109,49,99
773,109,48,99
770,109,48,99
769,107,48,99
767,108,48,99
764,108,48,100
763,106,47,100
761,106,48,101
760,106,49,101
760,104,48,102
760,103,48,103
759,101,49,103
760,100,49,103
760,100,48,102
761,99,48,102
761,97,48,102
760,96,48,101
760,95,47,102
760,95,47,101
758,96,47,100
758,94,47,100
755,95,47,100
754,94,47,99
750,93,47,100
747,92,47,99
743,91,47,100
739,91,48,100
735,90,47,100
731,89,47,101
726,88,47,101
722,87,47,102
717,86,47,101
713,83,46,101
709,80,46,102
705,79,46,102
701,78,46,102
698,78,46,103
695,76,45,104
691,76,45,104
687,75,45,103
683,75,45,103
680,73,45,103
676,72,45,103
673,71,45,102
671,70,45,102
669,72,45,100
668,70,45,101
667,71,45,100
667,71,44,99
666,71,45,99
667,70,44,101
667,69,45,101
668,69,45,101
669,69,44,102
671,68,44,102
672,67,44,102
673,66,45,103
675,64,45,103
675,64,45,104
677,63,45,105
677,63,45,105
678,60,45,105
679,58,44,105
680,58,44,104
681,58,44,104
682,58,44,104
683,57,44,104
684,60,45,102
684,61,46,102
683,62,46,102
683,62,47,102
682,63,47,102
680,63,47,103
679,63,47,103
676,65,48,102
674,66,47,103
671,66,48,103
668,67,48,104
666,68,47,104
662,69,48,104
659,69,47,103
656,68,47,104
654,68,46,104
651,68,46,104
648,67,47,104
646,68,46,103
643,68,46,102
641,68,46,101
639,69,46,100
638,68,46,100
637,69,46,100
635,69,47,100
634,69,47,100
634,69,46,100
634,70,46,100
633,70,46,100
633,71,46,100
633,72,45,99
632,72,46,99
633,73,45,100
633,73,45,99
633,74,45,98
634,75,45,98
630,75,45,98
632,77,45,98
633,79,44,98
635,80,45,98
633,81,44,98
631,78,44,99
630,76,44,98
629,76,44,99
628,76,45,99
628,77,44,99
627,77,45,100
627,78,44,101
626,78,45,100
626,78,46,100
625,79,46,100
625,79,45,100
624,81,44,100
623,81,45,99
622,83,45,99
620,85,46,98
619,86,46,97
618,89,45,97
617,90,45,97
616,92,45,96
614,93,45,96
613,95,45,95
616,97,45,94
612,95,46,95
610,95,45,94
608,96,45,94
607,96,45,94
605,97,45,93
604,97,45,93
604,98,45,92
603,99,45,92
602,100,45,92
600,101,46,92
599,102,46,91
596,105,46,91
594,105,46,92
593,106,46,92
592,106,46,93
591,106,46,94
591,107,46,94
589,108,47,94
588,108,47,94
588,108,47,94
587,110,48,93
587,111,47,94
586,113,47,93
586,113,47,93
586,113,46,92
586,115,47,92
586,117,47,92
586,118,46,92
585,119,46,92
584,116,46,92
588,118,45,91
581,116,46,92
585,117,45,91
583,117,46,92
582,118,45,92
581,118,46,93
580,118,47,93
579,119,47,92
578,119,48,92
577,119,49,92
576,120,48,93
575,121,48,93
575,122,48,93
574,123,48,94
573,125,49,94
573,125,48,94
572,126,48,94
571,126,48,94
571,127,48,94
570,128,47,94
569,127,48,94
568,128,48,94
568,128,48,94
568,128,47,93
567,129,47,94
566,130,47,93
566,130,47,93
564,131,47,93
563,130,47,94
562,132,47,94
561,132,46,95
560,132,46,96
559,132,47,97
562,134,47,97
559,134,47,97
558,134,47,97
557,133,47,98
558,133,47,98
557,134,48,98
557,135,48,98
557,136,48,98
558,135,48,99
557,136,49,98
557,137,48,97
557,137,48,96
557,138,48,96
557,138,48,96
560,138,48,96
553,135,47,95
554,136,47,95
554,138,46,94
553,136,47,94
552,136,46,95
551,136,46,95
550,137,46,96
550,136,46,97
549,136,46,97
549,134,46,98
549,134,46,98
549,135,46,98
548,136,47,97
548,136,47,97
548,136,47,98
548,137,47,98
549,138,46,99
549,140,46,98
548,139,47,98
548,140,46,98
547,140,47,98
546,140,47,98
545,139,48,98
544,138,48,98
544,139,47,97
544,139,47,96
543,139,47,96
543,140,46,95
542,141,47,94
542,140,47,94
542,140,46,94
542,140,46,93
541,141,46,94
541,141,46,94
540,139,47,94
540,142,47,94
539,141,47,94
539,143,47,94
539,145,47,94
539,145,47,95
539,146,47,94
538,147,48,94
538,147,48,94
538,148,48,94
539,147,48,94
539,149,48,93
539,150,47,93
539,150,47,93
542,153,47,94
540,152,45,94
538,151,46,94
537,150,45,94
535,149,46,95
534,150,46,96
534,149,46,97
533,151,46,97
532,151,47,98
531,152,48,99
531,153,48,99
530,153,48,99
530,154,48,100
529,155,48,100
529,155,48,100
529,157,48,99
529,158,47,99
529,159,47,100
528,161,48,100
528,162,47,99
528,164,47,99
527,164,47,99
527,166,47,99
525,168,47,98
524,168,47,97
523,169,47,96
522,169,46,96
521,170,46,96
520,171,46,96
520,172,46,95
519,173,46,95
514,173,45,95
516,175,45,95
516,178,45,94
514,178,46,95
513,179,45,95
511,180,46,95
510,181,46,95
509,181,46,95
508,182,46,96
507,183,47,96
510,186,47,96
507,185,47,96
510,188,47,96
507,187,47,96
510,190,47,97
506,189,47,97
504,189,47,96
506,193,47,96
508,195,47,97
504,194,47,96
502,194,48,96
501,194,48,96
500,194,48,97
504,196,47,97
500,197,47,96
498,197,48,98
498,197,47,98
501,200,47,99
498,199,47,99
498,199,47,99
497,199,47,99
496,198,47,99
495,199,47,99
493,200,47,98
492,200,47,98
492,200,47,99
491,202,48,98
491,205,48,98
494,209,48,98
491,207,48,98
489,205,48,98
487,205,48,98
485,205,48,99
484,206,47,98
483,207,47,98
477,208,48,98
478,208,47,97
478,208,47,98
476,209,47,98
475,209,47,98
474,210,47,97
473,211,47,97
472,212,46,96
475,217,46,96
471,216,46,96
473,219,46,96
470,216,46,97
468,216,47,96
467,220,47,95
466,219,47,95
466,218,47,95
465,219,47,94
464,218,47,94
463,219,47,94
461,224,47,93
460,222,47,93
459,225,47,93
457,228,48,92
455,228,48,93
453,226,48,93
452,227,47,93
450,228,48,92
449,227,48,92
448,228,48,93
447,227,48,94
445,228,49,94
445,228,48,96
438,225,49,97
440,228,49,98
441,228,49,100
441,228,48,101
440,229,48,100
439,227,48,101
438,226,47,101
437,226,47,101
436,226,47,100
434,226,48,100
433,226,47,99
432,227,47,98
430,227,47,98
429,226,47,99
424,227,48,99
425,225,47,100
424,227,49,101
423,228,49,100
422,228,49,100
420,228,50,101
419,227,49,101
418,228,49,100
417,228,49,101
415,229,50,100
414,230,50,99
413,230,50,99
412,230,50,99
410,230,50,98
409,231,51,97
409,231,50,97
408,231,50,96
407,230,51,97
406,230,51,95
405,229,52,95
404,228,52,95
403,228,51,95
403,226,51,96
402,225,51,96
401,223,51,96
400,223,51,96
399,223,50,96
398,222,50,96
396,221,51,96
395,219,50,97
393,218,49,97
392,217,48,97
390,216,48,97
388,216,48,97
388,215,47,97
387,215,47,97
386,215,47,97
386,214,47,98
388,213,48,99
392,211,48,100
397,207,48,101
404,204,48,102
416,202,49,102
423,199,49,102
437,196,48,103
444,194,48,102
459,193,48,101
471,189,49,101
484,186,48,100
497,184,47,99
509,182,47,98
522,184,48,98
536,183,48,97
549,182,48,96
562,181,48,96
576,179,48,95
589,179,48,95
603,178,47,95
616,177,47,96
629,176,47,95
640,176,47,95
646,176,46,95
653,175,46,95
659,175,47,95
665,175,47,95
671,175,46,95
675,175,47,95
679,176,47,94
682,177,47,94
684,177,48,94
685,178,48,93
685,177,48,93
685,177,47,92
685,177,48,92
684,178,48,92
684,177,47,93
682,178,48,91
681,177,47,92
679,178,48,91
678,177,47,91
676,176,47,91
670,173,47,91
670,173,48,91
670,174,47,90
668,174,48,90
666,174,47,89
664,173,47,90
662,173,47,89
661,173,46,88
659,172,46,90
657,172,47,89
651,169,46,89
645,169,47,90
647,170,47,91
642,169,46,90
643,169,47,91
642,168,46,90
639,168,47,90
637,168,47,90
634,168,48,90
628,167,48,91
629,167,47,92
629,167,47,93
629,165,48,94
629,166,48,93
628,167,48,93
628,167,48,93
628,167,48,93
629,166,48,93
628,166,48,94
629,164,48,94
633,165,48,95
632,165,48,94
636,166,48,94
635,166,47,93
638,167,47,92
632,165,48,92
632,165,48,91
634,165,47,90
635,165,47,89
636,166,47,89
637,166,47,88
639,166,46,88
640,167,46,87
641,166,46,87
637,165,46,87
640,165,46,88
641,166,47,87
637,165,47,88
641,166,46,87
642,165,47,88
643,166,47,88
644,166,46,88
644,165,46,89
648,167,46,89
651,167,46,89
649,167,45,89
642,164,46,89
643,164,46,87
643,163,46,87
644,163,45,86
644,163,44,86
644,164,44,85
643,161,43,84
642,159,43,83
642,162,42,84
642,164,42,84
642,164,42,85
642,165,42,86
641,164,43,86
640,165,44,87
639,165,44,86
639,166,44,87
639,166,44,88
640,166,44,89
640,165,44,90
640,166,44,90
641,166,43,91
641,166,44,91
642,166,43,91
647,168,44,90
646,167,43,91
646,167,42,90
647,167,42,90
649,168,41,89
653,170,41,88
652,170,41,88
652,169,39,88
647,168,40,88
649,169,40,89
652,169,39,89
654,170,39,89
656,171,39,88
657,172,39,89
659,172,39,89
660,172,40,90
661,173,40,90
663,172,40,90
665,173,40,90
666,173,40,90
668,174,40,90
669,174,40,90
675,177,39,89
675,175,39,89
675,176,39,87
676,175,38,87
679,178,37,86
675,176,38,87
679,178,37,87
676,178,37,88
679,180,38,88
676,178,38,89
680,178,37,90
681,178,38,90
682,178,38,91
683,181,38,90
683,181,38,90
683,181,38,90
684,181,38,90
684,182,39,90
684,182,39,90
685,183,39,90
686,184,38,90
686,185,39,90
687,186,39,89
688,187,38,89
689,186,38,90
690,187,38,89
687,187,37,89
689,184,37,88
692,188,37,87
694,190,36,87
696,191,36,86
696,191,37,85
697,192,37,85
698,193,36,85
698,194,37,85
699,194,36,85
700,195,36,84
700,196,37,85
701,195,37,86
705,198,38,86
704,199,37,86
703,199,38,87
703,198,39,87
703,198,39,87
703,197,39,89
703,195,39,89
707,198,39,89
705,199,39,88
703,200,39,89
702,200,39,88
703,200,39,89
702,201,39,88
702,201,39,87
701,202,39,87
702,206,38,87
702,208,38,87
701,209,39,87
701,206,39,88
699,205,40,88
697,205,40,88
695,205,40,87
693,204,40,88
692,204,39,88
691,205,40,87
684,206,40,87
685,207,39,86
685,208,40,86
685,210,40,86
688,212,40,86
686,211,40,86
684,211,40,85
682,207,40,86
680,209,40,86
679,212,40,86
678,213,40,85
678,213,40,86
677,213,40,85
677,213,39,85
677,215,39,85
676,213,39,86
675,212,38,86
674,213,39,87
672,212,39,88
671,211,38,88
669,210,38,88
667,210,38,88
665,214,38,88
664,214,39,88
663,212,38,89
661,212,38,89
655,212,38,90
655,212,39,90
655,211,38,90
655,209,37,92
654,211,38,92
654,211,38,91
654,211,37,92
647,209,38,90
648,209,37,90
649,209,36,89
650,211,37,89
645,209,37,88
652,209,36,89
651,210,36,90
651,212,36,92
651,213,36,93
649,210,37,93
645,206,37,94
643,207,37,94
641,209,37,94
639,208,37,94
637,207,37,94
635,208,37,93
633,210,38,93
631,211,37,91
628,212,37,91
625,212,38,90
623,211,38,91
621,214,38,91
618,213,37,91
616,216,37,91
613,214,38,91
607,213,37,91
606,214,37,91
605,215,37,90
604,214,37,91
603,214,36,91
601,215,36,91
599,215,37,91
596,216,37,90
594,217,37,90
592,218,37,90
590,214,37,91
589,215,37,92
587,217,38,91
586,219,38,90
586,220,37,90
585,219,37,91
588,220,37,90
585,221,37,89
586,222,37,90
587,223,36,89
587,220,36,90
591,220,37,90
590,224,37,91
594,224,37,91
591,223,37,92
596,227,37,93
595,228,38,94
594,224,38,95
594,222,38,96
594,222,38,96
594,222,39,97
595,223,39,97
596,225,39,96
596,225,40,97
597,226,40,97
597,227,40,97
598,228,39,98
598,230,39,97
598,231,39,98
598,232,38,97
597,233,39,97
597,234,39,97
597,235,39,97
597,236,38,97
596,237,38,97
595,237,38,98
593,237,39,98
592,237,39,99
590,238,40,98
590,242,39,97
588,241,40,96
586,241,39,94
584,243,41,94
586,246,42,95
582,243,42,94
580,241,41,93
574,243,42,93
574,244,42,93
573,244,42,94
573,244,43,94
577,244,42,94
573,243,42,95
573,245,42,95
572,246,42,95
572,247,42,96
576,245,43,96
573,246,44,97
572,245,44,98
572,243,44,98
572,241,44,98
577,237,44,98
574,234,45,99
574,232,45,99
576,230,44,99
577,229,45,99
580,228,44,99
582,227,44,99
586,227,43,98
589,226,43,98
592,225,43,97
595,225,43,95
599,223,42,95
602,222,42,95
605,222,42,94
609,221,42,94
613,220,42,94
618,218,42,94
622,217,42,95
626,216,42,97
630,215,43,98
634,214,43,98
637,213,44,99
641,214,44,99
643,210,44,99
646,212,45,99
649,214,45,98
652,214,45,98
654,214,46,98
656,213,46,98
658,213,46,98
661,212,46,99
662,212,46,98
663,210,47,99
664,209,46,100
665,209,45,100
662,207,46,101
660,205,47,101
664,206,47,100
666,207,48,99
668,207,48,97
670,206,47,97
665,206,47,95
667,208,47,95
668,207,46,95
667,208,47,94
672,208,46,95
667,206,46,95
669,206,47,94
671,207,46,93
673,207,46,93
676,207,46,94
679,207,46,94
682,206,45,94
685,205,45,94
690,205,45,94
690,206,45,94
693,206,46,94
691,203,46,95
695,202,46,95
698,201,45,96
698,199,45,96
700,197,46,98
702,197,46,99
703,192,47,99
707,192,47,99
710,193,48,99
714,192,48,100
718,192,47,101
722,191,48,102
726,191,48,102
729,189,49,102
731,189,50,102
736,187,50,102
739,187,50,101
742,186,51,101
746,185,51,101
749,184,51,101
753,184,51,101
756,184,51,101
759,184,51,100
761,183,51,99
763,182,51,99
765,183,51,98
767,182,51,98
770,182,51,98
771,181,51,98
773,182,52,97
774,182,52,97
775,182,53,97
776,183,53,97
776,183,54,97
776,181,54,97
777,180,53,98
777,179,54,99
772,175,54,99
774,174,53,99
773,174,54,98
768,171,54,98
768,171,54,98
768,170,54,97
767,168,54,98
764,168,55,97
762,167,55,98
760,165,56,98
758,164,56,98
756,165,56,98
755,165,56,99
754,165,55,100
753,163,55,102
752,162,55,102
751,161,57,104
752,159,57,104
752,156,57,105
752,155,57,105
751,154,58,104
751,153,57,104
750,152,57,102
748,151,58,102
747,151,57,100
745,150,57,98
744,150,56,97
743,149,55,97
741,149,55,95
739,149,55,95
737,149,54,95
734,149,55,95
732,150,55,94
730,150,56,95
729,150,56,96
728,150,56,96
727,149,56,97
726,148,56,97
725,146,55,97
724,145,55,96
721,143,57,96
720,143,56,95
718,143,57,95
716,143,57,94
715,142,56,94
712,141,58,94
710,140,58,94
709,139,57,94
707,139,58,93
706,140,57,94
706,142,57,94
704,141,57,95
704,143,57,95
703,141,57,96
701,140,57,97
701,143,57,97
701,139,57,98
699,138,57,99
699,136,56,99
698,134,57,100
697,133,57,99
697,131,56,99
695,130,56,98
694,130,56,97
692,130,56,97
692,129,55,96
690,129,55,95
688,128,55,95
687,128,54,95
685,128,54,96
683,129,54,96
682,130,54,96
681,130,53,97
680,131,53,97
679,132,53,96
677,132,54,96
677,132,54,97
676,132,54,97
675,132,54,98
673,131,54,98
672,131,54,97
670,131,54,97
668,130,54,96
667,129,54,96
665,129,54,96
663,129,54,95
660,129,55,95
658,131,55,94
658,130,54,94
657,130,54,94
655,131,54,94
654,131,54,93
652,131,54,94
651,132,54,94
648,132,54,95
647,134,55,95
646,134,55,96
645,135,55,96
644,134,56,97
643,134,55,96
642,132,56,97
641,132,56,97
640,132,56,96
639,131,55,96
638,131,55,95
636,130,55,94
635,131,54,93
634,130,54,92
633,130,53,91
632,130,52,90
631,130,52,90
628,131,52,89
627,130,52,90
625,130,52,89
625,134,51,89
623,132,52,90
620,131,52,90
619,130,52,89
617,130,51,89
615,130,51,89
613,128,50,89
612,128,50,89
610,127,50,89
607,127,50,89
606,127,50,88
604,126,50,88
602,125,51,88
600,124,51,89
597,124,52,88
595,123,52,89
592,123,52,89
591,123,52,90
589,123,52,90
588,123,51,90
586,123,52,91
585,122,52,92
584,122,52,92
581,121,53,93
581,120,52,93
580,119,52,93
579,118,51,94
577,117,52,94
576,118,52,93
575,118,51,93
576,117,50,94
575,118,50,92
576,118,49,92
577,117,49,91
577,117,49,90
578,117,48,89
586,117,47,89
586,117,47,89
589,116,46,89
596,118,47,88
598,117,47,88
607,118,46,89
609,117,46,89
618,117,46,89
623,117,46,89
626,115,46,89
635,115,45,89
638,113,45,89
645,114,46,88
652,114,46,89
653,114,46,89
657,113,47,89
661,112,47,90
669,113,47,90
670,113,48,90
673,112,48,90
675,113,48,89
678,113,48,91
679,114,48,91
680,114,48,92
681,115,48,92
681,115,48,93
682,115,48,93
682,115,49,93
683,115,48,93
683,115,47,93
684,119,48,93
684,116,47,92
682,115,47,92
681,115,47,92
676,114,47,92
677,114,47,91
677,114,46,90
676,113,46,90
676,114,45,88
676,114,44,88
675,115,45,88
675,116,45,88
674,116,45,88
675,116,44,88
675,116,44,89
674,116,46,90
675,115,46,91
676,115,45,91
677,114,46,92
680,112,46,93
682,111,46,93
684,111,47,93
687,110,48,93
690,109,48,93
693,109,49,92
695,108,50,93
698,108,51,94
700,108,52,94
705,108,52,94
707,108,54,95
711,109,54,96
715,109,54,96
718,109,55,97
721,109,56,98
724,110,57,98
728,110,57,99
731,110,57,99
736,110,56,99
740,109,56,100
744,108,56,102
750,111,55,102
754,109,55,102
757,108,55,102
762,107,53,101
764,108,53,101
767,107,52,101
771,107,51,100
774,108,51,99
777,109,50,99
779,110,50,98
781,111,50,98
783,112,49,98
784,114,50,97
786,115,49,97
786,116,50,96
788,117,50,96
789,115,49,97
787,113,49,97
791,113,49,98
794,114,49,97
795,114,50,97
797,114,50,97
799,114,50,97
799,114,50,97
800,114,50,97
800,116,51,96
801,116,51,96
800,117,52,95
800,118,52,94
799,120,52,94
798,121,52,94
796,120,52,95
795,121,52,94
794,121,52,93
791,120,51,93
789,119,51,92
790,122,51,92
789,123,51,91
789,127,51,91
787,125,51,91
786,123,50,91
785,126,50,92
784,123,49,93
783,127,48,94
779,125,49,93
