385,460,17,47
383,459,17,47
383,460,17,46
382,459,17,47
382,459,17,46
382,459,17,47
381,459,18,47
381,460,17,46
380,460,17,46
379,461,18,46
379,460,17,46
378,460,18,46
377,460,18,46
377,459,17,46
376,459,18,46
377,459,18,45
376,459,18,45
376,459,17,45
375,459,17,44
375,459,17,44
374,459,17,44
374,458,17,44
373,458,17,44
373,458,17,44
373,458,16,44
372,459,17,43
372,459,17,43
372,459,17,43
371,458,17,43
371,458,17,43
371,457,16,44
372,459,16,42
371,458,17,43
371,458,16,42
372,458,16,42
372,457,16,43
372,457,16,43
372,457,17,42
373,456,16,43
372,456,16,43
371,456,17,43
372,456,17,43
373,457,16,42
373,457,17,42
374,455,17,43
375,456,16,42
375,456,16,42
375,456,17,43
376,455,16,43
378,455,16,42
379,455,16,43
378,455,15,42
377,455,15,42
378,454,16,42
380,455,15,42
379,454,15,42
378,454,16,42
379,454,16,43
379,453,16,43
380,453,16,44
381,453,16,43
381,453,16,43
381,453,16,43
383,452,16,43
384,452,16,42
385,453,15,42
385,453,15,42
384,453,15,41
386,452,15,41
388,451,15,41
390,451,15,41
389,451,15,41
391,450,15,41
392,451,15,40
394,450,15,40
392,451,16,40
394,450,15,40
395,450,16,40
397,450,15,40
399,450,16,39
401,449,15,39
401,450,15,39
402,449,15,39
403,448,15,39
404,449,15,39
405,448,15,39
404,448,14,39
406,448,14,39
408,447,14,39
409,447,15,39
410,447,15,39
411,447,16,39
412,446,16,39
414,445,15,38
415,445,16,39
417,445,15,38
418,445,15,38
420,444,15,38
421,444,15,38
423,443,15,38
424,442,15,38
425,442,15,38
427,441,15,38
429,441,15,38
431,440,14,38
434,440,15,38
434,440,15,38
436,440,14,38
437,440,15,38
439,440,15,38
441,439,15,39
441,438,16,39
443,438,16,39
445,437,16,39
447,437,16,38
450,436,15,39
451,437,15,38
452,436,16,38
454,436,15,38
456,436,15,38
458,435,15,38
459,435,15,38
461,435,15,38
465,435,15,37
466,436,15,38
467,434,15,38
468,435,15,38
469,433,15,39
473,432,16,40
477,432,16,40
480,431,16,40
480,431,16,41
482,431,16,40
484,430,16,40
488,428,16,41
492,429,16,40
492,430,16,39
493,429,16,40
495,429,16,40
499,429,17,40
503,428,16,40
503,428,17,40
504,430,17,40
506,428,16,40
511,428,16,41
515,428,16,40
515,428,17,40
517,428,16,40
521,427,17,40
523,427,16,40
528,427,16,40
528,427,15,40
529,427,16,39
531,427,16,38
533,426,16,39
538,425,15,38
539,426,16,38
541,426,15,37
545,426,16,37
549,426,15,37
550,426,15,38
551,426,15,38
552,425,16,38
557,425,15,38
558,424,15,39
563,424,15,39
563,424,15,39
564,424,16,38
569,423,15,38
570,422,15,38
574,423,15,38
575,422,15,39
577,421,15,39
581,421,15,39
583,421,15,38
588,421,14,38
589,420,14,38
590,421,15,37
592,421,15,36
596,420,15,36
598,420,15,37
600,421,14,36
601,420,15,37
606,420,14,36
607,420,15,36
612,420,14,36
610,420,15,36
615,420,14,35
616,420,14,34
621,419,13,34
622,419,14,34
624,419,13,34
627,419,13,34
628,419,14,33
632,419,14,34
636,418,14,33
636,419,14,33
637,418,15,33
642,417,14,33
