531,255,88,37
532,254,88,37
537,254,88,37
544,252,88,37
551,247,87,36
554,243,87,36
554,241,87,35
555,234,86,35
556,235,86,34
554,232,84,34
553,229,84,34
554,225,85,34
549,218,85,33
547,214,84,33
543,210,82,32
539,207,81,31
534,204,80,30
527,196,77,31
525,197,76,29
520,190,75,29
510,183,75,29
504,176,75,28
494,168,74,28
486,162,73,28
475,155,73,29
465,149,72,29
456,143,72,29
455,148,71,28
447,141,70,29
444,139,69,29
439,133,69,29
434,129,67,29
431,130,68,29
430,130,67,30
432,131,66,29
435,132,65,30
436,135,65,29
437,136,65,30
439,141,64,30
437,143,64,30
441,145,63,30
443,147,63,30
441,153,62,31
443,159,61,31
441,161,61,30
445,163,58,31
445,164,57,32
448,165,56,32
450,170,54,32
448,167,54,32
446,169,53,32
444,172,53,32
447,174,52,32
445,179,51,33
445,184,50,33
442,180,49,33
441,181,49,33
437,183,49,33
438,188,48,33
434,189,47,32
430,190,48,33
428,191,47,33
424,196,47,33
421,197,47,33
418,202,46,33
415,208,46,33
416,209,46,33
417,215,45,33
417,220,46,33
419,226,46,32
421,236,46,33
422,246,46,32
428,252,45,33
429,262,45,33
431,273,46,32
435,273,46,33
436,279,46,34
437,286,46,34
437,298,47,34
437,303,47,34
436,308,46,34
437,314,46,35
435,320,47,34
435,322,47,34
432,328,47,34
429,329,47,35
422,331,48,34
418,336,49,35
410,338,49,35
408,338,49,36
400,340,50,35
390,345,52,35
385,346,52,35
380,348,52,33
377,350,52,32
373,351,53,32
369,353,53,31
366,354,52,31
356,354,54,31
346,354,54,29
343,352,54,29
340,346,54,28
336,340,55,27
332,334,55,27
332,334,54,27
329,331,55,27
329,323,54,26
329,315,54,26
333,307,54,26
333,298,53,26
334,290,53,26
335,283,53,26
338,276,52,25
339,274,52,25
341,267,52,25
340,257,52,24
343,250,51,23
344,239,51,23
344,232,51,23
344,224,51,22
342,216,51,23
340,209,51,22
339,201,51,23
338,201,51,22
336,197,51,22
333,191,51,22
332,188,51,22
329,181,51,22
326,176,51,22
323,174,51,22
322,171,51,22
319,165,51,22
318,165,51,22
318,162,51,22
317,160,51,22
316,158,51,21
316,156,50,21
315,150,50,21
314,147,49,21
312,142,48,21
309,135,49,22
304,126,49,22
304,126,48,21
300,119,48,21
297,113,48,21
293,109,48,22
287,102,48,22
283,97,48,21
279,92,47,21
277,87,47,21
275,85,47,21
276,80,47,21
277,79,46,21
273,76,46,20
269,72,45,21
269,70,45,21
266,66,45,20
265,66,44,20
261,66,45,20
259,66,45,21
258,68,44,20
258,68,44,21
258,72,44,21
257,74,43,21
255,76,44,21
254,78,44,21
254,83,43,21
253,88,43,21
253,90,44,22
252,96,44,21
251,101,44,21
250,101,44,21
248,103,44,21
249,108,44,21
248,109,44,21
250,112,44,21
252,118,43,21
251,123,43,22
249,129,43,21
250,134,43,21
252,135,42,21
253,139,42,21
256,140,43,21
259,141,42,21
261,142,42,21
261,142,42,21
264,142,42,21
265,142,42,20
268,142,41,21
267,142,42,20
269,142,42,20
273,144,42,21
274,142,43,20
274,142,42,21
275,142,42,20
275,142,43,20
276,142,43,21
278,143,43,20
281,143,43,20
282,144,43,19
284,145,42,19
283,146,42,20
284,146,43,20
286,147,43,20
288,149,42,19
291,150,42,19
292,150,42,19
296,152,43,19
296,154,44,20
296,154,45,20
297,155,45,20
298,156,45,19
298,158,45,19
297,158,47,19
297,159,47,19
297,159,47,19
295,159,46,19
297,160,46,18
297,160,46,19
297,160,46,19
298,160,47,19
340,138,47,19
298,158,47,18
302,158,47,18
305,154,47,19
305,154,47,19
305,154,47,19
310,147,48,19
309,147,47,20
305,149,48,20
309,148,47,20
309,148,47,20
309,148,47,20
444,123,48,20
311,157,49,20
282,154,48,20
278,155,49,20
278,156,49,20
272,157,49,20
268,158,49,20
260,159,48,20
260,159,48,21
255,160,48,21
324,155,47,21
320,152,48,20
240,161,48,20
234,161,48,21
233,162,48,20
227,162,48,21
319,141,49,21
218,160,48,20
213,157,49,21
210,158,48,21
204,158,49,22
200,159,48,21
315,134,49,21
315,134,49,21
314,134,51,21
184,166,51,21
184,166,51,21
179,170,51,22
169,171,51,22
168,171,52,23
162,172,53,23
162,169,52,23
162,169,52,23
162,169,52,23
157,170,53,22
153,171,52,23
153,171,52,23
149,172,51,23
138,172,52,24
138,172,52,24
138,172,52,24
297,126,53,23
301,127,52,23
300,128,53,22
375,316,53,23
372,320,51,23
372,326,51,23
375,331,51,23
375,341,52,23
376,347,51,23
371,353,51,23
568,220,51,23
568,220,50,23
372,369,50,22
375,378,50,22
371,382,51,22
379,388,51,22
377,396,51,22
374,404,51,22
375,410,51,22
370,416,51,22
373,425,53,22
372,425,54,22
368,430,53,22
379,433,54,22
378,438,55,21
378,438,55,21
378,438,55,21
553,405,54,23
614,268,54,23
554,419,54,23
555,419,54,23
555,419,54,23
555,419,54,23
574,432,54,24
574,432,54,24
639,275,53,24
639,275,53,24
644,280,53,23
650,279,52,24
655,281,51,23
654,281,51,24
657,285,51,24
657,285,51,24
609,157,53,24
609,157,53,24
609,157,53,24
609,157,53,24
609,157,53,24
616,162,54,23
618,162,56,23
618,162,56,23
618,162,56,23
620,167,56,23
623,167,58,24
623,167,58,24
627,168,58,24
627,168,58,24
630,173,60,24
630,173,60,24
630,173,60,24
630,173,60,24
630,173,60,24
630,173,60,24
639,193,61,24
643,193,63,24
643,193,63,24
643,193,63,24
643,193,63,24
643,193,63,24
643,193,63,24
643,193,63,24
643,193,63,24
643,193,63,24
643,193,63,24
643,193,63,24
643,193,63,24
643,193,63,24
643,193,63,24
643,193,63,24
643,193,63,24
643,193,63,24
643,193,63,24
643,193,63,24
643,193,63,24
643,193,63,24
643,193,63,24
643,193,63,24
643,193,63,24
643,193,63,24
643,193,63,24
643,193,63,24
643,193,63,24
643,193,63,24
643,193,63,24
643,193,63,24
643,193,63,24
643,193,63,24
643,193,63,24
643,193,63,24
643,193,63,24
643,193,63,24
643,193,63,24
643,193,63,24
643,193,63,24
643,193,63,24
643,193,63,24
643,193,63,24
643,193,63,24
643,193,63,24
409,184,62,24
409,184,62,24
394,188,62,25
394,188,62,25
394,188,62,25
394,188,62,25
406,195,63,24
437,195,65,23
398,194,66,24
395,194,67,24
403,198,68,25
415,198,69,24
391,198,70,24
410,199,70,24
404,200,71,25
398,204,72,25
400,205,73,25
396,205,75,26
408,207,75,25
388,207,74,26
397,208,76,26
384,214,77,26
398,214,76,25
403,214,77,25
409,215,77,25
401,216,76,25
399,216,76,25
390,221,77,25
396,221,76,25
398,222,76,25
398,223,76,25
394,225,77,24
393,226,77,25
393,227,77,25
393,227,77,25
390,227,79,26
389,228,79,26
388,227,79,26
386,228,80,26
387,228,80,26
384,230,80,26
383,233,80,26
382,234,80,27
380,234,79,27
378,235,78,26
376,236,78,26
377,237,77,26
375,238,76,27
373,239,76,26
374,239,75,26
373,239,74,27
372,239,73,26
374,239,73,27
375,240,73,26
377,240,73,26
378,239,73,27
376,238,72,27
376,237,72,28
376,236,73,27
375,235,72,28
373,235,72,28
372,235,71,28
371,235,70,27
369,234,70,28
367,233,69,28
367,233,69,27
364,232,69,27
362,231,69,28
354,230,68,28
351,225,68,28
347,224,68,28
342,224,69,28
334,223,68,28
330,222,69,29
328,222,71,30
326,222,70,30
324,227,71,31
323,228,71,31
323,229,73,31
324,230,74,32
328,230,75,32
330,230,76,31
332,228,75,33
334,227,75,34
334,226,76,34
339,225,77,34
338,226,77,34
344,226,76,34
344,226,75,34
340,225,76,35
337,224,77,34
335,221,78,34
335,218,77,34
334,218,78,33
332,215,79,33
330,212,79,33
328,210,78,33
330,208,78,33
325,206,79,33
322,205,78,32
310,209,79,32
306,209,80,31
312,202,80,32
311,203,80,31
309,203,80,30
301,202,80,31
304,202,80,30
301,201,81,30
299,202,82,30
299,203,81,29
299,204,81,29
299,203,81,30
299,203,81,30
299,202,81,30
306,201,80,29
305,200,80,29
303,199,80,29
301,198,80,28
295,192,79,28
292,191,78,28
284,189,77,27
282,187,76,27
281,187,75,27
279,188,74,26
276,189,74,26
274,189,73,26
275,187,72,26
274,187,70,26
274,187,70,25
273,187,70,26
274,186,70,26
274,186,70,25
275,187,70,24
277,186,69,25
283,188,68,24
286,188,68,24
287,188,67,24
290,190,68,24
293,190,67,24
296,189,67,24
298,189,67,24
299,190,67,23
301,188,68,24
305,187,68,24
310,185,68,24
312,180,68,24
312,178,68,24
315,173,69,25
315,170,68,25
312,165,69,25
311,166,68,24
310,163,68,25
309,161,68,25
306,161,68,24
303,160,68,25
299,160,68,24
294,157,68,24
290,156,67,24
288,156,67,24
288,156,67,24
288,155,65,25
290,154,65,25
291,150,64,24
294,150,64,24
299,146,63,24
301,145,63,25
304,143,63,25
305,143,63,24
308,143,63,25
311,140,63,25
311,140,63,25
316,140,63,25
318,139,64,25
321,134,63,25
325,133,63,26
328,130,63,25
332,129,62,26
335,124,62,25
337,120,62,25
338,120,62,25
339,114,63,25
342,109,62,25
343,108,61,25
345,103,62,25
346,98,61,26
345,97,60,25
344,95,60,26
346,90,60,25
345,89,60,25
345,88,60,25
346,86,59,26
346,82,59,25
348,81,59,25
346,76,59,25
346,75,60,25
344,75,60,25
341,74,61,25
339,74,61,25
338,74,62,25
337,73,61,25
335,67,61,26
331,67,63,26
331,62,62,26
326,62,62,26
324,58,61,26
317,58,62,25
314,54,61,25
314,49,61,26
314,49,60,26
313,49,61,27
287,50,61,27
295,55,61,27
286,55,62,27
294,50,62,27
441,78,63,27
653,167,63,26
657,172,62,26
659,172,61,27
637,269,60,28
659,307,60,28
664,286,58,28
616,249,59,27
567,119,59,26
652,263,59,27
661,274,59,27
671,284,57,27
622,132,57,27
476,89,58,26
476,89,58,26
565,110,59,26
660,277,58,27
494,83,58,26
536,89,59,25
585,99,60,26
575,88,60,26
599,94,61,26
598,94,60,26
497,58,60,25
633,100,60,25
533,59,60,24
533,59,60,24
502,156,59,25
382,298,59,26
314,174,59,26
314,174,59,26
314,174,59,26
314,174,59,26
349,306,59,25
345,312,58,25
478,223,57,26
612,68,57,26
482,29,58,25
579,248,57,26
625,86,57,25
579,69,57,26
574,69,57,25
574,69,57,25
478,237,57,25
585,88,57,25
474,260,57,25
575,330,56,25
467,291,55,25
357,301,57,25
559,126,57,24
345,321,56,24
344,322,56,24
344,322,56,24
344,322,56,24
311,346,55,24
421,357,54,24
602,171,55,24
603,176,55,25
603,180,54,25
667,214,54,25
568,171,53,24
607,188,53,25
607,188,53,25
598,193,53,24
668,231,53,25
611,202,52,25
573,186,53,25
574,187,52,25
667,238,52,25
574,191,52,24
571,190,52,24
572,190,52,24
576,190,52,24
672,246,51,24
586,194,50,24
627,216,50,25
674,253,50,25
598,201,49,25
678,260,48,25
599,200,47,26
600,200,47,26
583,192,47,25
603,201,47,25
605,201,47,25
610,205,47,26
603,200,46,26
603,200,46,26
612,208,46,26
604,203,46,26
601,202,46,26
607,206,46,26
609,205,46,27
607,204,45,27
475,127,43,28
610,206,43,27
607,205,43,28
482,133,42,28
486,246,40,29
607,203,40,31
618,209,39,31
489,251,39,31
614,202,38,32
482,127,38,32
616,203,37,33
480,126,37,33
476,121,37,33
477,124,36,33
478,127,35,33
478,125,36,35
417,218,36,35
372,209,35,34
486,252,35,34
468,121,36,34
464,123,36,34
461,121,36,34
597,173,37,33
685,240,37,33
686,231,37,33
686,229,37,33
685,227,37,33
685,220,37,33
685,218,36,33
688,214,36,32
687,210,36,33
686,207,35,33
684,200,36,32
687,198,35,32
685,197,36,31
685,195,35,31
685,189,35,30
685,190,35,31
684,188,35,30
685,190,34,30
684,189,35,29
683,186,35,30
685,184,35,29
685,184,35,29
572,135,36,29
679,183,36,28
685,185,35,28
683,187,36,28
672,182,36,29
680,187,37,28
676,187,37,28
672,190,37,28
675,196,37,28
499,344,36,28
498,344,37,28
503,351,36,28
508,356,36,28
581,351,35,29
666,206,37,28
526,378,37,29
531,386,37,29
675,216,37,28
542,396,37,28
542,396,37,28
473,413,37,28
550,405,37,29
405,414,36,28
412,417,36,28
570,413,36,28
573,416,36,29
576,422,36,29
576,422,36,29
429,439,36,29
429,439,36,29
416,443,36,28
267,364,35,29
267,364,35,29
333,417,36,31
323,425,36,31
318,428,36,31
195,346,36,31
182,345,36,33
181,345,36,33
181,345,36,33
181,345,36,33
181,345,36,33
138,353,36,33
120,357,37,33
120,357,37,33
130,347,36,34
130,347,36,34
130,347,36,34
130,347,36,34
130,347,36,34
287,168,38,32
363,73,39,32
527,259,39,31
382,214,39,31
493,30,39,31
487,26,40,31
478,25,40,32
478,25,41,32
472,25,40,32
468,22,40,32
467,23,40,33
466,23,40,33
464,28,40,33
464,28,39,33
464,28,40,34
594,193,39,34
465,25,40,34
465,25,39,34
326,208,40,34
329,209,40,32
325,211,40,32
318,211,41,31
445,30,40,31
568,192,40,33
428,21,40,33
422,18,39,32
421,18,39,33
335,117,39,32
331,119,40,33
399,20,40,33
396,140,39,33
397,143,39,34
330,133,39,33
386,19,39,34
410,153,39,34
416,154,39,35
418,155,38,35
427,157,39,35
433,162,39,36
