344,236,8,6
336,234,10,10
332,233,10,10
325,232,10,10
320,233,10,10
313,235,10,10
307,235,10,10
303,236,10,10
295,235,10,10
280,264,10,10
298,306,10,10
271,272,10,10
292,309,10,10
291,306,10,10
289,308,10,10
242,273,11,10
242,273,11,10
248,240,10,10
244,240,10,10
242,240,10,10
240,236,10,10
240,235,10,10
240,234,10,10
244,232,10,10
247,230,10,10
248,227,11,10
253,229,10,10
256,227,11,10
261,226,10,10
264,225,11,10
264,225,11,10
230,234,11,10
280,231,10,10
319,257,11,10
321,255,11,10
324,272,11,10
352,272,11,10
358,273,11,10
364,274,11,10
371,274,11,10
378,273,11,10
376,274,11,10
376,274,11,10
344,229,11,10
293,193,11,10
295,183,11,10
290,172,11,10
290,172,11,10
301,186,12,10
306,178,11,10
306,178,11,10
303,136,12,10
257,103,12,10
278,49,11,10
288,-3,12,9
288,-3,12,9
288,-3,12,9
288,-3,12,9
288,-3,12,9
288,-3,12,9
288,-3,12,9
288,-3,12,9
288,-3,12,9
288,-3,12,9
288,-3,12,9
288,-3,12,9
288,-3,12,9
230,16,12,10
198,19,12,10
201,23,11,10
205,30,12,10
208,33,12,10
208,33,12,10
195,33,11,10
164,40,11,10
164,40,11,10
164,34,11,10
215,29,11,10
215,29,11,10
215,29,11,10
199,23,11,10
215,23,11,10
215,23,11,10
199,20,11,10
214,22,11,10
214,22,11,10
214,23,11,10
214,23,11,10
199,18,11,10
256,28,11,10
223,21,11,10
264,28,11,10
233,18,11,10
217,17,11,10
238,23,11,10
192,25,11,10
192,25,11,10
243,25,11,10
242,25,10,10
189,28,10,10
185,28,10,10
231,25,10,10
263,34,10,10
217,26,11,10
207,30,11,10
197,33,10,10
197,33,10,10
176,32,11,10
189,35,10,10
189,35,10,10
168,31,11,10
183,29,11,10
130,41,11,10
96,24,11,10
97,26,11,10
134,47,10,10
183,35,11,10
179,38,11,10
176,39,11,10
176,39,11,10
176,39,11,10
176,39,11,10
176,39,11,10
176,39,11,10
144,45,11,10
146,41,10,10
146,41,10,10
118,49,11,10
86,28,11,10
128,44,10,10
136,42,10,10
177,28,10,10
205,28,11,10
