565,61,19,33
570,67,19,33
577,75,18,33
583,80,18,32
586,85,18,32
591,90,17,31
593,94,18,31
598,98,17,31
599,102,17,30
603,106,17,30
606,111,17,31
608,115,16,30
610,119,16,30
611,122,17,30
615,125,16,30
620,130,16,30
629,134,15,30
637,139,16,29
648,143,15,30
656,146,15,29
670,153,15,30
678,157,15,29
686,162,15,30
691,167,14,29
696,170,14,29
701,175,14,29
703,178,14,29
705,182,14,28
706,185,14,28
705,188,14,29
705,192,14,28
703,194,14,28
703,196,14,28
702,198,14,28
701,199,14,28
700,201,14,29
698,202,14,28
697,203,13,28
696,203,13,28
694,203,14,28
693,204,14,28
692,203,13,28
691,202,13,28
690,202,14,28
689,201,14,29
688,201,14,28
687,201,14,29
686,200,13,28
685,201,13,28
683,201,14,28
682,200,14,29
681,200,14,28
680,200,14,29
679,199,14,30
677,197,14,30
676,197,14,30
675,196,14,30
673,196,15,30
672,195,14,30
670,195,14,30
668,193,14,31
663,193,15,31
661,192,15,31
658,191,15,31
655,190,15,32
651,189,15,32
648,188,15,32
644,188,16,31
643,188,15,31
640,188,16,32
636,187,15,32
634,186,15,32
631,187,16,32
627,185,16,32
626,185,15,32
622,185,15,31
620,184,15,30
617,184,15,30
616,184,14,30
612,184,15,29
608,183,15,30
607,184,15,30
606,185,14,29
604,183,14,30
600,184,15,28
599,185,14,28
595,183,14,29
594,185,14,27
591,185,14,27
588,185,14,26
584,184,14,27
581,185,14,26
578,185,14,26
575,185,14,26
573,184,13,26
569,183,14,26
566,183,13,25
562,182,13,25
560,183,13,25
557,184,13,24
554,183,13,24
551,183,13,24
547,183,13,23
545,183,12,23
542,183,13,23
539,183,13,22
538,183,13,22
538,182,12,23
538,182,12,22
538,181,12,22
538,181,12,23
538,181,12,23
538,181,12,23
538,180,12,24
539,180,12,23
541,181,12,23
541,181,12,23
541,181,12,23
543,181,12,24
543,181,12,24
545,181,11,24
545,182,12,24
545,182,12,24
545,182,12,24
545,182,12,25
546,183,12,24
546,184,12,24
546,185,12,24
545,186,12,24
546,187,12,23
546,189,12,24
546,190,12,24
546,191,12,24
547,193,12,23
547,194,12,24
547,195,12,24
547,197,12,23
547,199,12,23
548,201,11,23
548,203,12,22
547,204,12,22
548,204,12,23
548,205,12,22
549,206,12,23
550,206,11,22
551,207,11,22
552,207,11,22
553,207,11,23
554,208,11,22
555,208,12,22
559,208,11,23
560,208,11,23
561,209,11,22
562,209,11,23
563,210,11,22
564,209,11,23
566,210,11,23
567,211,11,22
568,210,11,24
569,210,11,24
570,211,11,24
571,212,11,23
572,213,11,23
573,213,11,23
574,214,11,23
574,215,11,23
575,215,11,23
576,216,11,23
577,216,10,23
577,217,10,23
577,217,11,23
577,219,11,22
578,219,10,23
578,220,10,22
578,221,11,22
578,222,11,21
578,222,11,22
579,223,11,21
580,223,11,22
581,224,10,21
582,225,10,22
582,225,10,22
582,226,11,22
582,227,11,22
583,228,11,22
584,228,10,22
584,229,11,22
584,230,11,22
585,231,10,22
585,231,11,22
585,232,11,22
586,232,11,22
586,233,11,22
586,234,11,22
586,235,11,22
586,237,11,22
586,237,11,23
586,239,11,22
585,239,11,23
585,240,11,23
585,242,11,22
584,242,11,22
584,243,11,22
584,244,10,22
582,246,11,21
582,246,11,22
581,247,11,22
580,247,11,22
580,249,11,21
578,249,11,22
578,251,11,22
577,252,11,21
576,254,11,21
576,254,11,21
576,256,10,21
574,258,11,21
574,260,10,21
573,260,11,21
572,261,11,21
571,263,11,21
570,264,11,21
569,265,11,21
568,267,11,20
567,268,11,21
565,269,11,21
563,271,11,21
561,272,11,20
560,273,11,20
559,273,10,20
556,275,11,19
554,277,11,19
553,277,11,20
551,279,10,19
549,280,10,19
548,280,11,20
546,281,10,20
545,282,10,20
542,283,11,19
541,283,11,20
538,284,11,20
537,286,11,20
535,286,11,20
532,287,11,20
530,287,12,20
528,288,12,20
526,288,11,20
524,289,11,20
521,290,12,20
519,290,12,21
517,291,11,20
514,292,11,20
511,293,11,20
508,294,11,20
506,294,11,20
503,294,11,21
500,296,11,20
497,296,11,21
495,297,11,20
492,298,11,20
489,299,11,20
485,301,11,20
483,302,11,20
481,303,11,19
479,304,10,19
476,305,11,19
474,307,10,19
471,309,11,19
469,310,11,18
467,311,11,18
465,312,10,19
463,314,10,19
461,314,10,19
460,315,10,19
458,318,11,19
457,318,10,20
454,318,10,20
451,318,11,20
450,318,11,20
449,317,11,21
446,316,11,21
443,314,11,22
441,313,11,21
440,313,11,22
437,310,12,23
437,311,11,22
435,310,11,22
434,310,11,22
433,310,11,22
432,310,11,21
430,310,11,21
430,311,10,21
428,311,10,21
427,312,11,20
427,314,11,20
427,315,10,20
425,316,11,20
425,318,10,19
425,319,10,19
425,320,11,20
424,322,11,19
425,323,11,20
426,325,10,20
425,329,11,19
426,330,10,20
426,334,11,19
427,337,10,19
427,342,11,19
428,344,11,19
429,345,11,19
430,346,11,20
430,349,11,19
430,350,11,19
431,351,11,18
431,353,11,19
432,354,11,19
432,355,11,19
433,356,11,19
434,357,11,20
435,359,11,19
435,358,11,20
436,358,12,20
437,358,11,20
437,359,12,19
438,359,11,20
439,359,11,20
439,359,12,20
439,358,12,21
441,357,12,22
440,357,12,22
440,357,12,21
440,356,12,22
439,356,13,21
440,355,13,21
439,354,13,22
439,354,13,22
438,353,13,22
437,352,13,22
437,351,13,22
436,350,13,23
434,349,13,23
432,348,14,23
431,347,14,23
429,346,14,23
428,345,14,23
426,345,14,24
424,344,14,25
422,345,15,24
419,345,14,25
418,345,14,25
416,345,15,25
413,345,15,25
411,346,15,25
409,346,15,26
407,345,15,26
405,345,15,25
