527,437,19,55
533,436,20,54
537,435,20,53
541,433,19,54
544,432,20,53
548,431,20,53
551,430,20,53
555,429,20,53
557,429,20,52
559,428,20,53
560,426,19,53
560,426,20,53
561,425,19,53
561,424,20,53
561,424,20,52
560,422,20,53
559,421,20,52
559,420,20,52
557,419,20,52
556,419,19,51
553,417,20,52
551,416,20,52
549,416,20,51
546,415,20,52
543,414,20,52
539,413,20,51
536,413,20,51
532,413,21,50
529,412,20,50
526,411,20,50
522,410,21,50
519,408,21,50
517,407,20,50
514,407,20,50
511,406,20,49
505,406,20,49
501,405,20,49
498,404,20,50
494,404,20,49
491,404,20,49
484,403,20,50
479,403,21,50
475,402,20,50
467,401,20,50
463,401,20,49
455,400,20,50
451,400,20,50
446,400,21,50
438,399,21,50
435,399,20,49
427,398,20,50
423,398,20,49
415,397,20,50
411,397,21,50
404,396,20,50
397,395,19,50
393,395,20,50
385,394,20,50
381,394,20,50
374,393,20,50
366,392,20,50
362,392,20,50
359,391,20,51
352,392,19,50
348,392,20,50
341,391,20,50
338,391,20,50
331,389,19,50
328,390,19,50
324,388,20,50
317,388,19,50
314,388,19,50
307,388,19,50
304,387,19,50
300,387,19,50
293,387,19,49
289,386,20,49
286,386,19,49
279,384,19,49
276,385,19,49
269,384,19,49
266,384,19,48
262,384,19,49
259,383,19,48
252,382,19,49
249,383,19,48
246,382,19,48
238,381,19,48
235,381,19,48
232,380,19,48
224,379,19,48
221,380,19,47
214,379,20,48
212,379,19,47
205,378,19,48
198,377,20,48
192,376,19,49
189,376,19,48
186,376,19,48
179,375,20,48
173,374,19,48
169,375,20,47
163,375,19,46
160,374,19,47
154,372,19,47
147,373,19,46
141,371,19,47
138,371,19,47
132,371,19,47
130,371,19,46
123,370,20,47
117,370,19,46
114,369,19,46
108,369,19,46
102,370,19,46
100,368,19,46
98,369,19,46
96,368,19,46
94,368,19,45
93,367,18,46
91,368,19,45
89,367,19,46
87,368,19,45
86,368,19,45
85,366,19,45
83,366,19,45
82,367,19,44
80,367,19,44
78,365,20,43
77,366,19,42
77,365,19,43
77,365,19,42
79,365,18,42
80,365,18,41
81,365,19,41
84,364,18,41
85,365,18,41
90,365,18,40
92,365,18,40
101,364,17,40
106,365,18,39
111,363,18,39
116,364,17,38
121,362,18,39
127,362,17,38
132,361,17,39
140,361,17,38
145,361,17,38
150,361,17,37
155,360,17,38
164,360,16,37
168,360,17,37
173,360,16,37
178,360,16,36
187,359,16,36
202,358,15,36
213,356,15,36
221,357,16,36
232,356,16,36
241,357,15,35
255,356,16,36
266,356,16,36
277,356,16,36
288,356,16,36
296,356,15,36
309,357,16,36
317,359,16,35
325,360,15,35
333,360,15,35
340,361,15,35
347,362,16,34
358,363,15,35
363,364,15,35
373,366,15,34
381,366,15,34
391,367,15,34
392,370,15,34
393,373,15,34
398,376,14,33
399,379,15,33
403,382,15,33
407,385,14,32
408,388,14,32
412,390,14,32
413,391,14,33
419,394,15,32
421,396,14,32
425,398,14,32
426,401,14,31
430,403,14,31
431,406,14,31
432,408,14,30
433,410,14,30
435,413,14,30
436,414,14,31
437,417,14,31
441,418,13,30
442,421,13,30
443,423,13,29
444,423,14,30
448,425,13,29
449,427,13,29
450,428,14,29
452,429,13,28
453,428,13,29
451,429,13,28
452,428,12,28
452,428,13,28
452,428,13,27
451,427,12,28
452,427,12,27
453,426,12,27
456,425,12,27
459,425,12,27
465,425,12,26
473,424,11,26
478,424,12,26
486,424,12,26
492,426,11,26
499,425,12,26
509,425,12,26
517,424,12,26
525,425,12,26
535,423,12,26
543,422,12,26
553,422,11,26
563,423,11,25
571,422,11,25
581,419,11,25
591,419,11,25
601,418,11,25
611,416,10,24
618,415,11,24
626,414,10,25
635,413,11,24
645,412,10,24
652,410,10,24
659,409,11,24
665,408,10,24
671,406,10,24
680,403,10,24
683,402,10,23
686,399,10,24
691,397,10,23
692,396,10,23
695,392,10,23
698,391,10,23
699,388,10,22
699,386,10,22
700,383,10,22
701,380,10,22
702,377,10,23
702,375,10,22
703,373,10,22
703,370,10,23
703,368,10,22
702,366,10,23
702,365,10,22
702,362,10,23
701,360,10,23
700,356,10,23
700,352,10,23
699,350,10,23
699,348,10,23
698,345,10,23
698,342,10,23
697,339,10,24
696,337,10,23
696,335,10,24
695,334,10,24
695,333,10,24
695,332,10,24
695,332,10,24
694,331,10,24
693,331,10,24
692,330,11,24
692,330,10,24
691,329,11,24
691,328,10,24
690,328,10,24
690,328,10,23
689,327,10,23
688,327,10,23
688,327,10,23
687,326,10,23
687,326,10,23
686,326,10,22
686,326,10,22
686,325,10,23
686,324,10,22
686,324,10,22
686,324,10,22
687,323,10,22
686,321,10,22
687,322,10,22
687,321,10,22
688,321,10,21
689,322,10,21
689,320,10,21
690,321,10,20
692,320,10,20
695,319,10,20
695,318,10,20
696,318,10,21
696,318,10,20
697,317,10,20
696,316,10,21
696,317,10,21
696,315,10,21
696,315,10,21
695,315,10,21
694,314,10,21
694,314,10,20
694,313,10,21
693,313,10,21
692,312,10,21
692,312,10,21
691,312,10,21
691,312,10,20
690,311,10,21
690,311,10,21
691,311,10,21
690,312,10,21
691,312,10,20
689,311,10,21
689,310,10,21
689,311,10,21
688,311,10,20
688,310,10,21
688,311,10,20
689,310,10,21
689,310,10,21
688,311,10,22
689,311,10,21
688,310,10,22
688,310,10,21
688,309,10,22
689,309,10,22
688,309,10,23
687,309,10,23
686,309,10,23
685,309,11,23
685,309,10,23
684,309,11,23
684,309,10,23
683,309,10,24
682,309,11,23
682,309,10,23
681,309,11,23
681,309,10,24
680,309,11,23
680,309,10,23
680,308,10,24
679,309,10,24
679,310,10,23
679,310,10,24
678,310,10,23
678,310,10,24
677,310,10,23
677,309,10,23
676,310,11,23
676,310,10,22
675,310,10,22
675,309,10,23
674,309,10,22
673,310,10,22
673,309,10,22
672,309,10,22
672,309,10,22
673,309,10,22
672,310,10,22
672,309,11,22
671,310,10,22
671,310,10,22
671,310,10,22
670,310,10,22
670,310,10,22
670,310,10,22
669,310,10,22
669,310,10,22
668,311,10,21
669,311,10,21
667,310,10,21
667,310,10,22
666,311,10,21
667,310,10,22
665,310,10,21
665,310,10,22
664,310,10,21
663,310,10,21
664,309,10,22
662,310,10,21
662,310,10,22
663,310,10,22
662,310,10,21
661,310,10,22
660,310,10,22
659,310,10,21
659,310,10,22
659,310,10,22
659,310,10,21
658,310,10,21
658,311,10,21
658,311,10,21
658,312,10,20
657,312,10,21
657,313,10,20
656,313,10,20
656,313,10,20
656,313,10,20
656,313,10,20
656,312,10,21
656,312,10,20
656,312,10,21
656,313,10,21
656,312,10,21
656,313,10,20
655,313,10,20
655,314,10,20
656,313,10,21
655,313,10,21
655,314,10,21
655,315,10,20
656,315,10,20
655,315,10,20
655,316,10,20
656,315,10,20
656,315,10,20
656,315,10,21
655,316,10,20
656,316,10,21
657,316,10,21
657,317,10,20
658,315,10,21
658,315,10,21
659,316,10,20
658,316,10,21
657,316,10,20
657,316,10,21
657,316,10,21
657,317,10,21
657,317,10,21
657,318,10,21
657,318,10,21
657,319,10,21
656,319,10,21
656,320,10,21
656,320,10,21
657,319,10,21
657,320,10,21
657,319,10,22
656,320,10,21
657,320,10,21
656,320,10,21
657,320,10,22
655,320,10,22
656,319,10,22
656,320,10,22
656,321,10,22
656,321,11,22
657,321,10,23
657,322,10,23
657,322,10,23
657,323,10,23
657,322,10,23
656,322,10,23
656,323,11,22
657,322,10,23
657,323,10,23
658,323,10,22
657,323,10,22
656,322,10,23
656,323,10,23
656,324,10,23
656,324,11,23
657,325,10,23
657,325,10,23
657,326,11,23
658,326,10,24
659,327,10,23
659,327,10,24
659,328,11,23
660,328,11,24
661,327,11,24
664,327,10,24
664,328,11,24
665,328,11,25
666,328,11,25
667,328,11,25
670,328,11,25
672,329,11,25
674,329,11,25
676,330,11,25
678,330,11,25
681,331,11,25
683,331,11,25
684,333,11,25
687,333,11,25
687,334,11,25
690,334,11,25
690,335,11,25
693,335,11,25
693,335,11,25
694,336,11,25
695,336,11,25
696,337,11,25
697,337,11,25
697,338,11,24
697,338,11,25
697,338,11,25
697,338,11,25
698,339,11,25
698,339,11,25
698,340,11,25
698,341,11,25
698,341,11,26
699,341,11,25
700,342,11,25
699,342,11,26
700,342,11,26
699,343,11,26
699,343,11,27
699,344,11,26
699,344,12,27
700,344,11,28
700,345,11,27
700,345,11,28
700,346,12,28
701,347,11,28
701,348,12,27
702,348,11,28
702,348,12,28
702,348,12,28
702,348,12,28
703,348,12,29
703,348,12,29
703,349,12,29
704,350,12,29
704,350,12,30
705,351,12,30
706,351,12,30
707,352,12,29
709,352,12,29
709,352,12,30
710,353,12,29
710,353,12,30
711,353,13,30
712,354,13,30
713,354,13,30
714,355,13,30
715,356,13,30
715,356,13,31
716,357,13,30
717,357,12,31
718,358,12,30
719,359,12,31
720,359,13,31
721,359,13,31
721,359,13,32
722,361,13,31
723,360,13,32
724,362,13,31
725,363,13,31
726,362,13,31
727,363,13,31
728,363,13,32
728,364,13,31
730,365,13,31
730,364,13,32
731,365,13,32
732,366,14,32
733,366,14,32
734,366,14,32
735,367,13,32
735,369,14,32
736,369,13,32
737,370,13,32
738,370,13,32
738,370,14,32
739,371,14,32
740,372,14,33
741,373,13,32
741,373,14,33
742,374,14,33
743,375,14,33
744,376,14,33
745,377,14,33
745,378,14,33
746,378,14,33
746,379,15,33
747,380,15,32
748,381,14,32
749,381,15,33
751,382,14,33
750,383,15,32
752,383,15,33
754,383,14,33
755,384,14,33
756,385,15,33
758,386,14,33
759,387,14,34
760,388,15,34
761,389,14,34
762,389,15,34
763,390,15,35
765,392,15,34
765,393,15,35
765,394,16,36
767,394,16,36
767,395,16,36
767,396,16,36
768,396,16,37
767,398,17,37
768,400,16,37
769,400,16,36
769,401,17,36
770,401,17,37
771,402,17,37
772,403,17,37
773,403,17,38
775,404,17,38
777,406,16,37
779,408,16,37
780,408,17,37
782,409,17,37
784,410,17,37
786,411,17,37
790,412,17,37
791,413,17,37
793,414,17,37
795,415,17,37
797,416,17,37
798,417,17,37
800,419,17,37
801,419,17,38
803,421,17,37
805,421,17,38
806,422,17,38
806,423,18,37
808,424,17,38
810,426,17,38
811,427,17,38
812,428,18,38
813,430,18,38
814,431,18,39
816,432,18,38
817,433,18,38
818,433,18,39
820,434,18,39
821,435,18,39
822,436,18,40
823,438,19,40
824,439,19,40
825,440,19,41
826,440,19,42
828,442,18,42
829,443,18,41
830,445,18,41
831,447,19,41
832,448,19,40
833,449,18,41
834,450,19,41
835,451,19,42
836,452,19,42
836,451,20,42
837,453,20,42
839,454,19,42
840,456,19,42
840,457,20,43
841,457,20,43
842,459,20,42
841,461,19,42
843,462,19,43
845,461,19,43
846,462,19,42
848,463,19,42
849,463,19,43
850,464,19,42
853,464,19,43
853,468,19,43
852,471,20,43
854,472,19,43
855,473,20,43
856,475,20,42
857,476,21,42
858,480,20,42
860,480,20,43
861,481,21,43
863,481,20,44
865,483,21,43
865,487,22,43
867,487,21,44
868,488,22,43
870,489,21,43
871,492,21,43
872,491,22,44
875,492,22,43
877,493,22,43
879,494,22,43
881,495,22,44
883,497,22,43
886,499,22,42
887,502,23,43
889,503,23,42
892,504,23,42
895,505,23,43
898,507,23,42
900,507,23,43
902,509,24,43
905,511,24,43
908,513,25,43
911,514,25,45
914,515,25,46
916,517,25,45
918,518,26,46
921,519,26,46
924,520,26,46
927,521,27,46
929,522,28,47
932,523,28,47
935,525,28,45
937,526,29,45
941,527,29,46
943,527,29,46
945,528,30,47
948,529,30,47
952,529,30,48
955,532,31,47
958,531,30,49
960,530,31,50
963,530,32,50
965,531,33,49
967,531,33,50
970,531,33,51
972,530,33,52
974,530,34,52
975,530,35,53
977,530,35,53
978,529,36,54
979,526,36,54
978,526,38,55
977,525,38,56
980,524,39,56
977,524,40,56
975,523,41,56
977,521,41,56
974,520,42,56
972,519,43,56
974,518,44,55
971,517,44,55
974,517,45,55
974,517,44,55
974,518,45,55
975,519,44,55
975,518,43,56
976,519,42,56
976,519,42,56
977,518,42,56
982,516,42,56
982,516,42,54
987,514,42,54
987,513,41,54
989,510,43,52
991,511,44,50
993,511,45,49
998,509,45,47
999,508,46,46
1005,502,47,45
1010,501,47,44
1014,499,48,44
1020,499,48,44
1026,498,47,43
1032,498,48,42
1039,497,48,43
1046,496,47,43
1053,492,48,42
1060,491,48,43
1070,486,48,42
1074,486,49,41
1079,486,49,41
1085,485,48,42
1090,485,49,41
1097,481,48,41
1103,480,48,42
1108,479,48,43
1118,474,48,43
1123,473,47,43
1127,472,47,43
1131,471,47,43
1135,470,47,43
1141,465,47,43
1145,464,47,44
1149,464,46,44
1154,458,47,45
1155,459,47,45
1162,455,47,44
1167,451,47,44
1167,452,47,45
1167,453,48,45
1172,449,47,45
1172,451,48,45
1173,452,48,46
1173,453,48,47
1179,449,48,46
1180,451,48,47
1185,447,48,47
1186,448,47,48
1190,444,48,48
1190,446,48,49
1191,447,48,49
1192,444,48,49
1196,440,48,49
1195,442,49,50
1196,439,49,50
1195,441,50,50
1196,438,50,51
1197,440,50,51
1198,437,49,51
1200,434,49,51
1201,436,48,51
1201,432,48,52
1202,434,47,52
1201,431,48,52
