250.5,168.5,106,105
247.63464384631703,169.49698223207963,107.37125505295614,106.69128486445402
238.9188271440426,184.27296531391167,108.45603329393077,105.22928642845106
221.40932032902305,201.4534401909081,109.84509544691909,103.70463275600116
215.97767620083482,212.06442483407997,109.74577155119594,104.15374119792894
219.6267758153858,206.2208993762307,109.58019456406788,104.84017317899608
219.91123832617797,195.62539611778075,109.68499312093662,105.81019046860109
217.94596585166812,195.68761801722758,109.3850850555825,105.73517225304025
179.91256933581536,214.6837761362425,112.32276584363572,103.30912493590884
148.97349200869343,251.35263004123712,112.70547524641475,102.03545063422034
148.21698559175286,244.72407982565704,112.65117905834609,102.00432112305876
241.66705691990438,227.93852780495607,113.65865969305865,101.51138402676537
225.64721945913385,214.07122148899987,112.2799500625978,100.01441783177344
218.8109455361011,206.79347468237472,113.26896328647095,99.00524088227964
206.91779121133789,208.20478588147353,112.43020708614384,98.99213801342465
192.59640403924345,209.2394976501446,111.74217279080634,102.44503426978368
194.58914475851586,219.2876071845163,110.91845931185622,103.0355617983303
204.22880971487217,215.56640799799038,110.82139754184377,102.81599384752964
219.53464086969578,188.38488087574473,111.86836751063895,100.83847954954044
218.11470416646213,154.74752295436883,111.38540904798089,100.59047505537818
199.72786489149604,144.41833590959328,110.9854006167119,101.7074959192213
203.36223754272615,162.82765498470428,112.86625534324338,100.52006046675316
223.85512849826443,196.15833936813627,116.14887171707892,99.64207793035798
258.848641270003,230.90051024300686,116.15610886891429,99.0753463490738
269.9412659260852,243.12724810899593,115.63222315843446,98.62495479983495
257.49395665041186,247.45840990330063,113.8749061323885,99.91084002012447
245.6842944016663,251.05357428819494,116.09930265136403,98.84740143283096
238.7134153711704,253.51537275692058,116.27816035987779,98.30991384749147
231.86927770346313,245.79572715686626,116.2539112812299,97.92224257659184
226.83620777672985,227.43199351028028,116.04115384923497,97.8699666751837
224.34461516912808,219.67510375494544,116.29907642253181,98.125881233766
232.16187084395514,215.5438512136482,113.88952826104907,98.71218544966128
243.85179229241402,200.11760269668073,113.01541503942425,99.5986371039575
241.90221049712775,178.3736297236776,112.53682537224535,100.35119715518842
228.54617811100158,159.6275412759778,112.02152655807193,100.27502230498256
222.8628307893316,138.6546683877156,112.1964802117268,99.27871333297179
228.2594539962999,124.97398880326645,111.47444275164766,100.36297098514642
247.2138002382288,130.16969450138055,109.63505568771171,101.85340887785868
256.8366197395211,133.74471358079296,108.67798327448253,102.5189253378693
256.77470143752566,140.96904210047168,108.92724162603872,103.00977482927355
267.01802992048624,176.4276833675345,109.8083462720561,102.20786399924947
270.324521178909,219.69828638923207,109.3945462655866,99.79268792411611
275.71086559194623,236.95841248186767,108.63491610192663,100.90891416291714
279.24998417031566,240.26060078417652,108.11645191347998,101.94273211930407
275.4693120109432,235.76892951247478,108.35426746559276,101.69419447471927
266.1054625305912,221.22623706296426,108.93394091360152,102.59373876705087
266.5532130186035,214.62584673060138,108.30456144426786,102.98669243592701
267.6217563135813,201.93236741451847,108.97051845820945,101.40169672238973
268.3341015222755,170.6573192889817,109.97557705281442,100.79670264143198
271.87941961024137,161.15373525793186,109.19050718776515,101.94458153422016
274.5921696506237,176.22420296898906,108.24115905020736,103.18542482914678
271.3192552052561,186.16292197230675,107.94685856548466,102.5044914154069
269.441519110596,181.2328343855859,107.74220435481112,102.34114993388035
272.6124062684535,182.4401446465842,106.83966858737487,102.47532391986407
280.1344855573298,187.54859994471457,106.16196127304995,102.84743214531967
287.94830367050463,193.95974761625797,106.48293344513787,103.9349182582265
287.2343232588287,212.67890266173805,106.85469030711734,103.63257160720772
261.025052654589,215.73763250229405,106.19626618356548,103.63257646848464
227.34282290761405,215.21328677163925,107.11206387331615,102.67456336093134
204.67780974093478,210.36956027512446,106.94086950354969,103.4391810039243
209.47841165853157,208.64037624912362,105.91572882448406,103.035426758639
227.49801051509,211.0908624234919,105.38210056937504,103.46437327129159
269.56065291374244,213.6729512216174,103.70905576230449,104.02764604582917
309.8705908388703,216.84399992690828,102.92039481683388,104.02007088256188
334.06334248372843,217.61387886311806,104.0075630359067,104.75682467930126
336.8396303636815,223.21893299152214,103.50615810195877,104.26661846106731
322.9513165579454,211.36410036575745,104.59033232903161,104.48227469465232
302.10552490874727,189.0948368127713,106.41657062620719,104.18964793099573
265.41413932004616,171.62820050820662,109.37832892519147,102.4622645647833
247.19182080660528,161.5752846818744,109.23999247184858,103.26230817728661
245.75730980785718,169.87772021181027,109.19849081631439,103.40290716441193
253.7274645967946,183.4248879678011,108.8895298483639,103.84643633748884
258.02249715563414,200.58861608033493,108.87430146164186,103.3310833839056
270.6456180465858,211.72679777774505,108.57028799699926,103.30974966743008
298.41817136274096,222.74318694556248,108.62431008783352,103.31513737793777
313.5813168785791,231.29682192216868,108.28547633154777,103.73725775980843
310.9435224676962,243.96713692755995,108.94608064098455,103.54041513305907
301.95561631066596,250.66470505554074,108.87104494784288,104.11956209548129
289.59871358073104,252.27373619466593,109.61085329162383,102.03609270797033
263.76705530784466,243.72825183045836,111.33155051366612,100.00233418724
231.18657504514272,232.30445569979847,111.40149999170674,100.70847747395037
216.12695086770208,231.3912083645458,111.26462575747664,101.66881759294965
214.49850096370486,236.01564562170373,110.22644347318595,102.71303962099222
222.31480085072,236.50605936085518,110.5815088755473,101.97838696990736
238.73382332384983,214.2905419078932,111.27845996200246,101.8423709419934
252.79005569895622,185.6151683724954,112.32047709960702,101.31858722055273
267.6938210222799,162.01461795825952,113.65447935090891,100.23380319184675
289.7242321653697,145.02977328217654,112.2339158537918,101.95144786627834
322.73523690573313,146.2204459140332,111.34641259865086,102.78891339930264
330.0789976894723,156.23952717528041,110.53640777769355,103.08970008029947
329.23374576046746,172.86396694247898,110.56004235298073,103.25554680322652
317.5793473613077,187.4861530763352,111.14522731963515,101.13514456725238
296.8384694185661,197.75214565592853,111.872611562052,100.61930511424248
270.4723222956206,216.96276196815083,112.93246623274774,99.51005750566704
254.21601042911385,232.88128149247797,113.1015993651753,98.44708728941023
237.7708328176139,234.14129236418069,113.06671121048964,98.49411647984266
224.60689429113927,220.7924292937938,112.88620355884902,98.60970646644166
212.8610151786185,209.9736789403148,112.4185463480996,99.6842761126086
206.7343930856909,205.62111843866003,112.01543467610563,100.1441435529909
215.720556701897,201.93338695637138,112.13926451766801,100.04085056664047
234.2796737002559,183.781977828501,112.57933816865537,99.99427307042811
245.58688616563524,171.0649871548742,111.82825361570431,101.24825601985455
262.24530611995436,174.52944813345374,111.59133924417542,101.4478397694826
279.7857927570925,193.48755563359566,111.75398016667648,100.91743562124951
299.46027236395065,218.29643207592,112.01654744221801,101.08361446877862
308.5196227197891,224.81062700451054,110.73617032368075,102.20043869240808
296.32165559463743,213.80962188756078,112.39213341309537,100.44259556327044
256.3393906519566,196.14661089829846,111.99255044445312,100.03293028593572
214.4750924882349,202.964855329596,114.49048728703323,98.66456695739828
178.0221515533012,218.40726720660837,114.93771284586553,98.02679444238721
164.12133744810296,234.9099425473105,113.78369263402075,98.31889478027006
165.32004291979445,240.47209465030477,112.07302059892866,99.67209530450613
179.93625839627907,227.42058043720232,113.29155743465572,98.84158910851863
199.54686724336474,192.7578539044374,113.96150642749608,99.88298455686093
226.2079990493642,176.69869862705963,113.91299693537023,100.75647356315459
232.93809265005234,177.09651978610745,114.52560941661113,99.88969996350426
230.7837295833416,194.27045078568742,113.9400694214926,101.18495396165878
226.20280716193116,210.76623970949174,112.75039467965766,101.29724269119856
223.9452204168661,204.1598044954714,111.99705639763204,102.37995469486182
232.57030977827,199.1606255452258,111.44342232204106,101.72720003889546
241.07953156556295,196.9997137029396,111.05828715809967,102.00523958192737
238.35369410111383,208.80003167893523,111.88328505071253,102.38753095232379
225.52355989724637,225.98432966440333,112.36542616962907,101.01260258392662
210.2523623207678,226.70568899889946,111.67694630732747,101.00117919062255
204.3367667095408,214.39637762672885,112.36082918017205,100.1220678651396
200.3516436633091,196.26869949982137,112.74085052974607,99.49491298003855
196.67306333556417,190.9785941569981,112.08454530388825,100.19794928824362
201.11981780524465,205.4885073675928,112.00394835183198,100.79576240868023
209.75294955255498,225.69253380822792,112.14983428653264,101.63540926495881
207.78648592392219,257.451620668973,111.39317585806822,100.9700607082635
204.5349748953042,254.4720355771595,111.31566584132956,100.17643042726044
202.04391930728133,229.8791575979302,112.92819245698102,98.30471415671515
204.4353024456533,205.43218020152673,112.67356863247713,98.47232007256895
195.74190334947428,191.81701739780019,113.04737778064566,97.01247157723884
173.52832186556813,183.19940084087898,112.58521274552828,97.09887809196015
164.1467196715738,187.6125979524404,112.03825554294073,99.0446911289691
172.18422444083748,201.65774242447765,111.955588953327,98.71032640974815
187.39767772961122,206.7341635535319,110.12060513578928,99.68706751040432
204.2064151763705,208.9283049144183,109.45236043636247,100.36633020260247
228.8514279076506,217.33382324645177,109.53032737492539,99.74350688692418
252.8252072073055,227.4358986550106,110.38324103513703,99.58390028977728
277.90907121456024,247.8762020638706,110.63476732360603,98.22794786048493
298.13171541954137,246.85853347161398,110.1974821485071,100.13242151257425
289.4913463624967,243.65214935324693,110.43978337294796,99.3837918153484
251.5586524043932,232.49646999556572,109.48755959481905,99.4225255612284
209.34000541505077,223.90724242232443,109.41794897145314,99.89028162629008
171.7386870260549,219.54351071414547,108.2688706615543,100.8946472414395
140.38198713269156,231.6405077119752,108.36423608548793,99.70150964531616
109.3109203552267,228.25901050728237,109.23067002493919,99.74609547010708
115.07403676110351,221.71354306292915,109.72949786687205,98.8838233428223
179.8202414520733,208.2073864232202,111.06263474958094,98.1989453838369
219.8769875496021,199.1465742053782,109.99589548421085,98.31186849505805
230.3477904467823,189.08015004009513,109.81166349966486,99.97953547491613
231.0956175347535,190.07070692124006,109.4705808569256,100.93883041929135
238.52568404521608,200.9820749215048,109.80151457794379,100.8025263035275
245.03914110469566,212.58388456003144,109.91714520538358,101.91315415782188
233.8927070889796,219.63376970182952,109.12229618054128,102.30304604463583
203.37030788836583,221.4579641024839,108.31244217698367,102.93252313001526
173.47488961221347,223.92800399439085,108.06765708622194,103.73495414179469
176.9620850424866,229.06214213547184,107.00880930505198,101.92012710890025
212.30908830377876,222.90685132187951,105.81892265551448,101.35610832562351
265.2236510951519,220.3643599602621,103.83883424317833,100.31495999111907
281.1961345751184,215.38002047340836,105.89694955863607,101.42248250120349
274.66796156468337,216.96511235807293,106.0093649535905,101.07512917048824
262.9656539849888,209.967644418936,107.1087165936925,100.322813538142
256.18306686533106,198.01243200154585,107.47630668078632,100.80481353771725
251.17273216698428,191.58197267371685,108.73335570089303,101.70134143867554
254.85018453773796,188.12720164105474,108.36878642386321,101.8239386378193
269.7289620133127,192.75054999196595,108.79666390679576,102.47267917659748
277.95605717336554,203.34359653751252,108.84002645839416,103.03143242949845
268.4433585954961,206.09553803401317,106.90801661645243,103.7395188121075
246.234743717785,214.04945733688172,108.74520639384724,102.37533369452962
207.85440795021142,234.8060470828929,109.84334893729516,101.21315975670647
191.18474721331359,250.78347645812931,110.61017208955761,99.64309905616042
177.6991518204776,250.28376858412219,109.83182254625015,101.37355122881148
184.12342015474678,253.0505716848691,110.46333596468682,100.02754611679521
207.8790145355689,246.69656779215552,110.48669691617738,99.47010819299382
213.59388293096336,239.16871854914103,109.97998334926542,100.26332308222105
196.1458817243835,237.53340595901773,110.07665028268876,100.43461116148502
178.85942894884147,231.02215080507585,109.63262239261078,101.12145004450302
175.56284969085834,224.99319282832818,109.83263773154457,100.658709412305
197.45578318747874,223.92412950836732,107.25330226296192,100.08572069196674
241.5063184930714,217.60689628221462,107.18641133927662,99.81087584971648
284.34432157932366,205.35495984358187,108.54059468093222,99.52663036455519
282.25779136727886,197.54016441228254,108.79705893078172,99.84285338352592
253.5700709879301,197.9299914813291,109.4953489631609,99.39946263382815
213.77029051559498,187.94980302781954,109.95842766906159,99.50611220014903
199.54481324809393,184.61698712630744,109.07633815193967,99.58624233233583
184.65100415780438,188.01133556222794,108.5566176179192,99.97798636320479
170.5680664847754,188.53766846473448,108.44308164805919,101.55294292414322
174.96723472527407,193.23391363766268,107.95381193952275,100.7476556041047
200.15577073394834,195.8551401608252,108.1496960073793,100.83160045359266
257.09010498194357,197.24568575956192,106.86058683756072,101.63430313467452
297.5913580981623,194.54729156970618,106.61433670863896,101.89356738642579
295.6337777828789,192.73531251105564,106.84805054851051,101.316899607273
278.9973693421363,199.74178297479358,107.87742870929252,100.00558259642307
258.9434460768707,204.40998109197758,108.30443570124949,99.18412376287297
237.5532727324676,212.4307163922174,109.9145782274581,98.98361938706373
212.9945757147032,216.86084779548517,109.7874005771959,99.73796248415368
179.64111588742736,207.94248282190796,112.54675706036087,97.77736538968215
145.2449856241712,193.45738913568616,112.65849848286925,97.50279224882007
142.21762705998327,187.17360747529094,111.5554783561487,98.3436652772521
160.75338916641047,191.20162338981606,110.24403638816732,99.39694169099972
189.7583049662308,194.88631242288403,110.12685539277471,100.07132392454642
198.1747756005825,197.71213847297182,108.89806203514306,100.7945855168452
193.28639294638427,189.7912390232496,109.3118732038301,101.2597975022271
199.31311183290478,182.91921420747363,109.11238020923143,101.49489690031957
208.18692217470152,172.88880604418188,109.05387504992996,102.11009936581914
219.24487063077552,173.33418706184446,108.65338646297725,102.5670556885338
219.28404637678028,182.10522759387646,109.12094187232731,104.1873052519112
211.5470320282093,192.0898046207611,109.63094316468414,104.17552577089582
203.25457059389308,207.23314412741777,110.12528795409293,103.0746034409321
214.82441789800035,229.510042668823,110.8618254930952,103.19586663033847
225.77070877164,246.7266374194859,109.54507802010791,102.98137753794818
216.30853468442828,252.54225406763342,108.31288246284184,102.99101242860384
196.39096005008182,242.88503548490837,109.68620922176918,101.45580588677855
184.36315204272975,218.7610436241171,110.41802991786979,99.5186623500603
181.99450875877253,181.38608141575276,111.33144654216544,97.8639923454023
192.74787357596975,164.7544020039865,110.00255809429446,97.4357732575578
205.9690180740118,165.0890120873419,109.31926606171128,97.26160843852807
223.50096525930186,177.36696578536964,110.32269346847495,97.30868642455263
241.8295884570238,188.04212911981523,110.20175536160532,98.43705467143299
246.2553606967387,189.79448480994472,108.8864485988503,99.2216074932919
237.93582291477713,189.70729590872847,107.484495186333,99.05169646973565
215.32199828657576,200.06529828915512,106.52529675596814,98.31395937856007
194.79183343749938,207.9552150346964,106.16691383815412,98.73077543886912
190.91243865509873,215.3050758183819,107.01309001107921,99.77910551486971
193.63871382966258,219.1068250085484,106.57982295662924,100.47736399336235
192.27753653797987,213.02569841954033,106.5358027135634,99.6671230460123
190.73933639498955,192.23983868376305,107.78332864994991,98.52895405931493
205.9651098056833,170.4956053615268,107.60533949152622,97.96420567693195
231.54693308419718,169.58521036653232,106.33577405022118,97.3747779049275
279.1292307868777,174.1389966954341,106.94994909163741,96.9661474315722
295.8454124769318,187.9093102563113,107.62043757920506,98.0543063968539
301.4441415124156,213.14044761681902,107.60756603320073,98.16985531475449
299.52716630478346,223.72632524182583,107.3717051043184,98.79422738407682
299.33012643830176,225.17507891793605,107.08020267633209,99.36776123440151
303.33212196257,221.10699194424,107.04367893584,99.56000312536659
294.75845898377816,228.3994537345693,106.58170809471763,98.9647445761411
269.433135542679,230.52403772518315,104.64362130382023,100.22698444708631
243.01919720757354,231.28228288081914,103.6178183170488,99.60430107017103
238.77625849467103,237.71529252437523,104.79441200948591,100.15320831198952
225.4184125251473,241.60394063403442,103.93859172624329,100.57465114448999
213.07107295335246,234.38456498262585,104.66587127266502,99.59262131174802
213.5154183028017,216.26321446832287,105.2467708800486,99.68661781154536
217.2230829026997,208.78565264213498,105.47877864009142,100.19705362059842
224.11485771589284,206.52903485045113,104.68111272647371,99.38043185457039
239.7721030822902,205.77143821938503,103.52538206447983,98.73918628918791
257.00610133649116,196.6966258874311,104.68912994084346,99.56334098239262
261.3902211437075,183.75278509725342,106.2384591054025,98.8492235515175
263.57798048184014,167.24788579315623,106.0381780847769,100.38067056669436
276.92213228186085,178.64276359437474,106.79872893114654,101.65428852993114
285.79874969582124,218.75442833127522,108.24214746931466,100.89605457614972
283.93566184400174,252.95488845780872,108.48729413929279,99.75359532161785
268.4895816347913,257.9670875551077,107.85869878989135,100.66263256708335
254.81685359876354,238.3372840393165,108.34265507556998,98.59642249051149
249.7476415346075,200.30826923280114,109.4380637238405,96.71336628811254
243.59167669722365,170.60150450432096,109.29943759721664,96.8833540275436
239.79096079676745,160.31752774367197,108.4440861034513,97.88813044007694
227.28760255388778,169.50202633399533,108.52240254953777,97.42774074234035
209.79499796352385,172.95911192756844,107.02411029593947,98.72217627516484
218.70769676957158,179.35213431239652,105.37485060803836,96.59676554634119
250.77018358354846,168.50828365450204,106.49021053721349,95.05360329096317
270.9652052598608,152.44293865922907,106.81276407789939,95.22947837062043
282.276439396029,144.69974981893824,105.7011829515591,96.25602481340914
282.8708058284128,164.33189770770366,106.85480867596378,95.76787497093689
264.9140170270276,182.29365513952442,107.55801716862679,95.65045523058636
248.0407825374145,189.92983841433843,107.6200188321792,95.93246528313121
239.87399751352606,190.41383951395352,105.78417435969239,97.42602595583398
244.6265582646873,186.4750249334292,104.32012856385184,97.48488804611239
251.74552777008694,188.891822999535,104.21359824445881,98.23362500182188
247.6003390640193,204.3174430925616,106.35081651505355,96.71578935678433
214.10269933721816,215.15483327452267,105.71250527041367,95.68585686273526
205.33961860166124,214.62074796117037,104.667780129589,96.90126181008044
216.63378573389747,206.1444096449716,105.25889303918885,97.49457488656977
234.68073903332737,188.75723741047972,105.27161104360047,97.56634748665707
244.0109328438438,184.9660255524643,104.38351651338797,97.8225444914147
244.70625282092996,195.67552063249772,104.8235241469918,98.70323885588398
243.31734821878774,202.2806413490531,104.98475954069883,99.94265677030742
242.03975698427723,205.99223519782691,104.67578790930177,99.59579019779027
234.67762592504363,210.35311987770197,104.39433751861374,99.76746585299378
218.93386961208404,223.5242627218588,105.19188966479658,98.55778476367914
211.86248151553497,236.85890788622805,104.400024019821,98.7817057996867
222.10676204076208,238.9376024483301,103.11274547058747,99.02012871008955
225.6497221499946,232.39162021085178,102.49946004445029,98.98917219505597
221.64573317893968,227.70739104451684,102.0898135129884,98.1978137857825
218.8248875554706,224.51190959498908,102.56432183756324,98.04019794567176
228.61292164717744,217.9500405477325,102.06160265317298,97.41875877120296
254.88827255261035,195.83935837619774,102.80214916384038,97.08828519312995
280.8728484121599,167.3205062300866,103.38573563443853,97.51418070849671
282.8801099408554,162.75338812976509,102.78262648505232,97.13763180629553
284.16916289607224,175.66944057867278,103.643031469394,96.44338053091666
277.54763453901404,195.72484385320365,104.55934315024625,96.82398709831
271.1900121681842,219.18845575090313,104.19595839819256,96.28587386809656
265.07406746835716,232.40530633597146,103.00205128905762,96.23488601583102
247.68256680840037,230.38111202128195,102.33135158968405,95.3825755065687
221.7844094406676,230.27898950298015,101.46500000434885,95.90254595911736
221.3330006922202,241.21030525236998,101.55281351011661,96.0630048228865
232.53482487897844,250.55678425032394,99.82432268359716,96.521822187086
241.9648380860331,246.3312563114438,100.22259323604061,97.15804203960823
241.7861203773055,231.203585552267,101.72362601792142,95.76871688620895
245.50513498823562,212.43927072099405,101.16750950434366,95.57873769255364
261.50009057138834,217.58482528191092,100.09789023867307,94.3222602998459
292.8000767646174,218.4396253302749,99.96133872013475,94.66680196299038
305.5779458314712,212.4807925978748,100.78165153552389,95.84598018413821
301.28246208529384,207.77069164759988,100.76903378465354,95.55719770968807
286.3948300891017,206.05963023060366,100.25026663384942,95.2796952900031
274.2409466792029,216.77738810321728,100.81786202115175,95.31921235117235
269.2752076574095,231.87715957746644,101.49454212925276,95.02245184285962
262.42900326182985,243.34098308901116,100.93866276581,95.27707105512172
258.44541865945496,245.1137617827427,100.19030920444652,95.592901635722
266.5073021181613,240.31277615973931,99.74014248387223,95.46348955805935
271.1695733373625,230.42606790663314,99.90503619506696,95.8130359776018
267.2374383591162,222.71507721221622,100.3247022315767,95.08068806650883
260.98516434787194,215.660319300234,100.63927451553982,94.72503303018274
259.8879505744194,210.07096705525225,100.28890535719898,94.40708014862524
265.2376386603976,211.0564854219748,99.32360568518148,93.93801620971293
273.1521613088715,201.27865203566694,99.79903045048958,94.47093022048786
273.4605241779441,193.9052451537217,99.5986701272023,94.43447887054778
275.38823439569785,201.2819989964151,99.60521987792823,94.94766525406962
282.66628183924365,214.00422196277765,99.44882801665453,95.30368013677423
291.7041284706848,227.8254345374575,98.90689100987576,95.37391100853264
296.7070113550691,233.0729868022155,97.50863103944695,95.115286238233
282.7020946461289,234.7961709837773,96.47649134331364,95.06189868908947
253.78999254603755,244.96956933416436,96.91946232816436,93.78021124124506
231.95970576017652,243.29503901619935,96.96173069358758,92.14749373233866
219.35744540514858,226.3032360968093,97.47944758589442,92.0215452803473
206.17019343079392,204.7039081483809,99.13086994585862,90.00551001509474
206.95964638809045,182.31709991608602,100.42862342457616,88.8559850001923
214.82529743755862,170.63086850016856,99.72427406917008,90.45013133422444
231.11015904524513,178.79990325577003,100.02742225272284,89.99906667531644
244.93390287598828,185.46433517356843,98.6468737544445,91.31461201940716
252.38856268300762,188.14961025072716,97.78923947365779,92.09348164963559
260.3754754460497,191.58746942239517,97.65687989758585,91.91922938982617
269.7317715316929,206.4809367709614,98.88546890916075,92.48894981354336
287.16588464015194,232.6380464555014,99.74010875059233,91.75004401257853
295.36460827640553,250.93520801201626,99.19134292797528,92.12996406361134
291.6729420825683,249.59379984099994,98.99239706400182,91.23928477919439
279.5565290854692,225.1904185223582,99.60913228366385,90.32147618845053
270.2119975947256,207.18793368576308,99.09977760157683,89.81301049787126
252.51142355179212,203.77025288986817,98.20431390155514,88.35643426159707
231.12718988500438,207.39170716464474,98.51749711647825,88.33718951895924
222.75685926068928,222.177197826908,98.64680162987895,87.58018257492587
232.6107534149844,236.780039423682,96.54425509680141,88.28592211087003
245.66786547158952,233.80667132158936,97.64004914155014,88.68020241295574
270.45849693499355,232.79417437556253,97.27050954237885,89.8533568222251
280.4035661121638,235.36030363618147,97.27760324370243,91.09320246892547
280.3524998006149,246.49025042300877,97.8326613104495,91.62006350342514
276.8845347745194,258.8702571376475,98.01068301837164,91.92277132658907
275.95940124247045,264.145538552501,97.35171684615669,92.10664453203833
276.2238382511316,258.1635475694956,97.22488304218089,92.38964963037334
277.5443639940263,253.7777274402078,97.34935451323958,92.47415323886352
280.22549617300047,240.4928594447286,97.62068609874227,93.69255942635516
280.50913534285075,232.93984559657056,97.54489418920983,93.32297829698761
275.7008158353608,235.6240358461691,97.21574100600853,93.37852272073367
265.9883842668511,242.99723310389848,97.04295742977116,93.98389574525294
258.01277841996864,244.56087753945988,96.14459217346284,93.78127232517993
256.9698981397768,235.98209778065805,96.99423215221962,93.10683301771037
257.5293650953483,222.44120827444772,97.67450616687316,92.83630566416421
253.69745060791695,220.6897138368658,97.43635235746456,91.96370183074045
247.41796642791869,223.7113736253985,97.77294484771011,92.71174883082344
255.12737969932166,229.19187083676087,95.77505965774837,92.4207935850396
267.31491754892534,231.91707483157526,94.5967059891807,92.49012236222602
284.3266048395933,224.4193972763865,94.1617751639483,91.74344065314557
297.8221602239494,213.64540729910345,96.11266192331219,90.86983171000655
297.3202934614581,196.01011113279242,96.73153076037521,91.33321502773606
293.20075333455213,195.0173907714636,96.91203538399918,91.14841940128788
288.25436776406275,202.5653069016841,97.09925823853999,92.10230409030974
285.095714221494,210.27444883796954,97.32830324253125,92.44103163131305
271.1710574980853,214.12459747681444,96.96966418995899,92.85109163816917
246.06022484736246,204.45951556003521,98.27206374433436,92.34182943107821
229.10545362897335,196.11454028172486,97.19861210152274,92.38761494863643
226.27738364217174,201.2596712455241,97.46020127480244,92.47402195109171
231.947751800867,219.56012336348203,98.23497017591781,91.71547916537112
251.38234421546596,259.61253933920017,98.86318753788197,91.86812402057548
279.30457938279335,284.3126050741516,97.1043037510788,90.70968414002807
302.92467187750213,272.0485802266498,97.96209926092881,89.66987227802485
319.3047097548388,246.56516973260406,98.50241565713428,89.81687286206359
318.11681959952415,236.1008620266598,98.95013007172938,89.07952796206246
299.10117715910036,227.1838830954801,99.72874084979378,88.8344929807939
279.1608070156444,235.12003371882125,99.09805993309234,88.99809757212432
256.8280109547585,240.91540848153102,98.54721757610442,89.533331284925
225.87145976454102,239.31669314653175,97.24041028857066,90.71402783169353
238.78362029093321,241.27722637436943,96.80870169306166,89.73326970846142
277.66770492514473,243.69128309256894,96.35398609895506,89.62682213128481
314.1743873843765,242.90077996169725,94.79814071174154,88.21453415398398
334.4745519062741,234.41268245219698,95.15945107224316,88.4993820507922
342.8182325128492,233.13298498999998,94.71904382332643,89.09126222184449
350.470509519848,241.98949570795605,94.04105955725358,89.30152913126929
353.2072774920754,239.85453081693618,94.14246858579078,89.62353930614653
354.13382265731263,232.22595065254683,94.19467374653486,89.64540433920989
346.5269908390404,237.06238259899092,95.64705160121892,89.632736750643
321.58022764852234,255.6787314348618,96.56123075325112,89.2325586101513
298.7101913828824,266.60578067000426,95.34613360679668,88.84826681100891
299.5753514470017,260.14660236046956,95.40592215928314,88.34067147237572
309.8452997967705,247.5265867204375,95.94555808303654,88.49793145117026
318.83910544437686,243.95838291275925,94.73687172984047,88.46227237798918
329.552203496046,250.47701267799124,94.76636028836741,88.95379283104566
350.7243340772482,265.5846310176954,93.53920651732042,88.64701104665691
361.72921898135075,254.12377100956556,95.71563398999908,88.62340521147617
346.7051858471513,222.9810934721666,96.74124122824664,88.26018164247523
309.95351193606297,185.1090791750602,98.05895062268894,87.61048007311383
287.5250043871325,170.34016445849593,97.90021483554,87.26085833436734
284.54399611446684,177.4282626377289,97.80918563120709,86.79854823688777
283.44987132651386,192.29799444230625,97.51938330624945,86.69363090764028
274.0254002718188,217.7577436214441,97.68628806212391,86.11509019096613
251.37634288186007,237.88700783705522,97.52271003198278,86.1860867536404
231.72857684373594,244.5516742724299,96.5278330200963,87.14939838362348
220.88629848915403,246.54733400475882,94.78667905115954,88.41137100270585
222.9098137319488,249.2565886655861,93.58028577260126,88.42061226851469
234.0242761680966,253.2043320234094,92.73699627628218,88.38886265919135
250.88883324309498,243.27548544916078,93.34865284772098,87.152855398753
253.42481378212054,212.51833699387333,95.24990925700506,84.70977010717942
242.55520635001338,185.13692850735598,95.90563184216667,84.79508540174737
235.19426246821735,175.6898998583135,95.0143985730439,86.14377641260086
232.27769721505183,183.63721765353588,94.98390212243518,86.86368855164828
213.17555872973605,198.94740494074557,95.27500541752964,86.44699210833244
196.75916019585316,209.7310170002643,94.40320119745365,86.65470275797175
191.21096221007124,212.73626609271258,94.19163475141492,87.38980908815083
188.53551281958948,216.56894490766055,93.96762193798756,87.92221776227102
182.56545941969807,229.41024569458406,92.98419434445984,87.99710634650506
186.62703005913147,240.3388571704754,91.58284814768533,87.60556637812083
210.07526012758146,241.55329975240375,90.36281775932052,87.4281913575442
242.29943940167541,238.28673992873212,89.74139784028301,86.4447499735459
274.03976025167265,230.55036144204917,90.30267966323777,85.29192711292743
299.88881036646984,223.20801699189525,90.4537997095223,85.74937354344762
315.30884436324027,227.56513572777266,92.06687197477054,86.15570816184176
315.2023593926796,245.9041749293458,93.68163193874182,85.61937246499429
292.16715160621993,253.55393260746882,92.28014275702252,85.50196980253489
253.36780382817585,234.21570115181424,94.24553753186069,85.02948785910772
213.59644630366728,223.50647863495973,94.64008210968645,84.3179089365179
189.62614576500334,223.477167624328,94.86218495703385,84.36743717119155
178.79542628199414,230.38881125847854,95.11557338594284,85.2727027211888
205.50018317827508,235.34916775405628,92.85672106188686,86.26809404674474
234.9913838429942,224.37083600567416,93.15825909402088,85.68329750627754
249.8502081377773,207.4106272811677,94.05881843597324,85.08993626876702
266.948920066627,202.48453434475744,93.66700142031488,84.15823523210273
291.7479625455804,203.67013953611595,91.49943556641198,85.00473343703214
327.89531319798283,207.41257474862397,91.52299445447815,85.11059415596756
337.92632421887527,211.68754269506155,90.79652081357222,86.04251460922272
331.6734919912388,208.11602248752968,91.15042898222411,86.20842842592835
312.7385325827843,201.8786447171049,91.75008794195537,85.37597113718805
281.3051078670299,183.5179633157032,92.28716060954811,84.88781169267698
237.36717887140395,168.74541903963797,94.16626872287031,83.53339462957311
252.2091424763635,156.5880802672837,93.42119191578325,82.52821553060487
284.9000946440564,149.00358479713202,92.45606614485057,83.06345555538084
299.99704388302916,138.11253140460408,92.69354317044505,83.02086484592989
304.43181320887106,122.86676644870082,93.43011699892486,85.21749386357142
305.5206257953238,133.88273498762646,93.51044213195814,85.11161078657457
309.98256190461456,156.69674354248764,92.95676530217057,86.66867515878587
313.35858659015736,192.41341041495224,92.82885190215423,87.36855064237224
310.38362413113555,223.13932421613887,92.27430837918838,86.6555917533779
309.4913402025605,233.59892304234447,92.00181241836056,86.63755720216302
307.0960506815817,222.0257823743002,92.5708095244356,85.76565196903769
298.5460382986764,209.2126115830562,92.80438302681843,85.21324255970438
294.0731138683951,196.36884331644478,92.78106990007635,84.9804414159253
291.9307516128512,181.74459028357856,93.36730522201616,83.30876620724365
289.70864495147885,150.47710239565322,94.4512871452248,81.21932181707874
289.4717914323936,107.84018073363718,96.21190090260306,80.24313462353265
307.2991159672739,89.04974981307947,95.44736947810607,80.0867451829098
327.10931300265185,100.66585474434855,94.20709473108067,82.22160265740777
336.4653140507942,142.51106575651465,93.54363656484972,81.9526817927435
323.36464766791636,179.72940710460145,94.44847389298332,80.98025538319105
306.6471606910656,194.72412482391402,95.61390896729027,80.90952302378953
293.38272771203475,211.23930308176824,95.75204692852579,81.19864358937988
283.8457648723539,224.84784973310764,95.34937577561215,82.32678420393742
275.5743847545247,232.7683978137754,94.42505875602149,83.83308107849058
269.25415635321747,236.26040386092473,95.92596630326483,83.76149450222782
273.74046285190036,241.5848291647223,96.65922011955873,82.04121750303113
280.4416454842293,240.4561235012639,97.10152228959326,81.36763193511146
288.5889954236827,229.56761750672663,97.42959844218058,81.15365996117333
294.2576111557339,222.5583770026114,96.53785400047809,81.16350926316602
308.8851479375424,206.15499900265993,96.46876409469799,80.99745261048105
313.62095272588675,198.37239705612132,97.21859197223294,80.6729556139709
320.3355334746253,197.85846534561855,97.54634175252681,79.57032491723959
329.88765684467865,207.62447578602053,97.81635686849928,78.69532651263196
333.56697112386354,226.62229114314624,96.83711568882211,79.89407751224772
318.5390285813812,243.54239397071098,96.13867109239023,80.7586715092178
298.6138451076833,262.4834908976567,96.10357051048926,81.35316604033616
275.61808807377287,273.2820954846819,96.1743158405171,79.13396284773108
266.1395971088985,268.9315986826,96.84588402820042,78.81899099016394
261.8190288196276,263.79316076860243,96.89642345403227,78.69900669547837
245.6260314765985,242.32282905703323,95.51349342695569,79.69200776510118
238.57457190343837,209.61054830712163,96.51744406741659,79.03041051248292
261.8282178682311,190.05784806738885,94.61569718177648,79.26291289014189
282.3843931617347,183.16837087734336,94.24437442680046,80.29223729586761
295.9736365306442,186.3977479688777,94.68460678993358,80.97134531830434
310.6025487815444,203.24905909764746,94.5683991094223,81.51878028122377
327.04811780094394,219.25479161535856,94.40606661261535,82.11197909467852
343.2547802872255,237.8531375659844,93.16064363285015,84.04911058820221
350.7769551526147,259.2445272243962,92.12251567331204,84.87119729921065
347.1039034243599,269.26101103808867,91.97705676333601,85.01604034077101
331.60542808860635,271.39491745133347,90.5893791389447,84.98677388574136
303.6218928386456,275.74368950905205,90.29914830829975,84.89490069925935
260.8444499651297,276.5184822905136,88.9174648414644,85.12263778629195
225.45705652869088,270.9557555144865,89.48730328904902,85.458494780729
216.5896741823389,259.8702858425026,90.60631290057619,83.97693969415484
225.6635247209363,231.80168980037553,92.58082518702889,83.32614120834054
224.99135667197476,206.26271442006927,93.48986963704093,82.51626314204877
239.13940888819826,195.43093511184148,92.6444278175089,81.75733640694187
264.7130612147405,191.9843742643216,91.60707036901432,83.42720485185959
295.62777224215057,189.96185520289842,91.15331970091293,85.25026860184215
313.88786240523694,189.3294038063166,92.32076525974988,86.80023743337593
319.7424487915506,193.5715542580289,91.62295551660253,87.43061682017348
324.85180929707604,206.15114646304943,90.9947372445043,87.3314929112311
329.4446113661929,220.4818495384454,90.87279944995963,87.29896058551236
320.1128084653474,239.56289247642687,92.42878310504405,85.48155549568223
287.3079468898268,240.17395333795946,92.21044992063614,86.6182847285802
245.41981924322414,237.7608287057394,90.95309010153674,86.55693404795196
200.3429478460653,237.9690161613355,89.27937928257319,87.09023553122232
184.57920797361734,230.91424740145948,89.8779974094271,88.35639593763213
194.66957394005746,237.38326922819405,89.05888161119042,88.4155933043656
232.7132961551748,236.74910263578693,88.1881959089831,90.09179120880914
256.05847080130195,230.4797071352175,88.90960503958033,90.71721398485033
259.8568509350076,226.30966955416017,88.6653289983958,89.79835131127166
276.93183265900484,230.24865394890412,88.65557474839939,89.2745475989932
352.266451903595,224.75135338124142,90.16545918402375,87.79005518268288
372.8420980944442,211.17238867091982,91.29638573543082,88.59907141057705
354.5709866313137,210.84126479413553,91.57373134235594,87.59392500292124
289.24904615512935,210.68482478211683,92.38037779765435,86.94853727860279
215.06529328604577,221.42447383344307,93.06450340886833,85.20934957328915
163.69319094947886,221.17519594438076,91.15917194918968,85.27937754918484
163.44279892461236,219.18836796686998,90.32375278141629,84.08775554629014
130.7696498636003,161.77806098532426,88.93534783947555,83.81986090342458
222.21890198668132,164.58816618267818,91.77681856889943,85.51683924849334
221.52764035494218,160.09573683104105,91.3010713064454,85.33547824046387
224.0059414960607,172.78146363007136,91.33997864868955,86.1433459314658
235.64059551063517,198.02831867186666,91.49773551517053,86.8029332721916
240.87106928974248,229.24817156810332,90.60913464427277,86.38921319749173
236.82149531736115,242.35387030257453,90.72404348762552,85.81995707071235
242.42488645357977,264.51629742839833,90.25931520078399,86.31320660934799
252.2701822423707,268.60207970040074,89.39229387466696,87.00845858603404
243.9418469198679,259.94788653599755,90.11012269990937,86.48836705534336
224.07068480836693,256.02175436702686,90.25994814361448,87.17485275635237
226.97856301233952,267.9759772575305,91.26613931028476,86.50178905542332
258.2490850216385,288.34292254141786,90.90142967279033,85.67322914560751
276.0873676134972,290.1723920758829,90.24187803887763,87.11301873344622
276.6722731174591,275.7419639952974,90.37281490235274,86.90193924093069
273.9858669207054,256.0894179941423,92.51610125292186,85.30407332698108
282.9346324506672,212.27154917452302,93.39110360974627,84.82295915957907
275.7042012510009,165.16667614672932,93.17419062608337,83.74072828645554
256.6088761593228,157.75017262726016,92.82950145397079,84.4056988645174
238.30002865199208,167.10498507410463,92.64788769177675,84.93418165210284
231.14500657088217,188.58462580642507,93.90388331578858,85.28886503121197
226.17575034643195,222.6290065398481,94.78796575675443,85.0934751463972
226.4728206639383,248.89093300171157,94.28857058636473,84.80093783546317
235.02007303892006,260.8137541225711,93.1995647225096,85.2186012578067
244.62888749034892,255.30032789308768,93.2702678051255,86.017340542335
247.65381089674946,237.360475110224,93.72185102696184,86.8093729208065
247.45832622231373,229.23980377930343,93.3707098850344,87.04924883154901
262.12745377103795,228.19842413498424,91.79055911192677,86.31416396773685
282.5781853711711,218.79056754489852,92.36261046854517,87.07347112679008
283.20424630867586,205.51626529866797,93.31620305772337,86.13528973057932
271.3540350123382,193.33434826849177,93.53724408911931,86.57268641300202
280.17538574481523,183.76235891858335,92.1232566134231,86.20090469106596
296.04118081893967,182.37166610299712,93.03945928133636,86.34014373486657
298.63516740902503,201.1665250826189,92.97435273171982,86.50896688280075
284.18057518850026,240.5169138320934,93.87011134574301,85.27743529449627
273.5432413305158,254.7816285171727,92.98973069135053,85.81781679164726
288.862523517209,267.93854094532173,91.60023362448267,85.58248123893803
291.74342805779236,260.7945307446341,91.86894688981265,85.48899948882408
278.4909166914526,246.6486403489892,92.27498013579786,84.40654321956696
271.4572799398506,238.7678757480462,91.59050555397985,84.80855627765413
275.9674445698675,242.4707188700998,90.75996415863104,85.02044234113364
276.62154349924333,237.256733520622,90.63659982649068,85.26854434196909
269.9561758959205,232.77309358392773,91.24430589647858,84.31736623043332
262.68308136178166,222.2895026027777,91.0522871476787,84.80476608824122
259.02423392782254,223.26933437325727,90.55551696966798,85.16345977651486
254.40425739234018,229.6938739767992,90.71495131809857,85.38222019192852
242.48055314860622,231.81010682982077,90.5576753573243,85.60651918391396
241.79300476213695,228.54949770734132,90.48512312818762,84.79827537748127
268.1126304539755,226.5525617913424,88.61577302014526,84.39500193817781
292.5980056928217,225.03317391796656,90.14161983249198,84.96875202155368
283.1818802376441,239.47720733907758,91.46034382634319,83.73291639576227
259.4745359275035,243.19522593287672,90.98208048129247,84.79621258981686
258.97230958071174,243.53448712682518,90.71444560087077,84.79916143051949
266.3641797024365,233.64414424474043,91.24695234381043,85.1903399009878
271.08762995827726,218.53992782367283,92.00495543472901,86.2623496321611
271.6225571065186,215.14343548104773,91.63273219932344,85.94000314446819
277.19726801111625,221.698324716684,90.50301997722529,86.2730318707664
286.73613596816534,224.8067720019632,89.66201463868867,86.41352198190971
283.68634798226776,226.41607956859434,89.90882123563638,85.45685471890191
274.62555928830534,223.02642386960585,90.45772291860523,85.87797367303126
275.6524491268837,219.39596608071025,90.36601501783855,85.43807118899382
277.47084058715575,223.08163194982677,90.41957786145458,86.00509346611116
279.83799878812226,232.47383204066628,91.24419424074112,86.14154785291355
271.44795905769587,246.52522132023157,91.44647104351283,86.37563567256717
268.80526757726074,250.9456250117425,91.0067053265572,86.30804739812686
277.2007361918175,240.85542186610564,91.44625782827862,85.8373172910851
289.5222759821888,224.91099059062597,91.81914466294134,85.81915927319683
287.77955783623355,221.28759927842594,91.82627346927129,85.1457148468156
278.3194320921983,230.65290411767623,92.14588179938282,85.65536624619592
270.5678222265783,242.32409118521943,91.68444470078883,85.93993569936636
269.79894078352334,238.41280138920914,91.98824290527341,84.52609179895529
271.7732610062332,218.3669910256317,93.1912948502955,83.30246975877617
275.8154960490418,207.23974769474668,92.08465851254205,84.56172097743097
278.4318220402892,215.80653279892982,91.71700487065404,84.52626096803931
278.34611930995766,230.16867960341148,91.85433211327421,84.37179348517466
273.26289485711436,240.4633554614789,91.34291789792819,84.80319944421066
267.9163794307489,240.61905564268724,90.27775764195545,85.517069901458
270.1647620946334,236.29289435841372,90.31977967914625,85.40150535452652
271.98607078976113,231.18019845963371,90.01812684463108,85.32311278166416
265.56429829656946,233.52180560613272,90.26426353633671,85.79717464223064
253.79544770395592,244.2752912344338,91.28229423511355,85.9193518689048
251.95685095085193,255.13906654684283,91.13001972946547,85.5774576008983
252.9047983445768,251.77032848815827,90.92866436977302,85.47836250168417
254.55634433496112,241.73124161799834,91.06232971513045,86.20059446954309
253.50369870666438,238.24120047758717,90.79461605839384,85.62663298052901
252.28322102918497,245.4150009570285,91.21962192566653,86.15624931443202
254.0217495953491,258.20836543320297,90.73626887391994,86.02436960524714
255.2256101080662,263.4227484296441,90.5497540366876,86.19928422302154
255.51308683599402,265.05299846325033,89.94396045217178,86.05496266838239
255.03160063216583,264.89484216060885,90.08266445915906,85.87540128599063
254.0982129322718,258.35978807961925,90.19135901883637,85.95324565402454
242.89229437312156,251.11289461583252,90.70327853459776,86.19666255596319
243.85950132770415,247.35150230203436,90.83913707111125,85.78114562029654
242.96659207663524,234.1236679194415,92.38377647953057,84.89626300913955
242.73175604754562,223.11163300834824,92.40327149403342,85.7114323796659
243.2812849846614,223.61123016114038,91.84307674226514,85.44065535141773
245.2515285877435,226.46273608691732,91.18111298123031,85.15570666362116
249.5234178111886,222.95156370547818,91.19420785587329,85.150817825883
251.85069828183336,214.31313633209348,91.75160675345099,85.56021422914654
256.55783052099866,210.5813186233554,90.99674130771315,85.41386715608313
256.2316079118309,221.9565852839895,91.60247573311977,84.49957841794482
257.4887354603145,239.59211127915646,91.15919140984943,83.66209728942731
259.45253732245925,247.65829010365312,90.70809749505399,84.15072467156192
257.2284641900726,241.98271328049785,90.96682305975398,84.52751880554338
255.84420796955098,233.4098407492179,92.06783130939863,85.05649217010524
267.44771003969674,227.78081005440293,91.73063918082582,85.82936030717167
267.69753627074607,229.32424922648897,91.81617463071446,86.01873709376741
267.79773280237964,238.49139205950274,92.0088598946263,86.44385847119693
257.18943741304736,241.1670997336402,92.14369598884258,87.27132381445027
254.51471935549478,239.9166294644829,91.73626374152103,86.94112025829776
257.0813340485707,231.17477336236857,92.38361964437074,86.85979759619339
256.52508834744276,224.8113476295713,92.67968250448934,86.26256573354091
244.15167525379965,237.3062189609858,93.0008437900422,86.65052959842181
238.01986798836978,252.88319652143642,92.13073983030135,86.8598614495665
240.86369236135212,256.11800621288035,91.64468114552443,86.78522106677018
255.08590386532677,255.189431619262,90.98490131079292,86.70267727991632
273.4457426066499,244.49968943002526,92.03591474611537,86.24327921210073
282.03410924833076,232.20262051076207,92.28491121434058,86.29636137130584
271.5753616969819,233.96292284169044,94.89114990834695,86.65552794205405
246.77434457542853,246.63416239223218,93.88457972030128,87.47068548342664
268.7722782705745,256.93664948162626,93.50554124846649,86.997066590283
284.40225533545834,252.85587446277134,93.82263637406982,86.26353987628384
278.94703779651405,239.469363164234,95.19516003685831,84.44263127523838
256.84836992807175,231.19524358784497,95.34111561627225,83.73235602371957
240.3490249852427,231.18348484834738,94.22904576682288,84.68773299597042
239.2511505359295,233.58674254613882,92.8303680335218,84.86352408079524
241.07994629860798,233.22985302486646,91.97788839323565,84.77215464101728
242.56433279209165,229.9199066845733,91.64555425285643,84.5095414278963
238.60360734381553,230.6039183017441,90.65103625445015,84.65246887810216
237.4939071980042,232.00822115635214,90.49896967099653,85.03290049188413
245.32528724552617,236.90118912790854,90.04411915999799,85.76084718579521
245.50654275568044,247.75368984913945,90.4817522160368,86.0809235631576
262.06639089704186,256.80511233306737,90.62465206368512,85.39964651217188
306.63463809171606,257.18765858720116,92.59097139503976,84.82330462856103
318.98440498434223,249.4664157054464,93.29742058097884,84.33148615470479
294.0978220294011,250.7980770725762,95.29577951454286,82.44232738185572
244.17672383932924,263.1602819547492,96.75757428335834,82.75387113923819
221.7576529875898,271.6886412156942,96.6801771989954,83.67745352066856
226.66385263020476,277.4415889908333,95.30253896112876,83.73296219860086
251.87915543589656,268.29200802077924,95.65471304334869,84.36377964102826
258.2309032499523,263.40154909789095,93.85863661994918,84.21514445488344
246.62580603397672,263.7158954647625,92.91195162685148,83.87344239349028
230.24903376841527,264.600828123818,92.16472177442944,84.40517824687274
218.55063391240142,266.4784176409552,91.96215243738487,84.96268708643873
228.3012240294632,269.8849518608189,90.9983962907857,84.67849018296619
243.09921743115638,270.4039322526193,90.79287617746283,84.42774296328443
247.63734937467734,265.23105418178875,90.38465351966897,83.8468032812761
248.5950323853132,254.36477398561925,90.21312211315099,84.83653148977727
240.656035484536,252.97617662335784,89.60935970437822,84.38067109955401
239.81243956576822,250.38001556414426,89.9329546257151,83.45678943303851
249.06605422767,241.40200623169693,90.57775815408435,83.45369783792344
252.0319328807003,232.44018104595307,90.39544676324591,84.23143222430372
249.24399218176896,228.3457809512361,89.87524833475362,83.7105585322069
247.3873353904891,222.37708716880024,91.60281863308784,83.43955395382908
251.56652037219715,217.36628012055863,91.21530390572528,83.40647578194073
253.94114711021135,231.32285367924783,92.05391530549032,81.6563325860711
247.05334804641754,263.94623251806246,92.97137439499197,79.67354814452585
232.5402827037475,293.24982227018864,92.71476925574709,78.39118629774421
231.51666229491872,292.05942147087455,92.24746320221938,78.37617776911401
239.0532117621568,271.0682238275281,93.73143404618558,78.81967840248669
246.8065935144948,254.42507855315074,94.42902387402911,78.44236040021597
255.55870197305524,238.84601388521043,94.90545118298243,77.93743813087204
260.30536720375375,220.27297136123337,94.01606073165621,77.15002098156052
253.91221653819258,207.03114574378472,93.61815223917019,77.00480792812772
247.36513469878957,190.8790371506652,93.90781915283948,76.77416259605621
250.58814787070833,175.75840195139529,93.80800948762133,76.1859881093421
253.5900171356184,167.52202602439536,94.98689339050993,76.10613528804899
262.7503307114878,171.69787612447567,94.32085112341474,76.86798718139426
270.3083866579656,188.00389152524298,94.08695282298838,76.7276742143323
276.3056602178614,217.90264985450474,93.46056118262801,75.8593644039533
279.10928375768134,246.26642405353857,91.63043874631384,74.97993383425481
282.0769196928947,243.57332508198004,91.02076845364593,74.62256335696168
276.2265628510445,223.52698005140428,91.94070992817893,73.59887081923628
275.4440401428546,207.46028053875415,92.76630459182353,73.63651331377477
291.90461476275465,205.00980911070872,92.96832048263863,72.68668426587399
314.675612191082,214.15612343533797,92.3509815402906,73.00430036759198
317.90279346696167,220.33470913597876,92.89795127155125,73.53120317743108
309.44317040775167,226.5414096894262,93.49201542891174,72.63440744773344
294.9062810738958,229.63025064312913,94.18255053583248,72.85836643235636
294.4692903654834,234.99779372607964,94.36648057583763,73.19787190311308
300.0542198199369,254.89767245233594,93.66471840002382,73.13832975211413
309.872327643211,275.6916172488949,93.34034853289465,73.69881280914274
315.0240809779847,283.73475110436254,93.24947404260753,73.84367951288027
309.5963886673836,275.87073971806586,93.63230350328718,73.84579972810056
296.91643139181593,259.9381472125753,93.20849994529166,73.48916390778285
290.70657776233276,236.55904960508673,93.8525829290505,72.50786479902956
288.9331151405712,215.95888918116788,93.4683355632444,72.78320929799034
287.0181243196429,208.6844842623605,94.20216990628823,73.48325853074664
287.92825213661627,215.12279261931556,94.35013581756084,73.2349291322052
295.10050285934074,228.7687454188076,95.4462347673145,72.57396492421233
308.6168995586029,233.35491170903384,95.42754811927851,72.55942062043223
311.1180357320304,239.44441106457572,95.5589031871268,73.06171539689726
308.0216911416123,245.4889907462288,96.32354328043868,73.29602901027565
300.5738193854527,253.77088385456796,96.98805128860752,73.83121511415405
294.4614915007036,255.9717430258696,96.7604756509402,74.71446848557045
293.43191895729007,248.54348385440332,96.38708556625838,73.9411059233517
291.7522298790126,236.37387738513752,95.29612154446858,73.16031039325534
293.3758583379268,221.35136584050417,95.28637268518821,73.69768119980719
296.52811869175525,210.86717203148584,95.49641744536572,74.19055535959194
298.398990363206,204.79859505990862,96.19925179640346,74.34214507087381
302.1303785776645,204.3576154934591,95.94225778096913,73.74584046800167
307.4883423012502,210.03008125047594,96.33462291344863,73.14548063975899
325.40134906470155,227.0466400702652,95.55094871149713,73.90776171233868
332.686815399805,244.58597262342096,95.3424427991026,74.15837745929863
319.18655708345085,257.5512253967238,94.31505492131292,75.91521551010507
285.8683927488627,258.58935268416593,93.68449974039164,76.90793972168936
263.49187571084974,254.7854945540523,92.700278719982,77.47142361344736
248.22528640740325,244.8267594498311,91.35333418844719,78.810793617422
230.48626277627005,225.68039892923244,91.00768912893625,78.68086146037712
231.06243544997469,194.4560093538485,91.93240424257128,78.51270106646729
244.11248043667342,182.81481614931505,90.97340847693751,78.70535625910347
266.9325080313544,185.7750480436384,89.55444169699935,80.04165211401147
278.6315223794104,197.59601359834488,88.84129230386593,81.57505212032115
285.4103840975134,208.20286999135223,88.35415221116578,81.28847480183578
290.4926619822367,212.26977093307872,89.04670741889196,80.80741578108422
295.80759257697844,214.5457285670137,88.76217932877371,80.3352782308046
296.796357549498,216.8828975304143,87.97812272281543,79.7302485849482
298.07852011384307,218.87220270591394,87.1463986406875,79.62480670242425
297.5973718191002,219.57011884684317,86.57494016616258,79.2828987426941
