93.5,113.5,34,109
95.13035079630947,106.88542750773536,33.9374762218647,108.22938721780565
95.89890974121747,105.45099172939891,33.562713516603765,106.48536376257671
101.30867903192893,105.69121924779827,33.63063182910173,106.4596293123163
103.2726089302013,105.11517334789787,33.11338199311304,105.38308651624612
103.04302202304473,101.05739799091769,33.11918720324296,105.21095565061663
105.9796596020979,97.90232598823641,33.05954882492179,104.56479748999408
105.36293541396141,103.29493552843404,32.97513814758301,104.72202511827803
102.1999737643579,106.9593701377558,32.884548480633995,104.48131784497753
104.58173532862801,111.78945792105773,32.64768150291168,103.33721073693079
109.38537387096216,113.64025648194574,32.88256273580929,102.72632878506138
115.88940355051743,117.78988583794576,32.82347131035355,102.87060206311261
121.62617444448614,113.3541610288006,33.618176173111934,102.39539202106356
123.78039104180365,90.63572835476019,33.64522128429354,103.79708204565807
130.1011235727481,87.16670809770572,34.1550261351244,103.66139685938859
132.10718884004962,85.67604462835374,33.915902993404615,103.12908673220512
130.29387497859526,85.08019872756151,33.65603679503346,102.11828319725699
119.89621417317252,78.52535606219918,33.496924964716804,101.86239083022772
120.97317986093867,81.65547274690545,32.79948017194057,101.29936872637916
116.31484634543463,89.3025048398732,32.146534127692306,99.27203961734797
111.75928470847289,99.109320679917,31.48610531573932,97.92702175256795
105.7378800208234,104.50876481890374,31.109771014280483,97.14399880052221
93.41448035891196,106.42632567689333,30.821065424773295,96.31085381298239
97.92180640464713,113.61508027887561,30.969940822011434,95.8265845839934
96.9850936932936,107.78711810223308,31.66029296247667,94.76182488576478
96.34650733408597,99.23990076540385,32.26385064249701,93.91641161325626
95.28589334444203,95.15373835555468,32.48875839797661,93.32194032089403
93.82573068395246,91.28134771424604,33.07992779701971,93.09538714611386
94.16679805722234,86.22414119910539,33.36799352951054,92.236344747318
97.51576899081142,89.10586101163676,33.15422305286584,92.15618082187075
102.38756763564831,96.8648129385194,32.75259525324333,91.672388944729
104.40362206472406,104.33628153201747,32.43426799032191,91.37018452293061
109.61426871119119,110.6321461267172,32.106225925720196,91.25275094968107
116.30398535575233,113.10478680254664,31.618931117738036,91.24589799996922
117.99740666570844,114.53835623546652,31.32736509198782,90.40476535590066
115.64513310554743,102.9615924884807,31.796788101134304,90.0528225739934
116.8697368712661,97.12056388583824,31.486766236734926,89.07934503501566
114.01027792136065,86.47765360414002,31.53174109379069,89.37823093654687
107.06272159750176,82.26058304727096,31.074904049736002,87.91699107646905
104.70410322721648,79.95810105654539,30.80780393727924,87.06125979119658
101.64529088424224,79.45743236575933,30.859179729489906,87.20174898436841
100.28907785850518,85.35325804568836,30.668646434192798,87.22678806945662
97.99295743004019,98.61585423679878,30.649101402450903,87.2916892999067
89.7366042075965,114.89071830838118,30.344734025316793,87.16058221997432
84.97094835720753,123.35560699919603,30.471107028279803,86.84153596322254
83.99347347209302,125.64350183365943,30.380909856370156,86.41117876652474
83.93510507951879,116.62055707352603,30.5219203946848,85.74534686650347
85.05910604309811,105.14412728323396,30.945867138867108,86.50262691827903
87.0265960187325,95.87623939280178,31.15134434091864,87.05315794816681
91.12608622305565,90.94535604571402,31.023416483541855,86.76177503754498
92.1129947537021,87.73770235453233,30.8127166164247,86.09646689943105
95.24660721789381,84.78885403267955,30.83325862148243,85.26413968220523
99.63574002615947,84.95434663856418,30.67023977771723,84.52868593405901
100.95089154480942,91.16155017477959,30.24474950553879,84.23788554345192
104.14664504895485,102.74820101176252,30.07800302962706,83.69244679978391
108.07772758396652,111.89950123337888,29.954792503671108,83.91874459568692
110.49455595816129,113.4291036261558,30.111196561556003,84.29526096911442
114.92681047227174,111.98995286319924,30.2542454022926,83.50863978079414
119.42412168422317,106.2863721292509,30.47158853930284,83.00377675070496
118.71277785636323,99.8869277802412,30.357137375328204,82.68899319225466
114.58308089109958,93.5820532743766,30.133769922798844,82.31060019043403
105.62315567759856,85.29339566843149,30.158617984688583,82.4106509980274
104.67979006941168,82.07405854327328,29.966297706463966,81.98803622399076
102.69075691303493,81.34801195669692,29.866976686301186,81.79225587629236
97.42342977367592,85.55107054327897,29.79345568730925,81.91113641430991
89.63827981835968,94.6416883578826,29.589483632914884,82.03783459247568
80.83906538225033,104.311929120839,29.129791777594527,81.51432770645548
79.79164909978986,113.25083913284139,28.513318008973595,80.94530170405713
78.24983660100565,113.85730404115564,28.1111134147909,80.59302248643147
76.66314446827447,110.05960025526196,28.014327945298458,79.97316383049666
75.07817482517414,104.22575983170012,28.09474606183661,79.86567721241038
79.15002072518354,101.659783516115,28.032699273719675,79.90592547498932
88.25177223560546,98.37970881083548,27.985905923896357,79.79501670760035
91.83226136729544,90.42094069503345,27.9950068917786,79.39955893590852
94.72483172409636,89.62366723987255,27.651241910598635,78.81341198140794
99.52406489573679,85.85844370543089,27.29720420196134,78.3009208178694
104.6273063362673,85.75441982270947,26.82516403177679,78.17498665210266
109.1029549570574,93.82680942738742,26.562793486973902,77.75639610241473
123.88132150356739,108.13978260649134,26.368145736361157,77.12787673090122
131.6863165774992,114.53705470555775,26.02629542766985,76.76232289684312
142.39202245150213,113.25396779764995,25.964750546729466,76.82601906678468
151.5714268586081,103.64210305108847,26.204688985935512,77.31998552890178
161.46576416350885,100.77523379403634,26.165341082066636,77.0737931653205
160.4855761364002,100.78902233664222,25.913038703819346,76.64770368687257
150.11224334946996,97.24204719646558,26.089969704315514,76.59686188730032
142.31032943321748,93.72888830981945,26.06013340565596,76.31473897532035
136.19521184380278,84.26290315677056,26.117909935803684,76.84288542887909
131.13717274083965,84.98829082645635,26.02252516718162,77.11312268182317
121.68284423627985,93.23448587131475,25.966134339997517,77.00904207086614
114.47260091742808,107.40344960754469,25.60441253501307,76.795960103167
108.36805391333941,121.20994917939626,25.21619743064159,76.02995917418552
111.09854709469569,128.01287001629063,25.007114601864572,75.35720771035771
113.63510971103177,136.48270322303682,24.5818885200408,74.8664644078273
115.26324021794065,137.30628243804327,24.419838369336453,75.01760302542944
116.06898263795087,124.92933241117747,24.41172932181937,75.55218850396571
115.306134867978,117.3354524226009,24.461222016191666,76.10387060025948
114.30936821106697,113.47537731285804,24.575266504215694,76.4369539786197
114.59885606827922,111.7085834670714,24.335409836717687,76.45242114292552
114.87268758526389,107.69213102607003,24.158080742539084,76.13485166732329
118.51734706315864,105.42695212042527,24.084478625586247,75.90746516632643
120.75852623663557,105.63594020817713,23.9952114804146,75.45921767115024
121.34800417691602,108.57512965464213,23.52272251307699,74.39394722243412
130.77219371900046,119.17176157775796,23.36540635615419,73.97599579990852
136.00193117557228,122.5213539473114,23.302643746172198,73.95689910401452
136.62457994140343,128.12087671923786,23.001669515825174,72.91130738706593
138.51224843590344,119.25348848695744,23.135067086837996,74.11160089569412
145.86311754806786,99.72394686470624,23.219219441732804,74.80842904376098
149.4634419466576,90.14705833945683,23.24640725343999,74.24905034779982
150.94536763935852,89.08481404404051,23.242558528789534,72.97185131656214
145.85094180929175,83.59066070520146,23.310376520404994,71.9762331285176
143.69130314592843,77.9754609425801,23.43577615014064,71.96573261408747
141.22714160124843,80.25425659077445,23.543775295408892,71.44064444575054
134.38314027176978,92.10439034269228,23.535949516561033,71.62484502052816
119.04280096285486,97.07701444787838,23.93167597069455,70.73597898941618
111.92213332299764,98.54293719664022,23.92698044291387,71.2013116649577
107.9443702498975,101.88512478532834,23.511170605837766,69.89664239349577
95.01328715298784,99.8648121296705,23.932220466649284,68.67967979511296
88.1062149483678,90.47462966981438,23.98545388803534,67.80965408982522
88.44552170988328,82.99442965822507,23.90437365062222,67.69014574203216
94.18816340439328,74.25043296963518,23.747439375066588,67.92074051386524
97.49215980806132,73.69521616079936,23.561214279369924,67.43598014941256
106.21158616161198,78.78915110507455,23.462420852664106,67.56086012353309
112.58405418397449,88.61257163029597,23.503802633256477,68.0354942928168
118.92309660733795,107.52491065962222,23.411372045257576,67.54650196414477
123.06007263541449,122.11889067433877,23.432056715483906,67.61580702565405
126.07630760297431,124.53448076986663,23.247366531188234,67.24659859439447
127.83486033189047,118.89044217665815,23.347473607306704,66.6271116176034
135.79725142025603,114.03802566154269,23.515197839267,66.6667043600536
137.47755557889494,110.23189241345742,23.534509766206117,66.59157385305032
134.3632147134762,104.09973882665349,23.58657625885389,67.07570009556684
127.1692749107577,103.53023343868341,23.682760269503298,67.53942112140781
118.32427425155396,106.8024559542415,23.968155722432254,67.54200272450797
110.23382478806181,112.239715150597,24.092259529177287,67.97085003919443
86.54664372445265,124.39998475332283,24.194271345116306,68.1412795379664
78.13767039851977,136.56861466548142,24.461568354037727,67.64144303823416
72.26441922808229,128.98552280888995,24.38791078280333,67.48856261109728
68.19210298578213,116.68896968184899,24.489016617928527,67.56137849042337
69.62368359779236,111.87642578908785,24.304723687670283,67.40567594696614
78.81575603243272,105.15034893199433,24.174734931060467,67.75576076009115
87.55319412523296,100.85989622513921,23.970759471778333,67.57842928873062
97.13498031151637,101.23951254583133,23.802214641325765,67.19661945694718
106.81149529833165,105.82674779176116,23.720083486664944,66.6797865612179
111.99494774957071,116.34500627787045,23.676295840351365,66.0984278226419
120.3789116461009,126.80001198513007,23.615141805225555,65.57338993412364
132.6133899881193,146.11204209115454,23.3547002884251,65.00173603310984
129.8959158009303,140.90856921763753,23.378641258475668,65.1587437689744
132.08558487815873,119.75758267302545,23.084479571914382,65.02056182890172
138.45815838200386,109.25790242246238,22.903288824905246,64.56580169404154
133.14114669645573,103.98761134505406,22.97902266810842,64.45360808439284
130.55781071307766,104.66485009414475,22.873635194251772,64.14775867802359
127.4295397837227,106.11626110121357,22.806335004316683,63.929473359366305
120.90947846679525,111.1610670802046,22.565174259570522,63.608642109697236
114.29316682207102,120.58902597802025,22.492985117683542,63.561766290994655
101.2053398647835,126.61805622830484,22.53059658230741,63.53188591280096
100.15428267974652,131.72568084430017,22.423142213443974,63.39491045400364
101.39439341587621,130.04932985020906,22.371828612430935,63.70605179231405
104.56026678140637,126.60562474524357,22.346816443290784,63.70597268339737
111.81507033281963,120.66693544150463,22.227747556101455,63.6848470336731
119.73855232864435,112.74163416623,22.070100314024792,63.45719297716669
126.28163735799255,108.40049054372517,22.158838893328863,63.53679334015731
128.85307574948754,106.44649378415852,22.189666257677743,63.608468604819784
128.87971141054186,107.61588863813151,22.4384778019994,63.6869326295551
128.25494395505987,114.65996045403136,22.460850709446223,63.80383660517727
126.66719352484854,123.17552015473191,22.437055810667832,63.54521438090016
129.45114952671065,130.16117729850512,22.293199383268075,63.104626526154036
130.2732206651634,127.96942750060745,22.17648954807404,62.51343330044672
132.11836263620356,121.70137716384016,22.208243636618082,62.02770913725032
135.17191983645392,113.670453053486,21.930388631716728,61.65539140336881
135.54123509210555,109.79567207024402,21.992154205198926,61.389865288492885
130.72446657804355,105.35212393863087,22.058213053391267,61.39065002065231
127.98284878740081,101.6198014276444,22.560515445284675,61.15277610265333
121.57651449271611,100.98797800619283,22.6644571517195,60.57311509281141
118.42055326565813,106.05873569757831,22.621651383942147,60.34654912715471
110.38145938995736,116.95381655970138,22.521420022184525,59.9806828283236
99.9447777394287,132.24242392838423,22.33781844897425,60.06661124891688
97.0946746367831,137.52845636112193,22.099910964842838,59.57685419899329
94.54719708028372,127.22137504531707,22.124061958731495,59.66981283585198
92.57113119900669,118.62875003221804,22.022809417238918,59.69811095775318
92.63303084573833,114.38348185512928,21.954009523705878,60.0638552129317
95.01143954634279,109.5860553800456,21.752102782287007,60.28199727137542
94.31027690017973,108.34964973327983,21.639796326413656,60.182494302516794
95.91220100971482,111.64661254361998,21.496085617643153,60.06165217793026
98.4005712716913,117.68857151527739,21.267706681214612,59.81958642272579
102.15768652881246,123.58720728070067,21.245783353098993,59.76691518789975
105.98643205732243,123.80242665657968,21.193517859128367,59.64687897849439
109.44611339759501,120.40982086241559,21.283505955255563,59.72634153194098
114.54256938829545,103.42434816695754,21.516496340492896,60.221540768071925
116.25208693639776,97.08649213812969,21.630997440043263,60.34751298808115
111.36544999800665,95.81249499152553,21.465818596183382,60.16222495363749
104.5911999048446,97.95819017729433,21.220074016272154,59.87003063465115
102.27929282886846,98.44555656437036,21.156936054119193,59.513607596750916
95.01610466286292,101.08690865685739,20.974621742819735,58.849816585452395
82.70841240252314,111.01201286942998,20.887564094309848,58.602332235624615
61.72698062210142,119.88610796025186,20.85851099865915,59.3741596778822
54.76209543372749,129.80272052099278,20.60677331113699,59.810654633915014
53.37182968900671,127.90505915838588,20.586191195079284,60.16218525440776
51.635327140257246,117.85370165963334,20.73921948593759,60.191915556478236
56.323419116873126,116.71859054220664,20.679256769888433,59.73989734333361
62.901774362253036,109.49008184412668,20.712742316421092,60.48979956615371
70.01186191324943,103.64420198432452,21.021654281078703,61.14162608110712
76.83028306430575,104.78411188900252,20.963095288902586,61.660578368385046
83.30450594171904,110.26521434149875,20.644211912005687,60.92309441828761
90.31991050230849,113.65556774283363,20.318395085138327,60.93151830333148
99.1291435578145,113.06562330179239,20.51855156323762,60.9408539780165
111.84368712950324,117.21711777574664,20.42340683319022,60.428312265215396
119.45528451785697,105.60085362814091,20.383241231287457,60.98844866894737
130.9480097268051,91.7127467933217,20.30928792948001,60.66352136263364
133.46047174731976,87.90498967445436,20.332883022972204,60.37153247231658
132.62328558448544,83.18021047877764,20.609343203979922,59.69445245119443
134.07720179499057,78.69084590608126,20.72498666836089,59.538615289519306
132.04056471807834,81.33881706033976,20.61809553135283,59.506336272933446
125.51705585475425,87.35730963791636,20.445752906438514,59.503094022443356
114.71277213366466,99.5208254798904,20.17866994273392,58.92602800621986
108.48849359448633,104.10402665877437,20.110221100680405,59.02629873652565
109.51863916791902,111.52433837489647,19.828519798518712,58.362785976278516
106.39838420013952,102.56470589615421,19.68526928180719,57.96360000602867
107.24799323366938,93.81757758279923,19.573797358088548,57.9127230420404
109.76255487734879,88.88557062260408,19.618698271169176,58.33715127670072
111.90537750282178,89.07561243962587,19.669200328572785,58.244588915554864
112.48746057072847,89.22364041726496,19.481854304034144,58.0648012523461
113.84732853714223,94.54750504445056,19.518539937216133,57.951396643970995
115.63196471045221,97.34385332888111,19.472965443684558,58.1612975978455
121.32358722146559,103.71977927880906,19.33529346548105,58.71515172215954
126.87253914395723,109.74642230774732,19.126686152175022,58.25121254996416
130.21088262084956,110.01336100149584,18.972188815547348,57.7933997193042
141.06032846555678,93.9346872525145,18.861332709628982,58.66386290940556
151.4610541077596,85.22732345415652,18.935699677786836,59.23897182326019
151.06372402846577,77.68919194986772,19.24552346662157,60.6072108068744
148.98551003010652,74.30108972825214,19.34424749147729,60.52781727723569
142.6660671791548,74.7106327841599,19.43516051424259,60.4508677034489
140.37004389248216,78.73116498796546,19.337516974520202,60.378881359802634
130.91617867904037,94.63822055324879,19.252470530676256,59.758749492541625
118.437625158647,101.62442579632723,19.33348466069641,59.93651791568649
113.64362024443157,108.40288765708681,19.238305097037394,59.200939523452014
108.37254542088138,99.93910121274718,19.350195993222243,59.689925223410555
103.75215217480564,93.63134859025463,19.37376217897724,59.11997228510709
103.42521767106109,93.83027368263978,19.419718288402706,58.31249680851242
109.40514045090373,87.44690886062604,19.374031549823385,58.61104674978113
116.78661705875584,84.51593949852324,19.270588946606942,58.68953439366447
121.88159016524773,91.41369299942636,19.18445876603282,58.17979208607211
130.389405028559,105.24472374618134,18.996366576031406,57.309108613802394
138.19641985455118,116.61128473226458,18.628190348119276,56.208076256504064
145.35640152434223,121.84280073893672,18.38962025041954,55.511314880672
148.35923360547588,126.45868298127517,18.171282424059193,55.04261001208394
155.54445190548918,113.59379372177537,18.262845717221076,54.99759109150835
160.95301790958,102.8763964785534,18.050213525933938,54.679885043894664
156.83973224911233,95.597868655267,18.023693034735494,54.739260026404956
153.008481871323,95.05401302190306,17.994309272644493,54.44481527869042
150.90039547194388,97.58627934456996,17.886170814994053,54.13198684936002
144.7160165126662,103.67477290353565,17.82642092867884,53.28855399931196
137.3190671748997,111.34470503607194,17.707874535852447,52.900142943162706
121.63619957459379,119.72638666987352,17.62149753858827,52.88258923061326
117.20414769383373,117.33476981485569,17.684358471739237,52.76333900052441
111.3094766426126,110.60514246253096,17.705383351586292,52.63065473270072
103.19409041096979,100.02017419773593,17.616789359793778,52.4168136438826
101.94510214039374,92.08880574644053,17.842263955450292,53.21318435079467
106.01274285634886,86.52633012364211,18.0252007547412,53.49574172126945
109.0517647250264,84.43110902560363,18.00220214525479,54.33297704440633
115.24602753040872,93.49622334019706,17.998015867070713,53.26839744781224
120.33405539400084,98.62097101565561,18.007217097894284,53.7471192218341
125.23535821586901,109.10453753101233,17.943724308161855,54.00668411287361
132.02050270432096,111.97902757130302,17.74930317488586,53.49666477524268
140.36520774740652,105.74167128751071,17.67860456027241,53.193129509575336
146.16997788130172,89.43459259057587,17.52639118152009,53.66882865149188
147.40162434936408,82.03442492072259,17.47908955170025,53.432337857470415
144.37280027775873,81.49347932407615,17.463579430750848,53.20979773152656
141.8629037881149,80.88732600123635,17.425357540348564,52.82032992308932
135.79971900840954,85.80409016508028,17.408952517850103,52.81354758233992
127.20774588985608,94.19000855581365,17.424516110303664,52.73010916207925
121.29734169228027,104.38550274594948,17.4660400282214,52.26968184748142
110.14535193534391,108.27684754114763,17.451526652689825,51.78642501160172
109.94184538386544,109.6492578254807,17.159111435715737,51.19912879024087
101.61680024130746,104.028738806999,17.112649444220388,50.24541890239961
95.33072941377759,98.14038827783597,17.18607474490999,49.46215387338435
94.03560939664237,94.29130395754021,17.142916961568748,49.933060017027636
95.70386004992032,90.32394633927977,17.100249387617822,50.24815922190178
102.3570404147259,90.14548165401001,16.93293246599007,49.92903030005236
105.08940468094187,91.94039666202227,16.848387630304952,49.96796705915911
114.495230926271,102.95212808331918,16.625421129026563,49.569485143078936
119.70165441443038,106.5374119102621,16.54597297167753,49.56292467608276
124.54720149354722,105.62923347305482,16.5574192110879,49.44860675916125
131.75101601141947,103.40404544226247,16.549417860890298,49.31166487717294
135.98427121860402,95.47650947484136,16.46948982109391,49.3816349214512
141.99455700028764,83.07875488872875,16.448299323095362,49.91942123906215
145.04441366061786,79.99290927756408,16.59983817681237,49.61824115783317
144.1082009346794,77.23865613269555,16.761463815418747,49.431269961913465
141.37375147985313,81.42033840317987,16.980460953525863,49.11979484050052
135.98878403854758,91.56096464436098,17.081658424637887,48.35866870091173
132.5385688227835,99.2075235939566,16.951827816432164,47.89879035707937
122.13356185724086,111.38251104046067,16.974173519368033,47.83142731099505
105.9088227745018,125.39188188544682,17.143996228303187,48.81311668181378
102.98254092764286,126.69644795598211,17.545367066186117,48.43050412539895
94.58234161859015,115.8960374829115,17.644719694301298,48.679564207282375
91.44404221204084,113.52063940392516,17.35672519227542,48.50401215587393
91.67161601600809,113.06110441186097,17.570106677606447,47.71865978530414
96.80828647335613,107.16555437778024,17.669031578645228,47.52569575129275
102.21807852209014,103.48442504942768,17.778581850073692,48.16225641376567
108.96527005126843,104.00153006311419,18.05517390463214,48.74768578306016
118.55784239814321,104.57310972589809,18.05017256720584,50.2710673186221
124.51251129082034,102.55230883062647,18.12439534398536,50.813871930896916
126.89633107130228,103.0480249055344,17.90961413568261,52.34758078182872
131.79098229643583,103.25722084840866,17.900058694692873,51.59493436302777
137.2403557731768,87.15636377994292,17.978444538452152,51.63468026875806
138.14275999262034,76.28806837787565,17.94138779329061,51.07984536793658
136.47215771306495,68.3987835392393,18.134684141647043,50.98497048801932
