110.5,101.5,30,91
111.0855946721542,98.16265672522991,29.930695497610543,92.16294681870522
112.2916529608414,96.95612326240742,29.888876352181935,93.01710194396568
114.01287652727002,96.84684056177112,29.712031331141112,93.67167964310701
115.37358329525067,97.23671368451431,29.669111294935675,93.90408058580726
114.6130584027745,100.00556532025915,29.504255980972903,93.6153983676318
115.9572780005105,102.83634546126345,29.321328546212577,92.91440651366277
116.89102186203979,105.3042010257353,28.760090441684266,91.6045241277
119.01675500759808,106.05617553071706,28.50392778139654,89.5777172133023
119.92260316954926,105.24186414622996,28.511536996625342,87.54015388799243
121.5802775740736,105.54498677370688,28.35957119462622,85.9558185852023
123.59170596091465,102.24824819649933,28.157891665130535,85.57518370577338
125.05805331293313,102.83691707265982,28.16626060359543,85.34350314711317
126.33894771904899,102.18951712321388,28.00825392065142,85.0655105159452
127.62275907526835,103.23422637058198,28.15495854357037,84.33820466254355
127.64689893203092,102.49737443399835,28.172019937592484,84.14011459802771
128.39503894588557,102.08684280080836,28.295563484903,84.05212781701007
127.76164158180845,101.36542220883749,28.23631258069492,83.62678717626765
128.567933930775,99.87657485849013,28.21518095817073,83.05547016965647
129.4102277303343,97.667262052159,28.24200137811803,82.98966737655701
131.68228905924485,99.17556416260906,28.144853951467528,82.31455151701553
132.32348083212446,99.91952334291587,28.143056529174835,81.76163041697245
133.7176273336049,102.28940819474658,28.220021266234728,80.37625204975205
136.29605462256364,103.047131169346,28.140071938866505,79.31928583282823
137.85348061197337,101.73638561171352,28.090398354364684,79.04239070808771
139.89215008415917,101.27391644022043,27.673449787037804,78.2001464624966
141.80038717755974,99.60086250692514,27.501984164232024,78.02168481767362
142.34157234446045,100.62115298418865,27.18551998553998,77.41654893341332
143.11589929529728,100.05119322204085,27.189578047519912,77.05032453013476
144.56144975584144,99.69480612671713,27.056695176434605,77.00609308885853
145.39610025901058,100.16199785966259,27.21518180780691,76.02057559542692
146.83215268460214,99.15716360545699,27.542194140309135,74.98697399275416
148.34406952844128,96.90937386317383,27.523488359430107,74.47724294188956
149.4171996299595,96.82021189151541,27.15230168468351,73.9383008024427
150.19732199688042,95.1908956227137,27.0387707560403,73.83840281865332
150.37183688175105,95.39964406044766,27.169996679496283,73.59352632907064
151.0179471661474,94.65046345314178,26.99002918058124,72.90288240719251
146.75166644992657,94.36672868521705,26.78107068504435,72.88164753582686
148.42188751002547,96.790032721582,27.0341399078489,71.9010048294605
149.31908511148174,96.07361076519624,26.956597369883852,71.00329592584104
150.0768722562177,96.71648839125372,26.642823545995718,69.89859198760317
151.61720704398945,97.11555512561142,26.46344486400693,69.73063404979824
152.51528047073228,99.2417000002391,26.40148656719244,69.35889969185453
152.33424936498247,100.78507544534862,26.016681658426094,69.49535865957617
154.2472665824699,101.66924772190272,25.933425763108794,68.78825275297524
155.25718527996776,102.9175379078725,25.80888935249575,68.17489436494529
155.26409248113083,101.51772719073509,25.64852346033957,67.74484360569289
158.74225169044257,102.51619581214385,25.61478433019875,67.77910605655518
159.73793362658205,102.4973106714948,25.535284380992625,67.73698695841153
162.04727912654673,100.15290509598387,25.599877186910415,68.19159810867045
164.01785815965525,100.02302030923136,25.45230251379029,68.72266632910237
168.98164745618436,102.65051701084822,25.582761678605586,68.40358124343456
171.95878218094865,103.4356722250998,25.357112758251844,68.3863406448722
171.39996701963622,100.97350762445681,25.255050731442786,67.75889963589205
171.5059339616407,100.69097831194122,24.90062002316931,66.94700203648169
173.36680020285732,99.53324934393872,24.701527053751796,66.00630352793715
173.22234411526415,99.68228757829486,24.337577276156505,64.99309267697694
174.64099592153914,99.29356065957148,23.908922154512254,65.31517474714123
175.0833629372963,99.76155397537057,23.76179595972125,64.96898126119962
175.26151725310365,100.4044311106583,23.705519705349595,64.55524169199059
176.32917295252292,100.43389606311453,23.89714526673139,64.09881335825656
177.235611203357,101.2894710006879,24.160110191912615,63.47874331423318
178.70406298621344,102.49318103675758,24.284886466287634,62.694420781041885
179.7931934855161,101.6730804153136,24.41974750175516,62.75825118862557
180.54465448675313,101.01245954189598,24.54862472031993,62.73741520337464
181.06085143603266,102.23858783254185,24.636440396460284,62.74901388865393
182.0561673014484,101.01734008248522,24.768999783869134,62.823687456928205
182.73706535717352,100.6407987778968,24.815740464220376,62.70563107617965
181.80437885309837,101.2996239638683,24.851536980061077,62.522488717961956
181.77442214206712,99.92890477540928,24.86821921659791,62.08510576957788
182.42057853939133,100.66355106360672,24.89544942598545,61.83912783608918
183.03896467019098,100.8497846386103,24.98527831203783,61.353588007635246
183.61391650881149,100.41700720236469,25.103854935700166,61.22096559016369
184.98968767898998,101.43856193742276,25.194335252737567,61.05514684575556
185.25596539150754,102.08666275824721,25.1622815199975,60.75896427759299
186.88708258392694,102.84477724928298,25.167860579296295,60.54775527022999
188.08298232467698,101.68052564133453,25.14701966446186,60.50979601702598
189.5333699090373,102.16986899489191,25.11091524922021,60.39202950072233
190.09498052603527,102.38694654729775,25.03988276930604,60.32640154010432
190.9310135116188,102.39176851344648,24.996345393109674,60.29940560420268
191.05648157716368,100.59262242377824,24.885648768979824,60.283724642822605
192.24115765485251,102.51407024509011,24.74784802236985,60.27104421588185
192.58743671512002,102.85468079280926,24.62959555540691,60.01349672040198
194.08034604581297,104.51775776702024,24.265414715218547,59.46431792685672
194.65385321138913,104.51167039627549,24.040544081804864,58.96736236925489
195.8505210819809,106.10213589230146,23.831457264876676,58.62155682352252
197.83087051616394,106.54109239326692,23.698396545772084,58.53288185727045
196.9010052983499,104.88583367537652,23.569198067330053,58.623706585989495
196.85062336556587,103.90932527887384,23.435533318520154,58.64729849705975
196.33934529394546,103.51700699515499,23.20875596089881,58.175256006422494
196.7041489430324,103.05817307159633,23.110686278977838,57.78224203362404
197.00981526443474,104.24555276080831,22.959939260152716,57.25199285283954
199.82315330367942,104.29925195936387,22.868448995567185,57.23110236472835
199.4311551246096,103.2210502967558,22.671798743446786,57.16985694536133
199.4296802785296,103.2793570816019,22.569782249619863,57.155804409931335
200.70809591360884,102.53665543795275,22.373378359069463,57.33117950184848
201.67372082477124,102.6652433073305,22.000301954789727,57.41418392170809
200.98751559858377,103.61850095498731,21.692554507308117,57.020611178961
201.48121334711797,103.88511934096391,21.31779045040234,56.35761461849462
200.88143909581785,103.80375401356333,20.956070861800786,55.68866598872316
200.23390203579555,103.85201484507024,20.679360127910144,54.93646939132214
201.57019383535763,102.73961266746657,20.318727927635486,54.426436214486024
202.98181355212347,103.28710102108514,19.962883322900225,54.269485995076195
202.96035916850022,103.2721663998811,19.628075966088964,54.29121472846745
204.41539675743468,103.17452055638091,19.34900464487899,54.03030060039101
206.383587505565,104.2882551949164,19.130806189237198,53.79483953254854
207.35505111660711,104.76669131669495,18.867119313107864,53.21020950128698
208.13571962534672,105.91068156017629,18.74263641969786,52.85712119190609
208.85193705011847,106.25209475971134,18.57633976614591,52.22966853228714
209.32012712674452,106.27395649181103,18.404906610059456,51.912073020425034
208.40930621108868,105.00134157964203,18.40455330224914,51.965934789419414
208.04164203646624,104.30964337422317,18.37909785995197,51.79526072753985
207.74076864076847,104.89243440492686,18.299578045493462,51.22737598373271
206.79331897982544,104.64342295275637,18.231521892526025,50.582454552136184
206.41650874249433,104.26486387144139,18.27919782907179,50.11123638053763
206.0427419882567,103.44413324330174,18.125831986903933,49.673444201682045
205.21720726508917,102.67777219934587,18.081693122158015,49.45890714957915
205.571230974872,101.20164773665036,17.92056367754124,49.46096147772591
205.7162652888589,100.52395074517639,17.83303209445023,49.486439937144794
205.6857976958872,100.12487944415312,17.85283809364416,49.50894741593844
205.46128071794297,99.64268505176545,17.763802622519247,49.417480330466894
206.5382679560841,100.46653123316658,17.719300421017227,49.22755962656206
207.22459895982507,101.08288364373742,17.55083784686199,48.7821280931935
208.7547152148589,101.97608597058641,17.488587600359445,48.580546571056786
210.1218611202845,101.70160770617674,17.323570215014794,48.597826986270626
211.9118325634273,100.7578691089478,17.188506860589552,48.603921000110226
213.47006441485425,101.27357268852356,17.158831096807297,48.52749790982927
214.6504151231105,102.5751246679591,17.110929610867327,48.26036745216363
