298.5,149.5,67,122
294.2975495622242,151.0198983666366,67.07717212723003,123.32424459515698
295.1166380541156,148.9238679452319,68.3039930072168,124.17150067417242
293.6687551042945,146.25303190595082,69.36607136298989,124.47756541478294
294.9608696430136,145.92615205826905,70.41353660241577,125.34372565085597
292.2401171603762,143.05517801430577,70.0934644383266,125.57046406394734
295.01072401584105,139.61622049909678,70.07944999573799,125.76622920728033
292.27601747622475,138.8032975244709,70.64152731676126,125.3813463204725
292.47727967634665,138.85477541372197,71.39012250632307,123.94147051900592
296.86955893557194,139.7285709875486,71.82715879835837,124.38685966081188
297.1193523736048,142.11557513980063,72.23764240120892,125.49525329951464
299.04981027874186,140.43138901392467,72.76877113515468,125.92991974453435
297.0120737004678,139.80271047634335,72.59706239930773,126.00467894410188
295.88061143965535,139.56981102967782,72.4125915962256,127.25277550827418
295.7372157679208,139.18589315410173,72.55090404426898,128.75088855930733
294.1325754738654,142.21144674601305,72.82181392772888,127.81379600103402
283.33119815506984,147.4655082521616,73.19029274744884,126.48980651839999
285.638731459322,139.66720946570302,73.51316292178143,125.46004796643925
287.7634007580651,134.1027988678324,73.58227858988982,124.08538348255398
292.3006141082214,136.3310802382272,76.00380544945266,121.09887477218278
308.8189437938107,125.34204913736707,77.96758476845957,119.04572702822433
312.7892319290051,127.5984972228732,79.87818475997265,116.5702194203682
262.7510125293063,142.0217501225066,78.81826339091319,115.95927308460242
269.5732288418037,132.49483626645193,79.85573269768115,114.42695730305938
267.85161767710554,135.01210185048677,80.37839466712259,112.43345081989574
269.9457589654537,127.74785298561736,82.88262841733054,108.93323341596754
298.20099841375986,132.9797667325839,81.88047700484915,108.20540407572098
307.2695443417307,157.68258205501377,80.7286680468567,110.20254061225772
302.3561950617195,142.11623302757883,78.73454198377117,114.92818376600457
301.0632531002997,136.6297841133956,77.22632304711375,117.09192326917572
300.5482272858712,124.31371700068829,75.53535946105069,117.13055354256396
299.5975856306348,124.9921384886191,73.86734283522887,116.47846241587683
301.24852039429715,128.0154951605807,72.41207992010973,117.93173715102466
302.74749366103185,129.5991175752407,71.69865949633578,118.63022499153499
300.0148880065291,140.5611400487573,71.45301150663518,119.72282738336904
303.86179310137095,129.7004001385257,70.74300506603595,120.9251421647697
305.39944558095334,125.46987868242661,69.33723586298233,122.20840397192639
306.8389305075988,122.71379101061576,67.94967900693722,123.13003080022824
308.6532608398899,121.02270671251392,66.67809141097368,122.86596941405583
310.941676891278,123.12509806084242,65.47758372340442,121.52582027757948
310.29443425245285,127.63189429284351,64.97245635972024,121.02562884507145
314.1123864123685,124.33315734732153,64.16977729013306,120.44464404547212
316.69795001535294,123.12161112203458,63.870684157040166,119.41003981979175
318.7577531098604,123.67331781718966,63.63028295650483,117.72686832181938
320.50582212986006,123.82584554600349,63.309584512681674,117.1670895239188
319.8227346722316,127.58738688558873,63.284368150625426,117.31327640651593
322.9051858046984,125.16530366455996,62.64989238791951,116.61480120886397
322.81746034499815,127.6801852334157,62.61786734706543,116.7409538083046
324.08516613625125,124.4181178573887,62.170936237123854,116.84645080782563
325.33865310703624,127.21012089016384,61.838874509833076,116.86182428176512
324.8029157492328,128.82578174106823,61.99506804887294,117.13887750938444
324.8638860368673,130.16469507306593,61.88403562930596,117.90161166310753
327.0358768816521,125.02833805411599,61.88373050681405,117.67336153627352
327.89036234959514,127.58780621581377,62.00684899506125,118.09675547792311
326.6636555482336,124.78784189125648,61.68612653134755,118.5237815429618
326.89896758615043,122.72260840230723,61.74075867203983,118.55534295750577
326.8580716599507,125.73814407517631,61.907750796939766,119.11969960172733
328.56916334314326,123.39770900374694,61.41754398733273,118.51971313524162
333.7490414805547,138.28377766124893,61.797055061753,117.25558286979815
335.11161834901753,128.09725868470534,62.09373855932438,117.111870487192
334.2822438915728,129.80927574273642,62.173240357171295,117.18552371091258
336.24240022912585,130.66281429624763,62.08366360392496,117.51282990085669
337.6748787051561,131.78738577645643,62.648620411095926,116.99912969804558
338.4728224558729,133.0214649452281,63.09544535968989,116.48190422087671
340.7160390770617,135.0049604296213,63.29917763702663,116.12012498686207
341.754883222084,135.08672733406263,63.42776028013333,116.87412892679299
342.67418118686203,135.735939982267,63.31648442561227,117.98802948945405
345.19414513088327,130.45916063815272,63.22272686761748,118.28648888111282
348.84429917648777,137.57994657146025,63.34135789002538,118.35472574557683
349.87356413829735,137.89614204522158,63.36191832323298,118.97176152058076
350.7065236931984,133.39513629309457,62.804625340673915,118.60223581627763
351.53049990764913,129.02201425963986,62.65357299340705,117.51126541327739
353.8996627239678,132.6938337355495,62.47232286125785,117.78915270276062
353.7897718604693,129.29070691789232,62.41162938903247,116.90774707446411
357.3290368248201,134.02495522988522,62.593540763583924,116.93670414005351
357.8339235121566,135.06960652814558,62.5913461194941,117.00947897044321
356.36858875833593,142.45287305366895,61.16081767867965,119.78487707174021
356.0953614132796,141.90607755918185,60.29672618520626,121.82980444453398
358.65542656233924,133.6587961751122,59.679043015382824,122.96384112777339
360.95049718327647,135.16556780592762,59.32770325284803,123.90402153519467
358.54793653790637,120.34924493389376,60.247587803475824,122.5990108766745
360.7837258860276,126.67320589172505,59.661820436121346,122.40763955915645
367.4897087509451,134.51822832862166,59.50153317308322,123.33153397064153
369.77094374746054,144.29013842975405,59.57878600414903,122.66918349493928
372.4304231857649,126.44465245727653,59.97376059540538,120.88896784834157
376.1610197300176,129.21801092794917,60.46142481433403,119.83052977281052
377.5023150303116,126.89161200606115,60.31318341685578,118.310299624338
380.11658518533113,129.52514743987288,60.24972889935813,117.78029216461249
379.26389639422376,132.18465776717343,60.254202589055836,116.73284171569988
381.58038139993073,127.89811380203467,60.232173510869444,116.15180061765707
384.5948087719011,129.53329709341455,60.80152767119505,116.10536987741139
388.5296288841183,129.79948279722865,61.687228976606804,114.98952043624053
386.3338595485113,131.95959018420947,62.0310453081906,114.92527995503401
391.4971429738948,131.3378817088851,62.743475153895844,114.64242353589361
389.07563985822503,132.24508145180835,62.750179104809405,114.92977752332901
390.3044264975612,126.1297018260241,62.14010829615342,115.35089970519532
390.6510858052712,129.3010105647798,61.89126247049795,115.83654074208826
396.1302369857052,129.34969094458617,62.59634836188818,115.45398028068945
394.73239458865635,130.39436308272306,62.83571725709069,115.95071226402871
394.3476376159441,124.45498893694075,62.96582100478033,115.48835223344977
395.39821092417355,121.71305234492888,63.02274495259147,114.68029951033849
395.17339989872397,124.84378695636136,63.64177717261522,114.5168546557597
395.6030113281342,120.59405461067195,63.381701275960616,114.08911044668685
395.03413833550036,119.46868997373109,63.08531945361108,113.20233371242037
393.7397630855603,123.37414665988778,62.983705115844714,113.72336862044145
393.3462815148775,119.64330976990962,62.88031028601889,113.78243877414654
392.7524547889916,119.17256559435445,62.57444574291008,113.24668036393487
391.8941981279913,124.36281415782526,62.09301347012307,113.93049712554308
390.9665714665914,121.00914173853457,61.900021839767334,113.86520984208465
389.9700232160912,121.1313583829958,60.88783856133356,114.55894406557903
390.2938452985165,118.50930377365974,60.434386969911095,114.18083705958074
388.7450627371943,117.2022380918898,60.31686873188352,113.7657061188146
387.68368930834214,116.54241634229564,60.175663811175916,113.29472166161254
387.160770539553,115.53905561023983,60.08353400065537,113.0669591684335
386.0583692556469,114.80118101139072,60.227367692582675,112.68067476055613
385.50866067271755,114.95248685539964,60.02305854294299,112.53499038991922
384.6992495651848,113.86619938313336,59.97352791567753,112.74723639787493
383.60912181483354,119.61544902506715,60.05703244172489,113.76940323644388
382.67649210293416,116.21008339303421,59.874317040618294,114.7819777622285
381.46163835247893,113.48191396314314,60.038511598260946,115.25650700592178
380.87668109261904,112.72825126670097,60.38824051626947,115.41383237496426
380.00561987590635,112.46396024873701,60.880863032664465,115.07000888186998
378.75925063097856,111.8681097758695,61.379982795789665,115.1204867545993
377.6978515758149,111.09788855104834,61.91860138551,114.9072936785382
376.8893919509833,110.64468636704959,62.24310990385762,114.90005212339804
376.0717584158549,109.41588358590121,62.738348020562164,114.93642975371846
376.2712981212977,107.6741365435343,63.458514258060575,114.65136462099929
373.4323239469755,106.68324661880335,64.34577409199565,114.14775952936012
372.93889055572953,110.72759952959825,65.2326207936827,114.8613102919378
371.53552344680725,109.32565323596269,65.21157118851401,115.08696105410516
371.40592564980074,111.99908178948178,65.17653307295326,115.90593312873814
370.99722592620236,109.67916586806652,65.5872809934605,116.21472888071783
368.47597817220515,107.79115366843479,66.1189851997276,116.33574782496417
367.56157632673654,107.44828104412318,66.08970862275858,116.33477067578316
366.66070968764944,105.4484443767035,66.20059903403524,116.34617468155145
371.9256188544348,103.76967063162388,68.86434797646548,113.66894882194873
365.94970212722035,111.11584035071681,68.85177827842855,114.76770321005684
364.39035200944926,111.92095376703475,68.77669618441143,116.63683958046964
362.4240436071379,109.53235862438339,68.70585210493991,116.89539125493252
367.0403447466094,113.88746137256712,69.19435444788414,117.9349902553302
363.67617181075065,111.00056829044419,68.8550056556002,118.83991760533654
364.05722507700784,114.73064029729824,68.85490576352005,120.6389708267359
368.74361385715764,109.85323335607573,69.4997149112893,121.17678374787718
365.31013626480717,114.68134891276405,69.66573044068622,122.65235042502789
370.1891095060398,110.88699472281266,70.29916426827964,123.18709943527125
365.77596647900975,115.88374569948553,70.42188663215421,125.09088198967697
370.1599328330755,111.60793451143329,71.02633799537273,125.10302701745384
366.4259895014958,115.35629015490395,71.10532390169621,127.30636894553936
366.14070529357593,113.23059793704667,71.02708574557548,128.1131918997781
370.1092097443335,117.15819620076735,71.83216134723422,128.8797452502664
368.5609890490346,114.78394981253149,71.90942792360768,129.19495183670517
372.3442253879244,118.49176220122811,72.76559318528133,129.24266209654337
370.375809969962,115.50594207555855,73.00359866186156,129.1612565982182
374.32617089695873,119.02305688100134,73.7657376782295,129.5893005850499
376.2656427104768,121.98875654639684,74.69803472425853,129.49347540434434
370.0413345187604,125.57784493877786,73.92895301046235,131.09790092976297
365.4310216698896,128.13323777091907,74.38340534547191,132.28291928922323
370.0617327382704,130.90850247448222,75.62202612405467,133.08737893391577
364.7244128943289,126.92719724124203,75.55541195909339,133.16983383704166
359.7258788420405,131.88335238270435,75.19783338093094,134.6315059836214
357.41502374658285,128.47302601547622,75.1075484470293,133.85201671597196
363.3087579022544,134.9698803599158,75.26435503803002,133.9052879312676
368.2432822234515,136.98911384512206,76.32589988623633,133.80911961159666
359.44128657780976,140.0347540985439,76.72451550613313,134.4746278353743
353.71761957629815,133.67179274825565,76.34629752246204,134.50263641241568
349.02943926450666,136.12639393868432,75.83569048704842,135.35834997470408
345.0436488096969,138.6748335665961,75.45619431689502,135.74936143924793
350.4096512713613,140.25357437816015,76.12066995386888,135.3425090027501
344.4670874898905,133.81021967911988,76.22739518831929,135.44403449427543
340.56686947647387,128.71347149211064,75.82798399377809,134.57248360419482
346.8349254873401,134.65989134907562,75.55072874542208,133.28114916980587
340.91397337530066,137.27954754041266,74.73712397444473,133.9333434590373
346.3411802969464,138.48491851971212,74.2114445290415,134.004345551418
341.6597427255964,133.0156523727406,73.25533945476153,134.2577162547849
341.40502152980287,134.36015652245231,73.22082663947752,134.52192331600295
342.19244095027307,131.02483315515187,72.6039875048054,134.02818806970782
341.35460582769866,135.19809154052348,72.18495765191656,134.4693156852561
347.9089994103756,137.98239733144646,72.2316766205958,134.26540442079295
342.6971093144557,138.67892110595994,70.73848560577062,136.10154817501913
342.88170045258244,141.51145358332627,71.53774700932678,134.37846405906214
338.79558140573215,140.41684759307043,69.56371911944575,136.8045778890821
340.38542850364433,131.41759541515864,68.70806533652419,136.28317524722502
342.0120191621168,133.00550633791997,68.15459009715492,135.2260019307551
340.5697933099243,136.07050727773554,67.13172058686405,135.37094197235808
341.9063588098697,139.59995049407448,66.96155336833006,134.6770333762891
340.2866600373718,133.5399041136251,66.5822277592579,134.65828736918246
338.4474738027984,131.05973811520096,66.08308472166021,134.36053697619923
339.5647295358218,127.62080580922533,65.97052984245127,133.3995272480931
333.7174864626162,133.42267881907213,65.55084209970232,133.34203824744247
333.5129090547709,128.66755683179844,65.35090223603729,132.68735283203625
328.6599492245978,136.87947520875628,64.39745719606606,134.60965980065475
327.2834823261469,134.47748435982206,64.1539787157462,134.89873127742334
323.8461267715958,133.68651104669573,64.33662840059316,134.82899087765213
319.52929631744234,134.46138073478048,63.81882293927105,135.7744056438624
317.1366995824344,133.20305158823678,63.59474288023425,136.4375971877585
314.6224760091055,132.37283410340012,63.34505901874371,137.41481618167037
314.0485427421342,128.9590592591269,63.66858634169931,138.60094789002278
314.55683957410423,129.21156113913332,63.496410786222555,138.91732391077923
313.980085371485,130.66183441151057,63.45585743532692,139.25281795821837
314.49613043137424,128.5108263418017,63.642163383167805,140.3975255191449
313.77896568227305,129.7901404359492,63.656971430373765,139.6130919290478
312.94507404047897,129.92519890236764,63.737456916758866,139.6392512377519
313.51448545949955,128.77530309714513,63.49923814795069,140.00118426665392
312.6290346845997,130.98429334559546,63.430071715076835,138.67219541175152
313.29796067344404,131.13583992490942,63.06433990321291,139.05343682925357
314.8267211662756,129.50630273955028,63.01798382119057,139.3330967369286
315.61807189454925,129.89423260696412,62.48666121081177,139.7910486189985
316.60477477140876,130.06475637661984,61.96671305101057,139.8555785902824
318.74327911842545,133.63223122053924,61.324784456083094,138.83364932251806
319.29047202594717,136.4939418364699,60.907815919329444,139.01509573973513
320.8218107214203,135.0655162888747,60.1728856349352,138.9267850154675
321.17255845070684,135.05667643117602,59.74040703827778,138.64552267158638
321.7034043998823,133.85852016878601,59.53780111700443,138.52709973608503
323.66469818714876,133.9580679377996,59.95840945769359,137.94949330566664
326.5421931000584,133.57161213777192,60.40847916022516,137.85816247122034
328.11025561239677,134.3667980296556,60.74888587955169,138.04101039208098
330.83945984781155,131.9846408989916,61.202733649566824,137.76890716912555
333.1789372330857,130.51421075394873,61.50491901573731,138.96282541590682
335.74936332416166,127.33810656905452,62.09519743356095,140.00458037077826
339.6354385046744,122.8372271593025,62.69302883828254,140.22423088339752
345.55510984881613,121.07750716558121,63.26134091226716,140.7448858519192
347.55999427279875,120.38318180901199,64.2772635735488,139.688669669382
350.0858901592833,121.5477148830637,64.98869068027938,139.29824578469103
351.79925296252406,121.3649124456149,64.89258893892539,139.1611670796669
353.8851888065158,121.7253032815166,64.41864281856883,140.1486068434104
355.18087106710124,118.6737082521912,64.19628731534237,141.71670359456607
357.04646690553864,118.30099861445908,64.35585963649919,142.60454973334305
356.56388057307703,132.3034279942522,64.80808438443788,142.1661544442158
363.27871872748517,137.37359750440535,66.18190348272609,141.51109355348711
362.19324035309455,131.704276068779,65.24840213786413,145.93125269060897
362.37111617394146,124.4141155333333,64.27879209439496,149.40532395223522
363.3171549503364,123.09550932590571,63.871508681467205,150.44247375837153
363.5228446600086,116.41890371715256,64.66316843143417,150.33512703825576
363.9694105062571,110.46809941185522,65.1807934461288,151.07598049137974
365.48279538140287,108.20861223093999,65.31749229515665,151.49169433608984
367.44032057297375,106.14708566059753,65.51619856866164,151.7845296384874
368.5048677178599,106.8803845885964,65.21232581743297,152.55465329814518
368.4416232645313,105.72203544280106,65.18968932688479,153.0073329110707
369.7373480308119,107.29486846623828,64.85005392129196,154.05591458682198
368.1449360760836,107.40686819413699,64.94291620851044,154.91987656634257
369.5475106522975,108.5871557115018,64.74483225688834,156.01700798302898
370.1783990035132,109.85345938484463,64.522731147833,157.27436412015373
370.14370952513406,117.68675962456362,64.14978108528325,159.6546367333671
370.2147918833114,113.30076322066303,63.808161524930554,162.41914081359872
370.12134256773464,111.78290247121284,63.9204997448097,163.79631050032717
370.1761585092969,113.75876389975164,63.82010868268914,165.3264363599854
370.48029027616184,115.0672484225679,64.19181321994314,166.12018742429245
370.05365209487695,115.09721584855426,64.07274941594409,166.80724825980448
370.0543234547885,116.6607636425602,63.959494393448175,167.1262328796173
369.60098340163785,117.22365353793865,64.3076090023511,166.80862048683633
368.7485434428271,117.96272363893321,64.63893957781715,167.413330741085
367.42838743784864,119.3948794149544,65.92419697084598,167.27640685574488
366.4152860821601,119.45082756544375,67.14539520472218,165.53132337996914
368.17017251881845,116.60227968420952,67.07569343736245,165.60182221479477
369.4583007568327,116.28048667833812,66.8341864215542,166.4271229848145
369.4113804429454,115.24669176912528,66.82110699328388,165.59441539990462
370.3149572651293,116.8193015188933,66.61433722667029,165.4451308635949
371.0055752553659,115.96733806781293,66.08022266371947,165.87924244001863
372.6036437824476,117.1855868328321,66.6968142529735,165.07495683357953
373.18879576621373,116.27410517878485,66.86717407614395,164.9085294108162
372.54558655291044,114.9766943442776,66.58637467590738,165.63855289162115
371.97360173464443,115.69110323341287,67.09995742345845,164.62908248898194
371.2393900327777,117.26152419284877,67.30368446755762,163.9735618534506
372.5018557256694,116.58136534057792,67.97750620028921,163.11608537807592
374.52229492817014,115.50386902017202,68.58682530123855,162.696379332288
374.9189793644243,115.23444756514273,68.97130858250837,162.46809985446052
375.9585837885102,104.86653163732352,69.84833395102658,161.1019133537757
377.59089837105944,107.6124552961969,70.31399043045946,160.63817892436512
379.8794181052875,102.28151481388014,71.16157015984864,160.4055543882052
380.1854208981848,89.55036059692412,71.0210902729543,159.91135037094534
390.6444692147155,107.07858033175619,72.13275209326207,161.78986649820504
391.63606143618006,112.80153557277178,72.22537402965123,162.7052412258296
391.74213119287094,117.35494941421418,72.63704129088573,163.13928134842578
400.628818187682,114.97534198345518,73.32721977623919,164.83301335510063
400.5838905943231,108.84141247261852,74.50563339839698,164.4357312711221
397.91235355230265,121.46341135289332,74.86339406691062,165.78372684248168
397.99952997949316,110.82706709162541,75.83075876566829,166.17601184634074
400.247204113232,103.88553916120155,76.92104663710668,165.89149187100682
399.08129215258805,102.70009811830896,77.65295648445048,165.2207150784656
406.9511372497745,100.74364379619513,78.39285193766055,164.52563345780067
392.35307625981034,99.60259507258097,78.75102416478128,163.83257674357574
390.6464738837718,107.84559847761872,78.80603075096471,164.1154832025432
386.8975332915698,104.4175049641685,79.0870654693043,164.1936298203555
384.7436833345117,99.15144773440794,80.00556135815205,163.4945698108825
381.77167389909675,96.84464469766041,81.55743650263298,162.24673331845958
377.2462564175398,101.95095232671831,82.66404996916485,161.25933492588334
370.9759335942688,105.37457908743761,83.96911707871965,160.71096055102066
367.04502769597667,101.68490795118635,84.47785956988389,159.44786107395043
360.77820513015007,106.10855695945513,85.46245532409567,159.21934033249832
355.954879888443,109.60337267255092,86.02040169831803,159.77348637212705
350.65048117211114,112.81259438050422,86.34003744885277,161.08384516035252
346.0859494742372,115.3263785817151,86.60290039751804,161.98454614422226
341.08432964480636,117.38881325841038,86.52153865409703,163.40197558462444
337.5785625179663,111.10536833783829,86.16266628012212,164.9425554587276
331.1559386468285,115.30116603655566,84.85882325549105,167.36551141474746
327.05308448043485,106.83044802331972,84.05509498091745,167.94621250164414
321.9996068442346,110.5699354390844,83.57493496553722,169.39102192609622
317.45780467423856,113.50573231809457,83.05094195445513,170.98065033985932
315.5341197313382,113.10361823345933,82.07414029713449,174.55729367026262
315.87837901883984,119.22830590760202,80.9526205317072,175.82934547651826
312.80643173511135,116.16417560427314,80.06167928373448,179.03744769694555
311.250714437863,107.2491156282737,79.85609656141295,181.99026547914463
310.5763592223658,109.23149334766477,79.674862334128,184.65464469536127
308.19440462913565,110.15127282144346,79.43521717641106,187.76493249234125
307.7240645533759,107.5151990260781,79.72465560820774,190.61526039618232
306.5113395723363,108.37987390410734,79.70761022421769,191.87246860063408
306.57360832732644,107.99413205489803,79.77442105832495,192.85183507590912
306.78279302283545,108.25224694956472,80.11619715270803,193.29111423394818
305.2140033663277,106.95028583191102,80.89808264858488,194.69557095602622
303.66552851341413,104.46390115787977,81.48286561590189,196.96103225011836
303.08654254220994,104.66972600039277,82.04821873525881,198.43528592355185
311.18238655836325,108.54052008770284,83.62333444440728,199.74196034506207
303.5080278223494,107.51662883554036,84.5485098937299,201.12888910583388
309.77762748407883,105.96876762849331,85.59067997029551,202.85486912643432
303.97609025723034,103.17481999090215,86.07602714432936,204.2410751583
310.0960400991171,100.01802813652802,87.21347063835123,205.5523414384594
305.4325037041255,97.93974993129706,87.17478071776317,206.3275068004899
306.8564645811493,94.16679976405528,86.85102673982335,207.15740419384187
308.3427919085486,89.89412265769236,87.0402978777189,209.35405025379671
308.13027043767954,83.49584564255693,86.80212804327294,211.43042091157002
305.88026689924936,83.97513075357023,87.27096856663587,212.58104544509763
301.6925829563145,81.6213640316646,88.15546311571376,212.62506665898945
299.2655316674371,80.55413754444082,88.68673740062187,212.28633099474987
298.95037635678403,80.7736385009515,89.62894139565573,212.94223183555846
296.6888872807304,81.02080354657791,90.6708218495513,212.33114368832068
294.3898838897559,79.98687916369295,91.78348803625504,211.2574125876813
293.7119507958677,81.11935512231608,92.54163616401469,210.31488365169724
293.574661469472,82.64604132534505,93.62218393587808,209.52859822836635
293.2348312451068,84.0665728148227,94.12647722297683,208.7994184128632
292.56578688963197,87.81189312870592,95.37344437210126,207.1456937549454
294.3374601539481,89.08452027329638,95.75565021163315,208.0468744404349
291.46090470399895,90.78049633821298,96.73471421364323,208.64423734356066
286.99885235047725,90.505070216055,97.21662302835257,210.07105327577335
285.66436049030744,89.02331094987467,97.73986266338039,211.95507780865282
283.9931349849395,87.85603742326418,98.72252620997432,214.6347054163591
282.64376888140697,84.46351060072998,99.62263628569175,217.41919734725516
276.75294198986853,80.43757540077154,100.39021955790446,219.23243173032634
272.56688442752727,79.7543864536797,100.100746967438,221.89259221632977
270.94112607152766,78.66657224791746,99.63523196213676,223.88216362650195
270.21886787757995,79.36681362715068,99.09481783474294,224.5597443560421
269.5286832519699,80.1895430032197,97.34467651734433,226.8490414060586
269.76589352710755,65.79650448260946,96.39508988468675,228.69867511842165
269.4387304050215,55.01995874764101,95.9836248795836,229.75833358970132
270.0558253677913,57.46098661467792,96.9371089996068,229.0628642356324
279.4812382038034,49.93891839851152,96.90067923212354,228.13470776787975
273.1623856250632,49.55469931146888,97.23491473170603,226.22175708698455
272.5339673388918,48.403257893565765,97.18772028960637,224.2927735630801
272.497174839575,49.270747340335646,96.98081313149603,221.12500355568687
282.75856512269917,72.02221611960515,96.63914866937365,221.50844523909123
281.36655299696713,74.18899073966867,95.60015127052337,221.09595441533077
284.8192013711035,74.75005519548124,94.14989259292936,221.11736600530017
286.9027807373493,75.81293235432722,93.36877836269605,221.15307566351458
288.6907540694589,74.90876353691355,93.30668572527128,222.68657881448
290.0613726476449,73.42878293205735,93.33428745134565,223.09729275933034
290.54131465373416,70.84479121629721,93.19876023352438,222.4023945303892
290.20113892871944,64.96313495918699,93.0204645158711,222.39815943718776
291.93562869168983,60.605727080194114,92.79788629989737,222.08130367112565
292.5705660563771,56.31555677724499,92.82220746094944,221.84259634916745
292.02777496974466,54.532814756719674,92.95896910284618,222.1632233173879
292.0547110935594,55.378234287226874,91.70771094804353,222.16105965996846
291.49198789655884,56.82387422495523,90.34406880673582,222.4628442357294
289.38432948105276,56.936364710162465,89.5254329247352,223.21293886784636
287.5335939355596,54.45147675606685,89.1767483760731,223.8430612840637
289.68307907948594,53.62843824390096,88.53926733649617,225.2219492825166
289.89921202859,51.72354100312036,89.03351636186062,225.0869696132294
289.45073721471385,53.504453667834895,88.90377467205464,222.9815759110739
