227.5,478.5,83.0,25.0
237.6959661955029,471.1331858506018,82.77989873997565,25.334574725188
255.9693589034547,464.78405851553015,84.85191062631816,24.621049991644732
267.47027691158905,456.6936386055399,85.60015090399472,23.42364159690358
282.3488213019863,440.6579844910453,85.56432410134965,23.972441204676976
289.90114588275816,425.5229628750155,83.26094828575317,26.038758621917314
304.0067658422631,412.33350126229846,80.89041614567391,28.38549152447536
321.5515187945036,404.82642260084026,82.81476903635904,27.254512967875094
338.90032449060925,397.474332138736,80.6149146021555,27.83255425127556
351.66638354031977,395.5039201328802,80.81676333012706,27.740297208299747
365.4132316641569,388.79586246680935,78.49893988518721,29.79743045425973
381.5153794065629,390.0233518235485,79.18731407810958,29.987170387784488
390.1702305817808,389.24966147735483,77.37729033942915,29.40369981140357
397.79936852689184,382.6502403796365,78.36806840428518,28.63354881988957
412.9111672669704,369.7748337859593,80.08225130437714,27.798084999187356
426.9605486090823,363.3525367462027,81.9634519227656,25.99026666414974
435.4208341264004,357.4575758871139,83.09932696356884,25.653337300479258
455.93207520322375,350.1669363449369,79.28027498570334,26.882432089178895
470.5696481036246,343.0618520639108,76.24183115023372,28.22090990110909
491.52411380146725,337.22169173168174,70.9253031664136,30.657223454971486
504.5198834069697,337.37240422688797,68.68454215365085,31.270115953229364
521.955688178954,336.2702515470023,66.53721392071746,31.12465601225
539.3089262350794,331.07062382873096,64.04584858727534,30.694062205628647
553.2724174479795,331.4516462909878,62.76259632504926,29.729439496457417
566.2539561415517,331.23801126607634,62.01179921134239,28.859245056343482
579.2587266690341,327.06880371382863,60.77477249963934,28.91112489777746
596.5631506604307,326.53780942102424,58.28178068750039,29.197939998107117
614.8748224247923,318.3817045089424,53.50646343441184,33.74067483905547
632.2294262657856,316.56552810225463,50.38494229112162,36.713188499141204
648.8685895411734,311.867294143678,48.57403250365172,38.37006481778373
662.6991385670136,307.1408579865942,47.53402820197123,37.59991276366517
675.8344922881688,301.6685032515241,47.0021227158378,36.618870547709186
688.9943416111479,296.2939934058533,46.06382322454252,35.62075793772019
700.9927797925056,290.5057217830431,45.19826972254482,34.7519333702303
714.0382298429251,286.6631566252944,44.301181038331805,34.269872180295636
727.3879779677634,283.0498559922626,42.651077488850774,36.08833660172407
743.6635978784177,280.69223203882126,40.19294870575014,38.04572384805381
751.7047988528154,285.31250039228155,39.312822033138715,38.082129394246124
764.282752403474,279.20571955534643,38.50220416216836,37.98402267212024
772.1252188778326,273.67264141893094,39.69276140204973,36.11498206842535
781.9395438888625,268.58677062407406,39.89426770628374,34.6091828790253
785.2129754569537,263.5917238613076,40.77821645212032,32.98279176252938
789.2498946781608,259.13510392095986,41.55523955908381,31.758930469823966
789.1967883613615,260.7765522966071,44.266337770837815,29.22242078298644
795.1489830560782,262.63188435213726,45.845431695918535,27.707978500386798
800.2437155888321,268.2674251437804,47.22046743912675,25.661125776048358
806.714326283425,268.61504295618585,47.934171396315406,24.529064160560566
809.987172032731,268.4966919253509,50.14954442712225,22.515489895097325
825.4669307570801,252.7836883412188,45.740230301788266,26.211398338996233
825.1103454289894,247.07477392855702,43.82464062014024,28.09117937379247
822.3824823929763,243.61339942732786,45.05971077404498,27.35188718896441
820.3707507296022,244.1576948552833,46.827325693047875,26.4002503872899
818.5162865115541,245.0034201921616,46.67471834156158,26.394681209009104
820.7084557366658,245.46594941998544,43.45087731832504,29.37411107848044
821.7016102673276,246.87954896429957,42.068925916817975,31.368093763991574
822.1329936174575,243.52021379739585,41.04482626656231,33.069682360280694
818.1852649556176,244.75452778800744,41.41300755111849,33.8818439927813
812.8243879425445,246.12756071190736,44.623669391290505,30.948532597209976
806.1909417248925,245.73044167456717,46.963784940608235,29.041322708175734
802.4674499735765,245.9658583844306,49.21103613962083,27.849521340012167
800.723175838488,247.70587115629658,49.40100757798025,28.887812542038255
789.8308170175643,258.5034065672885,49.81459332285503,28.838867132041685
783.3006972292861,268.2372709990654,50.07887438042934,28.573437386529907
776.5883284045166,267.88117101590336,48.04862259667999,31.222286436945204
766.8999515782389,270.19740390458776,49.006409955900345,30.995320117889413
764.0408354593967,266.7697032182819,50.01502934721024,30.260046136497138
753.7011086780079,262.9182213599364,50.333805190871594,28.971216220680898
739.8054918084704,263.93397742243883,50.37014085865766,27.877386009051904
726.5969444843097,264.0358848449843,49.95869470497707,27.46950102800986
715.7732905271674,264.6820079718014,46.46770076989626,30.81610737065867
704.5872054271063,265.62218254339035,43.930437605150466,33.756526583804025
693.0680751652652,266.84710411841206,42.096681222094176,36.705025566328914
676.0451564357304,267.89804893617503,40.100175541515355,39.34621559312593
661.2445133970992,268.2933250733029,39.830047434207465,39.61601206803092
643.3055259860515,263.9627461033427,39.63833155195728,39.058819597489986
629.5956331040654,263.82233122606965,40.22468797938147,38.1110846128088
612.873764967485,264.27543434960694,40.189145688089106,37.08425012055927
600.8652788698369,261.0908984238984,40.2820761353387,37.673348465048875
589.6953391913767,261.86766306593296,39.76784858918282,39.02623154403218
579.3946513606592,262.46710485901247,38.59091728955827,41.240962469363055
574.269529246819,260.2654062002318,37.66430929098118,41.49313803475762
564.6312755156282,263.9047803459415,37.77188479230324,40.52972835494099
548.4527789305055,271.20687204499563,37.731191957910205,41.628171185165186
535.7656814659966,273.108626856085,38.610021744105495,39.644996712751514
524.4609331993919,273.60774370989225,40.528871152070955,36.92172233092739
516.2582482992916,273.6861703127433,42.09670890881432,35.535488756038895
509.0584933036751,271.6840741081762,43.671336392723234,35.0289542364622
497.60371845886107,272.5655514226908,43.09764214009054,36.08057241855969
493.6036292654343,272.25229930245087,41.174256569729835,37.92192088587667
478.41354596570164,274.68394119992314,38.56996806055246,40.91238541246539
467.98807958086564,276.8720672543802,37.233650692895395,43.01385547151997
462.00644454324413,277.21610862919204,37.3776058114733,42.97205259336007
457.2980121641287,275.04439261266424,38.53996255121061,41.449543578747246
451.2692959975015,272.88670354842907,41.085016191837994,39.247560543124614
447.6150623712465,271.68689340078106,42.94127730955184,37.65795545084737
442.1366796419873,267.8449330758274,43.470193952152314,37.90305812284944
442.456097495445,265.1398042323179,42.426418742759225,40.05370277275901
437.93320073113125,263.9931531252926,41.74559350460214,41.84797597627533
428.7975772918851,263.9483018317881,41.040922566932295,43.70516656606136
430.916425754478,269.8865237849585,42.48123181392664,42.957291309012604
428.2324334435498,266.7430052899156,43.40119216286442,42.3523924737506
435.5310634449926,274.46343326299296,47.32628056390942,38.53171856494935
437.4387297648993,277.9895993310227,51.16292212529849,34.70694790273623
440.6073892457102,280.7584930843655,53.17754427238028,32.509780436944226
448.9217013394215,284.1657084857941,55.07818262768224,31.843161046898274
454.4302849547731,289.86662396194833,54.91820266809722,32.03947176481684
463.59263586677343,289.90614495882784,52.35564111814443,34.87487278711016
474.20645930480316,289.87910253021045,50.36662262953606,38.23304146850264
493.0594675740841,296.44871754380796,49.35131806607188,38.94258349025776
506.5505934462798,296.7514563287028,51.7725563882088,37.24222975030982
521.3732304010622,299.54054429865704,52.802480079962294,34.776492965979884
540.9933460357993,301.61046710780033,53.60578976507793,32.59210563111765
555.7417851816565,304.1494713156271,55.05787845334406,30.851658107569207
581.3883168074374,305.9578739719383,54.293867936157255,31.190919403375858
602.7403355772407,305.24564152569496,50.75023460187306,35.02329583494023
624.0471822637445,306.79298957673933,48.45104775962704,38.03945245120475
649.2245927148128,308.5084866915648,46.577950642890805,40.522223175167085
669.6520766087492,310.52536384762794,45.51108405130704,40.83432219174568
693.957679990034,313.2748477715821,48.77842495719458,36.119801536983104
711.7679625227111,310.28381316074365,50.827083677240836,33.26292250884307
730.0699300736478,307.7953216984259,52.73083137566023,31.48818834287188
754.2552606474221,309.4816413068639,53.3215654917836,30.19930557283432
774.8395013080608,305.89390752050673,53.31062735287923,30.329322934977277
793.9916520814553,306.5100513247092,53.868340576598,29.489111252637848
813.6087048923114,307.75230583803267,53.57975344853827,28.310050519676814
836.9659352001396,303.1695340316681,53.27781419518657,27.764240830404006
855.886010518404,293.608009738933,53.26707411163618,26.996197115459182
877.3873052981911,282.7663634818422,52.624195245421404,26.291540639772656
893.5031301178822,272.13975880456604,53.31498899593178,25.246248025941135
905.3351868493237,262.40214313127115,53.49927755636418,25.12129970028966
920.2586207115226,258.1266937650979,54.00590829082877,24.610557693195283
934.6328455442693,257.8825706952982,53.508105216521734,24.7016243484272
952.9583602274413,253.52164554104834,49.91319004695515,28.05881105600536
970.3260113682247,248.93051167167653,47.36317142627689,30.881648481638628
979.0225123327622,243.62172728077383,46.2526421076757,32.5086319362956
986.2320122190547,238.10135992950134,48.47501883045188,30.523749993027607
992.4088687910593,226.64535020697144,49.83582041880366,29.62083947592917
1001.2574584053091,220.32610581077222,51.86024839855605,28.12373676136964
1005.3491833636152,215.23810543044544,53.60853065967812,26.470779964344928
1013.906435649595,209.17438962177997,52.79859151740597,26.69124251124132
1016.3162770788433,210.03791320613985,52.196274877476355,27.064446301917943
1026.7315096874331,204.36612712899188,48.14983294520894,30.848661289923605
1025.3333772847238,197.05104481310428,44.9964236211413,33.82528531043168
1028.776257191573,191.42669442775366,42.22601643805833,35.80767920399672
1026.7816645753537,188.1257663748642,36.29367952999391,42.411475988115086
1028.8159348238732,185.5043194739612,32.34759517377103,46.96897919829967
1030.3654160236517,183.62331480832313,31.07843361840659,48.59140470351079
1034.8297340561294,180.62465380382002,32.08557521763591,46.223237706474464
1035.4936622937396,182.15943261072977,32.56165057472908,45.291148907504834
1033.0479878764495,180.81120519749612,33.68886142598699,44.07410008712158
1067.6064706215136,208.53637437323925,39.06878314288989,39.27238615580134
1074.4825879009957,213.7643685794725,42.43208241266127,36.79928882609849
1077.7388142007876,217.11894872821821,43.20395779693367,36.25745545579212
1077.7944792359613,219.21843913658907,45.95134683707502,33.56367872058577
1081.88415404714,221.0115966615504,50.405306579036164,29.214518273667508
1083.6979060643714,217.4258360693902,51.348931866625676,28.813001356791695
1088.9336056733518,218.46810807823806,51.16935412846206,29.359851010131703
1093.9723919163198,218.86949271213138,51.357241656869405,30.32489065652963
1097.4763304697478,230.28015863489875,53.09959247817491,27.843455966756625
1104.8870852835428,234.96431320149085,53.27362919152735,27.42609364143373
1111.9369729539756,235.38360203877318,53.27885243922391,28.54609455344746
1118.4907214266975,240.24697672777754,52.36465478729835,29.009582220726852
1121.8617917810868,245.6823852219289,53.3452914451576,28.1450785563987
1125.582956836703,246.355604500031,53.59354313247898,28.35527895626446
1125.9450901659948,247.8173414891447,53.450791905299354,28.3376210562231
1126.3367127872225,250.66308030976143,53.795245680368595,27.805528619304845
1131.2384312543513,253.5984843015854,51.81576857353433,29.74270260358291
1135.2159951459762,258.26996535225766,48.909638192475576,33.14095811545856
1123.6873603209867,248.47539693851124,51.85983691960282,31.44760135164283
1126.6018415293213,254.0197375771787,53.28170086172898,30.456345535123397
1120.2215535294033,265.7826172206876,55.17922926177239,29.34205475396492
1102.1279391877183,283.78632157288956,56.47369671467348,28.7006738815922
1103.5572428300427,286.9335353575921,56.36130644243029,28.854591973350434
1128.9699561629461,283.69124349396327,54.267779038098254,30.956593036118413
1138.7253400597067,287.30590635504325,49.48782617835387,35.54748635387542
1137.696824964355,283.61446706789474,45.37132626728085,39.67551859371506
1141.1176980739224,284.1350481536576,42.36569183212775,42.87603370643012
1145.356293699061,283.37032422926484,38.772257219423444,47.05886934017347
1142.9033672110957,284.0199832647423,37.375930381969155,48.991464358970795
1146.398602115152,283.20364544597993,35.37101669949732,51.501042815175325
1143.3532646779588,284.23703603045226,34.32412882211395,53.610368576009655
1145.6556104871365,280.31270457053967,33.4288676599199,54.73076764085446
1148.2191425550448,276.9330231182719,32.238610441294085,55.63998568226138
1151.5116746031258,276.7094310209401,30.750251305001235,56.9966264279999
1148.7503633609265,279.04801900731326,30.176801115602093,58.2865191274337
1153.0015411147215,274.4126476465734,28.3145437029525,60.129889870153704
1149.486075539531,276.7225676122972,28.40896333676254,59.98340094044559
1145.3866882064767,275.7444138922749,29.39067696008545,58.595360903530896
1147.3935419638597,273.8848328809836,29.63694249448346,57.99450081994288
1143.6546538484424,276.94958346551806,30.900394727820373,57.06755483046994
1145.8780100569531,274.857366650942,31.222494013526834,56.618650008236465
1148.1534505079997,276.92091390560944,30.84351672166334,56.86015157586703
1144.6028411051132,278.90607811327146,31.491201401154882,56.55934759177165
1147.1180470643221,280.7181530820656,31.192970554971815,57.525166812355934
1149.4925594732808,277.40442777517205,30.633558602502546,58.001660795436244
1154.06417488656,277.50287573646574,28.328985631931634,60.73235190516695
1151.7232484035446,278.5242704228936,27.83695134515461,61.15357491672588
1148.132777565444,275.8508384593501,28.68785113598013,60.3677522288227
1150.7563892631877,272.2011974660582,28.60774819718849,59.873058385328406
1155.415236419693,278.0160861747222,26.519010583548962,62.41589888029282
1154.4095124330192,276.9171322019182,24.818870889431405,64.75435808005403
1150.7259895369634,274.25494737358747,25.707484979882906,63.227292552236804
1146.4323040683976,273.24873723492766,27.30271419338173,61.32831036564346
1148.3582712869006,276.1064734163377,28.37628634817232,60.40004942097528
1150.728845343785,276.8932335668217,28.137741765287274,60.47983798841535
1154.747206506824,277.00118426599437,26.354283389557246,62.46233184229784
1152.164981087055,277.6900756949082,26.497012866027916,62.16391936391816
1156.9842558713858,277.87833666431834,24.421453485964854,64.47260669938987
1146.9796078984568,276.8073758238695,26.659932628844338,62.283919058693336
1148.4473546527572,279.2061531866205,27.61562368864878,61.59799668029821
1151.608216799534,279.8628347462883,27.249833442794184,62.39690606195445
1147.804097772688,277.9336709078525,28.302495172022894,61.38178489010164
1150.4476184667649,279.5167127684795,28.07750031173191,61.660503929925554
1153.9133820034326,274.504700686148,27.626270327019657,61.63601468211295
1150.1918722586706,276.38438766316915,27.944914950057974,61.371946027829566
1146.3125456803527,278.10309534242134,28.98374236206454,61.10746305572353
1148.3912184410808,275.38245890490884,29.266014951265394,60.380321338005636
1151.3950043591067,275.8744292732204,28.710783241251146,61.08928769633795
1148.0194788189456,277.5608656413566,28.92346848066164,60.73341468159269
1143.816008989988,277.9169065527034,30.996225876156096,58.62957477460188
1146.1316808629604,280.63127620879413,31.094102997368072,59.01444935402199
1148.420817575855,276.2040902719299,30.478564270828386,59.53025444766014
1144.4393649659257,279.87699720058924,31.568297207514302,59.62247893949308
1146.3080275428774,277.5761036489145,31.82433161934572,59.27578400625188
1148.8525413109123,278.59615307787504,31.386074747490884,59.904328384491116
1145.0114971766777,277.0010011579754,31.76067457449291,59.259167746751366
1147.1631354903618,274.39935868304815,31.67676020603571,58.856693075939404
1143.1714878783846,277.0300990887488,32.143565924222585,58.5379012064937
1144.9745784074862,275.90937938393563,32.63000333144287,57.51701580609193
1147.5638737687423,277.0857485552358,32.04887430936996,58.03500619464697
1151.2360915960435,277.5567553582656,30.59259459196278,59.34946660668419
1148.2360185698442,276.219639656365,30.242663015271674,58.733095564883044
1144.5858166881435,278.3708506271062,30.567970076097296,58.59297373326392
1146.7441206359067,276.08322329335147,30.81682047830067,57.92727924687326
1148.7328807864037,277.9955294066664,30.550517103881138,58.458638356608134
1152.4999323375907,278.22291499946584,29.28907282642764,59.458803436954675
1149.1007382514892,279.5941199152171,28.885927681064906,60.307297841291955
1152.3662609872708,279.36696581942175,28.32927033206034,60.99703216079328
1148.975021662905,276.62335365221384,28.718386458667027,60.68026327011147
1152.1345292133653,277.0340264566894,27.940701218433166,61.47192103430645
1148.5568215842795,275.11167520490005,28.422408514568858,60.73654684339653
1150.1645419911456,276.2524007721077,28.716112245438282,60.51620739759514
1154.3014940749151,277.20385230297563,27.382199075213386,61.97420497634704
1150.5732519869398,273.6604531480187,27.93979704739838,61.254513341802884
1146.3253347326847,277.36039208122986,29.24421624600264,60.278789756996744
1148.7544064662661,279.35154761367704,29.336193227905948,60.36131614785185
1144.4225367563258,278.14982537563066,31.127455116353076,59.198111902249735
1146.8114903138196,275.54614057436083,31.045611043052638,59.29225175320249
1149.079465144739,276.5490190512562,30.50994509932286,59.834008999622306
1145.1746972742014,274.8999644739007,31.557271424962607,58.4004797227842
1147.5870144108117,277.13155675495534,31.2045352306604,58.67917367019645
1143.2155132006017,279.821464574528,32.125371685046694,58.6817532985376
1144.6311092783906,277.36707444947183,32.499138683597565,58.56917124396253
1147.1230186019643,278.7276794561441,31.99622890714731,59.18251781020787
1150.0030102861676,278.48834460621947,31.26985922053378,59.994368772073415
1146.4763563628862,276.1435165427197,31.249635439441413,59.34211930520082
1149.205794102928,276.2643329589677,30.733068862098772,59.60104639873783
1145.7380088967423,278.46530600236747,30.923936935297576,60.03908329838848
1147.9392556515018,275.2533989372194,30.56851154482795,60.03031838815727
1151.134053850953,276.65644185980113,29.898758056691715,60.70946394252994
1147.2131527102674,274.5296477592488,30.44460229591804,60.071000446857255
1151.7773316323292,281.0111604943671,28.610047666821586,62.46621701153271
1148.2800683763612,277.68611055828956,28.964230035843766,62.25374659789075
1150.9810084050953,274.37415862809894,28.590669337201398,61.810147005971
1147.684598021675,277.56179584437075,29.141457385383447,61.21795601230069
1149.9954941911699,278.0131362787564,29.02709989136409,61.1548843492522
1145.7369751461672,275.02476503730134,30.079200771286768,59.797448861276095
1147.8892459479428,277.8216574671475,30.225708972423043,59.395011123776136
1143.5111776142826,275.7912593034094,31.46648290018042,58.400201562885655
1144.8592329266864,278.35935382768355,32.09335649396988,58.241738497003354
1147.4172237836144,279.3864589107488,31.719269025261823,58.76286097247446
1143.4654113937333,275.7502489031487,32.43642472696006,58.12053184216678
1145.8069792395029,281.01179031609655,32.279275230031466,58.7730605122427
1148.8197835417545,276.1568455900032,31.66804717591298,59.13849138441242
1154.175712013007,275.26765655767224,28.27314723032555,63.21129445975548
1151.1246659416886,276.22796016379334,28.051467419379517,63.24103586315961
1146.8232596490425,273.58579533871864,29.151642141512664,61.69116274689053
1148.729848645018,275.76853606636394,29.684700378504704,60.963465295811375
1152.1395546426902,276.60280240858646,28.903918868694625,61.45640779294597
1148.3038569523399,274.0834438376106,29.248271669744717,60.6258088338234
1150.2321918641203,274.78645804937844,29.162595078910513,60.58608492708008
1147.0507482645678,280.6632561071433,29.61253128543146,61.06450632864013
1149.5253443729323,277.38644877621357,29.347900798133782,61.13056500981722
1152.6523424439683,277.7523517705298,28.548544090875964,61.51323510589401
1148.8083039049045,274.7731704174797,29.21746900454454,60.51162781458817
1151.995183875055,280.58182152462166,28.544719291446718,61.57178340975252
1149.3244427146772,281.3186669381281,28.449556581227124,62.2145335941684
1145.1075028300147,278.4608461959618,29.63257470580701,61.63181473075324
1147.1423983576062,275.7970825018244,30.141220502125574,61.0687161653538
1149.6700090690658,276.81472285855676,29.843511648633942,61.46613703956603
1146.3360652541842,278.9618278319534,29.977396497482726,61.661160586577545
1148.0313193176826,275.74649424080565,30.493416366549457,60.9605883546581
1100.072461833551,330.00800957593094,30.588667345554832,61.438366400227835
1098.2284874644515,340.4986199150095,29.3277025095349,63.88414195314978
1098.3372416272875,343.023598581873,28.455043770349725,65.45795151853166
1097.7204638030469,340.4937428799256,28.10495693607333,66.11003247885344
1097.5090938256305,338.84449314101084,27.766980631426506,67.07195692540242
1100.8625186768825,338.85416323422226,27.675928448606715,67.47821795315002
1099.2379561601783,338.04304156462405,27.506966714817963,68.44123487480502
1098.4388073837317,340.0041371573752,27.484752855090992,68.57565475039884
1097.5233172388096,339.11226790419704,27.17541045969348,69.51370694026505
1100.8193087892248,338.5779550067031,27.27097933411335,69.78682911891983
1099.5973123130996,338.2651266361725,27.07861927046387,70.86309780894803
1098.1691065132864,338.8952345442884,26.949519805561017,71.591661299128
1097.1185882692723,337.4990575456054,26.996939531428094,71.6923372493138
1100.3979106023733,337.7761183743311,27.096342064475134,72.15073328252107
1099.2123874165372,337.9264360776261,27.019902512380117,72.66507164750317
1097.7205437985258,337.730771038086,27.069645284673083,73.08396610131337
1103.6731004473165,367.46881827986203,30.078748028656925,71.54045447298583
1103.5852327753403,367.12128979991337,31.95460036460577,70.72147656559648
1103.825289025813,366.3273235505378,33.69679101574505,70.12278692155583
1103.666423501103,365.0701006377402,34.1377671405099,70.00594254977862
1103.2008268208735,362.3579785357007,36.00586183191656,70.23802233277621
1097.531830711439,353.1275867357173,34.46671782031713,73.48210633252323
1098.0621578551206,363.92950627572156,35.81769678605153,73.65713497407224
1098.4408213343224,352.9042731008333,35.18144133766452,75.82404114318473
1104.7459003983936,356.90726392407936,36.3062227847176,75.76217656593697
1098.8004784219859,348.03370619279326,34.736645175338346,78.97532977875339
1099.7688868093323,341.8938528065399,34.380999436412,79.9608938281766
1100.370707296607,347.07620461076874,33.81497271204579,82.00486922820281
1101.5782740987681,344.72831362699077,33.26186448785816,84.85975911926644
1096.730393986584,342.8777489522031,32.186994829413976,87.13954049311081
1104.5175998433979,344.818310561672,32.73172374078614,88.59258761566478
1097.4156634130227,343.281632982938,32.40533937649975,90.48103569438976
1099.1672275110673,339.6448301690223,32.415994158468365,92.24794986638004
1099.8221065688194,340.7688404003046,32.365236701952995,93.00363919690633
1101.4262754382048,339.88899242226444,32.445616471498326,94.02490816963021
1095.7453406270024,339.82803048980225,32.35454992141784,94.58539845105652
1097.3906236387668,336.4436304658256,32.10911796542435,95.88569120912332
1098.3163039936176,338.79822824723243,32.01286418168718,96.49291953928454
1099.0614547955397,334.53004669770326,32.39106304895809,96.92508799722967
1099.251654887139,337.81539289073135,32.452467721821314,97.2419745754068
1100.5223467937344,334.09931572984306,32.48151776368724,97.31396234750085
1101.1148587572955,336.5933347713226,32.614807554407456,97.68773876344311
1101.5227923757045,340.9408054951956,33.282371299225275,98.80131191072887
1095.2335111643363,336.01457602128914,33.504927099647425,98.38781016518243
1097.0990985589808,336.7058934588919,33.71451506861316,99.41179483877444
1097.8468120907075,338.55089146697316,33.966741131876624,100.13280193540496
1099.7324060499902,336.1789697953058,34.489184290123944,101.26662201862301
1099.462740454281,336.6446770418541,34.918416180800165,101.2196286952843
1100.5744598670885,337.09446642484016,35.22534425276801,102.03772418468331
1093.7919990121698,333.9813836572686,35.206219598775164,101.35769169507657
1095.9825618344075,334.44491383344496,35.434691160415106,101.7405458124428
1097.5113358986926,335.83125691623326,35.74519837547314,101.8848890276646
1098.7558741141168,335.7564285849507,36.109341930586666,102.60571149032432
1098.9046623090062,335.4336133436522,36.442620087831536,102.94575643954082
1099.128972525652,334.6409667962684,36.737357014902905,103.46634606980038
1098.8494891316911,335.3450816558025,36.991688516493426,103.64899579103977
1092.1820816879494,332.06724149059875,36.65043319065916,102.99783179161327
1094.1491183875178,333.84656725212653,36.68171351886316,102.70301355293579
1096.0695682479525,333.9773121926554,36.47644011406407,103.19204098059004
1097.3190216346838,336.1926557387816,36.660851001886975,103.19331780893097
1098.5975420442585,335.4984977497463,36.75683032624669,103.45794842704663
1098.1295003241448,336.11131299992735,36.95917385396388,103.39059901455988
1090.9906420513173,333.30338407686327,36.59424456374225,103.21084071078582
1093.7979683323308,335.0512648903789,36.414280092993344,102.86074854405109
1094.9479352052463,333.2692991567476,36.121341548273385,102.32816101793601
1096.2366372394054,335.306303219915,36.35483578394066,102.44108068701138
1098.6374670863486,334.0249842228375,36.6394573896455,102.66706711752205
1098.8914091294766,334.8654281283749,37.10852984969611,102.34321661227912
1099.806803445532,334.0395077590879,37.04960968491622,103.49729562447371
1093.8055726619548,335.06573702685375,37.216880479060286,102.99386071717686
1095.1415230689297,333.1480541467756,36.52815279705327,102.9267432524644
1096.058266860503,334.7743368559915,36.78892924436331,102.7777704682336
1097.6511499601456,332.90744534553085,36.93454245868277,103.38782712120448
1097.296303557112,335.06144497428267,36.74258704134992,103.6718726940231
1098.1517938778773,334.6395296758717,36.66406055669516,104.13617238416782
1097.8217075381804,335.21523591321295,36.99868148781306,104.06214914975024
1098.3785028482328,335.0099113263355,37.20822338266176,104.41686181934968
1091.0340862216483,332.79179869478116,37.123025950406024,103.72260154779048
1093.768952581738,333.2258271286444,37.316308118990214,103.49911425585051
1095.3680360454164,334.4523856022881,37.26942183318896,103.53537742979427
1097.9101298183868,334.21534389719034,37.32091067122011,103.67761269545852
1097.8658993276072,335.1696871307774,38.49099031942831,102.7994928014274
1090.9243878046125,335.3282077029781,39.86414855828884,101.81616304275295
1092.7938996366481,335.6094615565422,39.57958289249321,101.91951163740913
1094.6669430906024,334.70141708370454,39.35821593812149,102.66375087929573
1094.8447141323043,336.4989987678622,40.60480927456383,102.15995833197967
1096.7234048858597,335.53859881504565,40.38601796024764,102.9231848952894
1096.4329688063153,335.5850160220232,40.261723004601585,103.232972912851
1089.1501832759136,335.51639916328327,41.431531621862426,102.426136112314
1091.468176147846,336.01349919179347,41.35730391937984,102.53926745044276
1093.2955418818908,335.21388517722505,40.79839097088233,103.2621249303777
1094.7682628085884,335.53655531773836,39.79892763978785,103.98468812034417
1095.8010432546562,333.7680034715113,39.24333669737441,105.03483330907513
1094.7813353169447,335.61155959499473,40.920253931783314,103.99970551530954
1096.0718186669126,334.5712930253153,40.53986115305134,104.6500156665397
1096.7828423219387,335.4760300351479,40.40709497283611,105.26348786155037
1098.1688397816624,335.502379032826,40.197351144392265,106.22088963483279
1091.9709002704208,333.1591910486294,39.69133941217556,105.39912599293558
1094.043503949751,334.92733844289603,39.299759353777716,106.43620881365524
1094.645892490564,336.298646763804,40.33974874592199,105.85963378446435
1094.5954674202765,331.82791591699043,41.89141074944264,104.4291911049226
1093.4963043601672,334.7389639021039,42.65496366295028,103.92765511318082
1094.360596737768,335.27131145330134,44.00000757176524,103.13797631861672
1094.2504074820383,336.1926564145316,44.804234082797336,102.64655146897866
1084.9420147048668,333.16415661760976,45.58071049407403,101.57021451878552
1086.610018519879,335.9807552944891,46.10179381406162,100.92442771037598
1086.4403765204113,333.36858836016825,46.5573811227955,99.94062263629911
1087.9784316875903,336.62939657084246,46.2458434088293,100.05241285404988
1088.3986146936406,333.6349160555375,46.2957854788326,99.47002235649205
1090.2059642742613,336.6040755128389,46.15903784423299,99.42053791836024
1091.9196779756674,336.1430710854503,46.195235157225916,100.06948040145812
1092.4311735213776,337.00185123999063,46.22676145414912,100.58037253645396
1094.2377914436584,335.185201768707,44.38133798084156,103.23280939797036
1085.338085639819,337.1899423857737,45.56745689442883,102.5652928855167
1086.008845082279,333.3786968764365,45.81321101117927,101.84754247200115
1087.9889862848083,335.6763897570376,45.9329943333545,101.35191342848077
1090.1708651826289,335.98565501861617,46.478291293877916,101.21509125312105
1091.789182098723,336.6566066332309,45.320565428303674,102.43421221288688
1092.6737221273972,333.71434998563643,45.61202032502623,101.6351823028147
1093.4511995987536,335.9675890506405,45.880396976780396,101.48396025343395
1096.2913305711425,335.91269016224135,44.413485804860684,104.50770275145413
1090.1956804652668,334.48157616920605,43.565532781748544,104.0734033518131
1093.5786885039304,335.22787025019767,42.38108971391255,105.7105492291365
1094.1778427356871,336.1697109493484,43.52014330140915,104.93130124815522
1096.7284358289687,334.11828386900083,42.57117450299891,106.93123463820524
1090.6920918169683,332.3781607564938,42.31403712569343,105.97039695513826
1093.6127091079452,333.572135670045,41.60942211161103,106.33257062885986
1094.3711395948837,334.5168280463186,41.607385170517155,106.49735100120586
1094.3339259667614,334.24435622887034,43.10933222504081,105.62370909723825
1093.963675411835,335.2809182658548,44.23134228131223,104.96210300098389
1084.4993946700808,331.9518778251632,45.91990780839964,102.74676412070937
1085.9415174886572,335.41663288597897,46.74622678458935,101.75166027959537
1086.4620252820957,333.0227708520198,46.8543866032148,100.96870515973907
1088.1916780057804,336.1887217251719,46.65645825202131,100.37358167271223
1090.0453297717484,335.68894804282036,46.827261791008524,100.66867354253462
1091.1102660405377,336.6484049851143,46.742185243420025,100.81785009678943
1092.209817059231,336.94775078466665,47.023336902475044,101.25197371565663
1091.3754516033307,335.9796393537007,46.949971270963516,101.41029457048563
1081.3845354560287,333.1551152518748,47.6017426067052,100.2484835707987
1081.7564801979217,335.43045696307735,48.00116331216638,100.06311034050177
1083.6212274921231,336.8187750844802,48.385414413155786,99.8538845667513
1065.403089513068,335.7360113885169,48.80162124895158,98.28351894758472
1086.5591807499493,336.9063382862948,48.72237944901707,98.7417278477229
1086.8650415891786,333.5748248147503,48.48842995278443,98.12582603409808
1088.1581940066005,336.68919816466047,47.8075460173318,98.92413936616853
1068.2929585782238,334.558810776331,48.408999997864655,97.83177283499678
1089.0044847116292,337.27990679259625,47.067696693456355,99.14923627808261
1063.1248647862299,335.492348974083,47.11304265387373,97.78369954465636
1063.4675568252867,339.5892705907876,46.958830374466075,97.20003955023029
1063.6034975881978,337.53393410695,46.9823386499079,96.43000096242443
1092.6164379047907,337.56110997027906,44.99275486120472,98.84059073738374
1094.4214124084517,335.6957178798796,43.50728037933418,101.00962009545158
1086.9610776213417,337.064523273965,44.536682177064904,100.38491957797181
1068.1630562729024,335.2242053365848,45.60791789762535,98.35441338959129
1088.5363972002551,336.7633236597659,45.69746345991191,98.42293553801363
1089.9958416314294,336.4360426197696,45.59001578065385,99.32459862689836
1063.5385343287107,337.97022609512936,45.567984878278295,98.59897221191484
1080.8783313752742,333.9247310469189,46.60101438134274,97.4826220678573
1091.7715099229574,335.98069036452426,45.178823545742034,98.74196836718639
1093.2248855090347,335.24721367822207,45.473768531043106,99.0999021026829
1093.3810534874754,336.29746767028263,45.39223180211471,99.5780975220347
1084.6515621634592,332.51632992503926,46.087298434521955,98.41653992841495
1085.6101026256915,336.0603980831462,46.246582742524815,97.98955454451314
1088.427783509347,336.0729901655377,46.479854722314855,98.41246146945562
1090.1962740444142,336.94561029121627,46.40370505591288,98.78550949667813
1092.6023466009713,336.03600122196985,46.39355140550616,99.17453695275985
1085.3928048710786,337.04902599672187,46.94966355944428,99.08444352374678
1086.681881227919,337.0909998809883,47.30867062245112,99.18561118199274
1076.6312072619944,334.9456606851614,49.07874452170765,96.97630864713288
1087.7448774172685,336.4436336430874,48.22416689121272,97.981306868854
1079.3967452785391,337.91570001153724,48.87483599960414,97.78664484270881
1090.7584562322702,338.3205956072519,48.65518682773772,98.7763429109993
1090.467701180746,338.9115831939223,48.245224030872606,99.41039907444295
1091.6654454673283,337.2857586100643,48.403248030950294,100.48761811024669
1091.6474356533106,337.86339000586787,48.370223858750535,101.1265057903269
1082.2351429749713,334.149645637811,48.60975481784635,100.06524502235123
1091.0826591066275,335.3209118102129,48.13815509542758,101.39414374215312
1093.0549956308912,333.6635939302143,46.46037710267072,103.48489778065378
1085.1473565430322,334.8043270277429,47.2177643863603,102.62489567117552
1066.682345941555,334.78690917525057,48.10540048799615,100.15088914631703
1087.1653073878176,336.5074550367326,47.92581258692581,100.16915802287072
1067.8831123237685,335.40574406641656,48.74007301531718,98.27956095486643
1087.6448662416647,336.2656328569914,48.49933724373365,98.83362046325536
1089.962716670577,335.6450131280632,48.25403107356151,99.41306502021743
1090.5339247075128,336.0269521190163,48.16177719584934,100.55573816097667
1091.8059421093205,335.79462120646264,48.29372200649177,100.81536798017795
1083.8648073238687,336.82242642158906,48.77560762811555,100.50150516764666
1084.028554203036,333.73798219438834,48.95496596013961,99.81653705847992
1086.1416931223036,336.37331458602205,48.80169427471135,99.70856291470842
1086.4555193952015,334.7530221756537,48.15850887862773,99.4733908518239
1087.8912637211833,337.0401001726589,47.684998055643455,99.99064692522678
1088.0669565856053,333.9026496717507,47.68400824469193,99.59283369364479
1061.4181373638585,339.02980630354693,47.32449641963117,98.56441535803086
1062.4575316989733,336.4451822920963,47.40942311195006,97.34214526493473
1062.374501848339,339.14027632376695,47.020756391386094,96.9071473833257
1079.7819528155615,335.2314846567754,47.70495800308349,96.0389921537711
1090.0173237647598,337.89589238365824,47.06632746332932,97.10250019396301
1091.8271560393716,337.24329315491843,46.96259857351416,98.15729849565989
1092.7787429150255,337.92996035817055,46.60580045449246,98.91621702075055
1094.041663130897,336.8912286596257,45.51936641770796,100.38506317168924
1085.6079647610024,333.8721033866195,46.023258747707324,99.47052584157255
1088.483068990747,336.1692782253368,46.07312486554993,100.05385284184166
1088.147455031927,333.79969123788896,46.31062572740181,98.91018856753085
1089.7268002285534,336.48425885974484,46.25415276998538,99.07216027267164
1091.1669669594894,337.13736517093173,46.190549092125536,99.59905953250765
1092.2977224201097,337.78269526878466,46.3242930212723,99.95707346724151
1092.7915602677865,337.9457057574086,46.70709321417109,100.14599579167145
1084.5305100972682,333.9403773371654,47.109076367707715,99.59410780946499
1085.9556489832537,336.76651075611977,47.161763664553696,99.55206474169776
1086.8307229837574,333.83168029931176,47.399052911776195,99.42543115687019
1088.3404281681603,336.60185690658994,47.11485939897348,99.832793224754
1068.918770753926,334.9661580743465,48.05884027358441,98.13768250072162
1088.4770654024355,337.22658646643646,47.567373046878174,98.59955896620602
1078.4604520772389,334.59737078668525,48.569807460943075,97.04434639336593
1088.7343480055263,337.5839049871664,47.72921851574531,97.84453953949215
1091.6642562770464,337.10404171234086,46.334042590075384,99.40631448620758
1092.2583487949553,338.6847603919532,46.574560385526226,99.70440867262184
1093.0939530229396,337.3481043645215,47.12439790047422,100.40537477926601
1084.200588842825,334.8580859115065,47.43442261690474,99.55377430278857
1093.1561401127851,336.74240482304333,47.36605727486031,100.26685168204658
1085.0303257973917,338.0182796050086,47.727449051093885,100.13940612659988
1085.3119358519998,334.6920852541066,47.78441282697543,99.67221599005549
1087.1241346740603,336.64974256602704,47.739920215965725,99.82565174768432
1087.0302759967178,333.4870334791276,47.93627499520926,98.97441796683228
1088.6941523517262,336.79019447893245,47.67462407466691,99.20045146649025
1078.3163679472223,334.33155504040116,48.53161233252739,97.7770931365216
1088.3989076140692,337.1449355046339,47.768970208916244,98.53216242351016
1088.539260472983,334.59169463048005,47.810435970552625,98.38237519369896
1089.5604986400092,336.3693546741202,47.50877980594895,98.79034985091025
1091.0127700785274,336.22501782007413,47.38189419934416,99.45598350873425
1091.2807126681037,337.5006810428191,47.136793081146806,100.00311130022851
1091.578052490942,337.03475018525467,47.37134887000237,100.08314229445588
1091.3591161696988,337.50902981842137,47.60879541080403,100.2919674237219
1081.1673995762524,334.3781533914418,48.21571263700352,99.0058544100663
1090.949371715754,337.0557760641536,47.38344636703342,100.40107970291783
1091.9488490114713,336.21746822190676,47.735570285883334,100.70843674521487
1083.7991514054947,336.92513279259794,48.538732511386044,100.62899336700085
1084.164925293588,333.71666029437455,48.54826579417857,99.98616682566681
1085.7506400970021,336.61774937208264,48.268845445620784,99.96719036473917
1085.8686101550738,334.4491763106772,48.24881573439772,99.48715823819089
1087.1631580206029,336.3040846532678,48.22137051794229,99.53583473805304
1089.3360981593676,335.69728632294164,46.534942201930555,101.38435271103748
1078.6742672777116,333.9692348541602,47.94748450418258,99.222784635722
1090.1565160254308,334.81714957506875,47.799583993607314,99.50105041923909
1093.0697152722953,336.5350709086184,45.507991751404404,102.28177240744364
1095.082742820088,335.21222673001444,43.913741551220156,104.56403831124811
1087.700442315538,337.4161842042991,45.0322634969041,103.60897108187135
1090.6750919863555,333.89419319181735,43.67673704345311,103.62345739073984
1092.7554639443226,335.94718149324,42.865372190171456,104.44568389382107
1095.7729684521862,334.9158523353646,42.2808026275692,106.5719700710121
1096.1336472971473,334.69783183525954,41.95662472003793,106.99753864130588
1097.4203066456055,333.8920482470848,41.719979521275214,107.51894580541027
1090.8426724669778,333.6118363074724,41.22392551372322,106.82289614337522
1094.107742742981,333.1477377473269,40.64667106630094,107.45670780066692
1095.6131796462494,335.15509089736594,40.52871799226191,107.6928054480376
1097.0922891618043,333.5700299927572,40.745404976548414,109.06523245497084
1089.8785319840715,333.06363997975626,40.59204870365703,106.99894215130655
1092.6225288219628,334.3227618066175,40.50803575983866,107.3239325597789
1064.4139464321966,335.2154252119766,40.22805698468324,105.71395727937426
1063.6900433889878,334.6182411472807,40.18743257107057,104.49104330427379
1091.5565875392551,331.90094892167934,39.66310739309434,103.95235590870529
1094.660013700284,333.32416045715433,39.11975204216701,104.59497774246412
1095.6042129480832,334.5628815302655,38.99172332424803,105.09826159988866
1096.355866619308,333.70725550005113,39.02259555008924,105.89325621927351
1096.6424628464376,334.42430573177745,39.25865804015446,105.765305238548
1097.347297694222,334.0749341551581,39.14737682572546,106.09230402728667
1088.7215849600739,330.8788031580317,41.029716982132356,103.42594175396127
1092.1807618405833,332.95218802416764,40.749448109571844,103.43888004476074
1094.1472240824903,334.78107171950654,40.23757465114862,103.96560381161468
1094.4911535412648,335.39469751089786,41.909907794069795,103.07549413008668
1066.5432616427304,337.67429193025225,42.77957998835542,101.41472681733305
1065.827345733747,335.61550242629835,43.99424931643131,98.5534030084684
1094.7996646195822,338.10417228717665,41.68967959895993,101.63476670925817
1096.6053477421394,336.40239668795056,40.86772895176139,105.00458264361771
1096.5031364894517,336.54362034489805,40.65334442741257,105.54167845296799
1097.647178530076,334.42663852350483,40.4378502204318,107.07807797069331
1090.843017469962,332.88449438962624,40.26529808834046,105.80972131810138
1094.4556421742463,332.9844126938619,39.74810417598765,106.03217294863234
1095.0924975417206,334.92713718004023,41.471404387312916,104.52006196036072
1096.688555712678,334.57367110228483,41.0166268267547,106.3123371191445
1096.6953324766266,336.9400940686649,40.88448729507699,106.7846389296095
1097.7770358589082,335.53243756920097,40.909763801922104,107.52886456815527
1091.4834840904168,331.85509257648584,40.1422502200693,106.5517893787198
1092.3892420163324,332.7310459111249,41.192789669904315,105.62580442374757
1064.0713590624612,336.9698877907366,41.03236722315475,104.02185943024068
1092.717551623736,335.4840154810915,40.44059321510714,104.90611206039526
1093.8140338571948,335.9025262176545,40.25912958360808,105.06953201926846
1095.3047032733389,334.7296308120366,40.32503077016474,105.6308314107121
1095.8724040190723,335.19836783165664,40.122798166789686,105.68113335289816
1067.9975311258438,334.84164047372246,39.91498246032709,104.16849692229749
1066.3526777997674,335.42201992668845,39.66040691452731,102.97832188737243
1095.2863969191353,334.65033113641226,38.92954246729557,103.65146324994917
1094.4836885031618,335.49622088439463,40.66658210543414,102.15926864041614
1096.4538397521874,334.36109885276744,40.22416292723747,102.8973531367912
1096.3920548212927,335.835965094944,39.723971254335964,103.6049044353971
1097.1467037513244,332.64048214841415,38.974458033154235,104.09878418496318
1097.1346115694914,334.8291564972047,38.84061841357997,104.36999887239183
1097.8704530736038,334.2233606077888,38.986095606427966,105.2499155091739
1090.8988289709605,332.36607448262544,38.811712853157786,104.69409391108138
1093.5120291492904,333.2194535619378,37.923759590461486,105.72837455174252
1094.865080781255,333.9494552775607,38.00125141167619,105.63151456455803
1097.0883207999198,332.270992817928,37.93867726195033,106.14537231463396
1097.1402048566113,334.5788794403686,38.04874507343143,106.37518441597467
1096.504572420503,335.1563383543234,39.8002098488972,104.96225468072598
1095.7075314590654,335.7495603063522,41.34509213474728,103.79363639319203
1086.9213964932621,332.4509353369835,42.560428472603554,102.17758658064774
1088.239865384394,335.008293933329,43.15793387805354,101.40766699919317
1089.886495825406,336.26331744806254,43.77558312557677,101.11495543229637
1090.0456613578438,337.10380413301846,44.13040534191299,101.0082079649419
1091.5157926880618,337.07868795714336,44.65470605122806,101.13897131033252
1092.0824037239174,337.61262634991493,45.13124593287074,100.95207471840436
1093.4024895650318,336.66110257945724,45.747462914887194,100.99634366339538
1094.852567594305,335.40586987114636,44.198643931574544,102.7841617707138
1086.619944822787,336.9429257635685,45.13929421399071,102.14619433782876
1087.798715619949,333.18212329777504,45.43278363696982,101.51851586029704
1089.1863178794713,335.71711311404613,45.53555148235076,101.04219372134614
1090.3207453358261,335.72727092401556,45.846162674148715,101.10248964327462
1090.4806415113937,336.39018900880944,46.13533160717389,101.01875180513825
1092.1243769071748,336.35013316433344,46.4227247262869,100.99697876392993
1092.514623758314,336.7673388611342,46.76818338702269,101.20962809840158
1093.028712522217,336.3589923934944,47.06296242125917,101.380392412389
1083.7665363011677,333.89778238023746,47.39759089485189,100.25777850717074
1085.016685277859,335.6838162727054,47.183333247560206,100.54457836749853
1086.7954956820865,337.03702706395484,47.36285690932045,100.47837933443819
1086.3474256154893,334.03145835897817,47.48032255921532,100.14559269882872
1089.0303113654952,336.4339207938868,47.557926169830004,100.38232003161775
1089.2615853170296,333.90583052420453,47.59652839798693,100.16477410766436
1090.1372311407642,336.3122418638153,47.12088605967583,100.84025175192909
1091.6784759922584,336.40459358289553,47.373008487806025,101.58013371578053
1082.9402722267557,337.58493112283867,47.94156193861122,101.32689195498604
1082.8650235075638,333.5335036899687,48.28036539570521,100.47540779332127
1084.1198886441007,337.2665620236875,48.35281514582489,100.25588221703958
1084.4453838191246,333.7850481356728,48.75624383645695,99.46546246041515
1086.3077787118345,335.99670235487395,48.38700863172565,99.60871238306645
1088.1982527543837,335.7531982280696,48.56658701299692,100.25555171353547
1088.7095929797883,337.37967943454277,48.57809030280353,100.32231552930321
1090.1036659960887,336.3418115914625,48.40933165843235,100.85140783911329
1090.187049031184,337.20713827840746,48.36811791468263,101.23168133175473
1079.8542471593476,334.3405827720335,49.49634334719799,99.68341645949299
1089.734435629529,336.0408461742219,48.661207877172345,100.76695041942892
1091.2520740888517,336.10096249374766,48.565510206955096,101.29968791558925
1081.5584399777263,334.8386926217557,49.053040117438066,100.0524912761351
1082.829530384453,335.5988057089812,49.61067991784615,99.6711728918681
1084.4157883394932,337.3416446017271,49.626405251127984,99.90102383295397
1084.8113641598368,334.2836927463002,49.78094847423692,99.18827706925953
1087.019933149486,336.18820802976563,48.84169288019237,99.75029590647297
1088.0359075406595,336.8689060060941,48.54299459661715,100.66290560529002
1088.8212023719339,337.1306707851473,48.24409780611565,101.03723395161786
1090.193032597046,336.3780271657517,48.34163317765338,101.19805116630019
1090.0416576090934,337.21544550373324,48.429317614675526,101.20844724885916
1091.623319156563,337.491033301025,48.6075336642524,101.81449130263674
1090.8880387906513,337.2764636420061,48.602331194362115,101.91382980628441
1081.8807486243707,334.1957100279005,49.241135236030075,100.92120657566383
1083.1486050099613,336.3853309479217,49.676515642643885,100.42579409086122
1083.485535955095,333.62517577243386,49.77269813876343,99.727993403629
1085.4569711744296,336.59768971847166,49.48193112416661,100.00884661125428
1086.175096840728,334.23740367777646,49.320601685643396,99.84608739381653
1086.9112735326205,336.4163858188346,48.95526116978583,100.05616729733863
1088.4299414282184,336.41849081200587,48.95452263048197,100.5698168295241
1079.2178932180495,337.7888618075606,49.79822812064418,100.13320873047401
1078.0049442116585,334.27243753394885,50.68537345836975,98.97420947648908
1060.5497826058775,338.9528261130328,49.41849635254889,97.79444733296953
1079.1427906378594,338.3945697218961,49.657956362803766,98.02642217998591
1088.223319044835,338.6597026836986,49.53800672658667,98.17440788048835
1089.6810634359483,336.6681622135206,49.305497528100545,98.8683576562936
1080.7364907557942,338.1706846198317,49.841503011089486,98.46393859707408
1090.3047975439213,337.84674912842667,49.49860968019668,98.98872052714736
1089.5468435974608,337.9541065954092,49.36050942301682,99.45971000325844
1090.0393965547187,337.28876533209814,49.32951967413901,99.65933526745997
1081.2768666772672,338.3201955180896,49.85168979586357,99.44942224979383
1082.340495222882,336.2884777663507,50.43093704957406,99.65162976407476
1072.4730328169724,338.668781445542,51.022618071720316,99.05271264083015
1083.5448663691686,337.847140174317,51.1724652190371,99.17481538801485
1083.3391082963208,338.2331261990756,51.28556695557207,99.12678597594117
1085.1322777465016,337.4055618407653,51.334984309406714,99.25795302931569
1085.1554773967673,339.0221292121689,51.093461172477035,99.69988189658538
1074.5483554449627,335.4368591958255,51.63778129373773,98.80757002344939
1085.73378844016,336.6955643504226,51.185851079100004,98.72177101376997
1077.0725618653921,337.8544444747788,51.68472825512503,98.36586844156358
1076.7349430241054,339.08755712968707,52.257695707047375,98.36152763034329
1077.3086663827803,338.76156134274504,52.59446424924969,98.42642459925828
1059.0280322684596,340.41006112711386,51.401589716660716,98.20654008941962
1088.0901239846446,334.31513914118057,51.06346661754252,98.09166890473104
1088.1967348991552,337.0395661746069,50.29902419268454,98.57762881416627
1079.066955715169,338.01703396706904,50.831159846423894,98.24430518202357
1088.0184209272188,338.009517054871,50.20736608003858,98.7912654595332
1069.171866409596,339.7295802832303,50.26219233940518,98.74772136785063
1078.6562304804202,340.2340637692653,50.743049158694504,98.53710383587854
1061.0553471563194,337.45368844253295,50.18531339600739,97.53324305440661
1080.7584927396927,338.6144181981065,50.54933167750308,97.42792405191135
1081.303044214233,338.80743593792783,50.33099357999267,97.71733061223517
1090.3391928294357,338.5829132445926,49.60032919260503,98.41916263525823
1090.8479418613174,338.0127410894837,49.353650017982496,98.71039920316645
1082.9082831397686,338.9309431884904,49.49032219740842,98.73235767986617
1094.8097922498634,338.4955101685779,47.11705251237496,101.36600057134521
1094.2442376523795,337.7212508827202,47.424364481390526,101.1038792848148
1095.2523078074803,338.0514851135001,48.10006720402605,100.32995527437245
1088.2571898183835,338.20492684433964,46.89816164932148,101.16927807242081
1091.1594075245732,336.5209377129834,44.92464526427048,102.67190751921534
1092.3052547873194,336.9203254140999,44.12864144217029,103.19381452340784
1094.7528785494953,335.6992943414504,43.261645565767736,104.07874978901474
1095.7991749976438,335.1391992516938,42.520819017355706,104.17620997566145
1097.353547582547,334.99844188331724,41.65961122204604,104.82784502915848
1091.3320167197235,335.6126962206133,41.0577230346679,104.54274603588642
1100.6070389824795,335.73724386737496,41.0565543178718,104.62560435731332
1093.4748843906618,336.09358678249487,40.62631203361182,104.65215118641345
1095.4334759618007,336.7617547457283,40.634234939917725,104.4383800525796
1096.4255331204743,336.56605216222636,40.377012021000674,104.60248545483117
1097.7184711880643,336.3621380932382,40.133401968584195,105.41436197604347
1097.4577111883307,335.83416702616216,40.150223631927,105.46609280362352
1098.6834929849192,334.9591508259477,40.06724324111193,105.17858619877292
1098.9569120404187,335.006627000039,39.95836244675007,104.67032609440483
1100.1053349788037,335.4385817866464,39.70023336304022,104.46710009348229
1100.1023216276344,334.80419107675476,39.97778070980536,103.94280022969625
1099.6748226775746,339.360103140909,39.562748826676106,105.37871322296971
1093.4873496790929,334.31287486113456,39.05888298739683,104.7330469874137
1101.2458764658838,339.0864698686652,39.24841911260657,105.39346710266248
1092.3653424139325,335.4600280122814,40.65176588777399,102.87413592590376
1094.8869633084416,336.0315313051028,39.805488839508655,103.47165542039242
1096.230428484872,337.51807632539914,39.770588954634846,103.58076376122366
1097.8064868667088,335.4838194335567,39.71584281550361,103.92006716816908
1091.5982707841185,336.88351623655467,39.42885815634324,103.62269439804963
1093.2915693681819,337.4546949062992,39.41543136404052,103.5213739028141
1094.6235192281022,338.55470987903385,39.38095478567936,103.31789451734234
1095.6528214769642,338.8763948792671,41.48933293871244,101.58300683003196
1095.4215676561519,339.5082955468501,42.68330729090438,100.1044101140352
1096.4299778046595,338.91188722164736,43.36968804941577,99.66084978747375
1090.2544460879178,335.8701856719824,42.11010142033824,99.68741866591739
1093.4183365699262,335.7145089926439,41.13053126793639,100.55713444896809
1095.0701435777173,337.4420060368538,40.294638714603806,100.67491691656332
1096.4619162842714,337.25341205837236,39.72990815134949,101.60574178205741
1096.8241466375555,338.26906224861204,39.32472020135757,101.94253393850435
1097.781264568807,337.3741102196174,39.23804202184577,102.46766212426304
1091.6498204364498,333.63783048991206,38.48192641845709,102.02990940792307
1093.5670234537781,332.7432137663996,37.41765125652694,101.80659226252547
1095.2422637773589,335.90435311603693,36.750205506216105,102.14540346040656
1097.4955200528254,336.84666176567293,36.960106930044674,102.008878097246
1097.5841171646505,338.54528985236834,36.98888189103177,102.2858780102047
1099.4495204236514,336.44214647226136,37.026114599562035,102.79392139082576
1099.5307071362556,336.6552349744638,37.14493693412668,102.8439764978749
1100.7011459569906,336.39888485349496,37.144506956917795,103.59180150663921
1093.8075250111642,337.36606737657377,37.01705501617269,103.09782728575316
1096.283277013828,332.68987882424426,36.63599559473845,102.83838130844191
1097.00369224104,336.26036590932256,36.58486638752952,102.11881531470755
1098.6163233689683,336.8256043316136,37.01935864636705,102.25797474350952
1099.019739267291,336.5112773311738,37.268467358564266,102.37061524131443
1099.3917550187823,340.1119020946598,37.53148660822105,103.10007364586102
1093.554429602963,334.1038738250895,36.82036092008467,102.87696583258455
1096.2032861248695,334.25879452963744,36.37116195631897,103.11983531425872
1097.4455861894965,336.0602708199094,36.53445644796044,102.88875205935261
1098.99530626234,336.67831956469485,36.65606727998071,102.98609034363122
1099.4228539293433,336.3998991059007,36.88738437578324,103.12148535505719
1099.8832994128384,339.44385789877384,37.27770654451237,104.36290393569276
1100.1234938742275,337.4922933142714,37.795503435161265,104.21141426924838
1101.2235489214563,335.89881832605516,38.11928192865515,104.2863172886649
1093.9473455633172,333.00532993030214,37.2839284825801,103.20963279095591
1096.4117399651948,334.441366066869,37.00184530626634,103.24610481980882
1098.2642149743735,336.2687226615415,37.17648603764948,103.17891032248038
1070.5628025175374,338.7947510577121,37.36632495888994,102.53332335206909
1096.6476063462344,337.7881908895132,37.4570436869939,102.50483368594924
1097.1080563177557,336.19579264173274,37.37171610589777,102.93009224625325
1097.8194679572732,336.55375045908704,37.527268523998174,102.88501162970256
1098.2564330828066,336.8171424058296,37.5164331392077,102.71893281386569
1089.6044501505494,337.6825419361346,39.07452173779163,101.40002825351118
1098.0959102980987,341.0550817549094,39.25675113141378,102.38665332787569
1090.7057560474973,335.04113738533067,40.06966194279702,100.96507250068788
1091.671278526213,334.8494688552865,40.833027071044164,100.22236254558621
1091.392603260334,336.5200914188615,41.63048199497266,99.35045488181503
1093.2761007120178,336.770230499457,40.79583677345966,99.86631765842927
1093.8817565290406,338.37789537683716,39.71665889152139,100.66383294303664
1095.9270240888063,336.58154651733054,39.392795906389345,101.3858474688431
1096.5217020408381,336.3291720142163,39.05786227357743,102.0511967498728
1096.6600350774427,337.2873989492604,40.3849705095268,101.02432938805862
1096.430303142648,337.0285832794391,39.97747784711465,101.4301602284409
1097.602738390429,336.03685474852915,39.67164624811305,101.80333856463666
1097.7793173908715,337.3368691294537,39.26269949926208,102.10488346077705
1098.773049127972,336.59032475499197,39.22085906526045,102.09282177234547
1098.7711296585337,336.4740199994069,39.28093452827161,101.82210474829067
1099.2557041794373,339.767678278404,39.18877115560071,102.94654298918567
1098.6045562054312,337.6442216352562,39.1591922562005,103.42970834495453
1099.1184602080284,336.5085616760636,39.323093292601584,103.28951827264757
1090.2231017330082,336.56166342821604,41.0023085489165,101.63792440083476
1092.6371595422272,336.558027373509,40.20427897097534,102.296447230273
1093.1562545274267,337.0404699737519,39.94684988486133,102.63934301085105
1093.4092675531845,337.13332156895626,40.8940805596108,101.82006521545414
1066.5082476773523,335.4021310150963,41.85526948119684,99.22776502205716
1092.8670732974695,337.278252420827,42.457396683345344,99.08599941968691
1092.8487945716065,338.34421451086143,42.817479742657326,98.91404726358198
1094.3673874123724,337.85156925274117,42.206757426680355,99.68571555251141
1095.039741346618,337.6319862528015,41.35082695725206,100.59395055644964
1095.9396267664588,336.77372334191404,40.711754769838066,101.30297572972594
1096.3535711919217,336.66322625679015,40.092651959456745,101.79646448429567
1097.7215096710968,335.8194256703899,39.704870656547726,102.2202177099756
1062.499228424861,337.2926588428231,39.76337052694887,101.10730432169035
1090.2760832897466,336.9815771813734,40.62148788458025,100.39215661515556
1091.9675451408846,336.3102882899148,40.11475818254833,100.79476658696504
1094.528309303927,336.19008723354364,39.62844037053223,101.25267221757355
1095.6992377099918,336.5298255845817,39.286689654670354,101.80647450528919
1097.0548929770796,335.1912517039706,39.09485052743154,102.24245209858856
1061.9276454256253,338.7952322446198,38.656733936004,100.96465535444824
1068.6386678377876,337.70003044824375,38.39314591404773,100.12051304876289
1094.3451782188017,338.41328210740176,38.20357485905053,100.75055689536387
1095.9405485854872,338.02236952160877,38.17456751458046,101.3361967910376
1096.1010725272745,337.93554603454936,37.87055391205108,102.39133196915878
1097.0303828084116,335.4180039813142,37.71815409581742,103.799700892371
1096.6588617310988,335.93009246609347,37.86295605373804,103.92759480274864
1097.1677415431916,335.52792768477445,37.713432196439925,104.7651135428998
1097.2508237185366,336.1397324143724,37.73293488371404,105.3519293652286
1098.4408245700822,335.1769131203652,38.23485637932272,105.92715045846906
1091.845440724029,333.400414067163,37.3715736258722,105.33179117351608
1094.7977508258828,332.8067809222947,36.949322368240175,106.32453213199388
1096.5501144882414,333.46154906813865,37.35564131007881,105.83043655466531
1098.3302204662025,333.4344669075119,37.49169862791448,106.8359728437114
1092.3587179747024,329.35939335105445,36.82480504371521,106.8857600399392
1095.1876641144634,331.7859536875256,36.45022746908786,107.41720996559923
1097.1816151371524,334.27271697716134,37.508708327762506,106.87612223673058
1098.763820842879,333.06748244924853,38.01937292415248,107.44546032064758
1092.1910082463633,327.5067064834263,37.673029962276935,108.12032836862511
1094.4968639623805,327.74553614630946,37.19470085064649,109.88782699993575
1095.5111326360984,329.11759336468674,37.436561643164154,111.20766024079353
1098.3009856798797,329.3111326136086,38.37951819521974,111.12342802567032
1090.9222831089007,330.4443958468968,39.05474617500721,110.56454471037722
1093.395215256986,331.5051091714166,39.05274956224742,110.59819361141689
1094.2210994952356,333.7169240038541,39.461568253487776,110.60263782959866
1080.8011791178733,348.42087612463615,46.22472024173291,103.33614250832255
1078.81002106274,340.9806744770616,49.068880772432856,100.87971184961431
1059.6101879179366,335.9063045889937,47.36678619778161,101.19788426582582
1040.8604993697297,351.82428112511576,49.899152796148634,98.6705783493434
1050.326310087419,340.5872023193141,48.25405517973969,99.65400948999942
1049.0098068193574,340.11198257262544,49.36086833550678,98.77076394290285
1019.3665012446,348.8246636682551,54.8507570729124,91.69625090325485
989.6930887796367,352.8248319645318,57.693259950837025,87.0254404966907
998.351414243098,363.30425960011837,54.539255317554606,89.44959990447275
989.059617696259,366.63554752965103,51.762943168312695,91.07984497588842
979.2277584238808,380.88199310974886,51.180896027033896,90.9145085184515
978.4789981947782,391.1010815341152,49.25453209345443,92.39940066996293
977.8263193592697,392.3525909300944,48.10502693144831,93.13340690051137
977.0472410640069,395.67723044593,46.951781105744644,94.74705110950174
960.2286989309216,366.47490859918435,52.85801515218863,87.2792887971336
949.3884008737379,373.2660294051547,58.69892105812117,80.21005864072875
948.3518904783983,377.19380454935805,60.75493042986164,77.73298401836828
946.8049862581965,379.8808279164529,63.79944213354783,74.20227446240881
910.5372466691872,409.5356475583714,67.91951603812905,68.97993452549568
898.7752148732933,420.4013916799449,70.80862327005369,64.99345284362798
892.96519186767,423.31746854141323,74.25505382567285,59.51439572503853
895.4459196148734,423.9636468943533,71.49779645329056,60.07277361064249
887.2603867591199,432.610837464615,70.01176072436778,59.84653440737501
873.6902163561457,434.83547569667695,71.57715798783588,57.60640730390781
869.8318062254458,438.1635676502683,73.8507566801743,54.61827416271625
863.1702015208879,448.3152601169894,75.52031199077939,50.84333351943522
859.2026359268062,450.9066770715488,76.71421698265358,48.35238365114894
856.3272044191601,453.2786104239715,77.1533591498623,45.85266901539532
844.9780081041055,462.7931596704879,77.63156173175392,44.90858295827564
841.6783526091525,465.4336217491735,78.01127776621557,44.28297086221428
832.0157833000501,475.1439301231061,79.02933134718883,43.148633792693786
835.0435357243161,475.09403822111506,78.38034400430253,42.5412173079033
832.222996167219,477.0593890281331,77.83091141500563,42.10264764233817
827.3312002538208,479.21763675603376,77.98412165763439,40.93218976511966
821.7449448309511,486.8121872895887,78.39738949189932,40.060941671947816
815.5074139029805,488.37582604224235,79.8244710393077,38.92715021343158
812.8333620022274,489.08248876154283,80.15796741130956,38.59246845444946
810.3100324300078,490.3193878529519,79.27830123455126,38.68914704203233
813.8261823212007,489.8088545380632,78.04349967833127,38.6291856871906
808.3099930482457,490.43646910898633,77.578801236021,38.61510060643288
804.8539869482106,491.42829023325515,76.91471117931644,39.01453764828527
809.8705717830501,492.2859571621856,75.58139826775508,38.999562777278875
805.1079932162962,499.7455155900622,75.66010707515198,37.51296678791973
800.8066336424838,500.5226936172763,75.23477580010837,37.32737680290384
790.1138327052064,509.1888070308887,78.62475694712417,34.86430585946803
792.8156019771549,508.9310264614991,78.42888432348468,34.52222148662014
776.1460422219611,517.042138371354,81.49951590357435,32.74468264921
777.9179602376578,518.2465775649091,83.02250287785722,31.212711312709413
776.5931516425467,519.4308743556679,84.10800478220614,29.6763753000279
