541.5,296.5,188.0,130.0
536.0221974016656,294.3838778907343,186.36470096082905,131.32994660252646
537.5576219842312,294.8274771646428,184.29528051903287,133.24099181577213
539.2588978806034,293.4038068059489,182.82308677854235,133.19697654179646
539.8982535104321,293.2836117102688,180.14370510968223,133.17894239147785
540.5464534170458,293.427597243545,178.80278030643294,134.1438491563846
539.9655173096493,292.7290280668891,178.67419908723542,134.69786919972174
540.1420566201565,291.26679620827764,178.41096254729092,134.16470395156685
538.7500970594058,292.39879647813467,178.26738165925542,134.51162741736115
538.8184861215976,291.5422736698655,178.06659316062377,134.5372207176154
539.8324638400932,291.6857918004959,177.9311749598465,134.6121825673641
538.8424736550112,292.02633022292883,177.15611468441102,134.15425570757324
537.801547337143,291.35317042940585,176.58548600262725,133.56420277607987
538.5939716604714,290.8043913758942,175.683126751112,133.90255566097323
537.7644754302747,290.9555485916343,175.01438021118506,133.7817481314725
538.3077348008815,290.43839069053524,174.11449221073332,133.52488415747894
537.231273224117,289.5265427883981,173.64922674464864,133.14458091924223
537.2979989495653,290.3797009299702,172.9910545057498,132.60426655202969
537.0979604598153,290.1048790204855,172.4956273086333,132.2142203771408
535.3550244841816,290.13337890350317,171.705000942182,132.29128984523828
537.5963253954039,290.57242003690595,170.60437167108336,132.74547629333745
536.5238390849013,291.4442602361839,169.6530649093829,132.54342699734352
535.3881480475015,290.7266514706218,168.99676601494406,132.26091066845186
537.5164334858823,290.21321563407474,167.713343960967,132.32094183594594
535.3807411338919,289.5438635978063,166.69223675210606,131.77442156613665
536.6332263379248,289.50792240922243,165.07100092789483,131.06488925567092
534.9623187071979,288.5832467507835,164.44443335396042,130.43550297985172
535.5740896092467,288.1663564813701,163.47948442367462,130.25994525898147
535.6682134125915,289.3202945630718,162.1435224405355,129.8035256185196
535.2525623855962,288.7743169264154,161.50455421845632,129.32965018428243
534.968269682315,288.74015294701724,160.6753711275516,129.38969015168163
534.2468051430603,288.0470908706511,160.0442533558567,128.49585534101976
534.3213602982804,288.07929399672946,159.08985049866737,128.62256047468526
534.8980504116392,288.72446270677483,158.3675889092731,128.61968648118452
534.7792709805084,287.3350061525803,157.30096226185304,128.0708324558608
533.5083602982015,287.0857125685156,156.8105918730794,127.62709164776342
534.8737446331554,287.8431761448645,155.2977342081918,127.34314167268559
533.3728423637847,286.2656047605606,154.39080514059467,126.5531583846222
533.3137884819062,286.62051017222217,154.28025206753586,126.60479022258446
533.8787533442303,287.59038004942533,153.53578021623215,126.17851003143349
533.6352865250188,286.5975729828036,152.86155684266927,125.68352261552826
532.8501030725929,287.9646464421478,152.74349856422495,125.67225629872291
531.4159256182026,287.02946160859995,152.63744222384474,125.8584774157851
532.2434897251936,286.39251898794777,152.2367671920832,125.1537033848955
531.95520013996,287.3282811035276,151.11529324098362,124.44633737879528
531.9021184090973,286.80577617238407,150.71447264766678,123.63688044516103
531.2525081816059,287.03927523052806,149.89823866730103,123.44508931196253
532.0590062198326,286.94933049494523,148.82978490346966,123.02772993087521
533.2643900925118,287.3519935869979,148.10053320940364,122.41900044374283
532.7547962601857,286.4514298753565,147.71397548697868,122.06504111127299
532.8976816390204,287.5552610499681,146.40625364994045,121.2455169370604
534.026416565735,287.48906676754484,145.28860377617906,120.79417957264674
534.2714424049528,287.65288114243475,144.46461066788993,120.40938580365275
534.2313951004978,287.37938721640205,143.49510634453378,119.86620053045117
534.6434956513533,287.6223014053003,142.8942193343861,119.83493124040797
534.7907208908917,287.18050325789494,142.40481119666066,119.4579993283934
534.2224975828491,287.3026018442023,142.08581133104127,119.34213475577627
534.7163827612421,287.57458716362794,141.77671114217813,119.34183256584993
535.6359310717523,287.143563431585,140.9744302836776,118.8421362221432
535.9508286579155,286.94957347212215,140.44054503466634,118.8002357008337
536.8585236518079,287.0257297420987,139.76539070934172,118.57623143175226
537.3293085081386,286.9720660978978,139.2396440390729,118.25919468979276
537.9053423497097,287.4827521434148,138.3729839289155,117.68945316130272
538.0068606610979,287.43884777814156,137.8344765999147,117.22864917803545
539.1067147246584,287.60304629262026,136.929289089325,116.62055142280732
539.1411592706771,287.6318375289537,136.10551694636916,116.16098410950897
539.8894911341067,288.2798450629241,135.10635650014945,115.60805520079745
541.7881007655664,288.23047999016836,134.2508250595723,115.1135984909928
543.8320519634102,288.6795009072681,133.417037053304,114.5624435300385
543.375822163529,288.7387478379012,132.8955492091043,114.33071271247397
544.0940191303255,289.40357002851016,132.57308967320893,113.91638449574961
544.5416709572686,289.2525420521404,131.85846477436758,113.46912679597372
544.6467523330427,289.5495226858055,131.34322485745406,113.24393207489285
545.3859112660111,289.6231628718898,130.69392403463104,112.81067150791722
545.4237744623017,289.37942276096913,129.89191915818228,112.09145104711855
546.5157950591927,289.6705388629334,129.26721212329772,111.44659910490924
547.7501905566726,290.0284495547288,128.5386837559396,110.81884938797634
547.0613940345884,289.76637548639013,127.98883258051868,110.56653228751308
548.3065018605218,290.61857735401196,127.04386841733736,110.00220662004892
550.0478393244845,290.73712497927295,126.11018421588292,109.2675760215884
549.8512388469841,290.7663331091541,125.68886505026302,109.02947773055226
550.4025299617016,290.81212769211277,125.39057210219633,108.9810118285007
550.8475979249282,290.4823576951407,125.01751064149468,108.88293101098232
551.3963706396686,291.29629058259627,124.66415083852084,108.5230355596338
551.724081119237,292.28339851340183,124.41792685223103,108.07393185012236
551.2259953394481,292.5378647322942,124.36430469156329,107.95969356183176
551.6192263858342,293.3453796862693,124.0435681995107,107.70496848634002
552.1720143123466,294.17562703281703,123.75391335507274,107.4567911884549
551.3884145489276,294.7567468710322,123.70621098161928,107.52427830340636
552.2921706671392,294.9873240097969,123.40097242397565,107.58010228973194
555.5195878764138,294.8278576435278,118.70125697152906,111.04277066947171
556.8185398444572,294.53443458737087,115.35404576062379,112.51123945386654
558.2553349212915,294.29853157675507,113.02591440059548,113.0971620692935
558.9520512066804,295.379972886461,111.30610849111827,113.44939852565673
559.2152538289735,294.64144260299065,110.02590756314814,113.78843416641185
560.1404346042091,295.8361155605177,108.88684227303379,114.3917339918668
560.7621492918618,295.9390156155316,107.97515518441048,114.13575523107238
561.5565952581798,297.1774523490763,107.03716242360386,115.00668487982774
560.5423236790338,298.10349691744034,106.86122779487806,115.3112701281704
562.021863309925,298.1195858651243,106.24442486785802,115.0265837713272
560.5060597961508,299.6279072833666,106.40908782077577,114.12114794320442
561.9374079095992,300.07359234574074,105.63921581453626,114.11257279469055
561.6375967996569,301.55694904681116,105.21697791174029,114.38581577148652
562.1367635429206,301.8909300325366,104.61950413876734,114.23600722906701
562.3526986645742,303.8810854586743,104.35940154749493,114.22967012785966
562.2274090473067,303.5608178873455,103.79343654727732,113.62888382600585
562.4605389665832,305.2065298399606,103.40696362778151,113.27810943020566
563.7715270083612,306.30951323078534,102.60199341695184,113.03578345761522
563.5464336401725,306.9946488318733,101.88427076955563,112.59779994846309
564.8182829294285,308.22404099526636,101.18795700149114,112.59351558162258
564.7491334941634,307.8837334177099,100.45930124736861,112.50430843725513
564.4534621616057,310.1401636729795,100.11005215995495,112.23697614784619
564.3279565132962,309.5023361907891,99.60384575132407,112.15367191422902
564.333546192088,310.36602373206125,99.39628060780325,111.95038223417338
564.2657869607837,311.3832253526507,98.97324203687307,111.6379147420484
563.7381929451366,312.71322311098197,98.5359111663421,111.29035342185813
563.8457118453266,312.66860135408905,98.1533705305693,111.27833144558882
564.5078568413576,312.7686594694966,97.69010247444703,111.47474029974609
564.8868558559408,312.88981023761323,97.02450507807926,111.17241129828855
565.3646892291873,313.50335339700734,96.35516670692581,111.1547951323553
565.1384022104774,313.41740831836137,96.01173603176399,111.31659877186615
564.9614381581316,314.3405010971071,95.86222137217322,111.60634136836649
564.882554563377,314.05235951540317,95.91478474687801,112.07086401232937
564.5074939104967,314.81129211746133,95.6328411379353,112.09945621807168
564.0374252067326,315.4492889441167,95.86341242913036,112.17692740660371
563.9486097349869,315.4391582603853,95.47453358935377,112.56185347767399
563.4979365083261,315.5889943705721,95.03464881575417,112.73824942617904
564.242344355342,315.5006663210537,94.55981446403817,112.47696632839077
564.7191160380241,315.83165201465613,94.26628006559656,112.57421977324381
564.9631416837085,315.5559819800641,93.89077395156836,112.68963221295716
564.7680958793701,315.7921432776993,93.66722012586567,112.76186420886557
564.796086616451,314.9315091485138,93.34506803078548,112.23471914288048
564.5421156250887,314.45134888174334,92.78751869480739,112.15416054605791
563.378406839817,315.10128191983233,92.58700529039052,112.45850806527024
562.5186328817542,315.2448073898862,92.29290970332713,112.8217660917992
563.0861161888731,314.14809670528183,92.08540387876963,112.76192351066004
563.0406470461894,313.8973569563153,91.7582931862853,112.87855840743876
563.1009281169617,313.55883877523803,91.75369891449938,112.9713971291743
562.607532527679,314.4129201446025,91.4504617594007,112.9242565767247
562.3253338122913,314.61950212306857,91.12593167085473,112.95303873886259
561.8054410233553,313.5307978029439,90.98365366916731,112.45824431514717
560.7814018656387,314.7279339749449,90.76875676868877,112.25677988397166
560.9034054119311,314.04593716973835,90.82338223826454,111.75125962509912
560.5620985318703,314.8905271331669,90.32091177463873,111.92374470869423
560.443843327386,315.0319549073594,90.26967891321013,111.65124673207507
560.1943031522776,314.8849260027444,89.98260588732458,112.24802118392327
560.632401872329,315.9107395414356,89.64718416352667,112.48642816225076
560.1115755660743,315.9963861016555,89.47433205725534,112.72808862719721
559.4476929920671,316.83230016679596,88.95870972071934,112.99671366864631
558.8586559346887,317.51524085909875,88.79117631632627,112.99125656420728
558.702832246378,316.42114583231375,88.59526498952535,113.31923607986691
558.4352568701962,318.5049080274225,88.20277494618114,112.89165328663418
557.689663414305,318.47129069415416,88.33343768041226,112.65301181734478
558.1230047790682,319.3456599282646,88.16768500984205,112.17069872029396
557.2556047965331,320.2334640412961,88.09278698926299,112.01039615638618
557.4586306747236,320.9508546666102,88.05013786774119,111.12968269626623
556.884322576677,320.33133840413655,87.8532438194647,111.09656637363359
556.430525895543,321.50968751231676,87.43367074362996,111.49311303413475
558.8363356769479,321.957572073058,86.99939483545286,111.96330594115565
556.4604872460532,321.75589142073096,87.26444742920654,111.9791947056696
558.860407730164,321.7282492834717,86.87221115535141,112.13364962774965
559.9380052055228,322.66987693449624,86.61783121470455,111.83324418589193
556.5564712229766,322.63395222708175,86.17051147304036,111.74207500156831
558.4851198115357,322.64736314224496,85.801330798684,111.59535327247447
556.6335456704747,324.0881811560781,85.49270883239272,110.98562934273902
559.262696732898,324.25735513671026,85.16060852791982,111.37756946979646
557.7713013634728,325.14794943696324,84.73855236010816,110.82469228877738
560.3660527328566,324.6314430339328,84.44806933951082,110.75074777843972
558.4864374437425,325.38253910736097,83.91664096693333,110.68201324457468
561.3380928199613,325.92275719861937,83.65701479243754,110.68531455461925
561.919529023045,325.8686494966615,83.09462204868856,110.89091654967146
562.4280126340104,325.6697312342043,82.56404744398328,110.92212716954899
562.5964341496232,325.22480650716966,82.37370558136658,110.92540390499784
563.128253190396,324.7534434818679,82.27021535748693,110.79510139114828
563.8729724448475,325.7093167424744,81.92614459016865,110.61671921357848
564.6660544468845,324.87325242911555,81.42757128052216,110.6899305944313
565.7306882643943,325.17723496718463,81.05110995138783,110.62319661408401
565.1335222337894,325.2944773942512,81.06644997959272,110.29149421503752
564.9966255093525,325.6043751798752,80.7984946067314,110.21303261719729
566.0325695325347,325.56079503598085,80.66422886909805,109.81334347776277
567.4952757347752,325.5045745450479,79.99762960739352,109.85407354525537
568.2233853520069,325.20904982308105,79.35953383274621,109.87911632872758
568.9996246641109,325.5591745854493,79.08224246249013,109.59367856417828
569.5094099174889,325.18600984635486,78.83476733794771,109.38895978740042
569.8148409652281,325.14839699077737,78.58324206569435,109.15699341138195
570.7783442504959,325.90553448874226,77.95032588536395,108.68411586780658
571.3064884192828,326.20972312089697,77.38108405777153,108.25061018230977
572.4365934211722,326.20727999832724,76.51836670116364,108.37943749133012
573.3167867819653,326.2972288279642,75.9880978966383,108.24885584715068
574.1816539997299,327.07872842754875,75.48057792148214,107.9059044795169
575.0624135564924,327.2372713541379,75.45549529420114,107.77148255878134
576.1900275912736,326.7871124509164,75.31736746343873,107.62682353474182
577.5386549235375,327.2676291485073,74.78304757903186,107.46570527446679
578.6535160541217,326.44512424904906,74.24421241140757,107.19365028742601
579.2288657518044,327.9963930819651,73.83743632250732,106.9738807757382
575.7846734500486,327.3886729607676,73.07647362072119,107.80623675075523
579.4199364919148,327.27322277528765,71.91853737310937,108.4268559224984
581.0970314180772,328.13311671190024,71.95018984408752,108.08224877055618
582.4258806718825,327.99122065794086,71.7913252312067,107.68853669661297
584.0451843847605,328.54073134186945,71.28648364598101,107.55534541641761
585.445041863143,329.2716839247553,70.87871762758571,107.23912568498741
586.6817602693187,329.98817236933667,70.74821303950814,106.60726776574185
587.759530501306,329.52438182104385,70.69949625831842,105.89197009149927
588.9171330866994,330.0478446555933,70.73977724208787,105.79068987394609
589.5297727560647,330.13710424956,70.76201274729796,105.2791010932983
590.7705864481122,330.5395813535172,70.5272966505108,105.17042754362913
591.6564919784173,330.4080067674099,70.27725702087,105.0226039716172
589.0991518768487,329.1554668530085,69.69707628879587,106.07447499628947
592.0065948871578,329.0761470085832,68.98152736916049,106.08963100167318
593.8308966180098,328.75680212920787,68.21600605886934,106.2898011037656
595.362952146568,329.78305379359966,67.91196890197575,106.07969474954565
596.5931194974572,328.92949994544165,67.4811127501546,106.33709601065814
597.8273454043178,329.17379493024237,67.00756247432858,106.45504928398807
595.9127533601087,327.86442228372476,67.35100566270717,107.07959387054129
598.3013773051958,328.4989516618268,67.1710974026598,107.08758119874123
599.9432046644966,328.43745754515595,66.78029379833121,106.9834296163948
601.218167846846,328.82423538043406,66.70408059319371,106.74839058650178
602.1829845885873,328.75809687644414,66.59979799033412,106.73050015907393
603.5765788644915,329.2618258417495,66.55782604657311,106.71494797730739
604.9593344511601,329.9871055097463,66.54752741863079,106.58228727240966
602.3573221891359,329.02266236950163,66.85183794960673,107.16446513596026
604.344313124146,329.8646089997975,66.92193967486249,106.48465682009353
606.1884174141193,330.5475010167802,66.7450729051422,106.06333013828959
603.9676633948212,329.7041577162221,67.02831153837329,106.59062462095181
606.4866096478598,332.36175937076325,67.16844094010253,105.81675927878831
605.2605921725157,331.6679358653179,67.50039565817062,106.37709179363873
607.0937233803945,332.1140952092158,67.6741720188106,105.9229694669078
609.0204380817814,332.5404339518622,68.97405768332808,104.55651156655685
604.2205500665335,332.70690040871807,69.02346826582587,104.58968200396129
607.1440547928254,333.7875673847631,69.6893610730688,103.6796859377279
608.8680451704998,334.56820607387556,70.08967552951195,103.19676911705915
605.0452447913922,334.1052410723188,69.87380987995138,103.65291736377159
607.0439581442948,334.66912867441494,70.65184818574275,103.24018212806996
608.0195709989296,335.6435446295045,71.32708946599038,102.51093968970785
608.8234762405526,337.3079830432321,71.84457748280533,101.88906740937166
609.6028168152205,336.1318668963329,71.91025331856169,101.79328258280879
603.9156143081884,337.38496605511347,71.6146515806118,102.45544640590319
606.4503767516961,337.7146098846083,72.19684960161636,102.20851881904944
607.0603233041749,338.0828021878205,72.7107464174657,101.74740708864935
607.9086877023037,338.9566371072589,73.12551931493364,101.48515998021828
608.388759027852,339.2943159842336,73.53358876768078,101.31020765706275
603.6229216940479,341.31907533226166,73.49511878196869,102.07206648633621
606.4611673740745,340.69774397059246,74.12330490833502,101.95599090649006
607.5706696177924,341.78139022482844,74.27913162054537,101.74513693943052
608.3764121462176,341.9011967105107,74.57008711163796,101.19262169631837
604.1061015576714,342.4264830379486,74.4384565873755,101.7684498698041
606.354319081398,344.16698077863094,75.21543567490149,101.56743457108712
607.4917680529393,344.8193675703834,75.92265633838643,100.91941381236548
602.8683848435618,345.4384956369005,75.70543636035183,101.34009942508945
604.1381153474094,346.5301151705886,76.40507199419699,101.28679180760338
605.2117752437464,347.54980286371443,76.96886255499291,101.22315292018436
601.7966194237589,349.31474714829574,76.86960876528035,101.74602828992559
603.7484401606317,349.1536624404616,77.37159406536895,101.32471267208177
604.485401205827,351.7696125759942,77.91716698535458,101.0572188913425
604.1441473771054,352.1396960656954,78.4931925691331,100.46909273623424
600.2509891827106,353.65246457481214,78.42888678079859,100.22664821677989
601.2682469239953,353.5509900119203,79.13167765465924,100.09169363434411
601.4023257778839,355.04829541358976,79.13795871550727,99.93569014225396
601.2001120154312,356.4526840800201,79.43453738008928,99.94454619981995
600.6057458521874,357.058095087429,79.87868961653093,99.72680974818488
599.545164260623,358.8928715969169,80.11193146634682,99.59324911316607
599.393428066106,359.7935537751056,80.7349757974717,99.20729396413273
594.3847940086702,360.9656062909338,80.26690665495806,99.26054162794134
595.8285569276203,361.11795340072695,80.79740201914524,99.4068256278643
596.0507342188326,361.4402544815841,81.36896652603778,99.32988534759686
595.1297459965623,362.09241531694494,81.62361537105305,99.74911769203473
594.7924700441084,363.78416342111433,81.77650867658414,99.99267593659204
593.8604676374898,363.2362653865221,82.04216952142994,99.87138914769086
593.1795394715101,364.1001524472198,82.29955273937574,99.78394033414162
592.4592266959132,364.280203497737,82.94139385577421,99.47788796713341
588.7844192961123,364.28783169422627,83.07367581541007,99.74828862238022
590.2672278366593,365.85732782360884,83.83350019015705,99.88044981362724
586.8886880606505,365.46481803510665,84.03974317906457,99.5361339871892
588.2458781952904,365.2541743587443,85.04170774315865,99.0908519996849
584.8149233140414,366.90927087555383,85.31866801224854,99.23868442154077
585.6679267813554,366.6849415661951,86.08066792690943,99.01726708725147
584.8412985915309,367.98865555536855,86.63407055251488,98.88156648012033
583.6208100163833,367.7523942688629,87.13715896131677,98.81319657132781
583.1748643672938,368.2161948623051,87.42390379181015,98.90216237624936
582.1217790945616,368.6194519201605,87.73170945957374,98.66754654211283
581.6797841540807,368.63723188169007,87.78841625614287,98.53306092423043
577.4695862858831,369.3262450173366,87.37837719334387,98.95612823127598
578.3186346011158,368.2144965374881,87.87415945196216,99.12730590271914
575.3457520242453,368.3780350854331,87.60005356154437,99.39716515192961
576.1880898743752,367.448986774519,87.61393035056524,99.59725999324785
575.2899574264449,367.30335671478684,88.25568784782052,99.43273600049712
571.6449815226484,368.03576040290227,88.48060669642912,99.46879110347618
572.1114067710869,367.45693318022876,88.68649805040522,99.32533492355613
571.468963968261,368.34060250950256,89.57006588080723,98.83678983838809
567.4767070181647,368.77943137020975,89.61142163128076,99.1700513779524
568.8042872066479,368.3094499973225,89.84163270092371,99.3066236207973
568.4816371153153,368.81411868606585,90.97065008672934,98.90061202751684
564.9220580607534,368.9937819920183,91.2552506625889,98.85766034337115
563.7583570297315,368.14521951937206,91.11452356661275,99.37284842857909
563.8957112280973,369.23385777284733,92.69741252095531,98.51924290494307
560.5271771221575,368.6505456939431,92.39548785106011,98.82316892499132
560.9766173002881,368.5792456312675,92.57596058889982,99.11841268621164
558.4914189497691,369.5569837288436,92.6016971031702,98.82337133316908
558.0717401623677,370.28162005668884,93.35334682316567,98.44257916911684
555.197919763883,369.1765328785896,93.17474383809174,98.44883697563266
553.7425748710593,370.846144722335,93.33982314819869,97.65937339136757
554.1535159187672,369.8331137468091,93.82580655323326,97.85757915936735
550.8048215942592,370.47448628963184,93.90796321143483,97.83687242382715
550.8053208979294,371.662302191318,94.34079736872016,97.23081871970551
547.6478684484001,371.3977839998006,94.27083173860385,97.03417528792494
546.2050941383329,372.425073166435,94.29087680916237,96.8617508233313
544.3943121167763,372.62656791615075,94.33226211463534,96.68108030101729
546.2227977287995,373.9214865064053,94.77156574334171,96.73918161042222
541.4980459276949,372.6100021008518,94.71818352706939,97.00728749313869
540.8704494737877,373.44127899034675,94.65687505587054,96.7986075869058
539.0968210364904,373.6255766411728,94.49159249603225,96.8620283003064
537.9133093649671,373.6233317800826,94.97581859786808,96.79603388346167
538.4607326722813,374.6549873184286,95.94551976041538,96.5351285217583
534.834434062428,374.5949228842113,95.64853497557482,96.55801600342167
534.468533036616,375.7621842488078,96.69347446907258,96.24244325973291
531.8732141193201,374.8984041440655,96.05693954746923,96.34967301629842
531.603331245579,375.3593719936913,96.58853623530959,95.97836699243524
528.4524777041139,375.59852107269955,96.32399108664201,95.72249508499573
529.1174416260834,376.67221307658303,96.88028894308144,95.55178277293794
527.1030897092751,375.95066989907053,96.43241597158342,95.60171116897857
525.2210672052676,376.3893489375549,95.9467561417994,95.59912438898773
525.7180107052827,376.45241557774744,96.86242767639132,95.598460554785
522.705918096219,375.4165691569658,96.77976370094578,95.41122152111933
522.8466490516247,375.92095341616266,98.00039188660806,95.48629587629904
523.9279322843515,375.7817980351607,98.98538029557457,95.2251171902324
518.7877866022272,374.1423508169612,98.5251454604823,95.65242433109913
519.7861663838148,375.8461291984893,99.79447843614076,95.2519781637461
518.0959751928747,374.74004717535894,99.35929523193086,95.16598141860968
517.492841783471,376.1654683040442,100.67992975185149,94.46715055573989
515.3973003363487,374.98886479287137,99.94028850211414,94.47273303775663
513.9943802087009,375.7953438743445,99.41948219101869,94.64400868332783
514.1512178709486,375.6367210447279,98.7034534009664,94.89024710572261
512.2397044090189,376.0777857958407,98.82266796406194,95.02200477047393
512.5641903805858,375.75258915104837,98.59989560612746,95.26600095579533
512.1328788864921,376.2257799699746,98.78037663464794,95.46854176133269
511.8281431615051,376.1281404852795,98.61085459726374,95.52139219848016
510.80670722979335,377.0517239696985,98.98205757354896,95.38426031532025
509.8820501663533,376.7350666543611,98.70775428976927,95.40664831788233
509.70663491117523,377.19305357151956,98.73810096657394,95.23579202869325
509.86461563895296,377.3131657376246,98.80582903376174,95.33209450760603
508.56990342992185,378.17289678490613,99.40205994462943,95.32928194536109
510.5444848363143,378.01555550396995,100.50523144046869,95.18508157933888
507.0987129566118,376.927858571752,101.19087691496168,95.35421314137614
507.0416471013266,378.154061492671,101.20989515438171,94.76350568859141
506.93893401074257,377.6998577426613,101.22978068923513,95.1355894028289
509.3822183281508,379.2929176015549,102.1611870986691,94.64173972555385
507.6751538069354,378.13794843873757,102.27289862439156,94.88300753994281
508.7590704145688,379.9545207242063,103.39382487911078,94.78888159998678
507.788323753888,379.419850530192,103.22611271608204,94.62591205053826
508.9519524859566,379.08484806334627,103.9145889708169,94.30702329650461
507.59894156165205,379.05154384385355,105.32517026480718,94.17671239857512
506.1161854368822,379.44623448988705,106.79642017666234,93.9885312102679
504.35794683779693,379.74103517863665,106.1868254449012,94.16296565372963
506.72852708896585,379.17728383032767,106.50854402810413,94.14556254475987
505.2432134058182,380.1188296860105,106.05060136227965,93.93836020621981
504.44685359327343,380.1597501539237,105.02680034413495,94.05263187334259
506.2273861128108,379.2008939733827,105.66740213703036,93.90919320674519
503.98137465736096,381.2161567822193,105.28927781968909,93.68787574375034
501.03485303796356,380.5875339498007,105.43210838911142,93.74685788262474
502.4763358284378,381.7443647971335,106.52384683533872,93.46797812078974
499.0594277504714,382.0755161285172,106.6282146727901,93.57151050479058
498.9262690658844,381.78337026531835,107.7376141123147,93.20102886473707
496.8026983972636,381.73400218126903,107.32294886615176,93.3941622945745
498.2951458549642,382.19208385324185,108.07921195932619,93.13587430968721
494.206982567855,382.1389699030736,108.1521125539303,93.13015134314568
492.34239218948835,382.15921956442793,107.78616620495058,93.44534494350599
492.2849492074979,382.7536504595688,108.8888572374244,93.09936787259613
489.9066925727016,383.3387582624626,108.56435396648965,93.22072495681856
488.15246856656915,381.5849043361542,108.54747095839934,93.33730355414056
490.1097991557708,383.69245820799665,109.26006045138269,92.87071237005648
486.66436938096297,381.85868050421976,109.3357525739354,92.89228217427774
487.55300664223023,382.31665038457555,110.08677929041465,92.47494724764593
486.7160095533855,384.302605045845,109.67780094155378,92.22419619117458
483.96504675312934,384.1206424241283,109.65940851075507,92.43867528990785
483.7022307400736,383.45422116412726,109.24209350679908,92.67653327850734
483.3813095153181,383.35225591149333,109.09679642135981,92.46834800127593
482.2269343160508,383.8164945021176,109.21173087331542,91.94109090326404
481.6566147821898,385.0358986467237,109.2588439352925,91.31934403830721
479.0111732817579,384.4018193825357,109.77584359341333,91.83413180481193
478.9477007528084,383.7971955779641,110.19590945276127,92.32210867392297
477.3673639892071,385.08439002727084,110.19285331230029,92.06311274634817
476.375279324012,383.4467992536702,110.70500404318028,91.92674496379183
475.0693934187897,384.62895150575,110.61269241093689,91.66299087276391
473.71697221725367,384.5251896900863,110.29779017938068,91.48518370784964
474.3834214269699,386.13267537617054,109.87914827306687,90.95761410722653
473.17881817874184,385.329333920447,110.74977923947091,90.82529169144877
471.80786415243176,386.23788316473457,110.68141483687555,90.95607311334273
469.6741001095033,385.6680833508113,111.18734457411497,91.35615123774085
468.97823859048094,386.3974585918208,111.4437167887572,91.21750523551157
467.3705816360422,385.91131167713684,111.8620619991332,91.42655139613638
466.52987480578236,387.1674185239064,112.13921740846261,91.58622629245619
464.2531608152307,387.07459481620975,112.34714015198666,91.96559075542167
463.6868484561375,386.6662873385171,112.5458194527688,91.93427086869725
465.3202772586216,387.19545050978905,112.58283634044582,91.6684387039717
462.0490287470044,386.98530523838497,112.96820264544904,91.62599457733286
461.8772663248808,387.95308359856233,112.78428807424146,91.47213977939484
461.3077222977882,388.3098043660046,112.7022307369624,91.33897157472202
460.05864520032094,388.20116951274844,113.08321674380181,91.32784385224491
460.52600920531063,389.261488188358,112.65421250825554,91.14908207799877
458.35909400956285,389.30220953691054,113.00297267117445,90.98701852580066
457.24791072389536,389.54633503886936,113.23738081126558,91.0730055241833
456.88300658652406,389.56338167535927,113.70721937470444,90.64209999105255
456.9384312412268,391.35800276779383,114.10416343220805,90.59846441934262
454.14250798801675,390.93816586766593,115.10110599270527,90.38813266444544
453.13333643032166,391.1082692198203,115.99621745869659,90.25400907905234
451.7097403506905,391.9352628867471,116.06411465030759,90.18967094563814
450.73581016986276,392.32824537357413,115.97561117185988,90.30355401590275
449.4360962449384,393.3992561197031,118.52895345170097,88.56889435888601
448.21725006198415,393.25060212292067,118.11352763638098,89.21595546405189
447.1110353747517,393.13207474676886,117.70531267986746,90.25297786295422
446.9487645041588,394.4689174534063,117.62254360738785,90.6404062840605
444.5986497648023,394.5394939101279,120.73340521958474,89.22181365713928
443.4536677683448,395.47120047810876,122.82217294429884,88.47325056542797
441.31335097501767,396.1399382728236,123.82924409961768,87.73364848492854
439.0617936663215,397.6460169051377,124.73617207913156,87.49552595884094
438.7910038274351,398.12078836991384,125.13668688952714,87.13498569814621
436.870981297699,398.46213931858165,125.83766906752952,87.03782999631764
434.8374192943086,399.9031661977639,126.09714298504653,87.17053434799958
433.0508574156479,399.53647286129103,127.74614810432925,87.5619608888233
432.0652809621539,400.05515363467634,128.48665225528993,88.17250123471467
432.12974999705193,401.15605958553897,129.14986712672095,88.4763408069884
430.9720737928163,401.657223443215,129.7965268271768,88.37084156425064
430.28379988789766,401.8643350676497,130.06975952203902,88.44266415278366
428.82301826984747,401.8568674459677,129.76316309207795,88.48226901542476
427.3705803900673,401.2561797463988,129.77276230516003,88.85234904350689
425.5686759997169,402.03491227419624,130.10729160588033,89.0851006722535
425.365554993701,403.02426789710177,129.83030965512845,89.28300943300371
423.7172707974303,403.1738043577577,130.15488174029676,89.25088950317743
421.77738822424084,403.1196285279875,130.74057354339868,89.18286231654929
420.76611925857503,404.416420721945,130.81929779312787,89.43916744546479
420.35517387063067,404.37908738769033,131.2944662939978,89.86270591129733
418.5986760820782,405.0763396961196,132.00258983512248,89.81089378883115
417.66618531795604,406.21409697543936,132.04267419330003,89.86310321014167
417.987837916064,406.48188459753055,132.9481457428804,89.9636724252068
416.6395939400759,407.8426757700017,133.4537536346606,89.78183255005213
414.51304549986764,407.4590608213073,133.55774687356708,89.4026193188551
415.47834372388286,407.6988404980671,134.22731913052326,88.83764763441
413.185807108471,407.7129600011004,133.77806676167657,88.48888599216835
412.4789331832102,409.6033380473872,133.22542590980564,88.64017583617922
411.6791639037365,408.9003054620573,134.0155563404914,88.50941678045952
409.7543387734799,408.6167878723427,134.2057682293463,88.86916648117761
409.71114322439416,408.46729247230746,134.4527161654341,88.64527130302616
408.8602614941341,409.6925569232832,134.25556063963387,88.6997160510534
406.6761207159299,410.5954436056951,134.8803715272494,89.08383068671787
406.7153943065812,410.3013770253309,135.5120503453022,89.06713894681914
405.3817454752133,410.5605958972327,136.35170365989342,89.52147105946847
404.0075854910081,411.29265392460326,136.79202139479858,89.45460434573837
403.1257235507363,411.1798378296597,137.787959606969,89.70993278223469
398.83810327421315,410.7219331776342,139.04028794382887,89.98654724013238
399.9354119816717,410.430081963156,139.16615421345162,90.25017242862162
398.23255549112156,410.848015545611,139.44667502917707,90.4743440687196
398.48088870039817,411.4015447730448,139.3648559249816,90.56553411944434
397.8441764765782,411.54351044070324,139.74703912019922,90.56802554342192
395.527056592934,412.11695643138506,140.3102167994749,90.57144467446224
394.0774401936293,412.1419543995837,141.03695923973174,90.55403210514436
393.5975679618514,412.4782390622836,141.75767594981517,90.83857121775965
392.7969931998698,413.1347935391925,142.74641415356882,90.79684125792988
391.6867776194033,413.1848677471673,143.5918445992461,91.03382261368971
392.38165267651584,412.654881428971,143.57889835999055,91.77169034900696
389.57945849700957,413.452915768046,144.08355336634196,91.73457388319056
388.58327382675975,414.41604508537057,144.49139914822496,92.01227900510271
388.44385977762283,414.381867209558,144.08246665499175,92.43486432616305
387.6284885308954,414.26658293522536,144.38325214008472,92.34805635061835
386.2786117677688,415.0034390349288,144.93779659231774,92.21371833581989
384.22204120823915,415.362875146865,145.68714362301336,92.46292937439097
384.61092798329764,415.0379263749472,145.57802701812483,92.5356710897507
383.5222186502817,415.5899432838419,146.57979997511907,92.39159540804309
383.9062247925279,416.22211134594653,146.65318533371587,93.0201951559117
381.38639410624853,417.0510564751678,147.3477215079103,92.97166320816854
381.66813538180105,416.5234529048958,147.45957603299246,94.0697518226115
379.24526313050416,417.3129818791261,149.2652933940152,93.9966443250481
380.64941641510063,417.87508403446293,149.89984099085314,94.24325541068328
380.4772672773605,417.83756738401814,149.9964103821133,94.52266673531653
380.19853644097464,417.7058256886249,150.0282213748199,94.68355291927209
379.70134051322884,418.28939263618605,150.99098147001217,94.77863404242214
378.0283613646973,418.4640032731696,151.71566148109514,94.98077808436913
376.66010494384517,419.1018396353483,153.12944378157007,95.23043447301836
374.92460053008995,419.0456378987041,154.56045717718047,95.32107955944146
375.3745721039721,419.8973971350275,154.70343032732882,94.84763537325563
374.91357802669546,420.7088508069089,155.93594491248896,95.09004906964623
375.71976019181955,420.59730112362286,155.98976560364116,94.91951337185489
375.2625067587232,421.3537295835937,155.83754959996088,94.69597310611857
376.0661822834341,422.1135994319771,155.49362056286813,95.0020695909924
373.648027797121,422.16453991330127,156.0816962171655,95.28836730471083
375.569817728165,422.53774381400467,156.1283694220941,95.33625952304507
374.5790897477408,423.14726310694647,155.76230884622984,95.35744613304618
374.43996641935706,423.4437519443985,156.62682035170644,95.49714693113782
374.2083299992982,423.02407586575464,157.31476299103278,95.597648614068
374.19974110616175,424.26354888658665,157.25635182083045,95.40194527488818
370.41040258560474,425.0540067196681,157.95839521784046,95.31134576129783
371.9727157044853,425.65857007766766,157.49579824643675,95.12517553581542
370.6341016296748,426.73969082568937,158.22085864665294,95.16281916970055
370.4688658378237,427.08430898710225,158.92551603090743,95.68137632107221
370.1874936485116,426.770989245359,158.5657726737834,95.6448309829531
369.00640694173103,427.1996659142069,159.3751730885346,95.36352548299149
369.6148028399041,428.1467677384022,159.21740419563088,95.13149570182648
368.5446028413776,428.27149709105447,159.59724761404783,95.14527080718523
369.80812220323423,428.5322019146897,159.66309056986935,94.96402462922921
369.94336281747076,430.0411415929516,159.70396433617015,95.2547790770268
368.0890307316736,430.47597096862637,160.6335788728311,95.31044768630733
367.84676900802043,430.74740941124185,162.1687604269413,95.83874589949548
366.52568172750665,431.7628506525994,163.79976173967782,95.8050752307071
366.8669482745117,432.697504971268,164.74772681652038,96.23185409680303
366.6571629732994,431.95747705081106,165.2552233447958,96.80368136153366
365.3769978061265,432.52748820909255,165.84453512636156,96.83810646222986
