1215.5,240.5,29.0,36.0
1213.8423717326777,239.5096999639059,28.56549662215383,36.23349071864591
1211.1576269850098,240.07083205900918,28.749602320797862,36.482394188198846
1209.2324159651494,240.6099605000629,28.566947120528262,36.53533845412456
1209.018941365628,240.41712072892312,28.392419352236224,36.597546480033294
1206.7229583388616,240.52050643970153,28.579400931586637,36.37222285388249
1204.5587072515577,240.39888277362422,28.717446238976517,36.088687852186254
1203.199271078578,239.9547379129117,28.73407597209745,35.93614052412703
1201.4809062969216,240.44481673603067,28.59099420080041,35.6762416502623
1199.089901606736,240.49699961549928,28.594147780542514,35.559102560070336
1196.7239267470086,240.64746579148826,28.545319568784063,35.411300739403416
1195.2556748563359,240.19212862444928,28.32779398077539,35.510103723669815
1193.1891817127773,240.53540419502275,28.08576596277765,35.59043148543505
1190.641377708293,240.03952384184538,28.19610394840045,35.503986725519326
1188.3617057011115,240.43576490884644,28.359486201288913,35.59055800538518
1186.2058519578777,239.5244883175338,28.538159935314944,35.55306062896652
1183.5382213569453,239.3198691537228,28.536796991671984,35.07156589336756
1181.106581492249,239.7793359311147,28.472849223963948,35.37777577120093
1179.1584025062775,239.00554398542562,28.375374369292288,35.201669629620156
1177.6218757242912,238.6751479132383,28.465875881721015,35.04807635987123
1175.2322734982417,239.22886839232757,28.533133369555678,35.19304402538808
1174.5413392097237,239.57558349121598,28.309107857846925,35.312354928399344
1174.1636417133816,238.3659043926234,28.233092800138806,34.94208986508645
1171.6607511849504,238.55361681736926,28.229092496375003,35.20400156773788
1169.164290327076,238.8576689936883,28.281376623622617,35.20696790763903
1167.189209586734,238.7664269059661,28.30291609693682,35.22625130233403
1167.0727065459464,238.72097504054946,28.34656445074596,35.35638730582211
1165.320536326666,238.17426129942586,28.351917929849595,35.06874238606888
1163.0724304663404,237.95025218471426,28.43862046852414,35.08627864518192
1160.8036907666988,238.32991177828362,28.492569346414847,35.002038207699876
1159.6979341060169,237.71541750447776,27.977324902962422,34.96813129041444
1159.904593896488,237.43984557247404,27.745820588629268,35.02172827298454
1158.2694164037744,237.7722456533664,27.641360586873894,35.18537604916522
1155.4739431012738,237.4000748469523,27.706130262400976,35.17679882253876
1153.3023928734947,237.2175502625922,27.795536660494484,35.228720175535535
1152.031672951995,237.25340679861114,27.8932811967161,35.16033515561424
1152.4430175243078,237.13119094611307,28.136278754818864,35.30080764294278
1149.9091906175513,236.4672148850633,28.37801580121159,35.293078565014895
1147.9742437097516,235.61071051917938,28.43297631679259,35.496322625457026
1145.5688745287107,235.96934105424396,28.587789404979077,35.20519471115064
1143.63889073442,236.19088777487644,28.584315526274956,35.0069353651253
1143.643937160717,236.2151779071419,28.45435242822461,35.04953574552378
1142.3171483671142,235.5243628299576,28.263272355899694,35.209491934438276
1141.156101941924,235.5210934024627,28.15008083013565,34.94636170368705
1139.0086056282616,235.19292560988035,28.066020818452813,35.00630501494883
1136.452065453287,234.84757943438723,28.001551806219343,34.985148689730394
1135.7686203812168,234.6010509389158,28.014932285824237,34.986991047685294
1134.7437496214225,234.10896393033312,27.917110586342282,34.92164981750567
1132.6920032483172,234.07112824964682,27.9787990188934,34.76047207948062
1131.3253340618464,233.9436563289234,28.07830684450189,34.729164077951836
1128.9451956383698,233.6560906076108,28.077812893725653,34.89001072505437
1129.1491274907703,233.32115539681104,28.01406763503641,35.03287589143156
1126.9560552576186,233.85702997720176,28.161406330466065,35.181049988477874
1124.4916609213244,233.86237258281403,28.19643432190204,35.01366745929545
1122.6769178395107,233.47152001637107,28.025248192820033,34.877161310881746
1121.5169274872394,233.27232751495512,27.72980474117388,34.64155495304929
1121.4943233279932,232.50878239390232,27.619123369743782,34.71061687865709
1119.881500300134,232.46857632390345,27.664285607408225,34.63602815319541
1117.9683828794484,232.39134956138477,27.644872160052195,34.37702631114446
1116.1266836541029,232.53144231141667,27.607342657023175,34.628294837779734
1114.4186707928432,231.88140815174506,27.36682440943489,34.45283777794202
1113.3804895154212,231.46853383103146,27.00697394776836,34.42722282006884
1112.339162213098,231.33272871001824,26.943081473328547,34.41815315072025
1110.3692341443812,230.8372801269772,27.127268970625465,34.408028693190865
1109.2613344336971,231.03508924427152,27.073139221385127,34.130328339018135
1107.6186679360208,231.14916050149057,27.160891879213693,33.86678785911903
1106.935129658414,230.5765698030079,27.397447136971806,33.72797672716893
1104.8447266084697,231.1925950284127,27.548808065504417,33.888855115089186
1103.4707049350143,230.79101448232154,27.556702152848075,34.05466213136287
1102.037339772001,230.95309294919747,27.230658421486623,34.14802983340283
1099.972496267074,229.7514653408694,27.062048979772143,34.14625813736971
1098.989755676447,229.72784035334092,26.826246229293556,34.247821339960986
1097.6423640415076,230.01041161373013,26.718542602657763,34.164256901028786
1096.537767846405,228.6496301293509,26.72487511432271,33.98889871195038
1095.1165768459246,229.16939272492542,26.82270974818772,33.976386822650696
1092.8888931436477,228.63511343107672,27.106692341339826,33.83923356876485
1092.31510920781,228.93475901383738,27.185122997400867,34.016820104526
1091.1219221376862,228.4671313587059,27.10523908863763,33.98966866029528
1089.0266950463258,228.02600872603324,27.35943376322509,33.91499133490801
1086.932852254227,228.13306505885407,27.4110748451645,34.016947050337436
1085.3407085334654,228.05637602615084,27.4023943949946,33.76231427532794
1085.281650908169,227.84352091118117,27.167335614806724,33.81123773683085
1083.8370484387128,227.62963240294906,27.033470218331104,33.724328109217744
1083.1944843169292,227.55103097658468,26.77634723261191,33.798675379709266
1080.4810023912526,227.48349309898356,26.78554642026873,33.944102030025746
1079.0142365826505,226.80693975911856,26.896989557477216,33.9014609289559
1078.159767779223,227.30274766247675,26.890628750101556,34.00335920705552
1077.0722208739276,226.27357908963992,26.862049674797852,33.50823337055142
1075.0340634596453,226.1996902056942,26.768931863286838,33.549886744800915
1073.7044122398843,225.89963876197015,26.704430305769176,33.31820407259477
1071.7127105687384,225.86987517939707,26.632336955403375,33.19942053052946
1070.9417988537718,225.6852905297413,26.46396436711758,33.08794003073244
1069.360442048335,225.8286524556549,26.67501949067117,33.046364390622884
1068.0294952498157,224.89190588933465,26.653959730013433,32.96878280383435
1066.504795743843,225.11311467491993,26.49702200527974,32.975344163375524
1064.5325505245767,224.71636232577558,26.44300899723336,32.817654217689935
1063.959124288324,225.04921849105227,26.25566204118047,32.987297526594254
1062.9557981432636,224.34209264264993,26.27906681276189,32.91287398669699
1061.9163106415767,224.44563840497852,26.40180998363123,32.834494430700175
1060.3333726789438,224.12324209241655,26.103360242469627,32.99011310705928
1058.1958610651493,224.24877951134636,26.29641325521488,33.06109170166431
1057.952243719305,223.66045502318804,26.32067912060953,33.07320384421777
1056.164195179514,224.27528509356512,26.476385832683366,33.08206480255424
1055.0985994741698,223.53637182783478,26.715543427987942,32.93881367726897
1053.0016497316526,223.2887604967432,26.60012055584467,33.10296356194241
1051.2181180640912,223.76637032966897,26.613412633567016,32.90627218827001
1050.7769717726978,223.7389897491037,26.485523431723927,33.037432340448916
1049.773002645152,223.33448251365755,26.350081998552454,33.01865214028255
1048.449452327949,222.98015711382223,26.177285696541787,32.95563218122897
1045.9003130089914,223.53214032789708,26.334143302505467,32.71577711696706
1044.2060364785216,223.17930192942134,26.17315274428909,32.66409703182318
1044.1967675180374,222.6896098060163,26.026382592094265,32.81858750603119
1042.9880601721643,222.08431294743835,26.030264549923224,32.96140764263593
1041.1080686036728,222.11161599972937,26.235340603395088,32.93018201503531
1039.8136278175862,221.70781653425385,26.333326904266915,32.905738788336336
1038.0960994841382,221.985369607872,26.215783664241556,33.208627435945644
1038.1560622649995,221.21862829819173,26.165630144852692,33.608503144600604
1035.9669643964044,220.90466648729884,26.2107346230405,33.55615174340284
1034.0187669441607,221.1154814004087,26.201466752488322,33.49427504904956
1032.6750448140724,221.1313053663554,26.013146165863084,33.29746015798965
1030.5349326561147,220.30583515762814,26.13600706701382,33.26346834354111
1029.6748561782583,220.4617558110184,26.221103407850734,33.1144206581814
1028.772450858138,220.55056666685087,26.182293986217275,32.90218480076071
1028.1078081924984,219.5790783945068,25.9941713041524,33.00339927956139
1025.784941352684,219.5779590930906,26.13447190120104,33.08051313285253
1024.1092137911298,220.05291434758644,26.02489511055181,32.96961173002006
1023.9390462412712,219.98048701707643,25.827205367529956,32.90593250794531
1022.9750214521491,219.9338679806019,25.785767993946088,32.68049202302162
1020.9034413101693,219.80896541513755,25.87002315324129,32.34727885103277
1019.4691818507824,218.9641917723709,25.791032544808893,32.50060558602897
1017.9881760293847,219.13785266242851,25.804269611417148,32.587001473970254
1017.3507126964115,219.36398098777897,25.809165540440283,32.590075642160826
1016.3930942286906,218.19113352704207,25.47669844679877,32.48588900998476
1013.7513394795342,218.63868204758242,25.583937937024636,32.491590706906834
1011.8345508801095,218.71430743550857,25.433904505838377,32.48841619710486
1010.3207342962164,218.4681060638852,25.257799222620708,32.42331011409582
1010.8303030128093,218.12595128396595,25.07956340267043,32.43156221601045
1008.9749519254179,217.87358586678687,25.314019458907627,32.60064308317497
1007.0068644146035,217.08891944522628,25.474075725196002,32.34982507409278
1004.9682244871533,217.37869894815015,25.529334763293274,32.32947070624939
1003.4016629114587,217.21013462673488,25.520073623987287,32.333025083838265
1002.419412797981,216.983992720507,25.556705365492093,32.37787663816495
1001.6587259993879,216.65160240013356,25.234922744149287,32.286987625496124
999.9661982588442,216.86676863517337,25.30610088110533,31.953001526292336
997.890369775356,216.69351383316993,25.224626916227464,31.870971079315755
996.378916904591,216.79133533682844,25.12789445318265,31.76357062517324
996.5093250169422,216.7063113201419,25.144172205216652,31.742085346344815
994.4576682279975,216.52808664185895,25.299976732736777,31.843833654774983
992.917335685629,216.73340097416002,25.453790544890687,31.85586712911173
990.9489854889176,215.46666345007066,25.448965717442338,32.00698601045089
988.7790458701816,216.28129758736642,25.71354616875115,32.19394612559933
988.905602450328,215.60748357659043,25.64634472348898,32.43383648674332
987.3431988979376,215.76951609689633,25.674251126747,32.184846364699645
985.6687299879728,215.9320766695809,25.70870244307542,31.849664746916545
984.2518229815272,214.91994430765723,25.42767594845934,31.79813334344459
983.1927455995709,215.07865704953423,25.06576918130505,31.896054988797125
982.9011586474245,214.81236023259433,24.937164325641614,31.90004739348607
981.0548149739004,215.42944057847484,24.981184575597986,31.860537709377382
979.6746856749272,214.7651057376712,25.15706063951736,31.161191062172957
977.6233377058763,215.23962540925288,25.472041142590918,31.34005839911676
975.6071647340196,215.05745546967546,25.43213242855896,31.50021976617517
974.8719845952168,215.03381413101943,25.391319219455298,31.695727944666928
973.8882552749313,214.69260015473998,25.416343549112895,31.70041067418049
972.4033564876034,213.54510797141273,25.31486255168626,31.41835317643982
970.4122525626948,213.86738065771337,25.281517880751643,31.66740469142706
968.7366433704949,214.3857608103623,25.090813934295106,31.706995671109972
968.3419511290597,213.55102971495714,25.10336220071582,31.647766403218217
966.8479987787584,213.33819614152424,25.265756161038084,31.675817163670438
965.808094330028,213.1759410063085,25.127972819119144,31.53003725008092
963.691905037756,213.4372593944567,25.22344334931126,31.65128698034198
961.7970112310312,212.8705181100671,25.18538634300981,31.645052566279645
961.3807435288112,213.13102718429002,24.969986500028718,31.76883794185118
960.1431190522836,212.0231450819939,24.96389838261875,31.842102461155918
958.3200401657286,213.29650376986388,24.930310243176883,31.969656192136
956.6855342513617,212.45656911375735,25.10335144126493,31.651978950737266
954.719845332777,212.42776463996057,25.02597836290693,31.66299458988203
954.1285793229724,212.23891497703096,24.811390025956364,31.87518522824508
953.1501509848882,212.28877003612786,24.768219283988145,31.792187572580794
950.9527254962319,212.71750455293773,24.965588629068222,31.746218074998545
949.5818551062447,212.48394813406574,24.861493961731213,31.633414077911276
947.4666754211771,212.85466671465946,24.920721244158777,31.517425203257176
947.1367353587142,211.92319239554146,24.610589955987315,31.649145489900143
945.9776856637561,212.07391828251522,24.575904235429853,31.39078264381766
943.8560630857778,212.25490351616662,24.67502631399374,31.499801075984262
942.3827747902861,211.91686506897497,24.539540898980405,31.455935519844182
940.8161459615557,212.20647817981362,24.327548903578887,31.587969736132276
940.9685879751421,211.25102976042658,24.217039050285607,31.569438593529686
938.5201798984076,211.28458999519933,24.24324162877283,31.502225640632986
936.7390761943975,211.44424317307954,24.256080893711356,31.180725284930208
934.8729130437206,211.6958871052996,24.258686364147863,30.953186686637707
933.3627157112744,211.73408199933925,24.30119220648468,30.63408089907435
932.8840193388789,211.1075429978471,24.438096557969047,30.371689470181494
930.9944401407523,211.14227466647634,24.650183277968,30.469452730589765
929.8741310004737,211.79574739113067,24.523610005409402,30.5068262672201
927.6020178079001,211.1160503855965,24.667516337456043,30.731447977568223
925.9835458780832,211.75441223448092,24.508638625739678,31.103760806479393
925.8950649852982,211.54001841045408,24.219891440286144,31.209162798653068
923.9599485124708,211.45382932808374,24.211405294525477,31.176357889515494
922.2540812335168,211.4031022265704,23.980689042954722,31.016095488309332
920.1745863890335,211.74004797934555,24.177693620684817,30.777282544065102
918.2754518782137,211.02528237137267,24.30145168651375,30.63867063066207
918.0949905861544,211.14222466205362,24.258828563168173,30.71148362653829
916.7348499704841,211.34336397981895,24.217882902037488,30.61770581736644
915.3402962186645,211.4929851106209,23.949339362738407,30.732608399579274
913.1753975963603,211.82141313904015,23.927699992356498,30.783455635110602
911.050042270369,210.7577222337399,24.09768831233847,30.853556428407593
910.1127612420728,210.88914498948384,24.213632252552088,30.797750899000235
908.5452004642895,210.83323150287768,24.282630084134937,30.773286979253896
907.3771991056162,210.82128731227223,24.27400136799448,30.709749934816102
905.8193440294148,210.7614874583719,24.002372405254537,30.793047310781713
904.1956899240704,210.8414402058484,24.063261605780895,30.69802425073332
903.142993651466,210.90007821039598,24.107258505848296,30.579853822022056
901.4289730548536,210.9575089829011,24.319016854529586,30.272418863759015
899.6541957602614,211.16390471178073,24.34466640488039,30.331147293447096
898.786317351563,210.76492303394917,24.057292566988504,30.31736750888955
897.0635047591062,210.92587921124957,24.004075274103528,30.372441449273587
896.8521459257496,211.10212767878485,23.994119754752987,30.265974263715684
895.186400301109,211.13853963739967,24.15105975548381,30.41309868296808
893.3433480565216,211.1348136852584,24.22569163799968,30.439923376439868
891.7379866078155,210.65560257051416,23.815593297847773,30.590604381162542
889.7534253730975,210.74611315566185,23.621677990336714,30.483050934892447
889.4075649697552,211.19880031615506,23.4162652678351,30.756248076537226
888.3500097444473,210.4197527574264,23.56850178275142,29.982478121744165
886.3285914415151,210.97509726991663,23.635830890828515,30.028105496338036
884.3773799739163,211.43516794604702,23.491278690222885,30.148295626964494
882.9747841441654,210.383206755395,23.702899878914746,29.864809513319194
882.0109195043859,211.07140983889607,23.641476250148408,30.018773700969476
880.9428986121666,209.9876985193793,23.738342524180638,29.86784554807187
878.3733270949347,210.25107300499562,23.763921067372415,30.327053960948724
876.1399843624469,210.33213993781135,23.79395530248962,30.308298323266417
874.51520410428,210.53979701192432,23.540484088171517,30.38861813481065
874.2606453460528,210.78797113411474,23.38482277600491,30.400014858367292
873.2888731260116,210.65951983662373,23.42056296537023,30.109545589030468
871.2637541615308,210.2218722023489,23.368354815077815,30.131167518690052
868.862299805964,210.57384284967395,23.548902343044897,30.02402851829423
866.6021047911927,209.92298712735015,23.72418195617508,29.928383452779492
866.1023566900834,210.53414853271704,23.773751484027613,29.890519613069284
864.9050670980896,210.40555738447932,23.940771101517274,29.529331078531968
862.5789951363607,210.30253800253655,23.90388056300007,29.556143950588993
860.5036511678632,209.8643731254564,23.688044757319364,29.916418657237223
859.3650058963286,209.82634554299537,23.410934617939127,30.01870327822637
858.7601978370313,209.87136754056914,23.223297103988124,30.021774329699195
856.8775424557629,209.9832018117692,23.314263326882894,30.030367757938315
854.5819509715752,210.24551332119765,23.559901003357425,29.91117508580877
852.7555339359966,210.10803550465985,23.65042843198246,29.750995324549613
850.9453219811866,210.06386051793987,23.48755313391505,29.80264010581109
850.64350407689,210.04418278276077,23.55545852096491,29.690037050988458
848.7562083283547,209.9948535641768,23.640108134948612,29.73781677338635
846.8944255232142,209.73028108702638,23.595966635778368,29.797757689305556
844.1619201447558,209.31691686648182,23.468855314753238,29.985399407067085
843.5710850755866,209.76426784352327,23.426904442311386,30.08585034366638
842.7306757704641,208.98172386275675,23.37631767516818,30.221731576264197
840.8017429126842,209.2965494128104,23.432398398510124,30.531019987932837
838.4766191155848,209.33552180965253,23.597734550905994,30.429322704190046
835.9376285099834,209.32947752072585,23.81381447884458,30.32403614662165
834.5845139128037,209.84458771854187,23.920715870545834,30.1788029860589
832.9294990575524,209.6516927767439,24.025259760277997,30.016489477530705
831.8047454959577,208.98333582509065,23.90441437682982,29.97507962061379
829.39363776103,209.43919731650016,23.76621734439634,30.18019855006432
827.2738384159364,208.90103767581354,23.902922682075157,29.687430564515594
827.1558660909282,208.8744976687753,23.36235613976995,29.980707894404212
825.285919499276,208.66355384749463,23.08072298640426,30.29524503852764
823.1733918435164,208.54383232951568,23.356848272822788,30.225299675361356
820.8496442202613,208.6584584985415,23.485860357406708,30.310995031849743
818.4640455211688,209.1736189618975,23.602680771949125,30.416784887761057
817.7978373077397,208.4751698888453,23.7608065417639,30.2325357207475
815.8985423976657,208.8886194343884,23.835723018253535,30.32976861914036
813.7409952526766,208.86603724357354,23.903139982029113,30.21446297701882
812.0422730824893,209.02046781067156,23.856829649399845,30.388860149802888
810.1784367045597,208.5127093739113,23.879344886872182,29.797686378105517
809.5977325433954,208.61151716097098,23.47807129582464,30.034396350012386
807.9686571880892,208.30758588201246,23.369047619459096,29.93659469045738
805.6675093785537,208.8424786620536,23.553594310459864,29.75527793235032
804.3899379122512,208.1330423014436,23.251855386146648,29.96557015964335
802.448739551901,208.56466148386588,23.14993647307317,30.06224731355947
801.9356439061661,207.90088782646458,23.316139134725034,29.93981043551384
799.5915455373122,208.4353867606563,23.340861312648926,29.707888933078102
797.7092320815912,208.41166209816905,23.38617937094154,29.73756948573369
795.5100858725314,208.40090042623723,23.451267996489122,29.55683507717879
793.43950087665,207.97319035126756,23.267200237244815,29.3542923326784
793.1715343551131,208.03594860126967,23.001259655993948,29.651146296283887
791.1385082148056,208.63074781836468,23.181448155633348,29.576719294588973
789.5252278728159,208.51484886393771,22.971350218778486,29.681141779534684
787.2312292359924,208.44091269878527,22.925755840509083,29.485724972952983
784.8707442521529,208.38385840824375,22.912686024710155,29.667116022116527
784.9171873095569,208.3453336916617,23.21417344601226,29.56350681680335
783.1117219599304,208.01621123878786,23.230276731706322,29.540336343503593
781.5331362808215,208.62610096041436,23.25824238618852,29.67803098891946
779.2570461995748,208.6278155478264,23.027167925268834,29.6841019683894
777.5097315274886,208.54114599805587,22.67658433304001,29.63482083403712
776.8031998813098,209.06338680468917,22.48780438752084,29.712074435957575
774.9802501785922,207.87179831601733,22.83778222885369,29.452027412370462
773.9072477453876,208.02897149392123,22.41568926544403,29.301197667423473
771.3924246818299,208.48394110776164,22.554552559460376,29.559138259612688
768.8852015573037,207.80794967023033,22.792034620890412,29.754086260712867
768.1417493904119,207.7399300058035,23.032990043960968,29.646326499181086
766.746023369058,207.93215056024712,22.96052449748123,29.653273478758564
764.5942769448636,207.8396824942739,22.70640492674152,29.785812035475644
762.1168763065226,207.91810806840402,22.906437355004215,29.785676548502682
759.8177821494517,208.3050067315156,23.077941766405672,29.870840804463406
758.6475690876703,207.7563476566024,23.357095507232323,29.67436777940118
757.1108520371583,208.29497871844765,23.347621693140887,29.735212359468907
755.5312660370205,208.00020398960405,23.1458386934927,29.47248012751227
753.4012966774785,207.83834831927788,23.117499309701955,29.527016773149626
752.111731171938,207.94319191567206,22.880649171109553,29.754841680104157
751.0193954198705,207.67445696386557,22.68038839565775,29.78560767050534
749.348772204614,207.72402034825248,22.37186075161633,29.792062669588585
747.2761936526746,208.19636565761073,22.428795351833113,29.921159620871787
745.4431277901491,208.22546109381247,22.403404955454523,29.869421809944633
742.1744190997383,207.9957208979449,22.862917635043225,30.016366736916133
741.4039201696678,207.36630867538366,23.15022477557968,29.835962885758693
739.4235748802773,207.62158763975157,23.220972708334138,29.785820111718433
737.1763893859334,207.90272430477802,23.287836296509454,29.873861827975905
735.1546274374093,207.67122480339384,23.165149542159668,29.709027404745623
733.0649636565382,207.97674507444097,23.349764274312072,29.61888073443555
732.1255741718204,208.31561855028275,23.37064536605454,29.584401473887418
730.6500170428411,207.88945207526882,23.24928180647775,29.42621706513536
728.4710955585614,208.33237822863103,23.159994094952914,29.393910006919377
726.3943935753856,208.09443139538052,23.17671602776568,29.36277598777814
724.1654330085095,207.82152430427294,23.01628188731744,29.257060261813084
722.8366201917366,208.54471543892905,23.026912691685325,29.222036468185976
721.2567954108944,208.6032838037307,23.082351638211872,29.149171349259937
719.5539681910635,208.48586354523053,23.020537339317563,29.237869428206203
717.4477650969468,208.085586087211,22.852993004174493,29.260057838145528
715.3738305847382,208.28232964896984,22.8190940880704,29.417344335233317
714.2013014265411,208.1308466870094,22.748279115356297,29.32836033730779
712.1818186496442,208.0646531103112,22.751526704977707,29.121143917620294
710.1827771264993,208.1732254611642,22.90496210531738,29.055744550181924
708.1847574518109,208.32585366801138,22.649691583020537,29.12782031722606
705.9404305557485,208.50130555295613,22.61090721138803,29.232239885845136
704.6910554555049,207.63126446594424,22.54161680251557,29.124737454651928
703.047252782619,208.055330492307,22.610630219805245,28.964095328741422
701.3403537633799,207.48225210615473,22.669339547498495,28.788997609239996
699.0824362415292,207.95156386576812,22.410709507124068,28.899779426393174
697.4327679138004,208.4945610875155,22.303670992827605,29.076170470454862
696.2002408416275,208.0853790330954,22.312083224712943,28.989398351687374
695.0660035561697,207.30995976648524,22.394449921712066,28.81866186316392
693.0528589547818,207.47168093610497,22.260605285834437,28.876014525908083
690.6542762818568,207.9274476827527,22.381191156281268,29.082712448361214
688.2798992419815,207.78027679550152,22.28656907636394,29.02503407840102
687.8656808223933,207.7678042849099,22.17520314969424,28.867210978222523
686.3408707331419,207.0574417071923,22.219642730891763,28.73891345909714
684.1046777330371,207.35996417675574,22.350534170859703,28.97482699603688
681.7182202679274,206.83730250927644,22.448604359257573,29.0800984773387
679.7161569503912,207.44636932541073,22.430941443548917,29.33268763960293
678.9696002709502,206.33369638244767,22.415160001291078,29.335791170182354
676.9633295576893,206.17720947201306,22.669124796266704,29.17939993072211
675.0066097646421,206.79530291715125,22.598478107260398,28.966136629198495
673.8813931853849,206.70104772814543,22.341803531094705,28.863322808964156
672.1834793132539,206.4184763382263,22.36261911600915,28.90895317387017
671.2879677559337,206.1058251943848,22.377459579129823,28.892362372735526
669.6900776145629,205.07463712650218,22.163616715814236,29.29545630101179
667.8600471783471,205.35389096749475,21.926356364033197,29.080624113220647
666.125194264925,205.97067105088666,21.8941913202872,28.810834455203015
663.5909668462435,205.0873805681764,22.224069268611977,28.7181540270765
662.6222742664854,205.24750285084207,21.982151735714936,28.68295696307075
660.5099871815523,205.60863933507662,22.031628440066072,28.79274242431965
658.5997154366498,204.42932590033845,22.014668496643477,28.99356504307881
656.4194001242649,205.26670156169098,22.244493629012215,29.119247594504046
654.19572484361,204.76199788778302,22.31512614604094,28.953484520719602
654.198873378412,205.0160140909359,22.169180802849617,28.93949504740106
652.0203954723268,204.70754802895198,22.228211142760728,29.117245366711945
650.3765761455915,204.84959658112297,22.200414148266887,28.94034007834229
647.9553230690854,204.56347952220864,22.285990903696163,28.862410664867497
645.2304357534906,204.60267101873498,22.467316705234733,28.989604121447478
644.9286032167793,204.18544492949857,22.326225437676925,28.733639749284016
642.7751671576689,204.4686491192072,22.270457651875425,28.694448817624462
641.233893588457,204.0436471573634,22.01866993998792,28.887250855134976
638.5267146665176,204.13324234847133,22.13630251073439,28.743386637134947
636.129444398861,204.10251225296997,22.189644506313638,28.996833791290538
635.6113188750719,203.52308528576148,21.986946374242496,29.097826874419717
634.051239572162,203.64200203988182,22.052440606664582,29.099567023691677
631.7734126255542,203.4596020095632,22.14385490255942,29.273531429593326
629.6586971671387,203.7056048197327,21.852270652154267,29.664733964886352
627.2526084522597,202.75758948566585,22.166674434603912,29.323927961190883
626.4221012240987,203.32673450886998,22.103457409373753,29.319084012156555
624.8188423830609,203.09523139370876,22.22476405285981,29.104590590570105
622.5271306363074,202.68198600040316,22.072123589152408,28.945884548339166
620.1660723605462,201.9228656654588,22.25573792433586,28.61614102347233
618.2675119484011,202.66279205466572,22.206245818328092,28.858286221361574
617.7945354913969,202.42955251787086,22.144331276854125,28.81502911464584
615.8171022084123,202.9776282158646,22.274411179767945,29.052834437103147
613.4239282434417,202.00996890814332,22.450204891416895,28.99332864306089
611.3589396268103,201.87680709691887,22.329904605453635,28.945294627150684
609.0465367914325,202.25739131483817,22.44516685732484,28.83622270124555
608.1895123696434,201.7659035530112,22.468091023245037,28.856825504657934
606.2758855358871,202.29023591589018,22.44265923924994,29.14030360879503
604.7652481326071,201.77713593228216,22.30926213838505,29.123520759314893
602.4027621732133,202.15664244393284,22.261058340772568,29.091028989599334
598.9445111305178,201.08325790474086,23.346230603623326,28.338241908010183
598.6075629644893,201.55838968589651,22.921585914333335,28.822246939487002
596.4243455540972,201.6984483463473,23.004934435221152,28.580834699333032
594.5740952351443,201.60053053245034,22.84265378688718,28.70565822505949
592.7770255802474,201.14743808911518,22.492089279313696,28.786271157479476
590.4023519032604,200.2423738040214,22.585339221178163,28.291539851034305
589.6023513903122,200.55874996264302,23.01325257770216,28.228710875065353
587.7026103198018,200.3464814523317,23.19421088258705,28.073639455288834
585.6853111451468,200.7591941043696,23.476761454721107,27.97221841985923
583.3149082939831,200.11143329342278,23.754671286839717,27.723850042363292
581.0211531367698,200.3132658659222,23.869968332986208,27.83572496074561
580.6636118928307,199.85609944374005,24.027150392092707,27.800465155173267
578.8382390671181,200.53575462742455,23.938507339217665,27.65265221383728
576.8742199337793,200.32533220799408,23.840982365844262,27.68059145977981
574.1991331960286,200.20433643418116,23.494005134100767,28.11003662009084
572.5134861031156,199.69226551353512,23.607417916957285,27.561197461436343
571.5999103037533,200.26585727955663,23.85303632209365,27.41501481058841
569.2956317699793,199.6716750558532,23.578868150841515,27.30684650786555
567.1939747837359,199.40698260415957,23.42930736746891,27.429713428769876
565.4668138792466,199.37627973275988,23.315316769907575,27.580845545122543
562.8567285334954,198.79998374489244,23.41047363313258,27.357415658827406
561.9511508908557,199.24236552486897,23.610512509110173,27.12976273034024
560.1536121041918,199.54008305295537,23.61994583729028,27.27175043846875
558.3217584153027,198.79070027176505,23.46592421879165,27.392780982119223
556.0691061186045,198.86241028772824,23.27889177605524,27.424029441079533
553.9520750587433,198.9114181022973,23.428627628535097,27.081405022259048
552.5023379512927,199.33779111090374,23.639910667975556,26.59335965025452
551.9509475800527,198.39348584821875,23.374759567651505,26.49662695777478
549.9011498410349,199.03492680738069,22.960268322359603,26.993171375739347
547.5286861628467,198.47434530804736,22.84184290316208,27.178775280453827
545.3526090720164,198.02751807210302,22.878256022658416,27.032196736328395
544.1167994669122,198.3362028008993,23.326580784014347,26.787699541928987
541.8629539417873,198.12914340554133,23.292156622777433,27.05704042372366
539.1807579020596,197.8720657903687,23.256554805748372,27.11336835423559
537.2623105457818,198.1479783484768,23.263919040780106,27.286432635640576
534.9016897944227,197.50286865915248,23.17395515638272,27.149307692084612
534.3933118079235,197.7491855444896,23.388330031110918,27.013557059828614
532.6876580310567,197.63747202676183,22.91254809395408,27.34346770376837
530.2767430103331,197.8332734264255,23.119144237238352,26.994371718444025
527.5377973498503,197.75270812173386,23.067269952277535,27.20593235000738
525.3536634356711,197.4384841611782,23.00409599673074,27.073306860607694
525.2870085279354,197.3197715954959,23.00822094029008,26.974469378437416
522.9840847064825,197.15008738627427,22.93352229947412,27.23814700586981
521.4459634614656,196.48847971331833,22.86279404060665,26.895882095701026
518.9296740370389,196.9213989865179,23.018167994440212,27.171789116623682
516.7770683790393,195.72034186164376,22.917176994155497,27.113184496208966
515.4212706571075,195.9206486321545,22.831412733047838,27.355781843096473
513.0284257378946,195.82120126645378,22.781684347138736,27.135162365465817
510.9823697900102,195.77542525752352,22.7188179676085,27.27886629428701
508.81324099602983,195.73393160710341,22.332695062405204,27.603533054937493
506.5299165231805,195.85579774088586,22.455789606706162,27.58901900212291
505.58471821691285,195.82904206821522,22.99678557970737,27.395125861523255
504.3912530417655,194.53279242956063,22.748853745477565,27.20311977155338
501.76672561417456,194.76296701959924,22.660519608349944,27.52612129757658
499.84006630422755,194.42152176464117,22.666897233981185,27.329181506684776
496.7164494858041,194.50771087618207,23.060144130715834,27.17067187907643
496.86083513071463,194.82238015757235,23.18841059614563,27.085118351906104
494.5676176202649,195.0086943276367,22.861021535624225,27.7279062763114
492.01315389894796,194.2909800909321,22.638293475938767,27.974118493578956
489.8676961947063,194.4663523664363,22.705701480094717,27.96550898452268
487.2862777357836,193.75090334301422,22.507163066061473,28.165957712481003
486.9689813907025,193.91885205520302,22.430747207487165,28.061826884539947
484.90702694247886,193.74625790726537,22.124034956778644,28.290353497690248
482.81331158103546,193.61242423279197,22.020794331093605,28.550225482041128
480.4578885286286,193.08270673935502,21.822551824304526,28.838216625073496
478.5192768271261,192.2460948805174,21.880182036162807,28.81390327819641
477.1877639855492,192.84295883738955,21.941566064348166,28.67188561244556
475.64648905401845,193.21939204577927,21.78073824186285,29.16183170997126
473.83408022246283,193.30025830615062,21.732479752172573,29.235559530205236
471.9746567210125,193.2200092110282,21.683795121696186,29.2651779904639
469.76802366998805,192.97723140673935,21.657584256887205,29.367866948221817
468.7616284771333,192.81299548361616,21.528113375888267,29.455101079581546
467.03472709277787,192.60955186155226,21.543227866400954,29.296187716504882
465.4674755561899,191.64159276206897,21.346195361802714,29.266395394727184
462.22906837940224,192.37891614661146,21.608929381668364,29.640533191567787
459.82500458009673,192.0406362179923,21.702045860436947,29.497363363022743
458.8538580034264,191.84191733920863,21.6080142743214,29.259556631873927
457.0032334551705,191.98585054806276,21.458213709196837,29.2679518525686
455.4719249231778,192.078883525114,21.420685671634953,29.19468079691648
453.5456398626278,191.06483778629845,21.5904740964154,29.276809845500942
450.6272859079397,191.50728191094655,21.647725390343542,29.29460086075023
450.03253123463406,191.0700795040116,21.62145269063678,29.033075374861184
447.7977425018769,190.76788234063912,21.74699405385631,28.969543330508575
445.63098169369687,191.19284206473947,21.76957158986347,29.024587673678315
443.12693555954297,190.93324265239497,21.703100354905885,28.8894792521591
440.909723752518,191.13377687165087,21.63638909651933,28.93058328135588
440.1945997325846,190.26982614040577,21.59514484588929,28.693906472933918
438.69233605454787,190.4039565700107,21.47519839176691,28.64830563371783
436.19330767272186,190.72585409754785,21.611886976097644,28.7422215314023
433.99929910250864,190.4288310235196,21.89887996567569,28.396827607876027
431.2396953285399,189.13365707666637,22.829105885195155,27.551742352244705
429.71420669209635,190.0873568320718,23.198024346894492,27.1030301468843
427.643584661773,190.11692977016992,23.090903482156754,27.377235346337315
425.46690945233786,189.92688213242775,22.965129831813158,27.44787132297253
423.58045966401335,189.5022003081042,22.584549355514177,27.558154006100743
420.7211385074074,189.79203381298106,22.80080652926072,27.467032831365124
420.4231717085276,188.75924957751738,23.049410421066682,26.996312325623215
418.2047631494387,189.31033522351197,23.386305359068764,26.922368958934634
415.6108882412987,189.0080033797599,23.556232432886492,27.225133153698117
412.9368759139108,189.16945551280085,23.492036609604448,27.207311804829647
410.5075641074954,189.213636544647,23.558267491722454,27.284629791987285
409.2673604089129,189.26974115150387,23.37978416470523,27.34960980919245
407.5366361229473,189.2401689110775,23.456672628451663,27.50736598759979
404.9652858432333,188.91964129631475,23.847516860822743,27.58626626841386
402.6948127640781,188.3517899349331,23.826141356230337,27.495190603153794
400.0887643016617,188.33224880931692,23.90795015697875,28.020938490687154
399.813243680658,187.77467742722956,24.062688549931707,28.02314213552289
398.20996031347005,187.7163139400772,23.805593375204186,28.076595165866905
396.2323222199395,188.073071141981,23.809265911218635,27.813401870162178
393.1327859848821,188.27851414303746,24.030956198258448,27.708409080606103
392.1716989042803,187.46103253374048,24.026806945613167,27.49571736050222
390.8788308721856,187.4451808694992,23.68516650108981,27.6059318525771
388.0639985523997,187.5593147932542,23.63860643210448,27.71681058933953
386.02563958407137,187.64582133073807,23.8899030354481,27.494912683002852
383.07212114709847,187.15488237928807,24.153705656464194,27.813432732013407
381.9881740648414,186.41642323088928,24.218664506799925,27.785238261591413
380.1391146519248,186.88271498390463,24.090764999198118,27.549955547301142
378.1194995910108,186.83486811144326,24.117636932396874,27.508172162526066
375.3054752524173,186.72765842161598,24.138032945399402,27.455127887900932
373.33291277888856,186.51414313565743,24.063985700836998,27.5124447361585
372.6208702066412,186.0985325054939,24.248623966898435,27.3823339137372
370.90694517400254,186.7741710054526,24.336123642695156,27.121828112092494
368.26022057264413,186.4559624262985,24.64329478831354,27.226388852744712
365.2273024399263,185.82864100546814,24.74165277845018,27.34231070517814
362.6059463995469,186.23563538480727,24.675620428667017,27.637019360898105
361.9514500742808,185.76016661922569,24.753749269613643,27.545352564859392
360.482623002116,185.2183049390201,24.750795389346067,27.002625625053916
357.7319606815747,186.01540659771538,24.790715706850786,27.18126924484288
354.87270198422937,185.58162335331664,24.968444927865875,27.230505028474507
352.4988361192748,185.59501586009625,25.313592105010134,27.31422491036396
351.2527089737479,185.09328039167255,25.378677788352245,27.305319777188792
350.382146035682,185.12799250551095,25.321040389337455,26.969673042750472
347.72918813590866,184.35499704680404,25.03386756202253,27.46647308129618
345.2756012929676,184.74444782937118,25.063334243357552,27.567049136286712
342.6677998486495,184.48260031814044,25.016253263585583,27.77332591128686
341.50119996151886,184.48127671108824,24.755842751134224,27.908088340454334
340.3783140666311,183.95630185788016,24.745885342453953,27.824707582507394
337.67439167643886,184.52500949835132,24.77958842972317,27.766321861654227
335.2339860087339,184.31138051517246,24.63807138836308,27.938395863044185
332.2367766073673,183.5406678489608,24.9254169794264,27.42492603288516
331.3687127764483,184.04063996285566,24.773544272192304,27.13407030940983
329.4198052275122,183.74264217516827,24.630027125191578,27.25529134531394
327.1639616571275,183.42005503005652,24.54562013449121,27.56266280817917
324.84800778172934,183.33011497989148,24.421465377658087,27.59917126687341
321.7540260529278,182.3673251494777,24.35409970318112,27.843059042706464
321.2890797599293,183.12250589945984,24.307364939324707,27.54689911229935
319.20538568333825,182.60360685249745,24.25683755753358,27.5870567156922
316.45175056673077,182.46908131733704,24.443667021552994,27.544331595016814
314.14749716346495,181.94993429811308,24.397740577657377,27.404582148776957
311.51092251055246,182.12193707977957,23.995768576109352,27.945405272158165
311.2945083918655,181.4641947498871,23.831321973605068,28.024039193417728
308.36082701717066,181.2832283429588,24.237012893771215,27.964432074784867
306.29259494056,181.85883986438728,24.44062144091346,27.4699146498326
303.44626264448647,181.20100773770395,24.58318904438252,27.5905720558177
300.5422990741371,181.06628020142531,24.56780580986768,27.50976824156086
300.25580451021466,181.13511485632043,24.18710786591222,27.46905075917747
298.21384562722994,181.6427774020729,24.15230128572081,27.507558079438603
295.5301808188608,180.7824587538448,24.4857711726922,27.471349424814516
292.90654853132116,180.55537665005167,24.347171489958967,27.66711104641744
289.792067345076,180.43860467908584,24.328277245475363,28.022342631579072
288.94133355707623,180.93980283567862,24.660489874766334,27.886953514343073
287.4460972876871,179.79791824486654,24.661977590317658,27.789648982664602
284.42238401867314,179.61106986084738,24.722148078235666,27.87171527398975
282.0994041090241,179.6703630536326,24.796409708752122,27.67842856269184
279.6808222942726,178.9081080001237,24.93108300851258,27.316772573976053
278.5013474872536,179.41924711329665,24.8455975029217,27.257081942616075
276.73426224774664,179.51705847664545,24.764382211137928,27.30534416679472
274.2103074002567,178.96373781778584,24.684110448598332,27.469174770269092
270.7301459574505,178.15142920359304,24.790672614911426,27.633442915707935
268.68759246123295,177.89486076901778,24.685758569291057,27.76232392858289
267.8269174108236,177.57370545579715,24.590456491345265,27.944436093014687
265.7999986961604,176.92188508419684,24.309636251604445,28.247022072421387
262.7502468721243,177.52341258638856,24.756362227862567,28.046366631827333
259.8983205534721,177.12591757182162,24.87659002538435,28.30817612612155
257.7217521159369,177.14808373995197,24.68812285840147,28.516401574179795
256.43207866990286,177.40480065247527,24.66789613825644,28.50292933393964
254.77617030609483,176.05011910473152,24.670148275418406,28.334903952101662
251.64846426357866,175.71460310959657,24.853891735572823,28.624377047260506
248.9637180124805,176.25614032080173,25.252473688605285,28.303229931502255
245.81370186558178,175.95934028542501,25.373825085643716,28.41823513288047
245.53955314664285,175.41731883089648,25.150931701397102,28.450513434508053
242.98908846525404,175.45856430984827,25.160700766780906,28.33204493792936
240.07224682137428,174.87862172218536,25.547230009435427,28.283708200871157
238.34813103058394,174.46963670735119,25.684283622037217,28.114532449022505
234.94931814044398,174.16030004984088,25.626692899173843,28.45414858912206
233.8807060941235,175.01332628649166,25.23048879967617,28.488287575476274
232.6884980464111,173.90240017699486,24.931224837575314,28.361482186437627
229.80929836330307,173.73354335425418,25.245682133784065,28.10995480408696
227.7970070650193,173.27443056548356,24.761407003300825,28.517856737943823
224.93343287263428,172.25115264063925,25.41379113636186,28.212280982484092
223.99115824254415,173.14935708743496,26.006616906780778,27.695019117815704
222.26288146246407,173.23867924006612,26.130794940512732,27.35168098015594
218.95802993571934,172.311026260268,25.703905033644524,27.684210336053482
215.63451570477125,172.44921971145232,25.69359249212274,27.61138178925469
213.22029972587708,172.0190762859642,25.358444985952286,28.224923769091397
212.91793717062552,171.2312183854562,25.20587651449285,28.281167924752147
209.90327067415626,171.2462853050325,25.173530144180624,28.09890194698963
207.80909198465585,171.29163929396543,25.23738438750031,27.947818483554563
205.23676760250862,170.7173009639272,25.33140782754551,28.029117814758358
201.9362818642934,169.91242733849498,25.488551674886587,28.33722431664511
200.96635871364262,169.86903127815265,25.316150747565715,28.46273531282735
198.4977099188611,169.63065309723666,25.44653448443713,28.23139481282004
195.66026447074483,169.75761535998316,25.51318525310613,28.19417368734286
193.0002657098235,169.15880517887064,25.37905164854501,28.954240435189966
190.75008021794517,167.61864135737818,25.397723165596332,29.10363794054055
190.35803025380233,168.5464493034696,25.12265392064134,29.49252006280784
188.5360296378464,167.50960013013284,25.103409951442373,29.403280768337524
184.7139314863661,167.91083245576723,25.70478580075915,28.93122472002169
182.50753162387775,166.50922311982052,26.08550678275493,29.15876122867659
179.3985443121615,167.1129072545898,26.254152602171274,29.02976269580949
179.02590132218967,166.75167896553722,26.132818697147158,28.94350506292757
176.16874857839815,166.8623946455866,26.416592682960157,28.549203931109822
173.3749765606802,165.7333175877138,26.374750770214938,28.93797554620694
170.67893366470972,166.07370224902516,25.793092169760858,28.765854976750383
168.1857866692272,164.92437941238316,26.00890409743246,28.33863147126244
167.03901828277728,165.6197749490307,25.992525804566906,28.13106829465772
164.71574394513917,164.31198986993888,26.036038553024273,28.48609486801773
161.73607907513207,164.37917133664138,26.23991518329731,28.42650208718156
159.9922311567132,164.66885284043806,26.139335587548395,28.162348170297886
156.7885501924442,163.80831917746826,26.31592454397942,28.28333810556674
156.10978909990735,164.7690468248684,26.18515594230996,28.801674013311573
153.9560705643653,162.97021464021623,25.87114783440847,29.242032426729114
151.38411441864756,163.1066549579369,26.250051676289516,28.56218820448047
148.39999388078047,163.15248112676275,26.199524441476782,28.91300233444777
146.59945512191408,162.14660641437905,26.063487768154296,29.037456513090866
145.50180686373955,161.90163478033674,25.53714751234761,29.46811257583706
143.50771858049347,162.5564389927359,25.70510527734129,29.34118916862443
140.1797587608802,161.84401091157605,25.874127448001012,29.493287562313192
137.9173401362764,161.4099806763918,25.96868878015533,29.43772548410149
134.96248692221846,161.94989886001252,26.108016618641088,29.352706373787544
134.53075882577969,161.5753273752436,26.00750876647089,29.297086026217265
131.98029318125901,161.60158829089073,26.427648677491014,29.14233536714845
129.58724879255908,160.82347135679643,26.16612669515574,29.232134041321565
127.32746407219571,161.36575978220557,26.1189260591308,29.056020012940543
125.39230353453371,160.87666480083058,26.099637320764593,29.690297016591742
124.1618281672624,161.2980209361732,26.02093570774251,29.862368724368714
122.2005943034355,159.6505538263297,25.881706906007913,30.17334565340629
119.45309303633904,160.28353342975413,25.9763507632904,29.871947849355127
117.24058565546575,159.73379821780432,25.985532528668593,29.94444657544745
114.50772926572822,159.82697999426273,25.914644241554285,30.020118779833858
113.89707825719873,160.20883945385185,25.552545293876335,30.0497440007084
112.4810004188699,159.47262413847625,25.384073214415235,30.378967081410764
109.97214375793592,159.18645281175634,25.226987570829074,30.581767881184295
108.12163306878934,159.0282115060227,25.125128661951827,30.707357975084896
106.42052810662054,158.80417647257534,25.02191074891759,30.75136627750095
106.3730708296861,158.64746675156243,24.878467296905182,30.68956461609698
103.88696270761149,158.6085731300001,24.864733547920853,31.009711944470574
101.76671504792664,158.0062126644969,25.145288672206938,30.769028822742627
99.09756342012923,158.33010890141327,25.17689169815697,30.62870129422619
96.73175665134549,158.7769406622927,25.442730222754488,30.012554107716234
96.51735339573898,158.70133648483213,25.519394101959897,29.710677993795844
94.36575696132695,158.10018134144707,25.62060399577785,30.147633230002143
92.20627930435148,158.01556931858667,25.465021460302527,30.201510642825085
91.11866455240705,157.85711116310884,25.204157872226652,30.23830133579981
88.02458679888893,157.80730455049053,25.198952096914272,30.48556527972542
87.7375982685656,157.3615836614554,25.201650704687694,30.588395168910154
85.87981569007374,157.49107804050635,25.282263554923972,30.574642777795475
84.80001860114163,157.54340928668822,25.15641514207471,30.700074435140507
83.10266523997925,157.13861726965763,25.2880827523084,30.27378798866426
81.58477463888613,157.52774071348009,25.16259762759036,30.43211079172368
81.90932966263912,157.27089644655197,24.93867343928771,30.470220659846593
80.8801898354026,157.08914295781142,24.878253066294903,30.63168672660683
79.12204760456501,157.91167607008032,25.082248766831178,30.45609267194518
77.69988314681332,157.44611078659358,25.145221586066874,30.814122493240692
77.02176846095824,157.20753384959423,25.154841961385728,30.941368313364418
77.38797634075428,156.85400540253045,24.961563446018204,30.878116474505504
76.00738787078262,156.71322746194573,25.093406889867772,30.535292303585244
74.3651935346742,157.06147351550652,25.253967866238046,30.077880700046666
74.48843112701911,156.76716790216943,25.05663780640087,29.842528523019016
73.0884719562699,157.10640810937193,24.82864639219251,29.61938235477268
73.48180305883383,156.77212482522324,24.82825283855011,29.51989169593531
72.9251557349963,156.59109400541743,24.72631523315053,29.583843833946673
72.85701015122436,157.28937013370455,24.790578151192236,29.577835276636975
71.91150372038835,156.89628382999265,24.84753392019761,29.94137036184013
71.68058811237552,156.51290899250745,24.51445297678037,30.48116162785878
72.09893648683328,156.47294439794985,24.431312538995357,30.496906099139984
70.38361124010035,156.55409821668346,24.636108874059733,30.565998340532303
69.53466993103854,155.79307788508413,24.69708427229658,30.56868740213031
68.80864719311377,155.67458742536942,24.716839551727354,30.529771116683794
68.52381593035031,155.568441164235,24.797812803658466,30.304052201298152
68.36092239627573,155.97036468992792,24.9756617246204,30.31777780320588
67.20766087087985,155.64404117256615,25.043339188635425,30.447968013149932
67.37797301593407,155.1739685229813,24.524607055723983,30.60699867446791
66.28871968270599,156.17024704262388,24.456977533673076,30.477860214284277
66.03418701560935,155.46732489354895,24.788472852674325,30.29886409552589
65.4519014178428,155.89641581594609,25.1252760800296,30.104695159667173
65.70864609396901,155.64283104714187,24.778632168641764,29.961088012991418
64.81769393396922,155.65935739437677,24.51023970519406,30.213364362386812
64.40657937997491,154.98663239379212,24.2115233595389,30.557689743118477
64.2982287027378,154.45958466584923,24.177891255827923,30.632287825900146
63.814048909145264,155.56697428032174,24.4805465926773,30.577767843781317
63.014915833646356,155.48701133033694,24.496168757926817,30.627936767384863
63.223329985401215,155.0521277007502,24.616573509055016,30.43310248599288
62.236563041605926,154.19731364893858,24.519998982949303,30.812516804444613
62.14064597076136,154.48334143394462,24.553047751665947,30.359141301792917
61.65957853770907,155.14115211394906,24.61828458653578,30.077949015117774
61.76191951202866,154.38632027275952,24.243812489161556,30.242647239580585
60.70983316070546,154.5093229082497,24.100508375630604,30.40258759748174
60.191328972704795,153.92297826321496,24.219601288184343,30.572460687294843
59.357768392605394,153.2592005186111,24.057356122051054,30.891989338199924
58.723776229510186,154.4860500081237,24.37546688161397,30.77734041372489
58.99828264242375,153.50004853983165,24.377427709580175,30.73061747826919
57.9980794687481,154.15016642258314,24.44923517616366,30.68551355347213
58.092679986903235,154.8987009274001,24.374818633895785,30.49735729789699
57.792131056475284,153.77184728736086,24.229651262188668,30.763988533892842
57.706324927058674,153.47247056423743,24.12547646552949,30.742017898146603
57.43923317958523,154.2714070316612,24.248485096899483,30.733573745762158
56.596106711840775,153.6728412112011,24.299219600724875,30.78841360239587
56.420526901814,153.24352453286235,24.180916289622267,30.81832984653218
54.86857375863602,153.73904113269464,24.529583089283896,30.560292276178195
54.47925107829168,152.79297787433623,24.60290803209157,30.41208552186839
54.45855537663466,154.30361655085105,25.079197305230963,30.147011343429803
53.78578468205706,154.24295840682294,25.218240429119742,29.744089819920635
53.606774939780394,153.3542549921648,25.291671636333145,29.775072689504817
52.34159185680414,153.71686436914598,25.577612505502195,29.660274043384007
52.63738513846443,153.46436346469102,25.613411379670183,29.485013048262527
52.343877957206054,153.69261483524295,25.368570623912245,29.53124890216754
51.18415909988181,153.91306563877683,25.30507996713129,29.704220121199157
51.395810111688554,153.776522254359,24.97465234383547,30.004864117795357
50.86523326852693,153.59937328629783,25.069737762336462,29.957912734602758
50.34868743247628,153.40816175784,25.138612606091492,29.93870428722119
50.46746062156712,153.12793582870643,25.20814143037488,29.821241108809986
49.05486306418328,151.98697973206788,24.93768396488133,30.13208694638186
49.610637089478985,152.88320304056487,25.29838172670599,29.8810296755106
48.911766365098394,152.421112963252,25.224070839728043,30.126889720292112
48.5046846651499,152.88704482641793,25.195914751099636,30.178481115477453
49.07409038779815,152.40299302480832,24.945934325204682,30.586294918529603
47.25735812772626,152.12934529261332,24.985505078945273,30.224037689552567
47.23113483289711,153.5115807454158,25.274585550530105,29.763879966778383
46.69722709966237,152.48368751037737,24.87813996200692,30.20321350449753
45.928977118153284,152.31592235540492,24.896414255164245,30.611579885695242
45.66507473790746,152.19599640651919,25.1362595592121,30.612118851571445
45.11277664960251,152.4882170365401,25.43929747967272,30.637692685809828
44.46506836358695,152.97294929384952,25.359723588446997,30.835996649584544
43.9229204519512,153.28763717840374,25.743016754305025,30.578577854744083
43.92117638964444,152.62670359468447,25.779945290009397,30.631658949451626
43.64543459331607,152.05250597594323,25.676004406996263,30.58661541854723
43.257407849091685,152.61552540446638,25.512804803632903,30.750149038841663
42.56640456805703,152.68508510018623,25.179922435381474,30.853590525797987
42.09976320573702,151.86295783263816,25.13441612851591,30.656276948520784
42.00875167328937,151.65003230949716,25.175916296167713,30.435934669283206
41.6990861185756,152.51829566943846,25.188474803990786,30.511545433951078
41.243828753252565,152.46206529571447,24.95207040335787,30.412725150028916
40.77058199946191,151.7516304525468,24.861848165013267,29.959679760108454
40.049450254122085,152.47836411759295,24.865418370704514,30.126002507225603
40.16874247057002,152.1750783403712,24.75304124478974,30.195345715798176
39.913177559967124,152.09538934615074,24.752731206128423,29.94916356839768
39.22473262170086,151.89038979550438,24.84543102395277,29.710188847096717
38.91401510890459,151.93486935634388,24.741170260684978,29.51613939785684
38.737069553070825,151.80163708262506,24.77301795346824,29.528002526322446
38.60953723788597,151.587678893902,24.777104799442743,29.52156137985044
38.238139753353416,152.158617957969,24.630465788519743,29.509594078399438
38.07518763826971,151.5237009182128,24.49724143024912,29.35060361395895
37.455334687101825,151.60826219842778,24.136482034885915,29.750911345181663
37.3036780184269,151.69666950632728,23.80767661069631,30.239879896268036
37.01461168075286,151.91971606120362,23.623782976077354,30.601732336003415
36.977667429391765,151.6274093262593,23.968772268108086,30.27799861646561
36.80889827535011,151.31737716276672,24.07718397378012,30.029554604522534
36.43700508503319,151.66753220022366,24.17731898818014,30.023582016829444
35.87135804206888,151.63566046009979,24.234393608853026,29.762889845774843
36.21007224119693,152.2144573467419,24.2675126578015,29.707728919513627
36.397180667540766,151.5424779918989,24.201019655125656,29.581593067622826
36.19245852433193,151.4929296867604,24.05189385458731,29.739431590145557
36.007224340039215,151.75924722905106,23.988883510137157,29.886913099401983
35.80127434482182,152.0451748474767,23.96478911389898,29.993520248681996
36.4629750695715,150.78207240342513,23.9500455489974,30.16411381247479
36.01794089412183,151.79682335084442,24.362407765577426,30.082408381602583
36.33785896479097,151.39657190584393,24.355589104612527,30.04332572892473
35.51595373345155,152.20843687682185,24.491254711792095,30.0777019948165
35.67631977162793,152.01635907164706,24.578489934662294,30.13294639009917
36.71730571225588,151.14569922112142,24.669459738129298,30.11595970706386
35.97747996180244,151.3852291419729,25.11062022837028,29.851243413181923
35.89279232243388,151.78963546470288,25.427082932100923,29.373489895768003
36.32721372191442,151.81206287106235,25.300431686255674,29.494229303210467
36.74691459378765,151.80482634446173,25.2536486940351,29.51359267863129
37.143293714677306,152.29437219558977,25.33709887682396,29.664712806514387
37.59326215177209,151.66217717706033,25.39263912112652,29.555164044668878
37.295865527082945,152.39567614752056,25.42930139096684,29.44126843014153
37.344391203631325,151.61808261923312,25.126733580312404,29.764118011893377
38.27258290632557,152.53551288724495,25.200976448079132,29.5749812956024
39.14839231168028,151.74085670640497,24.869387635195324,30.09471369836667
39.59601712932327,152.55409723931092,25.128240444558088,29.773207426942555
39.701021981788344,152.21268093382466,24.869063900058137,29.7008537185639
41.19376046659144,152.36223946182088,24.58523302000578,30.0025026060987
41.68208423867313,152.43085672641536,24.57411986486141,30.263475562585526
42.04271120915163,152.8910695489572,24.64545678045652,30.048568640035995
41.70827278189144,152.9304613754228,24.391477363709974,30.56752545846792
43.05068552439687,152.50203932487096,24.39196295772439,30.536620364472693
43.30649045833552,153.82660612063842,24.683341321029197,30.266393022937805
43.440891977648796,153.7033265539429,24.932079214104295,30.140008218550328
44.5691633235003,153.58418561563977,24.771653542054608,30.413699992722442
44.71894884844093,153.02738857508126,24.867021288932,30.22256842686684
45.16520815632584,153.03109051626637,25.043809881223396,30.169420460674786
46.13580201912319,153.72482144666952,25.161317948780553,29.65316667157722
46.63168466076297,153.77346177365342,25.353507142811175,29.273349868584425
46.682029864339,154.13282331472146,25.310102141354555,29.032956504561305
48.26028814222614,154.13469024251847,25.28611007593672,29.057398174334516
48.26821478508551,154.6244370378113,25.494595604834174,28.59383982592493
49.87827132638787,154.72337198436517,25.422003302792813,28.727524852298487
49.43281904691535,154.74074493792335,25.433201061753877,28.779255300973176
50.41952350826947,155.0852582065888,25.007543446533123,29.07224496942998
52.12453262536183,154.63394389804367,24.887196633399427,29.291567726954508
53.44927228743314,155.19682032288168,24.641872086783664,29.08295643401828
55.60611291350297,154.85786960795764,24.790389092090294,28.67510215803291
55.81624075809691,155.08297078461052,24.886699321824842,28.546531921760145
57.4999131117662,155.3025856747363,24.729863437881036,28.491183263382467
59.275083038820696,154.77055792539196,24.690175887467717,28.56154690044169
61.41807698485913,154.98622922539488,24.315623599486315,28.811615328344168
63.05771339241914,155.54815456788987,24.407577095096272,28.50443535916304
63.36216014699417,155.30814551350906,24.712054076020365,28.460866598684852
65.44515848620017,154.7990607746405,24.974975759272173,28.295799954290594
68.01102051428397,155.75706088310022,24.726914880594826,28.656724824346252
70.69692151520213,155.23581517349555,24.368453828770697,29.01222556524523
73.04555060888902,154.651149792576,24.321138039468217,29.058475954273952
73.50004950218533,155.34036683434613,24.549859407233484,29.0693388792481
75.27438541485478,155.82548391108935,24.38121654498359,29.015763425274166
78.10493763226066,155.84749924262005,23.884428287540015,29.710244801397348
80.09868061090746,155.54764816697033,24.020578099136777,29.56662136160942
82.43570979033252,156.1769968788165,24.13012197798807,29.157307888150516
82.77348064086172,155.4619837263994,24.416185825788332,28.847795523398545
84.9734114857656,155.55699032137312,24.64706620903965,28.57263297076783
88.3054850732852,155.34830924576568,24.29748421573263,28.87721019240915
91.00810964032601,155.84247771953937,24.125181477525018,28.40376469049854
93.35393966693505,156.59353680924286,23.79722181416902,28.523420350088408
94.528734207144,156.1997730426685,23.921394530702393,28.693303573239586
97.26157330472321,156.29865230643975,23.86689587808548,28.678235740625258
99.45128541481267,155.93928605195583,23.933778840218558,28.53514224699528
101.48744158790154,156.79729224338453,23.822367992835392,28.24028686658692
103.94977605545039,156.75143947074497,23.815173804441805,28.360525028660184
104.09053504832191,156.34564706657432,24.19193595289979,28.24857240385406
106.44418547221147,156.84386986100458,24.06912349699689,28.250274243029267
109.22434403611534,156.94193936674066,23.954176089648143,27.944760015490267
112.0929982040654,157.18170029670927,24.050835439447496,27.78425422472688
115.04727020529495,156.1149812559895,24.033397565681014,28.312153461104103
115.70784197108273,156.08871542008853,24.160317288461833,28.745458408996658
117.66505780352797,155.84805520598292,23.941779626485783,28.67505821800628
119.79353100481502,156.04910026568334,23.847758944126518,28.70575572558713
122.1644898058882,156.16347989808224,23.72706336117575,28.80988470637194
124.5976010274608,155.7087102111996,23.496443869080345,28.97919357943914
125.30774965186475,156.41538425450247,23.56187035417439,29.126204255574486
