643.5,293.5,15.0,64.0
642.0669433816782,293.23887800517537,16.529719820715652,64.28358651513147
641.8243901087228,292.7681043461589,17.60395766230739,64.29325842546862
640.956482914763,292.9842409367885,18.05949253305339,64.03572971611695
640.7079072766228,292.0235940509575,18.185537154928202,64.38690291473515
639.6550223210329,292.4965664735199,18.288744066382556,64.58384244327524
639.6913020073647,292.3546466416906,18.452869820738847,64.95250687762291
638.2264643383082,292.08107519945594,18.84736149071527,64.9644486893993
637.695442508615,292.4171344990632,18.98889706342048,64.93558335699615
636.1608330924162,292.93517357584466,19.405676778386358,65.1844545061066
635.8233586118231,292.66945254985706,19.761388268945655,65.51143265894616
634.8337850514534,293.3209918250942,20.091055762075698,65.81562983288286
634.6101983069989,292.56300587625617,20.35295609541491,65.90032385942708
633.8332547854177,292.54782242009423,20.229430032612616,65.78461184244591
632.9757353367667,293.0139437382821,20.262071564344577,65.64325596582819
632.5652873910244,292.7216330117388,20.138831372703052,65.9885547267589
632.4023346518696,291.49600381798746,20.30503072038873,65.93648836717601
632.1598031863768,292.08035640737944,20.054460397322952,65.37864586072101
632.4291876118684,291.4728337823351,19.730001760263306,64.64040088673431
632.1614076051424,291.23470947442195,19.526009633479514,63.7288017213794
631.7230130413907,291.4434466240722,19.099072683903053,62.768448555883204
631.1279566703631,292.225780377942,18.824858090600564,62.88984815248317
630.8133333216907,292.114058786031,18.801700002789083,62.8474420142245
629.9223945070403,292.08102476369584,18.91278397955561,62.733755652681126
629.1272217807582,292.57423052862316,18.846129963316386,63.22201536744773
628.1902393363803,292.73809703936473,19.13291888676309,63.81984121103498
627.9458516854759,292.53572779979567,19.747393008328267,64.92261880464831
627.572503159913,292.78305314898927,20.09364289944855,65.66736074446757
626.3030179677246,292.47394937148886,20.750011307430572,66.1118773098549
625.992117403291,292.1526435107823,20.997745994046625,66.77131249254725
625.3885020411718,292.01528760151615,21.048741500236964,66.96915904034576
625.062501545047,292.35208531607134,21.036507675458573,67.38100090905647
624.6215130287153,291.69897537340734,21.149049361995296,67.7965272490429
624.682061085962,291.28999171027436,21.126917528882018,68.27737210516844
625.5241899220646,290.61644230387,20.98755252540102,68.08710858086474
625.1931517458381,290.1759696046795,20.9834212066886,67.42134515699539
625.4314682257958,289.767663495847,20.7106385607943,66.39868976315675
625.2037360481593,290.1798735612821,20.435679465597296,65.03125242371041
625.2986917566935,290.7240984612356,20.044008605841796,64.90477378755304
625.5119428265782,290.76025910654664,19.914578906458356,64.50138708059485
625.526855570538,290.78503003702804,19.781744194600584,64.58930042972173
624.9982920689113,291.1268157047121,20.015181021843993,64.86962673982714
623.4380568501243,291.76472473626114,20.03988324614577,64.68609347535123
623.2954930167539,291.4269816212602,20.235629776886515,65.29665725338003
622.7443357154966,291.67984749801576,20.757867208075403,65.5126382679469
622.6898787996261,292.6609969826402,20.99674357352891,65.69565995261337
621.852952727827,292.3951952434692,21.51422901123266,65.98466099322087
621.956086999665,292.2644323670953,21.575039344051962,66.3642968886167
621.0711428382766,292.6277320937448,21.901847479984735,66.06824911326012
621.2942141221392,291.1831321491811,22.059004530026975,66.21621732247104
621.4271528841255,291.14057613690056,21.911472154915877,66.25956021128871
622.4179429396514,291.43611973314484,21.334134321009216,65.7044208222081
622.7149126601564,291.71450903122394,20.786842257311573,65.37255559963941
623.2863715662033,291.461729625614,20.05312478572697,64.3816917624294
623.3527488896365,291.1183412799021,19.639221645570945,63.88290345904121
623.4548430875735,291.15243915334344,19.192640873631433,63.484565929397974
623.2014377882925,291.78112897977576,19.035941626459753,63.5334389945051
624.1558232064707,291.3743197931966,18.762532461551213,63.8420161856222
623.7731882428106,291.2306546898974,18.817362528050566,64.19134848109523
623.2697516315575,291.46264434145417,18.968774391532943,64.59814493720182
623.2535194397086,292.3435617674254,18.879149851180365,65.24793880840384
623.7484866477135,292.6832013751849,18.920836891316743,65.67864196421516
623.8980038794451,292.1731667201103,18.964934059466323,66.39718991349008
624.2787495368641,293.4989217854443,18.924367420093056,66.43302600283867
623.7261775033112,292.98802497138576,19.13037589759925,67.28089926776795
624.4214319287356,292.8300451643135,19.16186924306235,67.03971209426902
624.4432893040092,293.37716719817047,19.130610890040963,67.63213642255118
624.9971340566622,293.97767043430883,19.079004229469312,67.96173133253
625.9176993624349,294.3591792095755,18.82929987124271,68.53726589934446
626.2384466911352,293.88418695202057,18.908943869981435,68.97275188263586
626.9913956655743,293.8130666796155,18.865190534369244,69.17132932207745
628.0543580265448,294.0396389233658,18.913776529819987,69.06438729748828
628.3118799119627,293.4679032394695,18.78236467383829,69.1130333974893
628.6722021678934,293.68956997729754,18.86248192125824,69.03737427257165
629.2999423726103,294.23498845909495,18.95954176641724,68.74985271005411
629.3949003400149,294.44009919522284,18.97762138045236,68.93623516779482
629.6913510588436,294.9498902481213,19.145741318451307,68.26873087395438
629.5419725789425,295.23062854875485,19.443979013473026,68.13795019386987
629.0826671688583,296.6017914260141,20.12546288719215,67.65753154002894
628.7005422582399,296.5271587225388,20.482651399806418,67.80011266185659
629.0877323890198,297.57348342479946,20.846698634202973,67.59789752247198
629.3485727997738,297.4948825434387,20.94004911467038,67.9163210874282
630.4474265204659,296.8322806109403,20.883850252540167,67.99157108641992
630.3873031092495,297.69787154098185,20.943133768397097,67.6225952085451
630.9878177462296,296.73294329298466,21.233522260054386,67.36270532468718
631.4727152943171,296.3982427336366,21.090885197726934,67.2079337677737
631.3837168838527,296.0395336167195,20.97078673276348,67.0955782179242
631.9907339751422,295.44821792004444,20.6323378081914,66.64114277014883
632.6311432892901,296.0385375827311,20.22300536687684,65.84258137713323
632.4209103943582,296.84976495401895,19.907054280424617,65.62298608394414
632.6436091413354,296.2277317571594,19.78457123783081,65.53830294019532
632.25909636657,296.8616023836995,19.489008121399472,65.42741333639945
632.0434419165064,297.2074887082961,19.487410006441458,65.14628423497959
632.7953621571186,297.809406258656,19.490617416833945,64.86275039282381
632.3889911969198,298.7094299129002,19.597229428669543,64.93672568737043
632.4665025097418,298.1607579704292,19.61264227634867,64.68403080545144
632.994775908561,298.41339887969866,19.81548809784323,65.49383034486847
632.9401551972504,299.0752625616349,20.04719560035507,66.30814280834286
632.7036745221424,299.68194381711174,19.88495108566477,66.29602989684588
632.6143112408379,299.5400454493884,20.034898430300526,66.51639608457832
632.8387179276622,298.9780241781477,20.212449526180105,66.85684288626462
633.5317853573675,299.4307037078823,20.236332157156266,67.17789242760259
633.2001071152633,299.7451795078627,20.365359226997064,67.68425111988574
633.6895155617941,300.045882679324,20.474768294667083,67.87614039883506
634.4282186149682,299.68638367414025,20.602745346049037,68.25413624293141
635.2885189532564,300.1431461763775,20.707582334458202,68.95677508828744
635.4730460883575,299.698359357065,20.730796215300806,69.40286847369298
636.6349744244368,299.5177846402495,20.335992492094036,69.38601562136664
636.2767288713721,300.2222530196806,20.500814835062656,68.88875425608576
636.1284435663271,300.1667282958226,20.52754040650038,68.40188495494613
636.0750626620421,301.0759582484834,20.57914326095652,68.23412621482385
635.9000436916994,301.7172576786046,20.380566461270362,68.22762155280836
635.6351193803922,302.19530849551785,20.69601947140622,68.4930523830093
635.7710858128285,303.1521523215903,21.04937980178157,68.53074701026046
635.7233209797118,303.6638617075626,21.113370631356666,68.72352906686805
635.4714376632037,302.90995713625364,21.420376252295778,69.41258049664495
635.2643739063541,303.32215732119874,21.362831141645287,69.18197256526187
635.5031045834794,302.53382256846146,21.34055460470892,69.55679523273898
635.5535681883555,302.45511572642016,21.290169596803466,69.84040893713484
636.1341274851403,302.07129203715266,20.928317460791412,69.7507296292875
636.935262192298,301.9610381450377,20.609677106267842,69.63782732926981
637.4806009245436,301.86584576123664,20.37908059918903,68.79475779789887
638.0134074190711,301.34004725533197,19.84683005834963,67.97379919619047
638.6745855398347,301.61545319716544,19.195245892475576,67.51755715951133
638.8538723239968,302.7597141943636,18.92761338821095,67.4461596272426
638.632599500291,302.2174895071585,18.812676614224458,67.400306334035
638.2915659707335,302.6432822549578,18.875054149165965,66.84630555094179
637.8460918940154,303.1016166844649,18.781361823514068,66.38532630097836
637.42785053225,302.71373846858927,18.783098186266187,66.1838656545207
637.8765690959933,304.5880949152448,18.601920121069703,66.0127134244328
637.781110620793,303.83955946117527,18.51910244231621,66.8151325500593
637.6419650460191,304.3967375588555,18.576290534598673,67.80937267961951
637.8430654833227,304.50158621735136,19.167173196616407,68.2922245316913
637.6161428801768,304.7555217584398,19.370439820621364,68.72889985101519
637.3229955231367,304.7713893152595,20.01794671302127,68.75278715858076
638.1828550135434,304.90999235029096,20.169580047156828,69.33668200061203
638.7811587216007,305.2844041785759,20.282579898421954,70.46935906501987
638.9929014601952,304.6027928675569,21.0600479048147,71.37053059347949
639.0843548148009,305.54229081435017,21.47025855190357,71.98228930423257
639.9962373094022,304.8910251561165,21.529269107821207,72.50677311865913
641.204674491214,304.5230396865842,21.42041104439908,73.44423933262506
642.1182365797341,305.40413772486374,21.05077433130984,73.92559784819859
642.797832218451,304.90522205642384,20.90913798074828,73.76459448926232
643.4749436972506,304.25014491497683,20.94940264254906,73.17219521380677
643.8954477502019,305.5227418064527,21.028851482542716,72.11397090183276
643.6589052218814,305.640182676093,21.257089956771082,71.57031105538591
643.6549732371951,306.4188425231294,21.336285851833843,71.00424324720407
643.7576213069538,306.45117994174325,21.29259192629536,71.15848735934199
643.8506324830744,306.76076313245767,21.60339580553353,71.26146212457303
644.0843079409912,307.439526095981,21.768328696500863,71.27046280122494
644.8872762373525,307.87733352311994,21.973902428256505,72.18351729471024
646.0224504521027,309.04955705736216,22.184815728950035,72.79291954186905
646.8226088494716,310.43303904093074,22.34927432960569,74.24932946465499
648.2886695390685,309.73872525344274,22.429984161502126,75.80238047555751
649.1793204236559,310.6921355415217,22.95909932920152,76.92789780337603
649.884196860905,311.0163366578386,23.055411704146408,77.65772673853544
650.8064726954237,310.5653417822079,22.91712524621432,78.05836167622115
651.1710031952158,310.57552292466505,23.21621313617182,77.97365534280681
651.70997217057,311.2941501043002,23.171918907997437,77.94310481330183
652.1821677751518,311.7431301817745,23.28172620232821,77.5098703613542
652.0769476585689,312.0224679820102,23.091724043859983,76.79393870898483
651.3032704884635,311.8124120455227,23.235178952842368,76.11877351096061
650.6214645848472,311.09901774280024,23.344287867580576,75.57059988190855
649.6823001467626,311.5423175768877,23.468123030370766,74.2987868982467
649.3962218960604,312.8420356033937,23.7057324293239,73.68799222649838
648.9214385967568,312.8389603734778,23.923422773849353,73.89522460302014
648.5307883855949,314.2859347570601,23.84462346329743,74.00028830610084
648.4926412176558,314.366833768819,23.937058122307917,74.59055731205918
648.6633168885538,314.85735206243197,24.0500855940169,74.72715084892538
648.754563429196,314.7779188186329,23.871200930429872,75.37165097800496
648.9935113652213,315.2647560047089,23.860732550521057,76.08099183317073
649.8548382136266,315.54832382848434,23.77428166590512,77.25431527013059
650.9537403898229,315.3506411757919,23.69770004796391,77.90581010856792
651.4421240269174,316.40814111366905,23.738270572847068,78.76133907383235
652.2600199182225,316.9625271025208,23.487655568076576,78.72617632903135
653.5565326188696,316.55121490126305,23.00397703339003,79.06483244384054
654.667634988064,316.8521454615743,22.439518610003688,78.39976973929603
655.8097536504679,316.6845289999456,22.35156677141724,77.53923204125373
657.1702401906324,316.7174590662767,21.78741684935248,76.3158385013802
657.7362772095447,316.37615855198277,21.51054894346283,73.66013381822184
657.9645046332221,317.53548890658607,21.19271788506111,72.7218178575123
658.313778827511,319.0290645253935,20.935080640501496,72.05701831400445
659.0301256388974,319.4210461836629,20.634342283727406,71.27928917997623
659.274270810712,319.7402862325302,20.456435021534382,68.81712069437087
659.2170212570601,321.6762643059017,20.671996463912045,67.90838872021996
659.6843294392444,321.2504912316919,20.62680245662594,66.9735695980249
660.5428277886114,322.22075710620237,20.77813373316514,65.99023533635828
661.2407469081388,322.67448792124526,20.653268938095128,65.46501146848522
662.1047329532562,322.92461322900937,20.127264564077365,64.5086698960307
663.1377588261826,323.6508766357124,19.536091367800395,64.85558954620953
663.9773040479685,324.0210599460934,19.1386008034935,64.63984202792567
664.7010189164756,324.3663458805338,18.94062604160738,63.83934398744391
665.6339474045866,325.42679826065546,18.814236686235102,64.00175750837435
666.1889899977358,325.2503361725806,18.783934105107907,63.54208309844162
666.6692700791556,325.85186185837046,18.465121893775866,63.16491738035765
667.3461963545827,327.2415003482238,18.311191666148456,63.8541450679331
667.2790999194959,327.2658342175469,18.402144909288634,63.883379013034606
667.6875862215935,328.63748984317033,18.562246153340993,64.45994133318365
667.6338690384296,329.2237637699754,18.855398430197084,64.34988918803916
667.4172508132293,330.3684612449545,19.28171133404857,64.92917137736308
667.0608848436722,330.63371469306776,19.842289274549646,65.02914494940984
666.7200468946763,331.5977489497175,20.213951729309606,65.90683705813477
666.155761580288,332.8472417277773,20.63789663234014,66.4882038083812
665.882630906084,333.89480297082986,21.048716185756504,67.18480457361882
665.5967012494555,335.3803354630905,21.526298750416164,68.09858007753144
665.3617983178287,335.6094308008315,21.987752809912266,68.39673753513658
665.4106360121333,335.6598280141177,22.237558195229,68.67578559852195
665.2154622097103,336.80905080177996,22.36405719730319,68.91530102936204
665.3862033146631,336.59002731260705,22.34038984416524,69.1425215660622
665.4939224137245,336.3895820425465,22.52796252102921,69.14913167252851
660.5908307581014,337.0364396549162,22.294634151672092,68.58755126681993
661.0817083924012,337.5206184027945,21.100330463239473,69.17391977566376
656.2926894536382,336.86243044253223,21.1439483273378,68.78589253418582
652.0965748095651,337.3536422219902,20.944742183049783,68.7254196731687
646.7622780344307,338.14421062298874,20.173673753643413,69.51883392898716
640.9600180490604,339.0956959218786,19.645724547137906,71.05237007940693
634.9297903018289,339.51808244975354,19.181914752294134,72.79649830501387
628.531137457097,340.39329283320745,19.10542493241985,73.86881237086968
621.7255119607801,340.0905384952971,19.305617499150333,74.38634339145848
610.1974884455593,340.7519178011641,19.33355211809276,74.64677343271669
603.7421122032424,341.00520995387376,19.823016112431088,74.63642148789876
596.6813329835994,341.9290527745272,20.305139737264057,74.16491268069838
589.5575498793992,342.2580549023563,20.595402898484306,74.4679619156789
581.6319812198142,343.04453153490056,21.048488955752532,73.85221013145585
569.669762844344,343.5563228416541,21.18145613271828,74.20375709844657
562.2825308140741,344.8763431643194,21.335879299703322,74.70382050852062
554.9335810365626,345.87221459909284,21.42001504552228,75.85186269031955
547.8838823401268,347.1667402927639,21.70290986728783,76.67318117602426
541.0800619331188,347.5800439222568,21.915883055876563,77.58098873294125
532.731538268992,347.98988883791765,21.815368738622333,78.17933142858946
525.6503330523229,348.0089495277094,22.024040005700776,78.10085388607042
519.8682578422893,349.1370574870472,21.95863949193009,78.39996013765239
514.5080039099076,349.76836340601847,21.621934527103534,78.94964421340609
512.2123451982649,350.7126691550996,21.563779236918585,79.43776911775551
505.33381574473066,351.8309810209019,21.378987481755686,80.27966592257363
499.3975132699765,352.8228715483015,20.900515351490974,80.97135879622591
497.64414405266047,352.695898289099,21.109749361074293,81.18640803125568
495.13922245874,353.58542163483537,21.316589714595104,81.11339373514575
492.51286009389605,354.04077210712484,21.543761694649213,80.8868770437826
489.83225131490065,354.8339796024724,21.892446064773807,80.77598647859409
487.3954364838722,355.2674716181569,22.501161691033666,80.7973438740745
484.938572688773,355.31840932960796,22.505851691205198,80.47002556481985
483.21651026203006,356.52749963622756,22.458538394285192,80.45943796343667
481.60015942450275,358.32848330112614,22.208117720554327,80.43816673959654
479.83647538474105,359.05525676651246,21.98227597074726,79.51225627723443
478.8053094111215,359.7152651794685,21.785784284792427,79.30272381297091
477.7401189236644,360.6017461752047,21.766136077272513,78.006597817411
477.4691145488293,361.3121229601661,21.330415923649173,77.38627663150235
476.57131433448745,361.5700096802398,21.335057113326844,76.75229186982224
475.9526673749714,362.3179541664656,21.467127615076787,75.34519645078267
474.7770901298259,362.22340539348016,21.627897002142006,73.84378515428521
473.5148832364991,361.40556573598604,22.045248925850192,71.72613233121199
472.7324571440712,361.15643707218976,21.924110181102336,68.80394469344199
472.53917496009586,362.0396356719301,21.753823400447708,66.16122945645131
471.9546749513881,362.31814247363934,21.545262325486497,63.69819914561256
471.7951203244969,362.8073510621788,21.059449356177723,62.05620411390029
470.5339186350197,364.09879629428053,21.145062268823605,60.180550118488775
470.12702205078136,365.5250391533465,20.663474725744805,58.86925287882672
470.0950215615463,365.28414523355553,19.920565427802025,57.334981319757546
469.51819530531424,367.45316542357807,19.364048982555843,56.85512837676989
468.5953715221685,369.1429841244702,18.85047246780793,55.887364554010894
467.5021685842159,369.60545976398873,19.024754997384363,54.99454863491675
466.6334267769822,369.86860077469464,19.02612995115375,53.7248740864015
465.9216082406555,371.7786815216967,18.57600215125632,52.70179167870113
462.46470498702854,373.28684990997385,17.585847953706654,52.52159100482318
462.0293399207774,375.2492296402305,17.334616850208956,51.8522157510817
458.7840000771467,375.6405458531699,16.90512670714806,51.10725780811484
458.3564827143049,375.42405831909264,16.466345343201453,50.45985458227818
455.5468229699741,377.49317562277196,15.99814280198649,51.19416187936906
451.95169225800083,377.45836185180667,15.86990847550564,51.11081772146579
448.1661337198651,378.35619183351093,15.919005211811289,51.03448985701807
445.38946197029856,381.7554336318355,16.281252881934357,50.39553880736608
441.41121221592357,380.94551057110385,16.25638623315266,50.37852360451907
445.16909630436265,372.85764961641297,16.974481886840827,49.12822203062443
441.1119814066951,377.8244103964028,16.97344202122623,49.062759628969914
437.6100080897132,374.5623251891441,16.932002817635183,49.08970332839955
434.8234247070538,372.980303120159,16.98047132550762,49.00385308580017
431.31298414333946,372.174411874595,16.982806825342294,48.95601958342844
432.25365854546044,373.78978494728375,16.990501113828063,48.93938095147875
428.5936460998039,379.973142951652,17.058420769087615,48.72899981975634
428.5622097679465,380.4527326494491,17.0822234114413,48.6694916210997
428.4215281929402,380.7609853522944,17.112012939227327,48.60632563715823
429.29287313267764,379.80354713066407,17.20433919115334,48.49520086543786
429.5902780729029,377.892996340312,17.329584831237433,48.35444417358951
422.28606366882013,380.55686761938813,17.43961009020857,48.15232293425441
422.4257827462234,378.8982783050976,17.43512023433328,48.14073164057894
422.6316337185049,379.33682454153865,17.422000450243107,48.134548739344524
418.67161938721625,378.58521824289505,17.636303919796614,47.91969440586083
431.6800190550149,347.2091637681646,17.433789862519646,48.38995826254821
431.4657833393683,346.1003259140597,17.240221200867836,48.62962391235514
427.87185319381814,347.8538244991089,16.84734342434118,49.31975980652665
428.09738401624924,344.15752233923047,16.47685401208295,49.95639650924866
427.7826328597624,345.2852122158774,16.045341315176696,50.40361294354641
424.15489467548224,347.68814579672176,15.735264972250135,50.755036240536796
423.82066461730705,352.9903374359975,15.443982780937482,50.85218055750538
423.1186476989192,352.8200709497746,16.30966537993933,49.12606075514026
423.0889711669226,350.7425435009112,15.793653973450706,49.708694817372134
422.8339467196371,350.82543391975696,15.628464735544883,49.57959523314364
422.5257684714526,349.7397891662022,15.366485159945814,49.95851728190969
419.0577457696207,349.1884172229076,15.137193477885717,50.37527321912747
418.98717392149155,354.96953177493873,14.88841655203366,50.3470159015643
419.3575612941389,344.09869496631075,14.417128412859995,51.09064455116895
419.7139761322926,345.5829131520828,14.264091374377628,51.55664998451057
419.74188414040754,348.37706056585154,14.307414020366714,51.503348805502284
419.58108308588726,346.02100177167415,14.187344161900887,51.74444235744958
419.3897551248229,344.7269869833051,14.092057438479838,51.83173903547553
419.1384698313318,341.9812284024657,13.952509869505725,52.48385876673437
415.5142284762272,352.6015886899261,13.906822200076409,52.186112282389765
415.91216678457107,347.6167014754168,13.865192593142794,52.24874597959685
415.8968647654128,347.0577102868155,13.823774886314062,52.31041913362432
415.36618021579966,346.39348453317234,13.770197262555907,52.35753266445495
415.17791590510757,344.94155468669214,13.766548356274079,52.30559563881802
411.814117284239,343.6377340997203,13.678418364124452,52.41477365892252
412.2157985269561,341.96105473412575,13.64476248555513,52.49688238057495
412.237638639969,344.3417928770382,13.623639343046682,52.626897507866516
412.0224939932326,341.4459803322596,13.5745155741854,52.820023299328014
408.2019429293763,350.1299860632505,13.566466376672235,52.786801113469195
408.42985490906347,344.22980544368596,13.465956880674836,53.048132277525085
408.40072070091884,342.15497687354076,13.420411462475759,53.227120148253654
404.63865023685526,345.91636245413423,13.371814219979154,53.291753238165356
404.62481219881323,344.48253852173667,13.360174044189234,53.323016568124714
404.3654363324208,342.96151842093485,13.364496326938902,53.352145211577074
403.80915074797133,341.4025194905707,13.394240166202229,53.38348221033642
400.1014844538631,346.5435241940015,13.436709938561734,53.22822661054258
400.04574309887136,340.1715283496506,13.453877752975052,53.27318456206185
399.39337935602845,343.5215327608527,13.472983834013034,53.26142485083316
395.37672760521764,342.86593288080786,13.475052594423667,53.25684540178585
391.49238457341716,341.6413263507561,13.477229125096205,53.24765916608248
391.31057493233334,346.0237126504704,13.470842382426351,53.20103765918326
387.35271969569214,346.34885162297195,13.49143318865552,53.117733758026226
383.27987768938186,345.96795930311157,13.51111012119792,53.126160927711446
379.29999314389977,345.61638063075,13.534625664493712,53.10700159009591
375.36073396966486,345.9361818768982,13.565065285241339,53.046135581850194
374.8559222262795,345.1357597381834,13.573092440415572,53.07305197994624
370.5073052858249,344.16057074727337,13.602818196019724,53.21673545416752
366.3172501664061,348.14842793599666,13.611206213482799,53.07570497183196
362.38258394268706,348.29392024676906,13.648526484407194,52.952200521014014
358.5290091377496,346.75040449153107,13.643314281690552,52.961278931285484
358.18500567719497,344.63381975168033,13.624575578257527,53.051315724371975
354.20187095282455,342.77746505257414,13.62034312727912,53.113046557368264
350.3494454356208,340.5030964117951,13.610088151249656,53.186960364042264
350.1417295175479,337.63782572899356,13.60005955939596,53.21949176184153
350.0301086848347,339.1092441942313,13.591744779462095,53.2538732208772
349.6142330212962,346.3936078451242,13.61175433722546,53.21532780385689
345.71527881406854,346.0857458379485,13.59147122336033,53.346411428527496
345.313607290589,343.86437543823035,13.601086753191458,53.314763151730915
344.93316275711254,341.19141051419444,13.571843476375316,53.45220358177285
344.7770402010163,343.56654535942755,13.572145236345369,53.46073153687555
344.806595518248,346.6203516179885,13.561353975161733,53.50421631742212
344.6675291717844,345.6212264265067,13.59087980745131,53.53805115015373
344.64868499008554,344.4170485013521,13.619952510367845,53.629548470418406
347.874642508243,351.2191784047905,13.775725424187188,53.396511159574295
347.2273070563489,353.75758678061266,13.854444050791916,53.137191184510826
343.4683660561491,343.7953789780239,13.880267774061348,53.167373086074996
343.6409443441421,341.01008745368404,13.88485229934035,53.22839841075579
347.3125457780733,344.0627317961746,13.911318868886367,53.24657144910224
347.23501504723123,342.47422505432723,13.902903163083382,53.40694331597572
347.1524278884268,339.946349318428,13.88689324845719,53.56937184313303
347.37023821859526,340.9368800172989,13.888646524296686,53.613091195665874
347.25059263040214,337.0714377263257,13.86737805240753,53.699803585992434
347.52858252717493,338.0470809123058,13.870599022564281,53.74071985361205
347.72378218648583,339.66902113186495,13.864674368869082,53.786224256412666
347.8632732007489,335.4981738842302,13.86722048541771,53.86301377579108
348.0119795043345,335.9703549260265,13.863244107475527,53.896572582052805
351.44188295286244,332.8560478230584,13.891904999115884,53.976584779169414
350.965959992942,331.4784409440317,13.891422594638957,54.00174773499199
350.7850917809295,330.2386804315095,13.889109911827463,54.02061378605262
350.4328999780925,329.26667816853654,13.878350432975438,54.06306158172818
350.3820026481848,327.9097361071232,13.8716270138676,54.10089837942061
350.17573097457944,337.2555123778504,13.852093638694914,54.152908536330564
350.14900615641164,338.45825538195675,13.853214979024775,54.210862469524
350.63143087082403,339.74975399955355,13.898620529333543,54.22611657710393
350.73083773359144,335.328800137328,13.894530037379322,54.25977005961159
350.77161320973653,332.69242946856764,13.893966583253304,54.26833931995343
350.9198123647359,330.6758699581749,13.886400311895578,54.28803060636378
351.17418780138325,329.2123190508254,13.8848241689018,54.296259349392415
351.5257502249917,327.80208575284945,13.88324831527236,54.3007145165112
352.03553856533864,326.7103027103494,13.880413983249488,54.30985142327333
352.5383098573956,326.109768727796,13.880800392360658,54.31908601149574
352.91783006284845,325.7635763893373,13.878910214246899,54.33680464131694
353.3776799024537,324.98702009253105,13.879213591562598,54.343559960873925
353.8109195766617,323.42208540273697,13.879191049806247,54.35276331339302
353.8911033296196,322.57105920910743,13.87810755441995,54.370342543723
353.82615586002146,322.2891069551547,13.877026189204358,54.402664457710635
353.9714174499585,318.70678719785013,13.877822707425572,54.43838913925094
354.0274773092644,314.2338527527495,13.879813250015712,54.44714903592197
354.07221157329224,309.8542447876979,13.88096310882466,54.43830714284396
354.3351601107483,308.3640217641049,13.880298229766696,54.43402008532421
354.5267752800535,306.39038741361645,13.883110158240358,54.42582108534283
354.9828477339284,304.41163256483185,13.883895977495573,54.422358712218085
355.2748419332498,304.94113616193374,13.885108007815612,54.41974883685428
355.6984575352963,305.64749938552836,13.886287171688213,54.41582191874072
355.61614547940803,305.50647896530745,13.888064822526292,54.40915544326076
355.7037100827952,304.0562368289374,13.889370475385363,54.406363034100735
355.94688170264135,304.61097367670044,13.890505611128015,54.40296522148638
356.3687443237628,305.08004050230807,13.89211829622648,54.39679662335263
356.76669342792337,305.751321297,13.893193197150735,54.39392774579893
357.0601294101849,306.3641864150066,13.898018567870825,54.38284504129517
357.1570281541958,306.92513949166215,13.90322651972652,54.373310213476906
357.47644260054403,306.6591322999399,13.90547448984219,54.369089622060194
357.672791280924,305.70428370664996,13.909620443253111,54.36316183248198
357.85915235175435,304.5674622062726,13.913945214500925,54.357538475814806
358.1599859380087,305.4504866190007,13.916098485145659,54.35292110597086
358.24700722167466,306.6969158932727,13.92710910244212,54.32394691106448
358.1059075346639,307.9955143923747,13.93358811856881,54.30969287550702
357.9908646595117,308.33337667052285,13.936959675052204,54.288829650196675
357.9571214499235,307.8826711235802,13.939573628200941,54.27436095806738
357.8224173293209,307.36886959545114,13.940671918577582,54.27009698704281
357.5832096264427,307.1228087888278,13.943428788376595,54.26170623876303
358.0109368737365,308.04725899027716,13.94390593346032,54.2601173325989
358.0667871959987,308.2877889819978,13.946593985785341,54.25442555089034
358.18344418417155,307.73281947028124,13.948192270806388,54.251317928205204
358.0408361239129,307.33093013373775,13.95118740185795,54.24608251933725
358.1869611572887,307.6352730980423,13.955632299276912,54.23163958074503
358.3388141368404,307.56530130896226,13.962885917733898,54.209894190365944
358.00661480186295,308.06537903153185,13.964583457775502,54.20629604054925
357.98388685750336,309.28128938706584,13.967441702463562,54.20414614018071
357.9211429579524,310.4000161823759,13.96882085922581,54.20164714512634
358.01043154584676,310.00653680890144,13.9770118427074,54.19509611071465
357.6424198670758,310.97424961172663,13.982131395947091,54.19335294677564
358.0661465791137,310.1153903365637,13.986839260132708,54.189444142479665
358.2502988394632,310.32174681385914,13.995132412134632,54.184481377193194
358.44122473212946,310.7465208910314,14.000008615521953,54.18424886615918
358.8773921545461,311.9852131268686,14.004614736341127,54.17303613597042
359.20095145033144,313.01422666048245,14.010770859717235,54.16929578711122
359.0314288936865,313.52464871241347,14.015368678533529,54.16699313851798
359.33521518833305,313.60756125833603,14.021211986132926,54.159864519317665
359.30222415125274,314.0209553837517,14.023525332418819,54.160456985287055
355.49404325885047,314.684031522794,14.04307439215621,54.14117004171329
355.572869415519,315.3787293096672,14.056380567998785,54.132874407313146
355.7990870207347,315.9809194528852,14.068875295883663,54.126369024556126
355.8645376848649,315.87485021026,14.085440776180812,54.1128085022954
355.67319949741835,315.9436304242288,14.094621751121975,54.105346923892796
355.48189712696046,315.7889006784694,14.099159713854752,54.102261801334805
355.8531566331556,315.97390392488154,14.10724044340023,54.09089913833315
356.06933238458265,317.05394170927093,14.122379215452268,54.07669020201589
356.14273106245014,317.4206637513277,14.133546536335885,54.068626359773205
356.3750058723935,317.5835508928516,14.158889101183545,54.042254730896495
356.4451101405181,317.56163116707927,14.197591118389582,53.991814565370014
356.55177662172065,318.05440077443643,14.206018622679409,53.9883240409747
356.753004859942,319.2173594546348,14.213045787622693,53.98374271153812
356.80641522863795,319.4744719892072,14.217960483570844,53.98484080447213
356.8714161996571,319.975630264857,14.22550797166446,53.98260173921078
356.98997188820033,320.5085617103306,14.231444860154374,53.98196957545924
353.1104974913085,319.17934330154964,14.329622284003982,53.840210460632925
353.9905667950418,321.19031230464486,14.337877312287207,53.832442147435586
354.20592049649525,321.8308422523789,14.359393418930326,53.810812183608164
354.68398077942885,323.2823496088775,14.369045779870543,53.80640782408076
355.00563299440756,323.2587332159576,14.379570566870216,53.79435431355292
346.4207755258744,323.6435691912192,14.778693768096774,53.3682158491575
341.5024805404767,323.5518216171307,15.591520082275938,52.473827276936575
340.21061222752684,323.13649779442477,15.680116632492016,52.37620976798679
338.74181995734114,322.3850238585816,15.808024048840027,52.23230776899139
337.9209070019199,321.2649786404867,15.88860594875722,52.1424571708642
336.7412211224939,319.78269463295226,15.95185515664485,52.06998399864669
335.50080886809866,327.2442455780298,16.339196455825334,51.65009408358918
333.858418966576,327.06962471191815,16.588901309606157,51.3890226387037
332.9561673699387,325.7153733638021,16.646102328312526,51.32975575981692
331.9200925661622,325.1319625365705,16.878900281812793,51.095809134250786
336.04506705931135,325.6600888077396,16.993002160687897,50.888832955762126
330.58326830844743,325.66540323098366,17.216149718873204,50.647152962289965
330.72532156973097,324.4601829156322,17.23274538074483,50.626067408910856
330.4265964522081,329.23140732209527,17.281496117614033,50.54815812387774
330.5282050124806,329.8267532872113,17.30763637376367,50.49066052100006
330.52572066405304,332.60284820037265,17.319935613514705,50.4569719764157
330.76907792796555,334.9230360708589,17.327961661241712,50.43732615869148
330.4776170441019,337.25836036319384,17.334443988718625,50.42343683610654
326.3247921404498,339.381048471816,17.359603874453015,50.38640507839606
326.0783201528553,341.1667410558997,17.372454459892428,50.37255460490014
325.8612968161856,342.20290360256877,17.387327177314567,50.355194769206676
325.6019459909,343.8347681442124,17.40238805697358,50.34033295925021
325.9005218471742,345.7870273095013,17.398379986373815,50.34951401717635
326.09352473134777,348.53803835926504,17.396368082086184,50.354208645859295
326.1171397440367,350.6786395629829,17.3938025886545,50.36162861772658
325.47381604206737,353.3358215673962,17.387708574708263,50.38053992704577
324.4050573526595,355.45296956170085,17.384076671068506,50.398176559438646
323.0487592988627,357.8914492186091,17.377372270163043,50.41436185316602
321.819918223976,358.4070158519604,17.36846854537897,50.44099848106333
320.384407125039,359.7783598728654,17.360562797162295,50.462318484449895
319.2473957820466,360.6029962868151,17.357761962486595,50.469762241709915
318.05484488082413,363.34471435989786,17.35568963544549,50.474704620324616
316.57157216507466,364.97641163557563,17.33927531963006,50.51373879135068
311.5692099139825,369.5443534218327,17.279668767126854,50.59283629793809
310.8743906379616,368.999402786825,17.272242633347133,50.60893771939703
309.9833256659834,369.1384979280546,17.265112547510792,50.62343240922389
309.2343795051835,369.0485813283089,17.243752688057352,50.670136146115674
308.6217025174971,368.60453046807544,17.235859264100036,50.68604458970037
304.939645484394,370.40024439150153,17.195303091811304,50.732902618168616
305.28345591638924,371.41523903944056,17.178746425837936,50.75036195739186
305.54751746637817,372.936939986476,17.162862305199756,50.771130662304756
305.1297621092296,372.23350847780415,17.15291200856391,50.78829863131624
301.69746609263836,376.71876418088135,17.0819452458175,50.82048516980295
302.33891069201815,375.58070220354955,17.067417973136724,50.850627192780216
302.98529316751365,374.2851302248279,17.0511536048407,50.88458263932866
303.405770847955,374.7982657165494,17.03814341674471,50.89941108501626
303.9228789494683,375.54840726718487,17.035689336825907,50.90346434086203
303.6767011147664,375.1861034553439,17.01914567513699,50.93113869504314
303.5941299418803,376.3911140818367,17.007962044060577,50.94743584911632
303.4826844516332,377.1921696262425,17.00345135076104,50.95501983724722
303.5885026399974,377.4302709151783,16.996537736140485,50.96719188005157
303.1294354587061,378.08276788955436,16.98866417225894,50.98228894043951
302.9390236691028,377.80739399668,16.97840004060813,51.00590403623534
302.67946858231073,379.4444652436377,16.97196944509211,51.01583203411075
302.1746105525179,380.08052156771066,16.94948278403564,51.06129650960681
301.88151709660804,381.2995748052641,16.940295588494518,51.07916771279884
301.42638704216216,381.2938635429718,16.926610866491895,51.10965006493471
301.19975947136885,382.7274656793346,16.92069486192405,51.11786135579245
301.0267427632963,383.3960514000853,16.909655269055012,51.13881524330876
300.69599893601566,383.62107154422654,16.899268042825632,51.15539981102142
300.32889515369584,382.8677066883439,16.890871232579634,51.17737150333939
300.1006572319711,384.3153020897273,16.88394465574675,51.187260065349214
299.8393660525857,384.35602307047725,16.875348897719203,51.20712177067938
299.54384673590215,385.09193068348117,16.868014535232916,51.2194089130263
299.4447912141099,386.8074616541952,16.865548155840848,51.223984922495404
299.10545373910196,387.8135352189283,16.861519432017165,51.231603170074
298.68363091816116,388.58595696947964,16.85286997320986,51.24817236104126
298.3524463422117,388.7063126143359,16.84364373049743,51.27448555858571
298.0046342155005,390.0988394057699,16.838320937639917,51.282491086359165
294.43185910116256,391.25758751176426,16.808207695093888,51.323783841503044
294.91801761192244,393.15989106761356,16.79111107486125,51.347552307731156
294.9668445836037,394.9962260490225,16.78037715446318,51.358815364551305
294.57260222846975,396.09438209664887,16.767992519066027,51.383252647502935
294.2838128955275,397.37218492968833,16.757371152239564,51.407424937432864
293.73354563991256,399.39237661763883,16.74760118863873,51.42596957437979
292.8850406935508,400.56612592200923,16.742999204874526,51.4379067623767
292.07116927483014,403.2916811326191,16.735007603419717,51.4535216905832
291.455579520194,404.20788586152844,16.728378646734367,51.472417836745485
291.0234596550468,404.9069698298023,16.715677351771664,51.508298076009666
290.37935402626545,406.1797348705085,16.711162331029342,51.52122942228575
289.56524382806356,407.1985254372899,16.704539854813472,51.53897570418933
289.07299807725775,408.78800815529655,16.69951402530167,51.552602173769834
288.06253916514913,410.1574238266962,16.689128920594392,51.58345156941976
287.49610178585897,411.15014125577454,16.679870800871175,51.61165568449901
286.6489133458044,413.6620767014028,16.67524946816608,51.6254821084586
286.0324920086477,416.138978663529,16.669984341995747,51.637478469545606
285.485513712139,416.4878255576916,16.668315296051276,51.64278379621055
284.67289268345144,418.2283005145957,16.660447664667537,51.66572177417187
284.1659501950292,419.4602301439799,16.65802373781792,51.6720740212933
283.8286765275298,420.555533475716,16.653530998468216,51.68446003550974
283.28939295815366,421.8210647336736,16.64604345448892,51.70388766050943
282.5753358225698,423.3848792339111,16.639116417253604,51.725137711242944
282.0529252206589,424.24955446164444,16.635488223988293,51.736694328797185
281.7474785852361,425.5703236694129,16.630114290549315,51.75246639910003
281.3317953377559,425.4539572280116,16.627324451109377,51.76075067553091
280.61927793062335,428.5216107319303,16.61906449227269,51.78501579217453
280.0020034473243,429.5526915190941,16.615709625481625,51.79569562371552
279.8516563966342,429.66142849642665,16.611502901838115,51.808453520389826
279.46057800892874,430.8124196820716,16.607035305243542,51.823641530645936
278.78496242661896,432.6755071726275,16.601778361228213,51.84181745972091
278.3564590737992,433.00073462470857,16.599932322765167,51.848147447641
277.6764810584982,434.7426204089074,16.594900622387232,51.86517744250626
277.0572909296176,436.04165015486046,16.58463354795703,51.89012810913892
273.45354628698686,437.62749649610197,16.552986614193827,51.97465886682618
273.73337815808196,438.13042410901085,16.534569226583592,52.02005731742288
270.49551891116585,438.15423809187166,16.49807210609695,52.11755605210254
270.9502149866921,439.25861410837524,16.470543608704226,52.17702754318911
267.4065745689423,439.1582382540572,16.42606337013777,52.3263567713313
268.1691895327522,439.4913840441584,16.41060252458723,52.37395341906857
268.7149766650666,441.26721027308713,16.38408684894017,52.43246703405656
269.1287640134305,442.67290163050484,16.366738652246713,52.48608170615354
269.479470969491,444.2104979575321,16.339649014188854,52.56277456158996
269.69058103577566,445.9415571776678,16.331326008532482,52.59080752665304
266.26739402972925,449.55262609735576,16.25608728106233,52.840058027273436
266.70839163847063,448.7822550344993,16.23843189207085,52.90164640065936
266.8637928997524,450.6215134863764,16.21912335158395,52.9648365834684
263.50349171827565,449.40935333867344,16.194716292235206,53.04883629171605
263.958364449652,450.27607201299236,16.17233825683166,53.10654748643606
264.47829250310303,451.6760016762564,16.16375468048528,53.13787207027781
264.6617763133914,452.1061319860012,16.150425530081453,53.18645544492892
264.7958848913555,453.9192925986487,16.13943820894811,53.22150163601564
264.6780827181425,456.83161915016046,16.132711303872128,53.24239096386984
260.952105375276,461.075285195279,16.093501782146646,53.36863194797364
261.4022481759735,461.15013928295855,16.05526987309242,53.496197248738284
261.6751565824363,462.08613638318485,16.03954422666323,53.555670462188054
258.14771131293713,462.5416712295776,16.01944783099962,53.614056726815186
258.56466706166026,463.90874808557487,16.00763637685019,53.64817374579299
258.71102448760854,466.8694732607914,16.000629982185146,53.671152792942976
258.7219427934716,468.4109206127603,15.99528175491447,53.69138866799981
254.93294863785007,469.524054920079,15.974316819087221,53.75468871600592
255.5437564184143,469.67874363738645,15.955751990571382,53.80822006196582
255.85006591942818,471.2538059506157,15.950709716410735,53.82463272035838
256.43255718356426,486.52003470008094,15.68886558726275,54.69125168321986
252.78333361487233,488.09821736831196,15.62492983585264,54.91661022752562
253.5068400643994,489.2877133807994,15.563434891624862,55.13433579860485
254.06109708195555,493.618398702785,15.477474658049099,55.5355681514599
254.34702387199977,492.78088615702796,15.450518932288821,55.682532449097316
250.55192543913088,494.94496236347595,15.350823982841078,56.055389309730316
251.077670360054,497.5648790734292,15.268625112750826,56.35294898293295
251.62342350139403,500.4065478382656,15.191794924125912,56.68093681260465
251.9060892663858,503.5377385141547,15.136625926471927,56.970885477916305
255.72817294904524,511.692034219972,15.248774269313477,57.51433340343993
254.86821380983906,512.2880970220721,15.279213077472852,57.64674257306638
253.92091731782426,512.776266583343,15.30669461702916,57.858748882806005
253.32616391307536,517.5748340549052,15.343723446866932,58.08735475389052
252.46362979367416,516.9752644469557,15.393635092346612,58.54854227387046
251.4271132467274,516.1966673411018,15.439013299994357,59.04741942033933
247.16944232546962,512.1711170737303,15.405122659599808,59.31796995203066
250.59348583943606,521.686122199151,15.445131964216959,59.72346461451931
249.69509335483056,520.9132543115883,15.465142288576237,59.9879363229487
249.25298093020444,524.1856615284837,15.479203816333431,60.376923540158785
248.4247558584001,528.0510793500897,15.54848371667893,60.593605291966206
247.5001338604051,528.2070593633434,15.601705655135612,60.70558312260972
246.53493905560475,526.6125470048446,15.610581945720805,60.858939228080935
250.06378667045243,532.1285318322463,16.03769039263068,60.741346785802115
244.8827443058763,530.0367094380157,16.06615409669752,61.76722237107711
244.51045375095123,532.8810087444333,16.163741629067303,62.339220510408836
243.66748044552457,533.0289215481258,16.1810441692953,62.47952369817062
243.25393730804728,537.1124501836114,16.31806792136172,62.783319279067165
239.1029363024144,527.7867479891147,16.24305672614555,63.3902652787784
235.22380253039637,530.6735038944908,16.197974298410383,63.77021587799946
243.58325323859333,539.4475661885683,16.562225653012568,64.7377754176519
242.28820093202188,540.050107478752,16.67323623768254,65.2039803739056
241.05722810673527,539.767503086919,16.742795451793384,65.67318303981057
240.31006146399895,543.6715780025129,16.854878428275523,65.97102457214817
239.33212325477552,542.207690144801,16.947933982998613,66.42986336740586
238.58490840824618,546.0292927958598,17.044638928399547,66.76163412806302
237.795573719627,546.2072881196613,17.07324886788618,66.94150348250089
237.26034127793844,550.165770900344,17.203675427860816,67.16217505950212
232.6802903823366,545.3456496942184,17.161599217660704,67.35719366346456
232.70816212648407,553.2956165803769,17.18093406775042,68.40352225076676
236.3594744715285,554.4098819439671,17.401090749731846,68.69033399757006
235.0307365821798,554.7495401286874,17.599510627855523,69.08860809367529
233.68656591855517,556.3235061152535,17.7386824146995,69.50239220025496
232.31488103819592,558.4938800355555,17.80428322972401,69.75779475790516
230.8543259089713,558.8703505238558,17.929766847853415,70.4655762277464
225.72038013936103,554.9166611296207,17.837305870899698,70.90295617969912
221.3355929816033,553.1774974277757,17.723289488172963,71.47514373277274
222.19991114731815,557.437188866476,17.588460854039415,72.24751843899024
222.8136083815534,558.8350938647109,17.542142673792195,72.79337728674366
218.30735515846715,558.446823933523,17.497759585968094,73.2161935337115
227.23991084474434,569.458635511318,18.001464589146135,73.67415683442022
225.8169837026662,570.4411108388797,18.18771909226603,74.04616339555957
224.52164895527272,571.9835723519661,18.30444153886571,74.41784127385151
223.13389988257904,572.7736893415636,18.4693742602876,74.91017690334508
217.66062598716925,569.6110533016856,18.402004128133573,75.24948373117827
212.9917809671067,569.9508166946212,18.284225990463277,75.72664396656268
213.55983507408052,571.8078049574533,18.194998140933663,76.0770418877674
214.30589849886798,573.87754985396,18.12996885033396,76.4499255421721
214.57739587324653,575.7003981696326,18.09880425265796,76.90125096740654
209.65918900910188,577.4724557096114,18.034345750417454,77.10996591598287
219.31938443544908,584.8266294391087,18.313829394182992,77.19016978755462
217.63885485457538,586.6690591898935,18.700672810004516,77.52028106540406
216.51825030748725,587.8286607233729,18.80685711818529,77.76486784295811
215.02012351953744,589.0998767162557,18.96469411769945,77.95011224879401
213.47263291599302,590.2478174808649,19.020098079075954,78.20973718739491
208.12921076129624,590.6631033140461,18.9261320323294,78.66720627821178
212.54282404623632,596.0167657190807,19.259383100693885,78.94477908166802
211.11680082320973,596.0209059853205,19.445427034768898,79.29847058316584
209.76176375324602,596.8441676487403,19.7531483647903,79.75990509629213
203.9355035202204,594.6187110351684,19.52233467099044,80.16313079291827
208.28577906805538,601.4583665135768,19.823730024600323,80.75768744321827
206.79840769563333,602.9234874073387,19.96733535069746,81.02133431994005
211.04637131577385,607.0885807141547,20.76316187933733,80.41614093522044
199.44137681486546,602.6330799719091,20.243063600880653,81.49737614621321
204.0127782159135,609.5184624233596,20.48964316115028,81.98576937777273
202.72159801148155,611.1683410160643,20.799652305060572,82.5149051386063
196.79648327996298,610.4807906149966,20.304782318940013,82.82455408031377
201.235570065347,613.487931140972,20.508302397463982,83.09859786127936
195.27093946707475,612.5908623207239,20.164598162795052,83.24082817698465
199.29181615830967,620.0680602218563,20.89451321446832,83.07183371901924
197.6687638530531,618.426594030268,21.011924721191154,83.80658075368511
196.04330016685074,622.7599323320987,21.3567613572067,84.01416600610274
194.92903985445196,623.2966232484173,21.553841485559563,84.785583334423
188.98783841502595,622.4030132164163,21.003476496369636,84.84471883421597
193.53301982350587,629.7242821628571,21.543141450405848,84.65896995805801
192.07556879586892,631.7760716047138,21.953641821872377,84.60177254788574
190.42390594174321,634.4422513588365,22.398486838213987,84.41290287728681
188.97345025095348,636.0689916747269,22.551568305700457,84.38472494173412
187.8384449011166,637.6067772012887,22.62863424028332,84.11844453611734
186.3707025578325,638.6530725560514,22.648059909670124,84.10751028258555
179.8028258294554,639.8604286557833,22.36567581607028,84.20766014366865
184.21126536303876,641.9897761582146,22.566543674257588,83.45874816836219
177.478819279131,641.4455587335971,22.33984076455848,83.5447504328346
172.16774663585232,639.3147525269493,21.937582479033246,83.80350945257563
172.8131554465403,643.3991717460763,21.705454690344688,83.58978108741127
167.35333734067493,641.8490685092893,21.585659330114968,83.20098771738779
168.27956670281938,640.8146960634766,21.419260796026904,82.93459857962458
168.55287723522503,641.1371803283434,21.37855006818688,82.81638824386064
162.7523125999623,640.1801356064809,21.41699241854634,82.61848818944726
162.92913535227598,644.6720364031422,21.460745355948916,82.12400449010664
162.8594693915594,642.9552943804373,21.49493195708577,81.78370795118116
157.8448762417465,645.9770570254465,22.33304293169939,80.48385264788779
158.3785682287203,645.2243320919484,22.256995005401166,80.0749561775653
158.34113291539995,648.7086893535495,22.27890996362225,79.24438471695478
157.57086049055835,645.2202566530293,22.293208027187944,78.84616762516671
152.37580333369868,647.9918803945642,22.594269186915536,78.25333050815546
157.04618909491114,647.4159809302421,22.57217938140954,77.73561561519762
151.72551524272944,647.3917085408526,22.817730309955085,76.84045304706049
163.40219144097645,652.4501112714387,24.60135415552653,74.95953892805146
157.29326086835886,654.6866202810112,25.95535707780028,73.47702207429649
150.35298783747186,652.9557778455587,26.168265314562056,72.71375043275023
157.54547107847344,657.8141346729022,27.44326053299833,71.17169364604403
152.30558958735116,659.8017256019086,28.42028456260618,70.0450714060276
152.85496438612526,661.1850785355135,29.356826636810915,69.00364045928137
153.88781540176674,658.2271234354798,29.947372698179326,68.44795251100284
148.78570300060113,661.3112053383176,30.70241212911165,67.69766399524421
149.81462680880205,659.5857047510009,31.07509148452681,67.34914873043978
151.6473682316191,658.3502622697001,31.238151825080422,67.21224060031373
152.10517704222062,655.9657773602148,31.259411454548793,67.1784212080111
153.03178421860352,654.0956109111515,31.268980533789808,67.16370869216661
153.97209721070374,653.4124279186916,31.278338680448776,67.14714797458714
154.62552699707757,653.1635639456732,31.281480361782823,67.1413964994851
155.47089404756667,653.8366856830928,31.285247541589253,67.13192296311499
156.5766176925929,653.9357380442812,31.297775433116406,67.11886063692599
158.34852848529098,654.7734630088243,31.301619682147102,67.11409385336289
158.8075701250096,656.3599926792359,31.30244332981861,67.11081619741498
160.90772156465545,656.2266802269099,31.305941128780066,67.10607069114786
163.3258529100641,655.1695473275602,31.311372316136612,67.09980493085695
163.98116609334244,652.428280138382,31.311559972597795,67.09964897489313
164.20181471325117,647.0821951069715,31.310416897809866,67.10049480370517
164.1103208241112,640.6238687434792,31.309215818415222,67.10138558305808
163.67972500829816,635.41656621724,31.309521055063723,67.10125770249212
163.71778025622618,627.6230597745139,31.309915460259223,67.10213377001223
165.23879684508503,624.1873820181034,31.310270960138567,67.10236644576645
167.12787133125715,623.3868742125037,31.310332866166522,67.10132281185643
168.75872249667873,623.073989877921,31.310360729415137,67.09860425167454
169.13690897761177,624.3938975280763,31.31047674641181,67.09727295252347
169.1791389173536,626.0871016149949,31.31136657572371,67.09503984086594
168.2558028732989,626.3372774351268,31.31218330857037,67.09200417364559
167.81170331326936,626.2691603056346,31.3141917161775,67.0869303335984
167.24891528632122,624.4902069676726,31.332081131241697,67.06834517678939
166.07364775728223,621.3023868434063,31.358246520359078,67.04447361120445
165.0434511507522,616.7292422646954,31.381252839193085,67.0225603684189
166.31981433504893,617.170899879784,31.382404062686447,67.02057133681953
167.8061373904197,617.2963059305781,31.383411983698387,67.0186901514214
169.07396636553344,617.5124220343686,31.386621030236082,67.0087920784192
170.04142057230766,619.1878753866076,31.38785673022827,67.00403887163706
170.89057232469838,619.8323025747362,31.383059704710128,67.00346164458024
171.97260698446058,622.7852918901929,31.376873790871144,67.00318512777223
173.08741178848123,625.3552738079048,31.370808303618436,67.00450718864961
173.4181133981179,628.297419731294,31.366749485227825,67.00480739814566
173.81012173907763,630.8456371834095,31.360295838796496,67.00541696184072
174.11510286120526,632.3195081220424,31.35331528113333,67.00733276317894
174.29784139340495,633.4332797243611,31.35232923240666,67.00503336538054
174.6935197690201,634.3426743568987,31.345212905809348,67.00775060054949
175.14859305014852,633.1684486551985,31.342556597000996,67.0088604664742
175.53285384990323,631.6506056099005,31.33988220360734,67.01196212828312
175.9278060419078,628.1044339979112,31.33755920378019,67.0145698442966
176.54957646625277,624.4141139012509,31.3347959668227,67.01837707558106
177.68170958303588,621.4845071074368,31.33633283193508,67.01581907965212
177.28967764563214,616.8246225623724,31.335250351113597,67.01839513847001
177.39157169568458,614.8174064868266,31.334559966982585,67.02066555784145
177.85471583520078,612.8936562300835,31.331897335971856,67.02590714112144
178.10619506992262,611.540620293744,31.330213988693846,67.0326374782322
177.05902531807024,604.247210578556,31.66068063053644,66.7475439523705
167.7021614434228,598.7074137390499,32.737380639352786,65.74249903580143
164.33521843453445,598.4656633143317,33.15802708269709,65.35722046438542
158.16387238304824,594.2036731060365,33.913409348328244,64.5648461293887
158.29120409480407,595.2408490246603,34.1917145055394,64.26249436652778
153.40912501157337,597.3330322772184,34.552770750919265,63.85814642945058
148.4452777406127,603.3737723077262,34.9355920552307,63.39022609133531
149.45770152239305,603.8911679708917,35.04987198457466,63.26641677775305
146.11103686973678,600.3745000396058,35.39540914129715,62.899970936375816
147.62285799257427,602.5682398819913,35.63969430384055,62.647782827990454
148.236025198649,604.635871956225,35.711596738614915,62.569419180774176
148.02709273063263,606.8769142603176,35.82947942491088,62.461181580340465
143.1327061279124,608.7493750753601,36.10357272159885,62.16466473922625
145.76257210848496,628.4362015501696,37.156935376390024,61.282043436335975
142.68460401070575,634.4576282458431,37.84278690474262,60.81614202557966
139.52594918422346,633.1981328648338,38.13277569589084,60.61815924443114
135.4163506924196,633.3277644197375,38.337172607782264,60.458222499319916
132.80150123917696,634.2551915487444,38.596727242416925,60.23986263942305
130.3799557748467,646.494544294088,39.684540775829014,59.46800147856996
127.62975808310216,645.4425115264368,39.83271323985399,59.37232994188149
125.70968054210726,646.2892204425956,40.02256519646233,59.237483925054484
128.69254874592568,654.0990488671123,40.47735004813334,58.90603413015921
125.93639023703784,660.0834339282168,41.46022666292441,58.152420563126036
116.81855259210457,660.701794256987,42.659515462922805,57.3951578800195
120.87361341990135,664.9074998935977,43.36972538081557,56.94207914540284
111.98194628159543,665.5127331845249,45.0085341294733,56.013570130286624
105.08143527500923,664.4749557155214,45.48307146246993,55.76726451645939
102.35310455793487,668.5782533060353,47.12834058933713,54.92910567194901
100.86197523420513,667.4978328944933,48.34555883915258,54.25985430333676
97.65423901234618,670.384454121092,50.916317833392334,52.783851153728385
93.51924442344136,667.6585409337496,51.72587829644976,52.35870342257823
84.61934750258176,664.9000966842199,51.92894858165041,52.54708640558528
95.04616370059637,658.1217913294136,51.82617639985459,52.90237551333028
92.6776190213632,657.885141869209,51.67667241649354,53.21705117049971
89.91683683205646,657.982916591748,51.65006384436239,53.54705310414858
87.75605928578584,657.3955043049389,51.714922712691,53.82815120968044
86.82310867431134,661.1938312767625,51.94831351197971,54.17222926829169
84.7313940318902,660.2397608257567,52.08521874897043,54.270411354728616
82.52226144309654,658.9157636776279,52.24253288438244,54.46027147663919
92.54961161078356,659.5758927041592,52.45416136065391,54.596696820869816
90.53454383223036,659.0794943842216,52.64268147929903,54.79735661277208
88.41344030501153,659.3776307634053,52.752993945266226,54.947744921413765
86.03360933797921,652.9624705948268,52.83773388988994,55.28297191292848
83.49261202881624,652.886514274382,52.87865947745417,55.466451736210104
94.25154967002214,660.3605784700834,53.13413777170253,55.491856021504056
95.699814843295,660.7774692281907,53.69794506401176,55.401150948961465
92.1038447652339,661.2934840426457,54.305436882579045,55.74289859036874
89.60431550836219,661.488899704764,54.644536556905976,56.02798143448989
92.0254251444778,660.8840944058693,55.04355111035836,56.06172018321927
92.52022020422044,660.6606813903475,55.972318959203456,56.08354259626087
88.24470384123514,660.5563806830576,55.894102112420136,56.40945897537368
90.40004624692243,659.8723099958495,55.87347114549746,56.62065786302669
107.19730994165025,638.4317990045156,54.70750973504573,57.024690099600804
94.10956310507616,657.2791576923033,54.54743974852593,57.68535373598824
102.1394587217423,648.961252149751,54.02328827807207,58.0328366503166
96.86682824713125,654.3221646971164,53.1475487466423,59.04692673960672
98.36877459871138,652.3450409703751,52.577155618143294,60.177884083454856
93.83719304391477,656.2099026970976,52.59536919618137,60.26374290540058
95.38669973859899,654.4773700821888,52.54112414024796,60.46190926474997
96.06899160256802,654.7442521536228,52.37529221952275,60.37840167815442
92.01535489870648,659.7090786523139,52.14958451762669,59.73920449894861
94.21345601035407,658.6344841129135,51.73924264207933,59.25469487589095
93.87541696106274,659.2399764474878,51.78968773933447,58.7372300374459
93.54164381493983,659.3368377624361,51.35767055215674,58.30520452106336
92.9507715072319,659.1010292976739,51.238421248200055,57.929168002005895
92.89327605694646,663.0142820283045,52.22210043412172,56.902039505314036
89.14109524546741,664.5993257615205,51.92621295734838,56.308897582171035
89.67699923140285,661.7651845131135,52.07323628621299,56.08357198572346
85.22428946050846,664.1055089122641,51.801707280638496,55.73507841508329
86.83932303512549,661.0898084675605,51.077875969340816,56.20471077269125
89.19131301299451,662.9416025008946,51.204005609855216,56.20949076899588
90.01292432065931,647.0582743688104,48.565017785327626,59.331655837485634
97.3233580339334,641.7609768466749,46.996067434890286,61.641043133343565
92.05320855807607,634.7934487241793,46.101500435066875,62.70807550595947
93.34460890839217,635.7381701913862,45.66058596871809,63.40481421217058
94.03842636109442,635.2857591138215,45.39278500954163,63.869361473062284
87.79471440215968,634.9253245484203,44.134171444195786,65.54673655813036
89.216931790074,636.0648759457222,43.35142628361679,66.63809379694342
90.54608878423126,637.175456280407,42.64045910182844,67.90150386922708
84.17027915300935,636.1104421453807,41.58590313233868,69.40518650481934
84.14773111136287,634.6875751325906,41.07040900805486,70.12069081886685
78.47458167991365,639.9185966041739,39.59489810227654,71.88125453463593
78.35266017130799,637.6294271202349,38.766156013591875,72.86339613579926
77.7597557281961,641.4880079725384,38.06302349261199,73.75738421909521
77.37930673896729,642.2470226020147,37.440951495598114,74.38403236073167
78.5117877397581,644.0374313557083,37.403860435178586,74.63113838964505
73.31244536388164,645.2916895705404,37.29150068467322,74.8592724268998
74.14391332336058,646.1861447118566,37.30024974610781,74.90429728583084
74.97275047630268,645.7240180955384,37.35628801327505,74.97819936366305
69.11335604069853,651.4727488133093,37.499631709312446,74.65786004421014
63.380847948631306,644.8597552680542,37.36252654029748,74.88905228913936
57.28352553433347,639.8113622882161,36.99202396899081,75.26367314108847
57.068933067326995,634.8701115711326,36.54646180551154,75.72094168798738
56.16769430607508,635.6130202669383,36.436686663449336,75.8109346096008
55.0657643277662,635.7494271158623,36.27371627109857,75.97264744464108
53.84484618299104,633.7263109856804,36.10326408561228,76.1820900970032
52.67485803165525,636.5054188800887,35.74081419313922,76.62478888185616
47.87320019757257,636.0343578575803,35.68597918839197,76.69469500022575
47.15870611574596,639.9081489900086,35.483984237802645,76.83888977394325
48.126546773246446,642.3619340227679,35.57444695051163,76.84366321046949
42.94331313670352,645.7033164278876,35.63070971767706,76.73006172267877
43.797141413563125,646.072497851351,35.904348630380895,76.55841590436965
38.951173341937476,647.0072801731584,36.02298822669615,76.44197382888537
39.598277388968945,639.4776117824947,36.07755778442002,76.48419024888473
38.36533186851444,635.8466284240187,36.06518640086004,76.49452904377864
33.09430837500918,621.6208025431472,36.006662709159635,76.33078621323658
-0.3546883785030204,591.6163511128887,36.61417464880121,76.80567341823604
0.7701746549146442,587.6539456877928,36.66668203953119,76.97796084618652
1.8945272779798046,583.1162839779498,36.717641290776356,77.07638416516434
2.699787265498962,574.2411367415685,36.690244999667485,77.27736986107158
4.735665993105695,526.7491526802283,39.13717288533537,74.67594980015811
6.90902377935528,518.9014950689146,41.04951149679616,73.30366858723876
8.997300098808775,528.5700294843472,42.50567980515479,71.81154757131499
-2.5224170003717177,529.3763917811676,41.26893182883316,72.6523695017219
-0.21563469941062863,529.7651186037967,39.51209506542722,73.47236563597416
1.497911429133616,528.6147638627319,38.7473110244337,74.17547883037642
5.647283894726243,538.892359627754,40.337742461961824,72.31181371329636
0.5548806216293016,530.3762388875825,39.21866450193012,73.35450364944961
5.720973635368768,535.0616626197042,41.076669743372086,71.35689904027853
3.895093540122012,538.9232634641656,42.24157681115442,69.81877549542898
2.4815755264207127,543.225626232898,43.13962569313313,68.60925783989188
-2.312579987962412,534.5606580896496,42.0640792618774,69.25718538310248
-0.9716689118691484,533.8961041381853,41.80230606179354,69.48491949433651
-7.088988114177457,532.6729044298118,41.32242496567773,69.84077492571667
-7.122541845388728,537.9320435966378,39.90895531685607,70.77031630184261
-6.743189867530273,538.1454517038071,39.64045354963098,70.94269842887346
-6.481145388480488,540.5759087696456,39.341347285322804,71.10462002870275
1.596380012983385,544.9139676170046,39.723518390964394,70.63892961822562
3.047612804620073,542.9709772605149,39.73165752303831,70.63266265435543
3.6145627456363663,540.8576386133171,39.747728291678634,70.6182682477013
4.421513489343759,541.1734394146832,39.793389272792595,70.58252623216161
5.045278900820069,540.9457347390572,39.80759269704762,70.57159715753885
5.276405228696461,539.6898914582246,39.813306359425326,70.56722813525047
5.470318874984766,539.3573870304492,39.826994133472404,70.5563415979064
5.4104410907474545,541.9922887126709,39.82507647559052,70.5609851977269
5.243821733800985,543.6099755298858,39.82410202205449,70.56284877833923
5.239206912296073,544.8486920351407,39.82175888032011,70.56797091881512
5.599946550825305,546.29731217232,39.81870773817986,70.5744112074296
6.5222378620024415,543.9438584447258,39.83665165181344,70.55563306615176
7.574536233151733,543.082848023716,39.849582871245815,70.54342410508622
9.02662122821728,542.551657026004,39.85553670618796,70.53724538102017
10.804232983182075,541.6384773206738,39.85914369590742,70.53288615516766
13.133559089955739,541.3488790469747,39.86308389340135,70.52815310423448
16.950859024499437,541.7528900945867,39.87199102809814,70.5169419340173
20.455672994938503,541.7633839611879,39.8862683644722,70.49853843632489
23.583711132840133,541.2351234129501,39.89549570042431,70.48795376268936
26.506196964426966,540.9251200462692,39.92077807701505,70.45621601114968
29.580154486257168,539.8782556209684,39.929086807310945,70.44579146705222
31.204288291525316,540.6422493399955,39.9694384766361,70.39563110114149
31.409551604043553,543.5485916850354,39.96781252975743,70.38672839729838
31.61003320427045,545.8590914274264,39.96665675265683,70.38151212708541
31.974445114431262,549.7528195209344,39.96270540223725,70.37240009442735
32.357416639754575,551.4906638497721,39.96055790622853,70.36687454367036
32.393552035825536,555.1646552860242,39.957071775677655,70.36195407198396
32.69068283020053,558.493302538445,39.951471261566034,70.35948382403922
33.34400311423773,560.1131062594344,39.942444910296146,70.36378812522447
33.62364335249801,563.6820147106854,39.936823336420694,70.36172103961707
34.45530440648511,566.9543092208107,39.9322416297145,70.36145784791871
35.12494141948796,568.1687640574842,39.925578449274596,70.36324943037006
35.595016182334476,569.5858810206447,39.91868072173449,70.365499697851
35.579796854229166,572.2300470735861,39.91715409613077,70.36615427486011
36.08551268971104,574.385101483228,39.915118382160124,70.36650125467906
36.45588584997047,576.7636023326372,39.91003893271212,70.36907539967164
36.72749013259798,578.0487658471312,39.90764041603728,70.37003314164927
37.34510853340432,578.4588478825056,39.904656212233434,70.3700440629851
37.82020568914639,578.5006192452367,39.90291598276146,70.36994842880398
38.977481420339956,576.762338176442,39.90844217807392,70.36344591490433
41.012706673937515,575.8229313001943,39.919387296946915,70.34885470676737
41.34980839258854,575.0861306093512,39.92298004466151,70.34423312225941
41.47046412500595,574.448017984558,39.93092438603435,70.33318293830561
42.219498908746004,572.8402122309999,39.937354015560466,70.32534569206463
43.05249534626411,570.2785381657584,39.94468405655513,70.317850660011
44.51460493172719,567.2704301373708,39.94924424926117,70.31319412386024
46.40324227467478,565.7808879167625,39.95416131675344,70.30821994653132
48.151684017128964,565.0691975248989,39.957617816738875,70.30472597344561
48.52154975539674,564.6242149972397,39.954850327553785,70.3091870810289
48.79882484241982,563.1379344351308,39.95375449301188,70.31057944876194
48.60955894425098,561.0739783181614,39.951715490237234,70.31316457241014
47.6768332242095,558.6485872162989,39.950839525344286,70.31449094270012
47.41503078257148,557.3750016600372,39.949419636929974,70.31545510408199
46.91359014299116,557.8129021874865,39.94823206461966,70.31592976739556
46.59511977878522,559.0227166322979,39.94605960524163,70.31727179452093
46.555972637876124,559.4287289828809,39.94483872047914,70.3184075724236
46.171526803804696,558.9019519744104,39.94870817039462,70.31501686146694
47.06958593107305,559.4875482684273,39.9473360763651,70.31673198350862
47.80954144565718,560.3434323570135,39.94639152172992,70.31807759112615
46.61201917957004,558.5395348851106,39.952729846628806,70.31291624945534
47.65868280777663,559.7084968435664,39.95203559917254,70.3129730797666
46.21833039729802,558.6196296131022,39.95971977117347,70.30624928492723
45.39600314853836,557.9094086670365,39.963795402687836,70.30238752620261
44.37819589378169,556.965843864252,39.97159075555446,70.29547475906816
43.758414326251746,555.657652636614,39.97790434551699,70.29027828253562
42.76736338988334,554.9609611567003,39.987042765914616,70.28228320681784
41.5099926705432,554.2750934909366,40.00388777171832,70.2686348131788
41.473079120967284,552.9055916743054,40.014901059866,70.26005195771752
40.59487210372163,550.710159271615,40.097019668942266,70.19802445963128
39.519000387360286,547.7759382416151,40.18904377755301,70.12754649857398
38.65409774273772,543.6413235986295,40.252086118761945,70.07613331323174
38.792902652177496,539.2721988828617,40.29990556061314,70.0403234491129
40.666823245701096,536.745559220648,40.31990165956143,70.02341711222456
42.84063540180983,533.5580517913892,40.34128112007956,70.00614185538565
45.44703145319285,530.5176828370983,40.35176324827054,69.99829200304231
47.34197490876899,528.1222696063716,40.36045960623753,69.99229973128043
49.5762040936192,526.2653646358413,40.36925085888208,69.98525109842744
51.90163705344422,524.5597327342068,40.3826839504625,69.97401071506597
54.27746803141903,522.8276092825711,40.38996030704339,69.96728531876178
56.28711972449945,519.6551875657108,40.389526797744146,69.96604701877864
56.8192573462954,516.6792200989947,40.38910100330994,69.96586450912609
56.89325567938475,513.7714998935218,40.388704317366354,69.96608742510729
56.8382298034108,511.5301608556587,40.38938151634908,69.96532176380343
55.67526046843329,510.37910889068036,40.39061696975138,69.96385661531471
53.316597591896354,510.11198534848467,40.39191355564996,69.9624089217406
50.31839527191093,509.73151696841063,40.39377082852484,69.9602745621033
48.912610588125396,508.0938168415195,40.40181212564609,69.95273800443844
47.39386619259329,507.3918250924338,40.40484204105416,69.95002208358822
48.54530425160908,506.19538752008623,40.411496658038466,69.94450574306913
49.792938340745025,504.3025686937515,40.4281727737424,69.93071231015207
49.007645670563925,502.4006792593951,40.43714491200957,69.92318827855057
47.0761962434799,500.8762218772235,40.448837463534794,69.91388003378431
44.99636751015533,500.21989265316864,40.512569599068215,69.86350709456485
42.322780295140845,498.7630687235591,40.53919883256399,69.83973124772922
39.56689996231286,498.18240274552124,40.584535986714826,69.80141828059482
36.844327314868536,497.57859635989774,40.60003478959908,69.78814911290748
36.30006913827046,496.3656078561265,40.619192555530226,69.77041102493003
37.15458550691204,492.93058326766055,40.624510280206884,69.76500243818994
38.719782435667,488.2538543224137,40.6301356525859,69.75952687989215
37.773383568509566,484.318267749343,40.63339962873731,69.75579253244223
34.2041782137056,481.6951240642207,40.65534095510549,69.7339910850905
29.422351716541044,480.9985316959191,40.67182521774515,69.72014786186999
24.757077515921075,479.01227967714385,40.740746421719464,69.67908778961822
20.39760580828721,477.23971126181044,40.76068757105702,69.6727908186341
17.636812503024533,475.6626025553388,40.76117604468052,69.70186804145285
-1.876470257930972,437.7259430645168,39.22968950360325,72.25438624184687
-0.8463881349066256,442.8351793860295,38.1302528896003,73.63820470599927
-0.07901139473327135,449.75692530668283,37.35295869212865,74.09514411621839
-0.02265252660951589,455.9713442234914,36.829002464345955,74.69707658442003
-0.14252889040606576,467.3765473167174,36.11878345646161,77.0770867340277
0.23608927233241062,474.1295065296668,35.57738764945923,78.96793497072659
0.7974610432086635,474.34183793449347,35.42504485834378,80.2087970014282
1.1989693158717607,481.0516789311028,35.36269517932008,81.956639345978
1.8216055757918497,482.09320599373234,35.48837741144828,83.08286881103572
1.5506007613442918,482.90027223581416,35.52105527755272,84.10765734928728
2.2569460952516422,484.10718067798996,35.67410900976243,84.72699590621986
2.1852202162138425,490.2652525887782,35.863010550000936,85.08622516203594
1.162209359147102,494.5475049876482,36.05893115081502,85.42765851279444
1.5709863095343017,493.2156468627351,36.02837349542484,85.42424333867038
0.8814649857702008,496.86863638901957,36.31803730918229,85.92859324652022
0.445573113828754,501.3134938193041,36.33798705390823,86.14919275515291
0.6790222510347661,499.67962096008694,36.34887213163282,85.99572436988838
0.6984462494612558,504.34004390978714,36.41994696852055,85.52302872378394
0.4280178303318003,508.107680961442,36.30386769771345,85.33209113017884
-0.02856826613388108,512.9004134003255,36.39462680375364,85.07615315365683
0.54486375578146,510.19653223497664,36.22858574032686,84.68035713474524
1.3610356064091036,505.57409560614144,36.175267546044836,84.2646974410607
1.5474138232673766,516.3169235186664,36.27995072447848,83.58103403239254
1.870421739634061,519.5486049213673,36.204991555735134,83.19685432864487
1.9579177022329262,510.7013768121789,36.12497686037101,83.26364598098151
2.131304526324918,507.81499604504,36.032800190613,83.64735846206722
3.605398464303388,497.8662431073375,36.346837704136654,84.40243689301423
-2.7383038984134807,501.716951951833,35.40361193640633,85.47695914542949
-1.7802370182034792,504.62592981319557,34.21539274774841,87.23208062454765
-0.8857724906085522,503.1060327762495,33.688527672661095,87.98929694537271
-0.4458943550169643,506.8834333656781,33.110504448248015,88.94089396750428
0.28212662419944934,507.3018324540056,32.69840756389661,89.67264303968963
0.1441307314765332,512.5188087726149,32.226214489589786,90.45787432428496
0.6055123431232978,510.99593308301576,32.076869513995995,90.7574060684735
0.3790619931386665,515.6923728003776,31.87970687806972,91.08114994002432
0.6603962924301499,513.4204196423312,31.521491703106022,91.64902161485118
1.3758310301914207,508.396233989792,31.33368269721086,92.1830897125322
1.4158435363259887,510.98522144558183,31.229985676054792,92.60955692055083
1.3371628628943615,513.2446251569871,31.13697750392276,92.88198208364726
0.912908426106755,510.6596351958564,30.99686645390636,93.13441859465375
0.7350617321115873,508.28436919014786,30.757928289200468,93.10563179656165
0.6989716963728902,513.7684106073914,30.682449342042112,93.16518167539245
0.3558231709814681,511.4391756077225,30.613867454626867,93.27987802360718
-0.04160037955880469,514.69440987048,30.546789072957473,93.41490586650039
-0.3739841278625864,517.3716537407869,30.48078979634116,93.4875111549089
-0.14024206539590267,508.0043398391438,30.40769047279558,93.39146764777013
-0.2636042308266049,513.335387151368,30.39592325774138,93.38495545130024
0.08774336861314325,516.9709533041986,30.3874668407909,93.39471074939878
-0.00027926445926240717,518.5544754002733,30.376656552355023,93.41294044297636
-0.21168876972454953,517.5988333149983,30.371341002300575,93.41976668677627
-0.2330571283370766,515.9886989555534,30.358393000290924,93.43484212449212
-0.18007218936192615,515.0458463632485,30.355680361205522,93.43633886832141
0.15791072620199742,514.1589540264443,30.348701923456886,93.44047057924523
-0.07467089896814727,512.6840580074974,30.347463060359523,93.44126225855754
-0.4446102187908849,510.93775612676876,30.340189192699853,93.44365214901256
-0.3952560837995236,511.4821978335363,30.336735358852422,93.44629238278587
-0.4862917478615376,511.14846509914065,30.329950606802004,93.44828969523937
-0.8537927612233016,511.8384524030719,30.323962531234425,93.44772142034654
-0.9935330671867071,511.39687445679124,30.31960502007812,93.44354844976392
-1.5161199794249054,509.3753149595488,30.30804475947151,93.44195871545858
-1.562921992652706,508.49054965422584,30.301746260382945,93.4414935175031
-1.8567729490146743,505.91887967128525,30.29381317621586,93.44030843226739
-2.0101908236019685,504.1671320954273,30.284450457182135,93.44028357208136
-2.077033615501559,501.8594995546135,30.277797590311074,93.44369362364921
-2.1585193193489793,499.363978210358,30.273052241542864,93.44403082204784
-1.7977257078842293,496.5771325360205,30.266192301137472,93.4427972248916
-1.4229770058569002,491.8643769132474,30.259131008056173,93.43891088743003
-0.8465984968624873,488.276875566627,30.253647172936304,93.44461970020818
10.013393202053203,480.2969931277725,30.566792513508243,93.1007671005001
12.681299925810023,478.5047270754996,30.59949121962009,93.06716709063554
13.75868124362236,475.56528139011317,30.63383600205572,93.03417176936121
14.60938650148404,472.598485586359,30.651026713139,93.0183624750752
15.686287073857736,469.7778770412361,30.659691379167366,93.01041488865475
16.341367963229736,466.55412926533967,30.674771046918426,92.99715986061356
16.917272015054543,465.3337065483237,30.702088371468573,92.97299679740743
17.08684179481202,464.97121291734254,30.748352921908456,92.93057682088623
16.809006882793707,463.05854278328803,30.761047797062027,92.91940976859121
16.08419911217805,461.2127093988149,30.788284082998537,92.89517993109212
15.947777498400326,459.57183952319474,30.794770335713824,92.88963411600248
15.961833919571284,457.69798869880816,30.802948541302626,92.88258217514553
16.591475699820805,455.94603587108173,30.805835772429557,92.88024078698881
17.074867043676235,453.6299417244586,30.81248014198493,92.87522491000796
16.234118246874104,453.3065050551704,30.82025403792684,92.86798984347115
16.46815195180604,452.25139257180956,30.826078720767747,92.86307365685725
16.165263759427905,450.43593400833123,30.833343886499357,92.85696828854421
15.745323911513552,449.4908334511667,30.83525064331363,92.85531106356362
16.11098323550102,386.93727337265375,39.4688878974383,85.30747821765982
15.228892164842232,371.7503364848022,43.642526291807634,82.12996039180045
9.51944937349641,372.9842869632318,46.91425515910621,79.9681489851979
11.111949369200929,372.33249727604203,48.30436369583438,79.19807561528424
7.021374172561401,380.7529480738464,49.88200466299649,78.39406977162855
9.013177177568942,370.4637876270044,51.47458149523605,77.59168387820318
4.861941673107676,377.6368388761269,52.20692644748744,77.40650819880587
1.4303891674614135,377.5714675749157,52.89303618137518,77.15963031282307
5.418905850783812,375.8643072666737,53.98362309213517,76.95542041745097
21.908671826725953,352.4331882128927,54.97557627819034,75.96055708458337
21.010635325295112,352.40295812726964,55.18862871315804,75.7580561066137
10.623543998203399,359.6680180292393,55.51856698257584,75.4679990162974
8.934832361227063,358.03704512254103,55.71833336756672,75.32022488569379
7.5611806898160445,358.9341716548145,56.11430142329464,75.00592832882954
6.599754408933915,358.60076398684623,56.24690475658142,74.89490710356318
6.220595722245797,359.0434601143876,56.49432306303261,74.68596414733909
6.5233781989341,360.4813343523426,56.660335885134366,74.39808078564101
0.769885474934302,365.35256057304406,56.504993566715505,74.01486124676504
3.1819179230479904,365.28608234007237,56.84077974470688,73.13240001766295
3.1439546894881296,365.80837512985033,57.00533500309924,72.1349251819276
3.225520597014217,366.0411189270009,57.42998777638401,71.4659648988323
-0.5815054321342643,367.3863904894172,56.846633065882145,71.34030238351212
1.7131994489021807,367.6397880702925,56.658953841223806,71.09324444514826
-1.3158065913540469,368.3403768830339,55.880037554121515,70.9172681879974
0.621925926928963,368.9132499666754,55.63197243897273,70.83036253394376
1.7542504521498827,375.74574986306703,55.64542578644959,70.4216856018783
-2.9880005546523485,375.2808335335148,55.16120831763218,70.00354253008675
-0.2563736458150494,380.44190686807315,55.08734353804352,69.61165842658278
0.19926168025639868,378.25321946783356,55.01686446896184,69.18680811414693
-6.121132685956503,372.36703167475645,53.35748611764741,70.56422425053309
-5.284190192311115,373.7177519959852,52.13753535281643,71.6566354604926
-5.1093569297081665,373.3826197212594,50.992763787537136,72.6308097289345
-5.170461898383092,374.33168980890116,50.672968209788415,72.91786690701403
-4.738872764013323,374.81054633611717,50.420002326703326,73.15195325481896
-4.5262056065502385,375.91810616750666,50.32918075215077,73.2544631677694
-4.0101495671271365,367.9062080279332,49.98977603309537,73.63083188801737
-4.036969978810582,367.87519803782806,49.925517848366994,73.71384874987656
-4.628943236521756,367.3039406343075,49.759970860218786,73.90500804000716
-6.156545837068219,368.0442923128037,49.69512205473517,73.98406358461075
-5.79809834365091,368.02588460212814,49.57152109236802,74.12348063098712
-5.76202468328831,367.15026568831814,49.373767577504296,74.35226705785028
-7.717383809056969,366.0408610498574,49.280749333069934,74.4722744834992
-9.158073647144882,364.565376789601,49.205351436613924,74.56426139466762
-9.94295684732235,364.4282876256017,49.05142625428911,74.74098439247311
-10.689293404949705,364.35981668935426,48.99583677341345,74.80536086585762
-11.349704106200505,364.2327275801266,48.89236167761641,74.92445488738775
-11.788133268573308,364.14511794374334,48.755236633488416,75.08140466411577
-11.86507038220569,363.3860352484743,48.70887823574555,75.13902213061219
-11.297103095003195,364.4579951792837,48.6608589626635,75.19475017243562
-11.206113100024488,365.16012415464115,48.62045717018533,75.24538902939145
-10.852366999081973,366.017197791902,48.58857866964384,75.28769383845734
26.903176540945996,295.80765772220343,54.904609509509775,69.83174346027637
20.00215702537286,296.71113503627265,59.37853784577079,65.93172953076159
19.952057503687232,298.56466490280314,61.5387446997347,63.96321008948681
13.852365582829165,299.93498524346285,64.3716887221149,61.408627184380045
14.44095614038691,302.33207908390114,66.471714504735,59.48847819979254
13.456833242496124,304.80056095690054,67.84964090545127,58.033850259686744
11.077230223098866,307.001642326266,69.55904940930316,56.428991435979555
8.121446558811492,308.80601897182817,71.43403617528635,54.84202769563652
6.270954831132222,310.56446167908723,72.4483021204215,53.58912362343407
1.9244998479202735,308.7379159943767,72.31036434667206,54.082618788097385
3.9365593230341958,310.65919616753746,73.39344315797986,53.350404997485725
-0.9009719482875411,310.2094298541529,73.00097411492997,54.0056881611734
1.6324662058680914,312.12200295110523,73.60306171576788,53.57130620371899
-1.8183266458272058,311.8994984639418,71.9236871454158,54.88100488580192
-1.0266977343253672,312.7646492107974,71.38255693166505,55.4038002110147
-3.1098508139408665,312.6698973959213,70.139113582992,56.540151100765236
-1.2777211825716108,314.4523675143822,69.64412626620685,56.884924370542024
-3.576049596258791,315.46603984615604,68.5184110385275,57.83133673557401
-1.5205993352219025,317.2668817165951,67.72652768831347,58.03215395790699
-3.590497136692406,317.3812963169209,66.83684950966878,58.77643322769532
-1.895212078502908,319.1967473255036,65.49507175550292,59.09013179265259
-2.540559329019601,320.6347995264755,64.24184526273137,59.255582080116255
-2.6162008465090913,321.27171928060415,63.296026490116056,59.53629417326881
-2.512278423464778,321.92824353903916,62.5259067111661,59.69050244083791
-3.4124810779281987,323.1423288046045,62.12612767484758,59.78755015807454
-4.2794907313198,324.5799398897871,61.80654070988701,59.92539594844842
-5.001223198764315,326.0115672602597,61.31154112241428,60.09186103706257
-5.484981557492016,327.1058210332187,60.8009710106842,60.31678966553731
-6.487224283720572,328.9235635256623,60.65306789044844,60.356544005219824
-7.233141854392461,330.33430742908536,60.4106628574987,60.46984490229215
-7.084978507952517,331.99328039135656,59.81827509584554,60.72353923081676
-7.207868472358221,333.73688048816246,59.138843356642425,61.01653308131816
-7.3362517442992825,336.4384827964459,58.73817168193095,61.1525106508779
-7.596687147065108,332.1854417282458,57.69790743382796,61.08477839518838
-7.3363289773302505,349.34612951237057,54.66052396674899,64.96995723978063
-2.1222519213613786,344.7415353330428,53.15713639533859,66.86339213850563
-3.619376791312245,346.70468758884294,50.43588530363632,70.23554858729364
-4.424842667775572,347.0813391264534,47.36053585233934,74.33971364027704
-4.006375399406068,343.97985972162235,45.24098732290929,76.1665757244753
-4.056593104347744,346.16746475772055,43.25386136385038,78.28638079662697
-4.550797911170314,348.01374670226323,41.97798612832865,79.53355232013922
0.22606799334350214,343.89097895192606,40.95626153670825,80.26599721030945
-1.1813534988890595,346.152512066045,39.230729765313995,81.39426955934212
-1.6343230334484211,343.604469390432,37.30611577962315,81.37406148023982
-1.8579801203557906,345.85270112116706,35.36777812657937,80.74775025380072
-1.935712940337865,343.60481289966623,33.318357091662534,78.87428259813906
-1.9977206199998996,347.5348377416315,31.833145985761384,77.38638381218827
-1.9987320713026264,346.53412590317697,29.232948114669938,76.6773439652326
-2.4386981005108623,346.9715119070447,27.171043100713973,75.46323183694314
2.337934367603273,345.7046391995505,27.430572849849472,73.44606105701575
1.6684917875263992,341.4851538269594,27.66905207853044,72.14717875196607
10.4357835488126,321.96585053519794,29.06019640019632,70.50926784891668
13.880213756275095,321.9149001857481,29.712386896221037,69.67687950963511
11.15753215442527,321.74693659795633,30.575528115057406,68.7088297917936
9.540116040887954,321.2889635467104,30.973914295302816,68.29327357590317
12.965516413508427,322.2279646915028,31.806060708875346,67.46245694572701
10.237536918565958,323.3526042245464,33.02091557278372,66.24889834720723
8.10086419657005,325.2201818937664,33.81437806122439,65.45561131397362
12.278498015071126,326.2742349352768,34.56703679293562,64.78568222050814
10.346817676027847,327.40267689984864,35.648672779631184,63.849567720571216
8.566970557674338,329.19229860074273,36.307935860179754,63.270586102382964
6.270113266744193,331.28865765831193,37.02170492545374,62.69335460910126
8.696739934834351,331.9285370082125,37.86867932670018,61.8512507919695
4.703947458437341,333.78425920433006,39.13108636964313,60.43055857220447
6.164049282811543,335.6846518560477,40.29039436335078,58.98869956500338
7.677472673899125,331.8747651376438,41.56322018478279,58.117783724162194
4.5133918423249995,341.85453401600273,42.35244857080092,57.47388927799124
7.430392607878268,344.9337726112965,42.981471655935835,57.007936043702564
4.0932212834404,347.0080023494041,43.879002705080126,56.450809479932445
1.6190518801954852,348.55847676034773,44.195033505283334,56.330575217600156
-2.2378029655752023,348.27924299230017,42.186000162461916,58.43906917047384
-0.6132705722097427,376.2239511057709,42.22316617826701,57.1200417374778
-5.276703641357173,392.2739125590059,37.92490738522642,61.40423214277533
-5.117007631062343,394.344041542488,37.15310910724578,62.02565716302419
-4.843530140263773,395.04502224017335,36.528543752151634,62.49996129347137
-5.345748707086145,393.9976813206203,36.282320704750845,62.697875516305515
-5.074850079633137,392.4119862658637,36.02479278273057,62.90159137044769
4.887255689951171,361.30536989485125,38.516928747224064,60.25644856315613
0.9106496518405685,362.55910554683294,37.749396690449665,60.59215195516138
4.248731923464931,358.0003913795975,38.51366278837526,59.676176893025854
0.5430366447285842,351.4171592053915,37.05901502339922,61.09961832273672
-4.203088009823844,357.4369387070824,35.10631422874431,62.678375969745446
-3.1475609963359226,357.46129911083324,33.6682060588165,63.614893893151255
-2.7836548330372217,358.17126613569553,33.34408323588884,63.78981753614521
-1.0080841645818666,357.1938646203506,33.197937578833475,63.77291203068699
0.251736854709943,336.3803697701431,32.75447194520286,63.610263211814875
0.7523031751389411,333.5793849168293,32.684538854973525,63.34176859349127
-4.181230265395497,336.7356860709739,31.673249756122967,63.82164484660345
1.6163836019873532,333.9393758101316,31.651326197687833,63.66444513589675
2.116808592580762,336.3285105407363,31.594396411603707,63.546416324864275
2.630728951704656,335.14019058582596,31.580327704159142,63.49892913278674
-2.9241479005828044,335.52647050215774,31.39777641605828,63.56626717114062
10.110783213070938,333.35373555263726,32.0565461620174,62.79101954469945
11.453823986895063,333.0356704072896,32.410884192921394,62.35592419223678
0.14000283874973363,327.77347557637404,32.23293681330873,62.30519006714172
0.11179894650566169,328.7671264659896,32.09281671438642,62.24324765623486
1.1734836741508357,341.13266260921,31.940925482896734,62.10973625236237
2.338085870152433,341.7054672005957,31.92396312199095,62.06633544552178
5.1010888782025035,340.7229525983296,32.69929577852875,61.048967570586235
0.9125862470478232,346.15556297525626,32.27798789996897,61.22312212190866
1.6567996712338022,345.40270642081555,32.135242242087735,61.23161233039943
-2.609434994503763,350.0219847299617,31.683304148636108,61.402761827829906
-0.6195659256403729,354.81216779307135,31.396848853545436,61.55094089051428
0.645195718607452,359.6975815338522,31.186651727388043,61.8684675196704
1.428184945518053,364.2284357310982,31.00785670137751,61.9823076786452
1.5783380237690139,365.878953565692,29.943230826991524,62.94447706087972
1.3527705699370962,369.79704149096415,29.541062898237207,63.286744165352516
1.162571266326042,367.36902122079573,29.063510877655514,64.00226079516682
0.6960169222445938,373.12435361594896,28.705613715980153,64.33918835868127
0.36789916744066886,372.2724957281081,28.438169277734914,64.62614774283765
-0.1758449768801178,371.82936130060654,28.17695489723281,64.94035648965597
-0.17112590327505472,372.3461928729255,27.779961866065776,65.40187204451145
0.7439156358193735,360.9685127182061,27.580336189152554,64.44488913800788
1.6751743028050115,365.90153088258563,27.56349468125397,64.20057884532062
1.821441012644284,371.2870032149541,27.181345924024786,64.54061421445819
1.8304233700595667,371.5218053980224,26.79795609933094,64.7900160886894
1.497201846392926,371.84806338621206,25.685697602856237,65.5753033807428
1.1785923534798943,372.1164501469272,24.880639037984974,65.75717054439396
0.6897765500373083,360.92001719482073,23.818255901065214,64.95573675073089
0.5496697966018314,359.88429394892427,22.209170134445262,64.88547272273317
0.286226689007421,355.9113810167554,20.607199213861378,64.87401461337707
-0.04187822429039301,358.92392313702453,20.038018963819738,64.50782824957838
4.823184125305245,380.48838519590845,20.878400360514693,63.039254931371026
4.859936407052734,385.55025614278856,21.340296068435425,62.322569846082544
0.6184417929416597,386.1394549337285,20.95562382052232,61.65694846020565
1.2772344972762841,389.2095966474394,21.48904337000584,59.31564193097706
1.8108503048143998,391.2105651346124,22.394393141495772,57.68327020512045
-1.6654731060643453,392.9856341628156,21.06515386248422,57.81374757382399
-0.6204141639341287,393.4825925265346,20.120846701528535,57.99422414262777
3.312782920880327,389.5009039915682,21.126233881081752,57.083140038549345
2.39337326777191,388.5725579508482,21.638406501698306,56.84479513649935
2.087811202459525,392.0803162385036,22.04745452505951,56.50618323953322
2.688472563733571,396.1802732935342,22.416047335577215,55.96604867811711
3.2989647600913443,399.65725337830463,22.918394751905552,54.988924236267806
-0.15350662536907578,404.4258683896036,22.900792566619117,53.98036547831836
0.33376568066481305,411.1011361293297,22.79439204949534,52.88355028237449
0.5526345053786592,406.01858673479694,22.713969791369756,52.65373921273634
0.7709481887382026,411.1399803998781,22.641245440502644,52.58592727777668
1.3958403760267633,418.8838621789659,22.684113672889634,52.23201667828024
1.8728339070580766,423.46203879477673,22.70358221871809,52.07794654297208
2.335808808238232,421.26041765989135,22.711447776427054,51.940633812437675
-1.8185610470290037,434.16751681579603,21.79808722908799,52.18109439039884
2.510446952259853,431.98924594869237,21.822696047404808,51.995589100832895
2.772959780885376,427.7173047730706,21.845558669114943,51.853380029041745
-1.0805965752549387,417.92110986277515,21.131109186571354,52.22639996132703
-0.6948853661425343,417.1988912850605,20.96277008085799,52.3390866046333
-0.10832675304388673,419.7299398062047,20.669522077301686,52.45587549908196
0.24405208777081278,422.32910742783895,20.556737342792953,52.46332839134196
