789.5,489.5,41.0,107.0
788.3411038566468,489.9767440357558,42.91361235601948,107.48991851036703
787.4115463103244,488.46035212020684,44.45433111878448,107.2437759689369
787.5475637559293,486.39078407597265,44.720555912614074,107.68472089148122
788.1551693943532,483.9272512312999,44.92373359851211,108.4108550317544
788.0297757256142,482.5514027949969,44.7351058685559,108.53251459662124
788.5880939923181,480.1931451975529,44.44907621295168,108.84709182993086
789.3009374014007,477.11011248583685,44.03289013674524,108.48508918771962
789.610078265521,475.46120658429555,43.26683024018405,107.50646037037984
789.3736008921411,473.7172095404315,42.474344761342614,105.6991210726404
790.1781267893477,471.07474832184465,42.20828455742915,104.21390906080899
790.4931952045075,470.4656309261973,41.959690290547904,102.48371069132176
790.3091581389207,469.53997161129723,41.90945172311908,100.86240621130443
789.2908211335711,469.3120368439593,42.51153753992478,99.95450454580026
788.4174862377397,469.3202295047459,42.92309142201108,100.0215792273647
787.438976503829,469.6648756977143,42.704439073960216,101.49628496841152
786.7606271104381,469.2249191119278,42.75938648554372,102.78472450097306
786.7398875720867,468.1346833152607,42.65340368597348,104.19249304274022
786.4770866330791,467.1640058401664,43.035550982489355,105.2791855745634
786.6463151635859,466.56273603851594,43.299253838830566,106.22310658464835
785.8888649699991,466.47919992647655,43.965314764200684,107.31449521497711
785.1643670069625,466.09513089161163,44.50407570253799,108.6370806971978
785.4101366108245,465.2174138970886,45.24830636271122,109.43152097906389
784.6995008339742,464.0832335599081,46.01983924701639,109.95507047617119
785.0834511238825,462.6582488712779,46.410478558442676,109.85990664420292
785.4342396790383,461.18995489959093,46.58768842923682,109.10971961847603
786.2001445956117,460.3566084627068,46.389983610890994,107.76658034846069
786.7885327992703,459.6961949717336,45.832379061407565,106.48569271935361
787.751404012078,458.8719543907556,45.015545527470195,104.82297421624
788.3747848305969,458.48788286738665,44.209967040246994,103.24199450029786
788.7061127438466,457.09958990417874,44.072764960066536,102.36718296005418
789.1207181049946,457.210024710419,44.04200709192695,101.74449048256432
788.9967082914915,457.45981301298445,43.83999356086922,101.12932177025667
787.2241327495898,458.44815087480333,43.83831327527257,101.08063111875481
786.9905241656669,458.44578308523467,43.42838258974396,102.09734723149197
786.8616772115116,458.4323252039925,43.70026944617234,104.18835563008471
785.3914354802812,458.31708897373386,44.030088302538815,105.89168759244066
784.5012668086118,458.6367364215182,44.27877164559534,107.7113887543824
784.2266323198844,457.89583938834716,44.10427620349455,110.0602865761986
782.7239476502265,458.1469026406161,44.07829254598423,111.76059151201413
781.579080717653,457.82916946450274,43.97010055740172,113.97834493737614
780.4218963048303,456.727866434123,43.5430264642699,116.0327014315807
779.6855412439874,456.64654580619157,43.14302862296576,117.08277424939037
779.4069741092744,455.520641094679,43.15169716363189,117.77459970368083
778.9181844366095,453.5988948956709,43.47091030565367,117.60783485758685
777.1142131229525,453.61025217438146,43.95366887382457,116.70220706831611
775.6750027492409,453.12341708613314,43.81580920857382,115.45388046060245
774.7588151853233,452.4924003734583,43.537026442274595,113.38987028014779
772.9459358374679,452.0919789234607,43.43611844906638,110.73256112440251
771.958076056791,451.274202104887,42.99964447366175,108.07098131581014
771.0323421380497,451.17597200359046,42.539204542894915,105.54369450340397
770.0845760509612,452.09521370512425,42.067435014572325,102.75814783310535
768.5693076386111,453.9481859944855,41.55334131177611,101.19808943716782
767.4626238795249,455.9581519595019,41.42659805113994,101.45348757381596
765.9952657265221,456.9293357936103,41.0367673047622,101.73794681180343
765.4778091032388,457.5746528947245,40.87088752345108,103.4112513226487
764.2947799654673,457.3000131835711,40.54675882160743,105.28270362512826
763.4744698349566,457.48829378752777,40.45530744452167,106.96004814269406
763.0079165696412,457.9397285009919,40.226820657166755,108.18519900232579
760.9379516623782,457.62401289417926,40.70227884541122,108.86606276557683
760.1954514892832,457.51551527340087,40.36573633252368,110.51103294647987
760.0003559589035,457.6985097796057,39.86118973239837,111.72209032841843
759.5491327919567,457.52967515341396,39.8379406469804,112.9652647015561
758.3177050732419,456.5740479025997,40.055870823866044,113.28741264343118
758.5615514284234,455.9687698288322,39.9744453690478,113.35381936832061
756.556742109699,455.4485113728896,40.639392041851025,112.77458017764384
755.3028912154992,456.49952024555586,41.274766383313235,111.55871380569776
754.9210752450173,457.36572155765685,41.181493638779834,108.76424271912391
753.3210230892598,456.40959479944206,41.488497688606365,106.04213544530074
752.6480455335292,457.6048267799165,41.60011034420379,103.87434762740207
751.6189005634523,457.8581381030335,41.94804130703978,101.93529507146194
749.2722246667422,459.2964924131044,42.4312676541404,100.7321749656482
748.3988023904483,459.9806686894035,42.74862891224116,101.14092369135511
746.0086140742382,461.0293772208558,43.166587369917835,101.6252071918813
743.524429033416,462.5199148914909,43.42479671929277,103.53320760668413
742.2063756351788,463.8484639183687,43.57438489432242,105.92575783784056
740.7424663649662,464.1985984036416,44.04059550170332,107.86665364695786
738.3491024593995,463.1871762476062,44.355371828156414,110.089710124742
735.5073587612665,463.8766365651941,44.56117043505481,112.01836209279188
734.3347689110178,462.56269700172186,44.853076457726374,113.77843961308125
732.2547868719452,462.8963455494392,44.986309044782644,115.42335283907293
731.4212169328347,461.62173434116113,44.40300403393506,117.52641452192927
729.2769828687536,461.0320014291098,44.328714002459776,118.33776337120129
727.5874562167393,459.546044943561,44.34091716877792,118.07489793806299
726.6610935624971,458.2108224986044,44.17001114295759,117.61054287070087
724.718273969644,456.481997363026,44.23144087698828,116.523667041699
722.120668941245,455.685505029448,44.47050421671485,114.6908299276966
719.9344242354028,455.4201389944892,44.33926714600758,112.42564448662785
718.702169361076,454.6138464712687,43.56953183278682,109.55828816496579
716.342867277351,454.33213786478484,43.58451079805779,107.04275735699841
714.0640212616803,455.11850098039577,43.66631457714103,104.36450396322468
712.6008545136206,456.051657439913,43.265112682406695,101.89272008881838
712.1125624067998,456.1326164753837,42.962366404028515,100.65763266725287
710.9058177695404,456.8204416651978,42.789110177982714,99.96453516171297
709.5435682192588,457.8341737771583,42.419952977047686,100.0711112934743
708.3090405096392,458.2385149090066,42.109337680954695,101.14054206116512
707.0127690643114,457.4092170649889,41.57514965272601,102.64004453313888
705.55156900867,456.2564790338442,41.358252517075904,104.53743766319451
704.1408597013002,455.71244227503513,41.228558384622964,106.24549616521051
704.3644098094952,454.5670811890931,40.84888070722875,107.25448899654137
703.3055276956113,454.50745149767107,40.73977034507648,108.3420491987823
702.8669093555567,454.39161194520693,40.58616090625877,109.47812036732827
702.6115947686492,453.0989468545026,40.885172356966564,110.27493748435245
701.7399370340464,451.80834298075797,41.5156904466783,111.1263611007917
700.9430082499437,450.3208382443646,42.21539906907547,110.9476373200994
698.8050788966135,450.35394024357686,43.880864728402855,109.62648589773988
697.9733942625695,449.3654297275775,44.85066880665239,108.42231906162037
697.8990229818705,447.03197873765185,45.76781012979983,107.53551821020335
696.8292745492085,446.64025925368617,46.75890251609685,105.96652492715816
696.0831362153892,445.42989178571037,47.535647774948835,104.05331601926818
694.8208255741428,445.0473843308221,48.257830917526135,102.30932752824211
694.5589127910033,443.9372809232516,48.58738482991454,100.33376741757141
694.5922513086624,442.7557337526346,48.32483265655202,98.79501725730998
694.4217101187055,441.9302332565583,48.308648669984024,98.08724358744473
694.4228834084302,441.4111476306938,48.07326257730432,97.96578597107074
694.4059792962701,441.21637116546646,48.359593419203065,98.5717132242975
694.8343542790958,439.88705346678876,47.31306581106317,99.20401934270689
694.2529607719526,439.3278279297173,47.14979896754612,100.54726397020221
693.9342433447508,439.45756205386283,47.18893944462265,101.54771691503396
694.3642509777518,438.4498474204012,46.67253690912396,102.61977780665588
693.3867661440852,437.64236722862404,46.83137687293546,103.80976410630976
692.746294206711,436.3875929282466,46.83487423927603,104.92768360721885
691.5990270001695,436.24402616189656,47.14502375798817,105.83256361227754
691.0041077266978,435.7543817113017,47.425594342952586,106.64762364200257
690.3839711665685,434.55612927536794,47.402290955642925,107.57358059936504
689.8612655065575,433.76192050792787,47.378473864944056,108.80208880840709
688.520198676923,432.87473988034435,47.42316016703524,109.89920551954489
687.7340895804641,432.10209803091067,47.29212008396732,110.557413615404
686.9382550876721,431.61791685483416,47.51294339408277,110.68269044013695
686.3087555917032,429.2547997715559,47.079759725918024,110.89471533621618
685.0305272363327,426.5627292030705,47.643492137228144,110.56958122752056
684.709018172604,425.18384530441415,48.47692551296019,109.4989355383525
684.1183532942775,423.25370239399865,48.56170766600597,109.15383758156503
684.6675918834599,422.2152027538961,48.58256983452693,107.2548513347316
684.2827171333328,422.130246650621,48.305603359973524,105.26696978098207
684.6696617018246,421.8680694655498,47.85151001032435,103.67884708699187
684.0688841395969,421.67265539100725,47.10605378319438,102.0327279857107
683.9989721560689,421.6555809596836,47.28268894556422,100.66806002439866
683.8890689679271,422.4520723573542,47.060148540355534,99.39672880700701
683.7702133041686,421.8177166376894,47.15489805287299,98.50832574056878
683.0390753778074,421.7527707020106,47.06194686435089,97.8294213253435
682.7450496155747,422.7274802048855,46.14866813235419,98.09566861369152
683.5902060664824,422.28355571410077,45.10330550119152,98.65598408195346
684.3160660782697,422.35881805713717,44.2070357978608,99.43135520600788
684.9772954856652,421.57471814763267,43.715112275695205,100.77155299833981
684.8815455193114,421.28210489293167,43.25971823028388,101.87425004635789
684.1402263713544,420.6747061835387,43.16851364308775,103.01086496156279
684.4882348930639,419.06498415570303,42.848316312546004,104.39843560033353
684.6136107475521,418.9708699657963,42.38941120672489,105.88620879139586
685.0964729795722,417.9511979609646,41.93559563150146,106.84828324692103
684.8477397185104,417.2579745317087,41.90524913625676,108.56647665384693
685.258105334161,415.84144709452994,41.74899382277173,109.80383233711106
685.4823059768562,414.9679448513119,41.682514007546715,111.64585199918768
685.5388080982212,413.64567380637135,41.32953930428236,113.72596832260076
687.1399561268681,410.5979862752215,40.89352818961564,115.43080087772881
686.1217302265356,410.7973093907544,41.12139625386086,116.5712198884768
687.0777054821428,407.22206737457304,41.05548026947149,116.97165480661218
687.1720898722124,406.68979723634317,41.0287656257279,116.03817932169648
687.7674701947823,405.980127693168,41.47575250675683,114.89666850303276
687.098911253094,405.79132003107065,42.181253380493565,113.39542263833893
686.8020358483672,404.6026180384221,42.67682052079759,111.30186457605903
686.8287389939516,404.7819180647115,42.871215384480685,109.9052614364366
686.6384877239664,404.24390527266274,42.82767909703176,108.44928433307989
686.4596022858082,405.2832870054056,42.860336825850936,106.87013865280953
685.4887116621895,404.90377140953007,43.19875157890934,106.46659662621497
684.7964658984896,404.33170502885986,43.388940070573156,106.1261109621861
685.653069432196,404.75670067723485,43.03477302505666,106.34350164347106
685.0094087816822,405.746282767749,43.00833034998729,106.44911720182273
683.8975197278154,405.4804119514284,43.38503907505341,107.20235240646062
684.4335160232764,405.83628218473973,43.3138317157215,108.89950385611291
684.146512196093,405.07846333534576,43.42991381199825,110.91593334300208
684.0461425982734,405.1321378912906,43.318078293215216,112.69719840881623
684.7224703300687,404.25406466493934,42.9582663383449,113.72911820794286
683.6548203846493,403.98047886341476,42.8546164534879,114.9350001119144
682.7977985518344,404.6820784550332,42.870644667686484,115.24672240313433
683.1616231519549,404.4858523147619,42.233551723918424,116.43940798817741
682.711247508035,403.3080577629586,42.19508371577985,116.33160936404676
681.3005478335992,403.50479760139626,42.24703788375831,116.25329416380447
682.3327688306438,402.34693292342683,41.931305091482066,115.49869862197713
682.2525702263171,401.1359944534281,41.91170050484362,113.88814395949655
680.8175826023335,400.10417751981134,42.388817724399004,112.2862302174009
680.6571430201417,399.9375595477912,42.19546711430733,110.08543477029741
680.7967365245814,399.7475604601269,41.702775239662245,107.92428022994292
680.9119298228921,398.86301132970743,41.71752976180578,105.79580358920106
680.8966800338883,399.2472499636135,41.54965970268181,103.40548965909642
680.8821326120376,400.3498740274106,41.95920935485681,101.4127105728498
680.707541158706,399.8101784852002,42.33113183769574,100.87595986115855
679.3307134562342,400.69328409428914,42.819754474389924,101.48084072405065
679.1481735924506,399.64014925082154,42.672009130145284,102.42060125952713
679.3478530533339,398.32472192652625,42.247398570234516,103.91652410536798
679.4465568822559,397.46667002774143,41.921998997641275,105.42448831946919
680.0397842458011,396.3204623696588,41.79083151248672,107.49368546284585
679.5994066063749,396.11844026603916,42.062443891825666,108.70522919801635
678.5687439713223,396.4266007005117,41.99334490083778,109.33920194155148
680.0428798891735,393.63292633941586,41.742440256450166,110.99946049574382
679.0782119158733,393.20993930244526,41.92240038289068,112.43725814756593
678.5802740477412,391.56280395790884,42.04874997131237,114.11598821297393
679.3439813387405,389.7267721983833,41.994605447945716,115.54797280593854
680.0026054088031,388.45552017411256,41.72299610748794,117.36398844305344
680.2957951365006,386.2007897727134,41.77239501961235,118.0599424041923
680.0943703867957,384.03536856002734,41.72456584265528,119.10623487801101
679.824625829781,380.98643285802206,41.63958305383747,120.18737549665175
678.9122633395596,380.3943514424785,41.39752150664674,119.63545946936318
679.1038180698094,379.3331116222354,40.97637117348363,118.69619537358244
678.4429675939801,379.46234795947095,41.17665960950194,116.92043008035978
677.4055715166262,379.461663494339,41.922391328914834,115.28964931427359
677.4881600334568,379.4872044319355,42.83438407121638,113.32269772625102
675.7317702744178,379.2728182377333,43.27143636494418,111.36071064657675
674.8578013539976,377.9105023326693,43.30347819538585,110.30822496593638
672.7978237485524,377.5349032748875,43.03435002080859,108.82105027876563
672.3458315118241,377.006807912301,42.607190280588874,107.73706470770443
670.9138357792731,376.71700160462024,42.42394411103219,106.86375807829971
670.015302878936,374.1660580100569,42.69362265031553,107.27800793832492
667.6692693150824,373.1010873899473,43.002329868965276,107.65114733490091
666.0871064902866,374.0850985475147,43.31319759085294,107.19113683769821
662.9934279020939,374.55284552795854,44.64077207146808,106.19811715263793
661.1878851944357,374.13965005331795,45.59169599157566,106.62410886404788
659.0229742124292,374.2299289822222,46.1392465703959,107.15216678611611
657.3657832704638,372.84011430144756,46.79330411922847,108.24851126893459
656.2263661912092,372.60626986231034,47.05968972846689,108.55649456792827
654.3774154981013,371.9754668387009,47.38524662081673,109.38577662289465
652.5226535844721,371.4161312727035,47.75671674476722,109.09882217314814
650.9917219592253,370.64023358999486,48.461870038137974,108.35251897441759
649.8857250332667,369.21594222279583,48.45025348890155,107.82180588285733
648.3448641742071,368.36318360363646,48.795829233815155,106.5340958777526
647.1459904149796,367.8858572327463,48.714791237438675,105.31653578040644
644.7119380027347,366.9685507074027,48.787070103676655,103.77788809462814
642.6235519853603,365.3698330170471,48.06495831884508,102.6591761479163
641.0784323170403,362.98464555844356,46.307624375150745,103.56170576826355
639.0151318645294,360.2636969897665,45.50184221971712,105.09017984424679
637.2242697432981,357.9641080696389,44.40142277397778,107.25809590662419
635.1863110291948,358.3655019436354,43.21474597916201,107.7875406339119
634.2083033939657,358.41036612772484,42.611902854997346,108.70509309230175
632.7487598067196,358.6001795595696,42.61057272068227,108.69167969930959
631.4990687659736,356.9207684523326,43.203461138386416,109.22982058024171
629.7627634138594,354.85391949679166,43.68503304332904,110.45019747310457
628.0608644346136,353.69308359124915,43.46695285469535,111.6995242658028
626.4587355953568,352.38652086560774,43.28166914565094,113.48257194971345
625.3131360492221,351.5248182881885,43.0952736238915,114.53946980083718
623.9032497128931,350.9050645269977,42.535305819941264,115.25043408934728
621.693475321412,348.6139802069813,42.11198246011139,115.47832654911278
620.6710171405371,346.7152986462967,41.84745010283669,114.89264733497174
618.5315663848592,345.6423111092498,41.57013537426327,114.46150568123656
617.4396675518346,343.9543803611591,41.0875693241868,113.59518253844088
616.7077716259381,343.1136395922224,40.80310842653688,112.58722907112627
616.1192930798652,341.6297104664253,40.72610800868826,110.6974246449556
615.1837916887176,339.3498646050155,40.90712837673773,109.11305909391048
613.7985960352379,337.47620686880447,41.41337931618931,107.18300258757279
612.454041945403,336.51909947192917,41.58430521817971,105.5610046985994
611.5970355976559,334.9497209381215,41.51597595658154,102.94880904557262
611.2945143938995,334.33834131119886,41.08645839896066,101.04838075745624
610.9214548781148,333.00737978364293,40.50965925387915,98.98360541397805
610.8077227290398,332.2668097149885,39.82732522792105,98.26457360380769
610.0694548802516,332.2299295640541,40.32083072549294,97.01665002200949
608.9702877401023,330.512085868325,41.106710639107476,96.77514448706071
608.1408648988299,327.59282244382234,41.482848392041035,96.79886392105752
608.303685171986,326.54384812395426,41.855052589457486,97.02698087954218
608.3364434082903,325.48743161236285,41.95144973529421,97.63589716230754
608.8827047347909,324.4931769147509,42.25688404964684,96.64024565741548
609.9851481282948,322.1488682234703,41.907497126263664,96.52467383480703
611.4496071465235,319.9833881863835,41.56055478827744,96.41253202604604
611.891229203273,319.57282011671197,41.05987575589768,95.51223595637418
613.8997563070218,316.7755899880643,40.1604882697442,95.81124600309815
614.9397467463149,315.5142205474129,39.73461782282923,95.15568807997293
616.5807796191157,313.7721264519896,38.80926036542045,95.03686227851
617.8651503739617,312.39208803606607,37.920234131492826,94.37871549089596
620.3789496970132,309.5216331772374,36.84663691208644,94.54482853191755
621.083150613762,308.3411902490792,35.606634710566176,94.16049134288487
624.1900258447595,306.2768706815028,35.15347718604073,94.54360154165141
625.4277019443339,304.549562439812,34.201513611083094,95.10403963453012
627.6992880343389,303.4711937125678,33.48410346453545,96.12491306962467
630.125181448622,301.71231758274615,33.00708107841313,97.13392299680947
632.1275973892216,300.308180439633,32.42997928067966,98.25618465734148
634.8641460894366,298.32627298324576,32.3753699059148,99.89978291438483
637.0526924186065,297.30605031809506,32.51001888575854,100.46173479261404
639.0504132539888,295.8352771703029,32.72106487063365,101.93217622789263
641.4503413863687,293.6429733163601,32.93987058173447,103.64182546829461
643.8051397355822,291.33196040658214,32.91523377176581,105.32479465294762
646.083507568885,290.0703641331383,33.12515593444492,106.38057472806409
648.9032237295853,286.1626197050898,33.57166588141573,107.74748808748751
652.1158502841486,283.6140669992681,33.67194787894826,108.0297689179846
654.8786325006815,281.8508286577194,33.500292938374926,107.4960377573016
657.164075431688,279.29262518917614,33.225993113044154,107.20392447267784
660.4852084037631,277.5448031763531,32.69648199067144,107.27777360696643
662.9585832536325,274.64555257505936,32.37282828015978,106.78811639280596
664.9739271942362,272.16602101724345,32.15595551583464,105.45452308677642
665.9271425170234,269.45619186596986,32.373054781301676,104.90137541245588
667.2348011137176,266.84444423898196,32.22601504228937,104.12709654228618
668.8541929840128,266.951351898358,32.05994086209333,101.87633135056359
670.3311733560763,267.68714036051654,32.141575534988995,99.29268624997694
671.3736670514096,266.5244104135678,32.22710916521169,98.00948878379748
672.0938784562967,266.15888804782924,32.72389620002669,96.74825720435383
671.2212278104769,267.62315709225027,33.871200839539966,94.26190746785826
669.8360104368862,266.94672380310783,35.424833108884734,92.39286190052853
668.8201341238871,265.9228595261852,36.97726520875992,90.88933570507567
668.2482149236038,265.3790060860782,37.6786277539762,90.24322977629907
667.5520714885527,264.56683866745567,38.38944446836249,90.00429301949669
666.007732701919,264.377351154938,38.77996353905077,89.363636777938
665.1723913304693,264.30599148317054,39.042065144293325,88.6975293769166
664.5494957966064,265.2942242495352,38.66537570035362,87.77676355026489
663.6485266467479,265.3810770419237,38.047862286508625,86.94321887180271
663.6718760390787,264.352118525945,38.01010210029367,86.62174542562587
662.1789067345863,262.98300965192834,37.84438002850749,86.60748886564531
661.0637765365366,258.01500763614223,36.86493674075374,88.82548914737016
659.7427576431915,258.2448404475579,35.61158878525664,88.70946760708496
658.3545481310041,255.7377873304751,34.53264086436456,89.46050993362734
656.5905876385187,255.0176743974794,33.73545713589528,90.86670955682615
654.7398540189862,254.63967492841684,32.983882344626,91.14400383382038
653.5299818660814,253.8168773724176,32.28228518353189,91.47385895653817
652.2895341913227,252.84576567170672,31.687014856932375,90.99181935747163
652.3129610007097,252.5183677475858,31.097387931788514,90.92260795683495
650.6350745029852,253.52957792839047,30.850608990134326,91.28621159348613
647.8471508263757,252.29919760100432,31.521236788452082,91.4717873784922
645.9363962161522,251.26418928777588,32.53978942778338,91.08488361958837
644.0295443187333,250.83929401406178,33.87457204761809,91.58209391770703
642.2668416158032,249.77053797594087,34.70431614709715,92.00001640292255
640.9552478240699,250.09641823569444,35.33818786313971,91.69616846319028
639.5431564476831,249.058605533481,35.53628390402959,91.80634489205406
638.4742698792219,247.7602141546772,35.51285770966873,91.93198511922044
636.4221219531146,246.2700420660834,35.495034135155954,91.24745760375055
635.1337188142049,245.38142786679305,35.00695098197548,90.37146177251859
634.456651642521,243.51497356290764,34.638551860911555,89.68851878727187
633.2093503188859,243.82096302813054,33.783923741885545,89.46753252807736
632.9405453956058,243.99481254939593,32.98183265117452,89.69239123291064
631.4432207554854,244.67891651826565,32.48165394565163,90.2248714665579
629.178788261607,243.43620324399197,32.48056497680455,90.1637444033499
627.9793824224315,243.01533930117358,32.430824046665556,89.99459909047745
627.6397231233861,242.31186234035667,32.3722681964568,89.10440335390814
626.9171995863823,242.26669925868282,32.61434571937825,88.66526968315699
627.4107355713268,242.15213786771318,32.76809377588698,88.27115163658218
627.4627755408231,242.30913844765092,33.27643242887034,87.96684486670566
626.8590173814845,243.15588895894538,34.654997612269945,87.7278929182897
626.4030244209168,242.94679045389813,36.058257174991454,87.29945577883277
627.3574264954336,242.71748625126747,37.428363424441265,87.08114770402975
628.7158460573971,243.41854394610453,38.28788285726155,86.6046677117898
630.6099884104593,243.73061070235335,38.96705496876414,86.66607565026953
632.8017902595468,243.10870835695508,39.04740333510331,86.60665768481608
635.2401946074353,243.4185672319284,38.938713974500885,86.78357550301138
638.3164025566218,243.9658418449846,37.9723885454883,87.00311319096144
640.7429241589356,243.22655675713273,37.2514716721901,87.49580948866304
643.9911637762402,244.10714957153374,35.79731602690567,87.76722640846029
646.827690305209,243.6914290801113,34.531204382847626,87.69741184330479
648.8098379937929,244.8702434138001,33.12438647989225,87.56426952694041
651.4210008198078,245.64366317054817,32.28315289939577,87.60859221818669
653.0833015283099,246.42885188701555,31.121106700134508,87.79641924539594
654.5639356566644,246.38876388804582,30.65751958432515,87.779068096996
655.4633264098977,247.50876329732228,30.178017510155215,87.28642259379652
656.1509090046953,248.09108762504394,30.335461068042353,87.33875296514762
656.2235683394664,246.78222607196565,31.900798326158412,86.14149937910445
655.019282749217,247.80869662927,33.76107818108781,84.94476992678821
653.6483901340479,248.5652316004531,35.402516130923935,84.10777550255327
653.1500884309319,248.62351250678776,36.57282234339036,83.45224798782709
651.6895762728129,250.09597268798598,37.36800837990414,83.96222240654333
651.8064734604468,250.74361661167796,37.55762141025111,84.47019047480117
650.0621430817059,251.35399320181898,37.764930601418094,84.87535115293278
649.2302020746515,251.7754309574001,37.34319626535299,85.26989477018859
647.7746382917561,251.21091281192025,36.28765665585097,85.7160273541208
646.9818999201418,251.25823461650472,34.70784256656,85.57137747454321
645.6140345222972,252.01586211397313,33.233216649907945,85.65648680703714
643.6743073566649,252.7662645893443,32.584383570436216,85.79448283495537
642.553364177102,254.30272761172895,32.34622771040023,87.3311106041204
639.1345334819648,256.1998541841299,32.23961086047073,87.87779507375949
636.5476219606873,256.75788368737403,32.55403553800517,87.90307310435762
634.1647767244348,257.3458638144844,32.81457759971289,87.79364987272757
632.107801947909,258.14256018741594,33.2601623895045,87.4979446573821
628.6914160114926,259.6078726759598,35.02159274774991,87.26552252872877
624.3790353135778,260.2767362852721,37.31177658315477,86.55754168757228
621.4519433627647,262.0076783679447,39.1468383610627,85.88839834406538
619.5671503133183,263.0656942796797,40.670561975977364,85.42111968679423
617.7908255215143,264.45647806345755,41.81577161245701,85.38356948183309
616.5158006408503,266.1425356984387,42.61553324493201,85.41900836149856
615.4262652690131,267.49196893426733,42.78805224605266,85.93252182224478
615.2204496500561,268.56635166161453,43.10281141502507,85.97960507093478
615.9809263498714,269.44662813276966,42.90858719382325,86.63463812334498
616.4792487743528,270.28251873500597,41.60170878167582,87.22961202293726
618.5958783244747,271.44439545887064,39.64327072444653,87.49220806251259
621.3126902184761,272.74673020773463,37.73708223917821,88.56789721308486
622.9521576257123,272.3017720286267,36.4440211238939,89.28935934146898
625.5219131726031,274.86314528429665,34.77953592236994,89.04876681801359
626.5862987275888,276.7601152528615,33.380430210996316,88.66010794777847
628.2074534171294,278.1130292603537,32.510990561910845,88.88033655625297
629.9974565718609,278.3996238804515,32.29089068746063,88.53691009374353
631.1472627668857,280.23929443028453,32.56397212217928,87.623132482084
631.9914781016812,281.91002160039307,34.16383314532176,86.66998690537095
632.4207531222668,283.60182828484756,36.00598767873566,85.81060783135332
633.0452621039857,285.05294372935015,37.55114963167958,84.88368071145973
633.0480943520827,288.02964325073,38.74206089632718,84.5878000555409
633.8892220161166,289.5438036057832,40.11077826837829,84.57975732242429
634.6786676775296,291.6341842153556,40.277716050929584,84.71548770713068
635.5972844146831,292.5488378113753,40.50181670977052,85.45687877635238
636.1548255029954,293.81596927954155,39.844110566213566,85.44350989061795
637.5148416203317,294.48573209799844,38.560734568189595,86.16165365487305
638.368342281338,297.12843483102154,36.87839786052676,86.01296503147822
639.8296956807385,297.71122456280443,35.428581438770486,86.2282873814195
639.0367669507845,299.1908920443896,34.4996931863981,86.25663952914996
639.3178244071089,302.17519124876316,34.00160945746883,87.5813069399525
637.9847195685337,304.26917700918,33.55660926523465,88.62439735454365
636.60328321564,305.11495629667496,33.57742226338043,89.33626137362407
635.7889226328161,307.26522834693503,33.921360423313786,89.58042027984835
634.4580858289711,307.8181952343912,34.75110899648071,89.63711253299687
631.9158940277374,310.24823259172535,36.26030086272683,89.65106173266571
629.0701332672072,312.0059498438427,38.09616719045825,89.24267550151768
625.5151013132087,313.7939930194523,40.15345190076263,89.0447517727502
623.4724340241129,316.287844354937,41.998683949428454,88.48066646475685
621.0873381306698,317.51508665705694,44.16233100326704,88.23758189256044
618.6974166545047,319.4050384788259,45.51981901899765,88.73135559811323
617.247919239914,321.28257296699644,46.1883841988258,88.98172065802692
615.5546300959066,323.76939029887836,46.670633186913946,88.82732894851722
613.5290199327186,324.83102332087,46.49559857325691,89.07798024576626
612.3913582067227,327.0379090200837,46.237160047099465,88.44291754370417
607.5411029446205,328.8052374729677,43.37349687287837,88.95170097988569
607.1614554786587,329.5951577871738,41.688224839699004,89.41510352125805
605.8544445677185,331.95678470095623,39.897487731373076,90.01683901254083
604.2890104946705,333.54979545559013,38.4892623830538,90.60522989684293
602.1126780272432,334.33448860038106,37.07091358118352,91.1265528167032
600.1541732804718,336.16701050868767,35.91583721733499,91.56002212646331
598.3679610458485,337.14950075162733,35.078331934231855,90.94584418136307
597.5333334512724,338.50074571395703,34.19114128636302,91.12763446147659
596.0312996026407,340.49322287395586,34.24249072572229,90.70414063647407
594.5348272317538,341.1215091218345,35.51534972740694,89.92420341798817
592.739601447264,340.9178516654054,37.27385265842397,88.64952723053497
590.9951294867766,342.95504020965507,38.084096370734926,87.15850389989396
589.7351707552073,344.0604977354235,39.24813834177748,85.48233978677258
589.7127164237435,346.0631227704689,39.76301538324905,84.82904369998869
590.5711752486469,347.48149645137056,40.051265217725565,84.97211134444147
590.7585637533905,348.0490675551364,39.60147047287636,84.90786743135868
591.7172274699753,349.873489951812,38.60486057710971,85.72726194541102
593.330679055596,350.19051131587156,37.100062074485805,86.58667140864475
595.1023230405549,351.2007482843233,35.84054800364618,86.63216217053272
597.1238930951997,350.6428613538306,35.31775715850142,86.87156673401378
599.5502525845333,351.8895989607192,34.498257040460636,87.16917127983433
600.3161428654079,352.452076860144,33.65036247028468,88.87126592844865
602.3628062513303,353.56468442548226,33.46765185787894,89.45575080997922
603.7611664558644,354.7301745319245,33.58114396559549,90.10405059205934
605.8068697977275,355.42820486146195,33.85881067283013,90.39803135582844
607.5172567126084,355.3404679552061,34.521740837819145,89.97076225795493
609.6609588735342,356.2745097379475,35.847868582312614,89.6311117769601
610.7518639507405,355.8784418977625,37.65477383813279,89.18202781755194
611.0157333135148,357.841290870491,39.77349969884193,88.84001240917377
612.359341319809,358.02968216922386,41.715525629613,88.02666912130508
613.3566510750137,358.1794856323362,43.75980649456986,87.04746755911702
615.6249558564729,360.0069606297231,44.49719185428946,86.77637409930104
618.021276284573,361.23952582536754,44.61745669114333,86.17427831399205
619.2718549132937,362.92652751015163,44.35411052226391,85.91735086452884
620.4887317017577,363.084664352918,44.119396404564526,85.95211310176182
622.9623899919156,363.01088029354116,43.16189911250248,86.14790324078396
624.8745178605856,363.55980475524353,42.494085778955984,87.00551260080363
625.936524403362,364.2109309792627,41.482607931669094,87.35218998713111
627.759815689561,365.19192639911773,39.85951602661404,87.52739997978799
629.9272445883149,365.79894229585864,38.77372863506638,88.06942079956454
631.565751896571,365.50355597970884,37.56456341621359,88.74983261127275
631.8848029916282,365.84597874586177,36.20825112497138,89.91828681594352
634.1841076811717,364.8851979192159,34.46967358907004,91.80488755110675
635.4745732736296,364.5878753386744,33.282675461939064,92.97245178291043
635.1005510573737,364.1823642208732,33.02116681961444,93.58870149189106
635.2727978854556,365.3405291061282,33.40966575292411,92.72183413516876
634.8354280385201,365.47777249632003,34.56869942620136,93.21715689887158
634.0826959031887,365.6967970794237,36.06660999883505,93.59823201407076
633.329318670715,365.6016577974619,36.742490616774674,94.54472168000311
633.2855917481448,364.9964777220924,37.92137131128014,95.31194791031103
633.3286946294529,363.7846746451348,39.31716375384896,95.93510600419039
633.0230615911973,364.34602886193045,40.12949319510427,95.9926367711912
631.8223057205652,363.9817098144027,40.46327713218459,96.73834515036008
630.8290258959903,362.73631032795123,40.69430225164831,96.65222575969176
632.1169320422034,362.5264789061329,40.830162980538816,96.02874711906786
631.3839007531392,361.6630310987925,40.55063320293909,95.93744703310321
632.8187460621191,362.01078729731785,39.40189712237096,97.00326690953582
633.4370168269197,361.6036548023508,38.39671727995306,98.49615980769971
633.7585726201172,360.1906780911727,37.120858818271856,100.5435604594413
633.4611633595296,359.4078281342226,35.98194380463429,100.6663930942888
633.5400750890126,358.8098427506453,35.20910448129597,100.52318422639547
632.9696000075518,358.6690471644004,34.79351904260168,99.17680959097054
633.0789080627173,357.89219909366494,34.910850684269406,98.05540469064756
632.748400320828,358.14176528869564,35.29996560361607,96.67504522453262
631.7893279814961,358.2027326181001,36.71650697693998,94.89969595867574
631.4683051426794,357.756228860753,38.10781820614059,93.48738011101935
631.8019056061594,357.5730674333829,39.554239944585674,91.71367735006747
631.9601696883616,357.51112856532455,40.96807240735566,89.97890750126896
633.1838475312828,358.0971704311208,41.799185091950946,89.09301222311235
634.2016972004701,358.51251169150623,42.16839798692902,88.64851794120065
636.2840706593045,358.65979626661505,41.9483753906256,88.41529987047677
638.8817561253671,358.943623839521,41.62232628162038,88.31693241816534
641.2357289116371,359.6268218672444,41.173821131138425,89.5359069033375
644.1659704951453,358.4936998393403,40.613443059031766,89.70895647443501
646.9137225194235,359.2083533743642,39.35063602051592,90.55206337342713
649.2532407762436,358.14243640096055,38.31696975185541,91.2104129232999
652.360758874441,356.7855061142531,37.06635578141268,92.7705612240708
654.506305802275,357.24748431657804,36.13900451569522,93.35068428051866
656.3775865848497,356.9290482281479,35.050877393066045,94.74744385466822
658.5659544415474,356.1802138613619,34.28789928999168,96.4479132346645
660.4304813434958,356.82211074531995,33.384879793574854,97.75064443012732
662.9623265465596,356.73217173176835,32.89672325432967,98.51211954699794
664.8130658373642,357.2389978822823,32.61872589868759,99.71174697009113
665.5071892751512,357.45541616577856,33.16962601865808,101.64780498012499
666.082042252898,358.05243392787514,33.47383208289425,104.23939586736978
666.8166359624345,357.94028559842195,34.18504551220974,105.96449432795765
668.5470705154132,357.3344874329606,34.47424101768722,107.86720973370183
669.8692920046067,356.78237884714713,34.67491513143306,109.69786393755157
670.0144776166303,357.1598700058773,34.79664368603794,110.99001196638952
671.1602178750366,356.2740645271473,34.66873929532397,112.65207234346715
671.5272260466646,355.47948932867826,34.69528960388899,113.61744898676221
671.5210423531244,354.30627425879146,34.39136780449179,113.39237167261726
671.9646532881297,351.43136193417104,34.57183583011101,111.32008042372578
671.3258163903345,352.5217936851659,34.78592029121373,109.99882962505947
670.1930255165767,350.8616053407272,35.96994893718956,107.52009160980484
669.929727707852,351.1271113674629,36.98817767183807,105.11193104730786
670.0362549971592,352.0093549238711,37.56713167200088,102.47085606675452
670.2359152515431,353.59482487368916,38.09749419288465,100.30804445252652
670.9961013898904,354.08532795858116,38.09269064940531,98.85411324559692
669.5777818355788,355.2528865010694,39.10298693690751,98.32890860378149
668.9297301473666,355.62617825898866,39.657125079052165,97.98503802911264
668.454625667672,356.0736437648063,40.2440738884857,97.75945096584151
667.5614161879778,356.1068070417494,40.74372417302354,98.60019737328581
668.9884130356384,356.60625797197326,40.95512082613678,99.00485317103352
669.1071846614087,356.7911770391104,41.11188712511981,98.55204055070638
668.3513752540415,355.40226631282866,40.79874907912139,98.2279404448897
668.7585174333294,356.5604180901324,41.42846162682598,98.01435691248375
668.9778339709677,357.9432848329749,41.49968787505097,98.09892373884105
670.2518201778317,358.0429778207507,41.0925779262278,97.1951406809606
670.9281478794804,356.8114770940525,40.31698757353227,95.99890951793238
670.2497618424326,358.43391034363447,39.33676285388107,95.44420853848283
671.8526831952205,358.7475160843593,38.3726732496542,94.95147126002372
672.6052036355306,357.7581014300473,37.60407255076591,95.64025685698536
674.5807039357619,357.3834866170889,36.86811120353833,96.30484886334722
676.620519558069,357.7155565511713,35.904696141632954,97.68630487950551
678.0757439051895,358.9046223333757,35.45789385928754,99.63497795300569
680.3013476397657,358.8251993949866,34.9853059656358,101.48762380231798
681.3894807505702,358.706603264818,35.39305129874475,103.55671355983233
682.7708388603609,358.49602790817926,35.665806518524924,105.82591200641676
683.9652428818986,360.451407009071,36.34123821582114,107.53636628708571
685.7069801784405,360.8320032712544,36.85759315345331,110.20212970105807
686.9521372926548,361.34525593714375,37.70324956520723,112.17655134071495
688.2368378222596,358.83584511770624,38.67393739798057,113.25957648033759
690.263317320319,357.76798741921965,38.849092529974826,113.93390269331266
693.1597827721486,359.6896350230526,38.84591792438077,115.82235845076528
695.6620073234312,356.74211001923095,38.46724988108052,114.87015608948147
699.535527167103,357.17048698639314,38.23470461283477,113.88757612418748
702.0166813759331,357.8256524439464,38.03154145503188,112.789322156174
704.5482271143017,356.55821041434984,37.83438625759164,109.23906217239836
706.9509608355643,357.588467913673,37.947843146731536,106.49348917604847
709.4140649378372,357.9091271196497,38.074557191025846,103.27960616219687
711.2444078882793,357.73011565143366,38.10470366662187,102.41936869118113
712.8799444082941,358.68400444317007,37.97165567198701,101.53624406562463
713.5975331870949,360.141931877804,38.769721102971914,101.24280783840086
714.8374606924401,359.59419442436854,39.615619304256555,100.09403125563239
716.1071464697492,361.71224945383466,40.339186010670545,102.12473209071266
716.8245717557527,360.483902824523,40.92827695553973,104.0920583113244
717.4415065173879,361.23690815618187,41.89131471414498,106.04803800445202
718.5420573158563,360.58662265103317,42.386807117071015,107.96541200518594
718.1857703933364,357.18860032941313,42.580141119218965,108.13955370576852
718.8780815622134,357.28080831665744,41.757401098531155,108.05634589656793
717.9848722189705,357.8363784528783,42.03659391393072,108.14274757625938
717.4448796895244,356.7348084014276,42.322355783468915,107.38017036348693
716.3150386185823,355.92588198912875,42.405546664824705,105.21387544867422
715.4588569765381,355.16431833503077,41.348470490066006,102.67303791312024
714.9978371133443,353.8711356798074,40.42617072651691,102.0348267503308
713.6307710048109,352.8871855420522,39.33990127503512,101.65109609970914
712.5233155149641,351.78251284234733,38.44921928864896,102.73911791360858
711.2660583558244,351.3569475082843,37.7515799337563,104.0108359425935
709.0534937337636,351.1245634721496,37.00683260240788,105.35630519913576
706.3122225161433,349.41168250194005,36.541327399709225,107.36821111004423
704.6151473954985,349.25495265757934,36.1901542214278,109.23380567024853
702.4637558637173,349.2756875955041,36.55870242743105,110.02618343634396
700.3515415753163,348.03644276395573,36.89585292424625,111.36846969119941
698.4688504049584,347.19919321740804,37.31551521224313,112.32409051509919
696.3252744538709,342.9969350055623,37.11866214005288,112.72264075226721
694.3240754300557,341.27026808250764,36.88944416748052,113.22685193106398
691.9780096708405,339.99330680545677,37.342972093992,111.91159380584443
690.1183474625517,338.08601660995953,37.04528391443922,110.57236560308894
688.0633224866075,334.07760748991075,36.45353256627896,108.76510719065959
685.601070878233,333.6979813815824,36.432093857978934,106.1811463259564
684.2491095678462,332.60152229832266,35.92208801767789,104.57177333761445
682.2772570089116,330.7043125894326,36.01437320985719,101.66905396907865
679.6942909922174,329.46257490085105,36.35032725404909,99.70892201591948
678.0174763033638,328.1487542282438,36.302988795376116,98.69372535988282
675.415153398265,327.24759898575803,36.46587416093248,99.25448122697247
673.5992937444948,327.0196755002854,36.485842150495074,100.92320106073362
671.4052469117523,325.24622583807303,36.94972693650919,101.61806057116299
668.6996845012287,321.5356383797825,36.7931995320622,103.7532333286255
666.6872874822068,320.68739323752436,36.94226114823085,106.11389501082766
664.85128624019,319.27200022289435,37.00526223417805,107.84763287667371
662.7854228940331,317.2861573365432,36.755504894814486,109.03748595436863
659.9528858411632,316.92422489725396,37.16044907196553,109.9831434116444
657.8369733172381,315.54445605064274,37.703642108402164,110.24629886838616
655.6788759839078,310.55094349730507,37.777354112861744,108.00260726973914
653.565060629425,310.2444850088572,37.791067089588594,105.32841892475071
652.6653889787212,309.27685287665815,37.66525880446348,103.59194241880886
652.5475270730551,307.43394932139415,37.27056455358569,101.699477186655
651.9241496639252,306.8453473339504,36.826185753490904,101.08412678303303
651.9724264029846,306.0447498525088,36.162611441879584,101.03934007649025
651.5106142060007,305.2690121582998,35.667023852166615,101.41409401124156
653.1081115800051,303.8995199220485,34.8596102141584,102.54894225518271
652.4766310609796,303.6358945527054,34.62105955920876,104.17442860101613
654.0320399277506,301.1921233059868,34.34946711787258,104.93311777337793
654.6585158794385,300.08244296614026,34.34420708423247,106.31018882647265
655.4862333148194,299.4653363220274,33.98968948127001,107.88652255351256
657.1469267708209,298.4513845273385,33.693419012901174,109.57032304497463
657.5751078901745,296.62820242200684,33.98565282254879,111.13614802910607
658.7116587128768,295.54601275093125,33.73765474617507,112.15504387745229
660.1402263464591,294.8680527901895,33.805683463309244,113.18715557592664
661.1269329144211,291.9126738164456,33.677170220192124,112.83283307144912
662.3633137185275,289.7584959560106,33.85840674849998,111.54252307805521
664.0328687533486,287.7270298144851,34.245869907693866,109.70127435753571
665.5771343224467,286.3375620370117,34.057146222652975,108.3666482822334
666.4231770178658,285.5672117424067,34.13745238950841,107.70716857931387
668.2432986841168,282.9284203352222,33.93366764465286,103.90264194238893
668.404499063167,282.51865902267775,34.16838899787275,102.76845603800555
669.4388239781927,281.3287691311011,34.26512965930712,100.92665674629922
669.8166628142669,279.8621374933513,34.53008687676123,101.12028550794373
669.7594268273551,278.7919314699958,34.77249925201984,100.7244572153756
670.6458183793155,278.3181940360647,34.5068647715654,101.30820946084322
671.0780451926128,278.78021386112766,34.543496104478024,102.8582441744258
670.6316845380126,277.5862003943881,34.903184877171824,104.40792689155826
670.1683487399341,274.38942237568926,35.08182151925765,104.84839893695148
669.4499460210126,276.08138807133463,35.34869757191531,106.19709207645306
669.6264968704209,275.246949809728,34.798145607810454,108.09578144525399
669.1530151116333,273.5072593887827,34.1616348469355,109.8109453872728
669.0912590957718,271.3877023556154,33.62118421643864,110.02017845308859
668.9192511778059,269.3064477781971,33.460526571382935,109.70375665776041
667.6102047216027,268.06700615244137,33.61427665122396,108.09660418081724
667.4520140840592,265.88250822100326,33.55332789133974,105.15746024266812
666.6184130585083,265.11304935855355,33.94513001911691,102.54237530109415
665.6739885955232,265.32387803189494,34.1754164040793,102.33407346583826
665.3343625601457,264.2120080664344,34.52663958732378,101.93889426261933
665.7566270017002,261.83427056367196,34.71145454767506,100.52148766490325
665.2734294234924,261.8183152924339,34.80691307193401,101.44749791975121
665.1645256358727,262.45481629949273,35.223959022002916,103.54556056856686
666.0336290531982,261.3554397595194,35.83652313766931,105.11807250099534
666.4693574045222,260.59181353637825,35.575574221295255,106.85153770629566
666.5738752966288,260.055559570726,35.91479048319016,108.00742838566744
667.2983091901682,258.4777033619669,36.036419136045176,108.33708956798672
667.8064625806079,258.6963113189279,35.82044829886475,110.10962406795946
667.7738617174907,258.14570982667414,35.82692737260418,111.56411328899152
669.1685324730284,256.6879986753388,35.434897072161014,112.82307196861534
669.8433845896656,256.19577404800583,34.8975996172224,113.8679799877151
670.1758447981837,253.01094722369464,34.497194838537595,112.70994274888629
671.9219332445679,253.29853532091101,33.87249512434268,112.21892722509165
672.4683227805932,251.67571486305613,33.9970735685809,109.94531679421328
673.7783549186463,249.43753400774366,34.09130515657983,107.31822868336603
674.3591406066042,248.94771573183314,34.28435721759189,105.74232157406954
674.6405653235469,249.88062170973126,34.291836853797705,104.81424028824857
675.5364252728308,248.42716823492486,34.640905271956605,104.65700906380437
676.2086270392291,247.59299422479086,34.757343633309716,105.12322164038497
677.4115269606251,248.30022794941092,34.731772548376014,104.82145286534676
678.2141567230319,249.63789509471235,35.276314516253535,104.54971330702848
679.7762159603291,250.89008866236958,35.85534154565698,104.44934433539504
679.5399069555108,251.66799964984295,36.316612393687656,104.84981844675966
680.6510244731558,252.17897973067033,36.59943683906478,105.49426241317948
682.2891940963733,251.17188741007794,36.59209168557101,107.08648816082678
683.5365808482728,250.24442889579313,36.19073177315671,107.9548798922315
685.1217399779736,248.6271090719146,35.69214379367776,107.43479313007647
686.7697849306276,249.05354942203115,35.41307935910342,107.08511856368582
688.0510562322996,246.37632911048678,35.236201934058336,105.1766707552255
689.3710332309977,247.63730030655125,34.91371252673475,104.03599662595965
691.4627460749632,247.3862509080319,34.94625020245114,102.48687619806856
692.5162478699929,246.03056527851675,35.06309066375303,101.37296917493336
693.862110692298,247.00072736937076,34.89450997954612,100.69145885125754
695.5557728616379,245.5611892305436,34.79395431571678,100.18402571042436
697.428546712059,245.24768263515892,34.81768108806501,99.98930196939287
698.6686716815431,245.47161768481394,34.79379387340103,99.97767385445019
700.179741293273,245.63612097522224,34.91562704679183,100.18131041299588
701.0254931581396,245.52767594496135,35.07583840494903,100.70068412157946
702.0668882083716,245.0134221107313,35.21132146732694,100.98666871588942
703.3474021874702,244.59917573987093,35.88238135970059,101.87708496521124
704.6953512783997,244.6899531760374,35.97573474377467,102.85778740660663
705.1357651394528,245.13314251712842,36.31533417716319,104.3039339777205
706.6041371564418,245.12187675414438,36.03881481931729,106.30521227550099
707.217021091755,244.99482742568944,35.718007104177936,107.9778886034619
708.9002086843077,242.35091366706058,35.03924159161908,110.20973758411375
710.2166964606433,240.93393885700743,34.63445431523867,110.0734284914515
710.5030591586755,239.77776500603403,34.25976539614416,107.94133582856071
711.6671975457906,238.45255015491378,34.08473597832851,106.11339677164591
712.0894639714971,237.3208021305092,34.17857967282147,103.39129377946995
712.0426511025572,236.32165183482408,34.06299334595847,101.50659661960427
711.3553577143856,235.94496852796237,34.14104725296261,100.55539985403993
711.9155200721518,235.89171229859676,34.02771654644804,99.54341482188832
712.6604533769457,236.38579770174485,34.02958730258297,99.22830413474416
712.3591013703821,236.75447463484295,33.92006850115027,101.59934226874637
713.14599575105,236.01975164008388,34.10114312120018,103.2430723140935
712.8800381586408,235.77628541808014,34.500694643895045,104.72464689658216
712.7888008190597,235.40116824372728,34.884299653619806,106.20411021867656
712.0501667944344,234.84919258326053,35.51090272961141,107.52840007789911
712.403210375754,234.14318584579198,35.54284510655732,108.75860226483707
711.5754962642874,233.5509347203626,35.66243150686647,110.71162510933902
711.3771221845363,231.81707425338553,35.58461222323605,112.25187535924164
711.4095529341597,231.08490665851696,34.988068351896054,113.01557624826998
711.1146186041054,228.49647882601454,34.69760692625037,113.15637205686005
711.0117764532984,228.30772601872633,34.403611692237135,111.96533948250217
711.981360585184,227.29253646440708,34.02148710007373,110.40409409277336
711.8286276223943,226.18242249071804,33.96468544204467,107.78753672368413
710.9680887997339,225.23402405307712,34.07985850820281,105.68949631487786
711.4266867430081,224.79038939741542,34.043675299800796,104.58480593515353
711.8635031821526,223.5450209752577,34.07260140388385,103.88277158310366
712.425942577095,223.09132338626216,33.98850315828008,102.8899780766312
712.7318032772071,222.6647925797877,34.099083479628995,102.1332053761875
713.9054307462709,222.90204844178325,34.09478699181865,102.57841346745063
714.6583433001952,221.74982514065732,34.45210699696143,102.98320770783266
715.0432140597919,221.1399099977241,34.06919339367485,104.46645839670285
715.7874274265189,220.41808763022013,34.21531663561619,104.0738727344863
715.7390034935117,222.27578284226271,34.92490901180421,104.84259504996413
715.8385659201315,222.68972934303503,35.252568816996714,106.21185084831575
716.30846811525,220.321175346682,35.36069812446033,107.97920366829231
716.1513829807141,218.60129973493744,35.410260904423005,110.29583577595197
715.4729751677976,217.78004447634095,34.854536928929996,111.17142280595854
715.8910782906489,215.04727355916964,34.15238102268763,113.88274463145106
716.1838702191368,211.39940360597745,34.06937464936604,113.34482918047458
715.713709549218,210.96121162088662,34.05789772899146,112.00849728647472
715.2357437380685,211.11787521613013,34.15733337484254,109.62490218026201
715.4231324372622,211.96983761443374,34.25614623123867,107.48744323829956
714.27080620018,210.90427066550436,34.756128133122175,105.21420825874742
714.2034162598874,210.54124145315316,34.86140712877237,102.9005826262141
713.7943187522566,211.6800856024153,34.88641226080172,100.59471493547123
712.5947966945781,211.19436395680592,34.98534126766871,98.81676094885795
711.7968480685709,210.47043268561282,35.02914787484684,99.58891722388731
710.3272245621652,210.57143993754758,35.21994460842243,101.27933588652166
710.6281973170131,210.42503392392405,35.35339381498922,101.64209597606943
708.5224519890228,209.5039774179058,35.576258944541785,101.95813505545823
707.8013482425391,209.98411556726796,35.5242278224729,103.12529539461232
706.3077984183036,210.49341242575755,35.885373558209025,104.36865240891058
705.1655410838398,209.82361238200718,36.13600751653482,105.65616484670832
703.4964842532676,209.780377034957,36.45525940704938,105.56924689575573
701.8866906669342,208.6269501118594,36.572744538471696,105.5494961372299
700.2604262692737,208.28117003108963,36.82294088483338,104.60541281656114
698.9171880462022,206.76655808636426,37.27428582882487,101.97158605446161
698.1934300031685,206.01754887207085,37.075008430204434,101.97658847848604
693.6951369297027,204.21546402111818,38.37886033565038,98.6625052354451
695.4776628939127,203.55732839305477,38.130750622196324,96.33099583475737
695.6459341078106,203.58999440415488,36.95464053311503,95.43675948182673
696.0711757057524,203.23855534906863,36.9067854371498,94.95736003176509
696.3028883012678,203.17005770803732,36.591336570081154,95.480933665087
696.384685299313,202.90653240902148,36.15315148569585,96.39757247012511
697.5446009581399,202.40659961865703,36.105393913769696,96.79309410010555
698.1097501731504,202.68228339564575,35.95280996271817,97.36051204665452
698.4972079648663,202.07083409193586,35.842843557982015,99.02126306653655
700.0048266304811,202.1329823684583,36.32210900957394,99.96214645753008
701.3888929728771,202.17018475169192,36.11064341424445,101.34840083737177
703.2449782882067,203.29610421390228,35.83545708419859,101.9326946777673
704.9611801465381,204.14023106705233,35.78244909087867,102.74139469728203
706.2462892648593,203.89110685352097,36.30141394635345,103.29748618737142
707.4802764966018,203.7038986633395,36.58823193472698,103.7125354899367
710.0041082662271,204.14446896440717,36.29116730294701,103.18721882187961
713.4676626869909,206.04941976548483,35.81842609905381,102.6107106504341
716.7132139258725,206.0815377013226,35.403996175306645,101.63892372857242
719.346000408249,206.55242223609366,34.66390014307955,100.61192488223062
720.1582009747282,207.44952740012533,34.494259919201546,100.94713554987955
721.8809501455571,206.13373601484415,34.70420929902508,99.2656585136182
723.777285814414,203.7069879948774,34.33817942554459,97.54829082979677
725.0106374962133,205.07241335606312,33.661787517672636,98.4089639931523
726.0841825864995,203.65575070381144,33.33111252779693,99.07536887414794
726.808507297896,202.1421050860585,33.488562352936455,98.65659563745531
727.5471805669616,203.35978981647102,33.117769726967936,99.50330587328557
728.0993711651479,200.75266705445028,32.984344498498544,98.35162656212198
728.8863987564529,201.44888857834292,32.65464380235401,98.27655857823291
730.0711174518732,200.20161876162172,32.850961778792545,96.88418467369615
730.086547857903,202.30757283784857,32.90377343807713,97.06226923517066
730.1297039805796,202.3970425517374,32.936262562987125,98.31337839233105
730.6117132568962,200.56578584097258,33.07844995060065,97.38233493290979
730.070707132009,202.0940195551888,33.111947476597194,97.83479294240459
730.1625728385109,201.5627714979916,32.73846417031154,97.03771593095976
729.9496400053355,201.59848269811482,32.660600016410854,96.38645298982735
730.4699839427903,202.47180803613693,31.97140073174151,96.74467310998678
730.3450604096518,202.28459343667149,31.78448671679996,96.15782267825665
730.8394734952069,201.66278378166703,31.73932390437819,95.67099421910049
731.3222107433484,200.46303374709134,32.116427103941675,94.83104454879572
732.2191841646021,200.60183660667988,31.918052137006548,94.50709846465581
731.5327146578701,201.09700012659613,31.93949004325473,95.83657084804108
731.8768445245869,199.76813690225464,32.13543219409082,97.10509458275772
733.0695471294634,200.76661222482954,31.762533707741483,97.85222829582321
733.5092112313389,200.33796179536282,32.01728257613419,98.11763941572012
733.2770372884871,200.6681789842027,32.03191347661199,99.50143287655658
733.8867605222304,200.67957598009363,32.16671410232624,100.46257650589136
734.1675213033773,200.70519254928436,32.61346542630865,102.26091507237442
734.6986319517287,201.09980767156063,32.95125435776289,102.7355393314535
735.226702405839,201.95440398408604,33.43636236712204,103.90562155152595
735.8484697801017,200.67075367662414,33.87143591689819,104.00777347908706
736.9042425291979,201.6553824399412,33.98097620552543,104.37618151031427
737.2741097944723,199.79482102111297,34.08167127903004,103.57125759504105
737.6535630292215,200.37071298516952,33.98963516513786,102.53369254269373
737.7811550190977,201.2247968317825,33.48849707416673,101.7241436667972
738.3386677432094,201.74234900090323,33.04252690901311,100.12918380783046
739.8853195879564,201.94843898528092,33.25075548804322,99.01217778211787
740.2387411832997,203.31373785165053,33.186660057175615,98.67092021165585
740.8432579802798,202.364058750011,33.610094329159466,97.76855851098898
740.9962066665428,202.2203455663522,33.91996586608766,96.92279520011445
741.0589939603035,202.48453249090807,34.6835547130718,95.94090519552142
741.9208081377305,204.28945100785404,35.29799913501214,95.50959909310224
739.9097027705313,203.62892378279665,36.38498938944524,94.8611177155803
739.2962546358312,204.66463092149655,37.48024945651018,94.74051303614954
738.9639289229043,205.43267721355323,38.860107088208984,94.35671782962257
738.827747076481,206.84216119226696,38.52167933627694,93.54188309668238
738.8115332263877,207.3647307572911,39.536654736868655,92.89106910377245
738.044360538948,208.81363818961023,39.23268021409646,92.98656802850186
737.8448006343531,209.3294546072864,39.20281815287362,94.61203968533704
738.0664247570718,208.1564651847162,38.73463442536633,94.81962298261062
738.5206024215861,210.1718513389915,38.85014956447726,94.98044098320311
738.5538006074149,211.18268983602243,39.57754889766121,93.9276261650827
737.1388197776532,210.37870601531426,38.297595777521614,94.43626683830595
736.6111630011089,210.98886872877677,36.952746633771824,94.79598723066348
736.9678852446335,211.23662227289915,35.36099963216961,94.78740893322644
736.2880307158749,211.60785487101157,34.83982320785222,96.76222364804286
734.2644745654678,211.85153368765177,34.76920870584065,98.13490512971458
733.3707276688945,213.38422806382874,34.96721947629746,98.05492229929663
732.7276383160887,212.67379407525624,34.81207609366736,98.50512422553072
731.5467946030016,212.11670990213818,34.78122234972152,98.86942906640336
730.9260794552456,214.36560260511226,34.893208999756006,99.29947197237541
730.296096752651,207.18093373987256,34.70059812530503,101.08124809549395
730.2041566136751,206.09123370910373,34.49127425067296,104.18085655155903
730.248466223916,200.1353496432263,33.993932182490866,106.46329977028898
729.8374611664212,199.448274657166,33.7704849343517,108.92537589177786
729.1276131650827,199.84984537053265,33.70801023600192,110.12821138040411
728.5268940497006,201.3364445900059,33.64249940918722,110.75124821672611
728.410038525691,198.5523156858259,34.015932014704305,111.81774077392647
727.3121413515437,194.26424034918867,34.37585192471305,113.90931093038573
726.1585721767984,196.03398763955036,34.966585240138436,114.3103902804027
724.1210723611855,200.89810336138527,35.841484687877184,112.10270002783395
722.4347120624187,201.38914343947798,36.67457654128552,111.26556157413364
720.1510812292148,201.50801619440807,37.80888580367108,110.38580555430568
717.7722985133464,202.2000744340786,38.53612010061171,110.17151295992855
715.4621290970719,198.91011046189143,38.45914657811936,111.7763923622802
712.3018357489505,201.33522559444506,38.33121976651914,110.54926261635325
709.2759221194491,201.5521734238481,38.19563619407036,110.54707731998155
702.8926112845255,205.93846482038748,38.21526575271148,108.81492888740692
700.6455953131026,212.58299544379952,39.218155661026714,106.03397291859802
694.3778542417488,215.6686808335155,40.387835992516,102.40489330356425
693.910694415341,217.34436942233424,40.422977199992296,101.89040372396445
691.0759507293134,218.22837934010835,40.96688044652898,100.43040555303573
689.0658557260142,218.8310476753471,40.77561033960174,99.94339390144097
684.9407230237734,218.5131932868686,39.74464100287237,99.52320997248057
683.2448345106359,222.07586920684463,39.49548093922746,98.99343346517017
681.6231231208837,223.16632953680605,38.638231950543314,98.38684671142101
679.3123093799479,223.57575880320084,38.218190540508274,98.13378008355774
676.5763444075429,222.16143321436937,37.68990304757413,97.24568302361081
674.1877740372362,221.7309658155074,36.86467734073889,96.2731961141814
672.0555835189255,221.83958491020164,35.52986003599066,95.47296757645388
670.2205180203597,223.06748871679665,34.64656190638267,95.90686419071136
668.0598195147332,223.4319131509561,33.75020550729626,96.61879190892505
666.1876142618983,223.4099860991792,33.03606269875707,97.35022600191215
664.5005484884325,223.27118693431407,32.7477034009622,98.08568065893772
663.1872374253228,223.63443444929368,32.70539499663342,98.77747231015368
661.8749629526639,223.62819932540293,32.67956619155455,99.74687134755084
661.0410420813141,223.96575257083367,32.50968372542236,101.41122189175407
660.389897738577,224.96114312554363,31.828298361519057,102.66881691339191
660.1341372367149,225.55561921127372,31.62281935761399,103.80785312808587
659.6957360760003,225.09175578432004,31.453200866436195,105.0717390920625
658.8361276369244,224.77702450163522,31.45418630499759,105.63252234705074
658.4339164508526,223.75465566717432,31.258344986192718,106.24734434939234
657.6935415035587,225.1009959180043,31.253377822598836,106.77051563148484
658.0408454071747,224.84262615677488,31.198073341973384,107.34972005425846
657.1960658427342,222.6881781691237,31.24844692302573,106.35208698445588
657.7183235540315,222.8490785133872,31.2427485485041,104.38532195857991
657.1379755664691,222.8444432249457,31.47366594773164,102.65228332277826
657.364895528752,222.8352015920475,31.64475396115043,100.77777480733997
657.5086095393425,224.31383124655258,31.45294377072255,100.30742011945401
657.3263294333383,223.8514280933435,31.60250220591665,98.49537544892826
656.5938958820884,222.97192539722568,31.891356673185328,96.34649910440851
656.7582887478618,225.22278457008844,31.60103293229313,95.94412072068857
657.3010947030039,224.71248121567217,31.857732523511885,94.84061434663539
656.6776244844367,225.9710377174108,32.228136174089904,95.07520865860303
656.8980296307855,226.65991490760845,32.753208003909165,95.07403165552711
656.8766670862105,227.45461309130332,32.89645897142877,96.24756091298477
657.3233164022759,226.8940772434393,33.16610000699986,97.40753849005806
657.3434925756417,226.90843823345043,33.488526204694175,97.90533664305433
656.8783389472135,227.81766501971376,33.68825825765497,98.26166248565828
657.2881459582236,227.9620236349745,33.47566276600355,98.79707215437915
657.682053391947,228.17643560781528,33.41358696038928,99.17772053116161
657.740838738555,227.74723299853986,33.2541032756197,98.4622424546533
658.0420118853336,228.39126252065142,32.6519532408764,98.44334761502765
658.9292118398052,227.56538954864197,32.283239948830584,98.52196664692954
658.3352135126962,227.9084504967038,31.990139024046258,98.51201414625264
658.3659533070758,226.92990804030822,32.01087288178526,97.34787203305807
658.2336519935133,226.08250480668985,32.03791212235062,96.39331212151063
657.6901562124295,227.09184722406425,32.11154997911188,96.00329678711279
657.8249244362282,228.08270593367308,31.93116299171103,97.26699410178185
657.9832981887345,227.5510872144658,32.025674750452495,98.52629657863899
658.6600760648859,226.70453297027208,31.790386057475857,99.13502753978952
659.3570411965877,226.99996313408428,31.800046354031537,99.9329194342263
659.4113846510897,228.55628775800463,32.081666722468526,101.03820002647348
659.3154415089665,228.52595632013316,32.182236619657786,103.60524512916035
660.1244109881089,228.34595155586288,32.11817394215741,105.2702642612013
660.4476342400441,228.8252765023168,32.08686430008844,107.34184131417058
661.56794784739,227.73407402560434,32.02833785825422,108.58130442313214
662.1317907037934,227.20611964435034,32.08960459143124,109.70643313250136
662.1771659921404,226.37929199670677,32.47590890870772,111.16171944630793
662.7828639587322,226.08786031829672,32.419443924735226,111.43597614872243
663.9876666269358,225.41938486391876,32.53538680800886,111.46133745882261
664.9472306564104,224.6870450002217,33.05031503110303,110.45585884767003
665.9827658533048,223.7520773904091,33.37543122750896,108.27420553198635
666.7723725371768,224.97724333866074,33.70183140136812,106.7236100995067
667.5732013583591,224.34360054247958,34.055153297920846,104.36238044833877
667.9905394371765,223.9256510551739,34.507017171719255,101.80232076091701
668.6068805848626,225.07718668948633,34.725931374836534,100.51132217467284
669.5414002169562,225.11997309385836,34.78758430654165,98.32538134301006
670.7761876734619,225.7267367436515,34.72826649458928,97.16340259519188
671.929342991486,226.95677782185246,34.87537244446318,96.2799594949957
672.7970856202236,226.91739510587837,35.31139859865502,95.36508122586736
673.436233411522,227.3048895175375,35.63050022427183,93.80489180669335
673.891745127008,228.529743056833,36.01392707635048,92.8834027590319
674.7217880559723,230.56109072705974,36.46628180451197,93.55570516790708
675.4182150815326,231.18557114467683,36.38360448354724,95.16359591043167
675.6409067566095,232.05483245729772,36.314140892666956,98.22240318783881
676.6547391834382,232.7980297658957,36.092768096047024,100.03204362198869
678.7018989720862,235.33824576534022,35.84100571059986,103.89523135118804
679.7154314083124,235.1199559461793,35.7854758055699,106.61267618192323
679.9832354580587,236.1511910997864,36.25614836670643,109.30163400199785
681.176877344165,235.24467092662343,36.517686186824974,111.55955817171855
682.1127405422105,235.64614389405156,36.91181534149969,112.94672745025645
683.5605469768667,239.37392016607555,37.4571738466991,116.11899682851072
685.3812320547437,238.6630641734481,38.62535588363319,120.36269668112092
687.1009456803702,238.28030890769372,39.59903936541245,123.50002003306426
687.9139650004311,239.99989538010462,40.258173426172576,125.60126571312043
688.7634203679759,242.12230376422306,40.32988720947731,127.36176854022044
688.8789398284774,238.93938006146445,39.99860019755155,128.8752900294474
689.8041278653196,240.0802907950711,39.572698601635096,130.05089773284263
690.7711894148533,238.31688486649765,39.089129992656936,130.55615058997427
690.9203373308749,243.09536343023214,38.66622908608907,133.4388630715751
690.777066525707,239.9935686662653,38.14920227363046,134.8660839814973
691.0610401319908,241.95340505748527,38.38313935461902,135.19295603700905
690.4431509392521,242.71594670488307,38.3204020626444,137.179920271434
690.6239034644269,243.14799075078506,38.41558699590108,138.66519598349356
690.6003789206163,244.52215077642964,39.09630939380212,139.21691069363322
690.2145498896837,245.6672226599098,39.97677295563847,138.46671252908988
690.1881950333889,248.89967919124905,40.68908811170554,138.73868406037505
691.0870825346485,243.50461439152787,40.97328093984423,139.41343527999564
690.69453058198,248.3938928706913,41.279249719305845,140.91181199171268
691.1158733794257,243.180932034171,42.24872282821833,140.03091947102766
689.3914232825921,248.41538875511537,43.06933856753991,140.89136985207597
688.2118293865059,252.65218874821508,43.95762987724476,141.65202374923837
688.144683850462,245.74261446815134,44.35655087959035,141.22807309671936
687.1816364104177,246.05675089854356,44.84463697443109,140.62839056306368
685.4119160356759,251.3509859111463,45.406049426490455,140.55148574629328
674.4501032258152,259.06348585334734,45.77608999372169,138.45377353584138
673.6381066459492,260.3147658512018,46.00036308070722,137.09182268529696
672.4540825969266,260.3620676890218,46.11937582032357,136.05879424359333
672.4809388719001,262.29993795962594,45.48899423303446,135.0675387087174
671.2541581356343,259.51141944612186,45.18957499649011,130.37284149805458
670.7905413631369,262.34143296836135,44.64201832599262,124.9354937407709
670.3746766800732,264.4909199200214,44.225212774288615,120.0246508002995
669.7171373661707,264.4534100226183,44.21280214523479,117.1609351100287
669.0946067839132,264.07747753963963,43.84294793880883,115.16300034759256
668.0719928862676,265.7286267787639,43.51674438339187,114.45496709189348
662.2173014358593,264.8275827271533,43.45253147427187,113.63384524180657
665.5694309030996,266.4586324140792,43.14919293087411,114.65962581180234
666.0453080941986,268.61330145776395,42.73228020536098,115.21951656430711
666.4077277209319,269.07916869390186,42.57256075484615,116.13883449548133
666.6444438127531,272.022460328836,42.74881717269746,117.10608299364888
665.6517468712017,267.74177275576824,42.867190091177974,116.70365484846371
665.593831468606,271.7494560761332,42.92199294110531,117.22039746829287
658.7692538530224,261.15997544564414,42.03438784207249,118.62084768190769
660.0504325888409,258.80121958700937,41.35561677714318,120.26321391616021
660.0148820379513,256.5011115810358,41.144060196026686,121.58277502088087
659.5074170039421,261.33795566960805,41.09877228747488,121.38654102922216
658.480982876442,258.3792866093127,41.18473697516099,121.31586874331869
657.4303598237968,255.39689032477457,41.044232363288394,122.83731719618402
656.694611788232,251.11014641541516,40.92131324658227,124.7475736420696
656.6534352502478,259.0770635548337,40.938953477761785,125.80541760114747
656.9824784877213,270.45159610406097,41.18417670568791,125.49229038416274
658.4822534257531,273.65047898373405,41.42709423303609,125.6728484659116
657.8237313861365,260.2576934393078,41.605613779951234,126.08481001191744
709.9707807960643,241.0016825999051,40.44563208656041,123.77411974614269
711.6974362424377,242.19389873071418,38.9559424525493,121.11772373916892
712.4478158165049,242.34903903589424,37.91624975906402,118.52041720031148
713.4486583158339,244.13515719117336,36.80074021406872,116.79586873021498
714.3237642248212,243.55227006068412,36.61988054605756,116.09170092213984
715.0757633885669,244.25036163775732,36.281120718207646,115.27133106145043
715.2686931208787,244.80253617213515,36.07095785008721,114.10855642465063
716.4709354564997,244.5806876504226,35.82073643682571,113.66061155323123
716.4072374869669,245.45031482970472,35.42216531437149,112.51761899400242
717.1527046478964,245.6557292723973,35.01450690670471,111.69560555928561
717.6822759642904,245.46504325327675,34.567718016039386,109.66693340425886
718.5564231263118,245.46048011221617,33.73484088636322,105.41296669169007
718.1451591297001,247.88636849225207,32.88289154079551,104.37109212278037
718.4764870233057,247.87768721801746,32.384751517105606,102.0138142064669
717.6604970379806,249.83546658005886,32.29673694277295,101.83395632810247
717.9559597413936,251.70710166382474,31.835891535513,102.42744811201727
717.5297416881523,253.43109193256356,31.5230564790088,103.71798771995589
716.4578459222809,253.85573749876144,31.425981349679958,105.13755311298127
715.5542994709908,254.06448111684585,31.510461990487826,106.6032234877057
715.0005247711398,254.5831052959579,31.605834757308767,107.5783511995042
713.5202315692936,254.80666180719305,31.734945903127567,108.88942010662217
712.5601960806487,253.90398534367506,31.559901695633364,110.03145189622987
712.154192311274,252.94733389564306,31.68065461859915,110.63773520096241
711.1671526999108,252.9426301955743,31.694299166108813,110.63807320026041
710.2160650900073,251.1126697748,31.782764769254765,109.04097309149162
709.1965798635949,251.95449873109732,31.818110067584207,108.13162237026891
708.1101051348182,249.1451529047945,32.28267393839897,104.66941764531111
707.9871671035332,252.5519974421335,32.19254520732511,103.42409080665601
707.467692291628,251.30598083631708,31.945667909672352,101.61989847049836
707.4042765295893,253.38556835087482,32.02107382401232,102.14063171698712
706.3943457543025,251.7580374395737,32.09786484369441,100.97760939499703
706.431613409157,253.30105774218435,31.702815272263,101.48864043741983
706.2109648341874,253.50628091426805,31.6546653053504,103.00021476700425
706.324812167608,254.31249335905227,31.740719504828803,104.54585257389273
706.1625620757368,255.7667083201864,31.76555155531232,106.88739070353486
705.8826543923764,254.71189161071874,31.772682316911588,108.32084000467611
706.1458458432716,254.82576852730799,31.864429562578355,109.4075443032878
706.7559103581275,256.1937332896906,32.182282877493954,111.77770484733966
707.4220181305418,256.4761326350312,32.46323950616524,113.64244321453512
707.8857629782278,255.8921240123148,32.83435680256126,114.60781992652059
708.2557545339504,254.8027254782549,33.15771983865324,115.16381569077689
710.2494636141369,254.82819206006903,33.2084538961454,115.45577627662412
710.4827379823253,253.94915444071688,33.598106570062015,115.21670860437109
712.4355495965777,254.437673916058,33.66432729945808,115.82122764280933
713.4994572317698,254.48253370060894,33.81910504093001,115.51529814054574
714.9665330040357,252.78176318135735,33.94154691451967,113.8523235883812
716.8748940928674,252.6543157953206,33.66150090529803,110.58829650834289
717.6504283794787,254.38636547725474,33.46872014335453,109.40113391396008
722.1512426539708,254.0656851552082,33.427011523874846,107.19473578806414
722.2202746484247,253.7067434676835,33.13814119737213,103.16053204687202
724.2406679763986,254.92390823232012,32.67007816851476,100.75165551699695
725.481080186924,257.159584410525,32.443538367748886,100.21720425311646
729.6723462157042,258.30553860275165,32.417293312751944,101.06090907171182
729.557099266197,259.17363008187726,32.566219037702304,102.39211393275079
731.426313004097,260.48662490416694,32.393148531735726,104.4480834403931
732.7212277501661,260.20540002158106,32.227917971863775,106.210002295073
734.9057729962963,260.97817093497986,32.25402439427614,107.34968070982194
735.8100215401846,260.914589756283,32.312899461689085,108.6508881531226
737.9706612425264,261.1137983312351,32.17213153161498,110.56444314448434
738.6639737105669,260.15127389963266,32.28112195865499,111.48481995721319
740.6998267562777,259.3884496550693,32.19419093360895,112.01114185961657
742.5775480790926,259.40222474925713,32.2580272434388,112.27965488578144
743.948961548903,257.13934211134347,32.238804982925735,111.01190209520252
745.6957104411293,256.3060213462393,31.95580171675297,109.0465400796497
747.1991399230665,256.5627656595284,31.990200611155174,106.84525760217281
748.0325493173011,257.21800997102645,31.897488873581658,104.52030173979674
749.8788356711898,256.03378548209116,31.724554942583303,101.78969256642226
750.0620439951887,258.3176807746312,31.73104098594985,102.23992737959662
751.6363419892417,256.77088918860096,31.714833589610123,101.14601198216852
751.8964697760833,257.2472860808016,31.70594068777909,101.20429023737148
752.6733405958208,258.4950772768817,31.804716128611048,102.43933752775203
753.1935925940973,258.99181712162266,31.964579463563112,103.86411817419241
753.5856026337689,258.4207339492662,32.118083524101046,104.95940033233948
753.5841477794595,257.41254961447714,32.17001142948122,105.53024669356799
753.9310771443372,259.46073126491694,32.4664665873219,108.39899607884563
753.8768776100187,259.4089540635037,32.562281375736326,109.56866872202856
754.0742127408289,259.313882947994,32.989525012107066,111.46492941751782
753.4796979489665,257.84201633550623,33.59061694276718,112.53163060094364
753.7952125806755,256.6583376484688,34.230298147641484,113.01959082116427
753.839209582533,255.54478220273714,34.629001370689224,113.41397082330711
753.9822382949466,256.2885399564124,34.869789222217825,113.85645669401599
754.3154679774126,255.121953198836,34.790179367955574,113.75632184620797
754.9340047439871,253.95139711926856,34.70905220874592,112.81450005491865
754.8991338611607,252.80326662041432,34.473001791714815,111.59050691749528
755.2872687651169,251.10751403292775,34.18120971240776,109.7322590941164
755.7247756159336,252.63698082244122,33.7738126284539,107.30733201533361
755.7862787077128,252.93476542036785,33.21755169631282,104.89238098640386
756.1225346332936,252.52503228559786,32.91425765816608,102.45834464859826
756.1890169493638,254.24752789992294,32.432032844837,102.61240179603143
756.496909472362,253.37090062020258,32.22387719933245,101.2598373685795
756.1936417193533,254.64109055988158,32.01072861711958,102.22547493573944
756.066139203701,255.4481820970251,31.831084031944286,103.27501318446573
756.405243972462,255.09991075619826,31.606604272950563,104.68703476321414
755.6440557650093,254.88245810771835,31.56325166583005,105.30105787388031
755.7114137268921,254.61483265696813,31.5791404222448,106.5685970167672
754.588048417366,253.47331705805436,31.579491665839285,105.94510737108885
754.379218504445,252.76282541800163,31.744143632689667,105.73170840326954
753.640439708228,251.85563349531665,32.048586686931,104.78344295092523
753.3117043746943,252.31288995627355,31.99538378336554,105.16461031351156
753.9472738288896,251.07505721188704,31.976926964780425,105.26334413495667
753.9318581271976,251.06301919933657,31.88038225880275,104.7228000824476
753.3977246909933,248.75608899853265,32.27268704071914,101.79266128895658
753.2851443223445,250.08265807185512,32.08498216908601,100.61358081671963
753.6716564097698,250.2707178179357,31.972033777965237,101.03349297843957
753.4263048050793,249.68463187360163,31.9058895938332,101.36611180896023
753.4597132388851,248.78317920075983,31.787957459242932,101.03112419314175
753.7919637055861,250.10037164602602,31.91913847927107,102.37188774201672
754.1373191849449,247.3388375452218,32.143504372398446,101.30131990770599
753.9988468534473,249.90052739260437,32.279297979699905,102.14888795540297
754.2526810613568,250.28223112168715,32.3517558494339,103.4671493509972
754.3873901635718,250.41148555772114,32.68047496409186,105.28824391253823
753.9332756435706,250.47538487905445,33.06422145585752,106.84568863802042
754.3176732629875,250.78441004892875,33.62906858057199,108.8230760633933
754.2921460307657,249.707822841986,34.036418064403726,110.604729481185
753.7593515066054,250.2854264671395,34.87481164119903,111.09508678699984
754.043774616743,249.764234932531,35.301956710539564,110.69497975535624
754.6434346434761,249.72752342989617,35.431495032622685,110.18729097187622
755.7150967964728,249.7942351275759,35.516422183843474,109.81298602918497
756.3629016782146,250.5553960943614,35.675107101909205,109.89524938556906
757.3796048243923,250.84230098077637,35.498539870336984,109.84518675886878
757.7200589473083,248.86570604088865,35.28194686011997,107.9243055174284
758.8340174681715,249.75699951517555,35.27679645619569,106.1400833614092
760.1331636812713,250.9606428702165,34.935856382138354,105.26686416288584
761.2138906531711,248.8534803552997,34.19310980909685,102.6627506627512
762.6205313886724,249.60264174716508,33.440052871175304,100.69369307415172
764.2066386932495,251.72195876168118,32.78971245139791,100.63556050614858
764.2521649990806,254.10145755187443,32.49644102405147,102.35769304890047
765.0424357674456,253.91750663217576,32.22979805070655,103.31587589797192
765.7365622369261,254.31860580752033,32.15038645943977,104.9337920644947
766.0060272799453,254.45898743917792,32.2652573377568,106.27273853132786
766.2645262777953,254.41433120749582,32.32743368182801,106.96318869238871
767.2137001939328,254.65245964837104,32.11851322534653,107.95279611136613
767.7057753342049,254.58128968943979,32.074725636681684,109.00027625034755
767.5804165882653,254.48251665884908,32.29410625851638,109.99128947556855
768.007955313369,254.41999642096852,32.109089979363794,111.21397070412206
768.8303183763293,253.4841745472516,32.191425959575724,110.95476151385753
769.732353731654,251.99965266956494,32.16765395879573,109.74883130453969
770.3931965537985,251.57636439422058,32.02228898654207,107.3396560070076
771.3325283842163,251.3448905671671,32.00525159313945,104.76212662368474
771.7243391868151,251.52556420004004,31.805805455433013,103.358445516615
772.2945556223258,252.05824928836427,31.713425968238955,103.23342795866087
772.7075022457485,251.1165372239699,32.2267390593222,101.39842991299582
772.6697278111575,252.23670519136687,32.26078099359318,101.71296815994938
773.763719591561,251.56432966964434,32.25283421600473,101.38584408418515
774.1049728926838,253.29160922320924,32.243534896778904,101.56642253503871
774.5706429966527,251.1102348191373,32.239983125254014,99.98016860041527
774.9658532553974,255.00253389386057,32.098739324569095,101.6810431301069
775.6165861664782,254.5470071871988,32.509189591465514,103.93568775665673
776.4328526386939,254.72392173171443,32.94179617912323,106.38002947260291
776.9893466203852,254.78185126907647,33.43787124503008,107.89745973503705
777.6117981303272,254.81668377665278,33.995103096628704,109.30614428634411
777.4773555397783,255.52186141741902,35.064062259011784,109.18367014075213
777.5290877427944,255.51988705142884,35.60250345877235,108.72493182739677
778.9486634989785,256.35558762498795,36.161012201836364,108.02656541977282
779.3557455247726,257.3342189337715,36.4339134893367,108.95569801819387
780.185966416243,257.78392075060947,36.426807039266244,109.48566597990063
782.0348185198973,256.07791074997374,36.10441039192493,107.16463038958885
783.4616467196549,256.5264954926356,35.96972786745516,105.16296704783508
785.3240182898293,257.3603339718531,35.4192443897347,102.80379842594417
786.1547768436793,257.2276760797929,35.03569485424696,100.78453898614183
786.7490936639356,257.40980380030345,34.63165813374792,98.5521057735524
788.0611320696989,258.55311124220646,33.92634913208897,96.30004949514907
789.2481618768278,260.2154009704484,33.40911451191849,95.77865240217528
790.8968485446047,261.2681703696565,33.08461963248024,96.60909988420045
791.4924289348944,262.9065326684656,32.88995207223013,98.3047583088906
792.0888861327683,263.84754344237393,32.62011871686485,99.89425694654449
793.138828562129,263.0042324337898,32.36895655444787,102.70232736134918
793.5540920181618,262.72246143745497,32.241213823023294,104.60192534805265
793.2327142269045,263.10910113780164,32.78213888580218,104.64945823230572
794.0574907126996,264.0196693395534,32.83251097925254,105.75035561557596
794.607465208515,263.9306961162899,32.724478107673946,106.91462816054499
796.0680762642162,261.61402300745,32.61850925402318,106.91249302065037
796.0538984018195,261.1739570110519,32.873009367134514,105.00072056398359
797.1850093786117,260.33556434873225,32.823990605307436,103.26166240183707
797.5610381034285,260.40728157915913,32.83919209780105,100.50548504013491
797.9059551888387,260.6768781592782,32.87872685207524,98.79206356931175
798.6118177049866,261.3709544595016,33.102212453057355,96.6762921553502
799.7864796110979,262.1978795586069,32.95776291794951,96.41064092888796
800.3138780176134,261.7734316994087,33.075114571028834,95.1903966898564
802.0628307937692,262.56358074458706,33.318310283670904,93.65794384018204
802.0644439130481,262.92405534869954,33.446628605307026,92.97442770488166
802.6417015291363,264.74330954659825,33.451201269477586,92.8723296408103
804.2225478623433,265.2847514370179,33.31016399666417,94.02567623335355
805.8037103805196,264.22580177333293,33.49677098812817,94.96864069667939
806.5173935631171,266.5863987312369,33.41036143006981,96.38025689668561
807.6310896181815,266.3204829857168,33.66140245211264,99.51540088009637
808.6642099941026,266.5250958380317,33.99718883039742,100.60762785986917
809.7360547917509,266.55148268679153,34.40178424257763,101.10746688426943
811.022464092607,266.78587533119526,34.72616169532398,101.4166542936737
812.1507600619506,267.93148551731707,35.54766543115179,102.27378749809017
812.500577466866,269.091023594277,36.652547890455196,104.2863377594231
813.130341027316,266.53492210561626,37.48415555616107,105.11788678319226
814.4108322607275,266.6333911783328,38.370542426420045,104.65508730534273
813.4755294265975,266.52276687368436,39.46646950676661,103.09404998591332
815.7666304146896,266.7170171582734,39.27851744665891,101.91014539976364
817.1673475692568,266.61108254829617,39.189287117016775,100.19156406105577
819.185243977187,267.53641682105,38.47653764756134,98.4698029576409
821.0767178749963,268.28043645185403,38.0133773542316,97.24435192878857
822.5677021940965,268.035146060485,37.4532307871068,95.48019247333698
824.2762798128639,268.09851952179633,36.565067010372005,94.26581897429057
826.0389599873553,269.98752522333774,35.940738155530006,96.6224930875652
826.8976253964304,270.91000089767886,35.817023703766196,98.21068964614003
827.8632864492738,270.18303264970615,35.751636804492605,100.61983146339739
828.4902508171753,270.645711105283,35.754710541567235,103.02105030831672
828.3101611692705,270.05613039077804,36.22959736692166,104.87095931547074
829.3853434790624,271.2631309452266,36.26772266127817,107.49092999307264
830.5173731506882,268.67930441894237,36.201685922015315,109.358770490328
829.8789246140437,269.15213902876695,36.85951872385414,109.48516781616527
831.4388333600182,269.0285510977009,37.26730080504052,109.66544915449785
832.1261402422542,269.1656731502263,37.28727026581864,110.26488468735597
833.9225094023647,267.7551678906503,37.2028432172653,109.43515696721977
835.9136549029217,268.6406918345818,36.66396881161019,109.95166453551826
838.3141356183286,265.7541144932329,36.000432326627724,109.05875304847721
837.8271392173774,263.9028679375319,36.18236946208353,106.13439364751969
837.2254765351599,263.4176530970651,36.43644752589361,102.343806005913
836.3645917810092,262.5909485553051,35.85922893032857,101.66292959176756
832.3956486646427,262.3631534902255,35.04687674448217,100.94265287965692
832.0290686747312,261.4840353512808,34.70594517061737,100.41619925428705
830.4379078184152,260.5798822494066,34.45822080170637,100.78182331100933
825.8057811546677,259.65470787121717,34.223728210927405,99.91774483464582
824.8670931806373,260.6572211883028,34.15606858216771,102.48241701105201
822.8831805314322,260.46224115056106,34.247500800820156,103.8438416012679
817.0632437652037,258.4535865413353,34.65077536477159,105.61196883386427
816.5039692852345,257.45019911053504,34.622760556323094,105.6244774238736
814.8408455317502,257.10355418235184,34.576043442701405,106.02479838122835
809.079307392964,258.22656233116726,35.398702201658175,107.36259908875499
807.4415000224114,254.19649312494343,36.06135302789201,107.30342807584867
805.6611488075247,253.08645106401977,36.056009696557055,107.34802777882696
800.0276418290536,251.6473155096239,36.13537964867767,106.31339438665741
798.1921728354382,251.5148175926982,36.54569966448799,104.91386435400031
793.0848267377424,251.96445633310503,36.46859612928877,103.55811230076657
791.9388784588641,248.91214692288892,36.41999853116165,100.97835345091066
789.5013040274982,247.95585985721232,35.860084985446136,100.48510673570624
784.6945657188396,248.07626459872398,35.159371691874725,98.14324020007064
782.3813943949633,246.15212909136224,35.34831066073323,95.22444568973917
779.5496554074294,246.15925630855895,34.958297520230914,94.81497470094246
774.4950850875921,245.94214898117764,33.68276504131435,96.23500547680646
773.0734134668036,245.89365180959447,33.2644219578181,97.10071013520033
767.9221078626936,245.77485302104265,32.6795438471903,99.60720071576773
765.6915826668833,244.16666538957384,32.8233463712267,102.89147508663837
760.75996632642,242.2474888961865,32.6049760019214,105.14723105612484
759.6754404581925,241.07409709042543,32.65794244746768,106.54735057272205
756.3063888668875,240.98545271318307,33.44389004002018,108.01348450867195
752.8669766595523,239.79595226638781,33.9636622734468,108.58885314289356
751.4802448476842,236.99140532784438,33.86741497494181,109.28446196977899
749.8708109023302,237.34598334389307,33.86399139607569,110.05001950160064
748.0160970761439,236.99190311365788,33.910762025972154,110.95926876309738
747.278122453849,233.40242703830745,33.554602296104996,110.70799983301822
745.8530740041061,231.68986222529009,33.6225176942023,108.06195149961084
744.6353431008853,230.46926367634444,33.67515937124949,103.60971788766327
743.9392993262995,231.1627776040659,32.99909902270059,100.51145236322924
743.3833064300944,231.27349781908228,32.70579135045017,97.03244381224005
742.4082532382148,231.93097314662145,32.15811979536676,96.55853835798641
742.031408102301,230.79072482592758,32.18827566196275,94.49611231184366
741.1743824814479,231.5480433632586,32.18592341932452,93.71233547048847
741.0056764733002,232.92178462503392,31.882245638599866,95.05849708908875
740.4809740544949,232.7470675724074,31.803032116644687,96.98578237060372
740.0706721848254,231.45969146005558,32.2407626188508,99.3574219036665
740.0591533399262,232.24045576770698,32.459007144515155,101.56775531839298
739.5341629537452,230.538811561854,32.48139835732221,101.6787754538843
739.9705373973279,230.65212098708605,32.47114799196142,103.12816506632609
740.2838705793856,230.14569391883657,32.48531405200996,103.42491433775092
740.0745623150846,229.15510283215067,32.320107257362274,102.04509072804166
741.1034357092261,228.6992650166985,32.47321738359939,100.90353464279002
741.9281501558271,229.22146062888913,32.23166438589758,101.16693655882008
742.00288882082,226.95080815728284,32.31442120608321,99.1085229313235
742.7524919097484,227.36772101035976,31.938239611089006,97.16944853551816
743.1894502062084,228.42650460791376,31.727003763293915,96.48798408832731
744.0931034910622,227.95410119490072,31.151571301900987,97.00405914503003
744.4943477270741,228.19693971682176,30.877958359643042,96.22199824346092
745.5518241933357,226.6214099444914,30.817939928767863,95.08983797382106
746.0680727847415,225.70044966768347,31.11809841421491,93.90120256392069
745.9257502733421,227.01589663365667,31.188493811211515,92.78552450569258
745.7418443956939,228.07987819880105,31.261350461918724,92.39191849401041
746.221169411836,228.75601845277373,31.501116543487942,92.95171588981256
747.0538002827633,227.33468854741923,31.453539761998563,93.55686430411349
746.9242079135267,227.4772865379705,31.70152853536053,93.74637723776772
747.6010319250494,228.4414898374655,31.338900893765874,95.4970096402426
747.8022660954697,226.0693864397037,31.33328599988571,94.57382179770471
749.1859033642396,225.55557147283938,31.518195185795605,92.37282691072407
748.9520285078548,226.10484782373413,31.74781198962475,90.93943671265392
749.3071059288262,225.21381879280062,31.663020795619836,90.36723909825136
749.4548971687171,224.3310800585987,31.439058750360566,88.15309491786678
750.310246260356,224.66774116276093,31.48684648035946,86.48132970207317
750.054567005831,224.8693338867724,31.640652818656026,84.97227865632527
750.4316297273334,224.84591588993945,31.69775398202033,84.41817185948292
750.124781978489,225.6684200911308,31.722599756370034,85.39392961997254
749.850578144899,225.63058054865223,31.641070430427806,86.5749575303844
749.9236378890721,224.12935278400494,31.55303528098506,87.36928246161077
750.114555423826,224.78443972902366,31.55817165536886,88.20863874392131
750.65944111708,225.1333550092995,31.59008601219277,89.64004488152027
750.5779357754399,225.0807168330342,31.935596327712428,91.0375346739923
750.5398223162518,224.57300775554071,32.32435096224823,92.29256010351156
750.1903663485259,224.7353592313758,32.878251070350345,94.29985740742609
750.6673301941527,225.87685801938179,33.73930650859816,96.55686360796443
750.863484591753,225.20380928185244,34.65771934921605,98.42174787100987
751.5286777801333,226.30144924567068,35.07198417084259,99.97054395693846
752.0048948623896,225.2225033027866,35.67752315276857,99.70713757724945
752.5853070140805,225.5217389732276,36.15026701707333,99.36267858263517
752.8424644377194,225.27810242404087,36.555111045737604,97.74674552332428
754.6377169088619,226.3718465187773,36.526917991193784,96.40256441173614
756.3250040125333,226.7066863903492,36.50972703504108,95.6984686374999
757.6820305972526,225.70128368812584,36.100548285768596,95.06593130856348
759.2324314422281,226.11452022366393,35.46235755582445,94.3957729532303
761.8878887517859,225.08714054607987,34.91494601135479,93.17990480977178
763.615811006217,226.8820132135794,34.07678825099727,95.21405178205416
765.5611992645585,225.184918431391,33.55572361022983,93.761061456752
767.1602429051351,224.89918060026628,33.27026402606738,92.4855353280011
768.7908181790132,226.17216642723466,32.565565275796736,93.15790764722415
770.3630103733203,226.68139031867582,32.337328834493675,94.57963945075235
771.3218937029627,227.95109935413737,31.91148550742337,97.08319251401504
772.58609963342,228.65678827193682,31.92915018268752,99.40951871703612
773.0285485505088,227.99226972847242,32.260848236647355,100.92643091089563
774.3145239382834,226.5553047772707,32.10415849129545,102.59147979275315
775.3996325363482,227.31928807553547,32.572088887710265,104.1390997536119
775.3540912289224,226.9607307005471,33.20129588505791,104.72000963503359
775.9489324861355,226.35454174763493,33.57426715061515,104.99003149084345
776.5106512360985,225.3684184734223,33.8307993667612,104.59263244371814
777.7227963763648,224.3764256592781,33.657957955933924,104.36231910845976
778.2976164848141,224.21143471322188,33.30765810635252,103.8528605952034
779.4239228754408,222.8686878698602,33.04507239514474,102.51211631729663
779.3490500846092,222.83049010086182,32.77819083795466,99.72973051755537
779.3941231961442,223.17546917319055,32.7677589578366,98.58682705109962
779.3077493211752,222.97207973771197,32.76290478919657,96.08361060459768
778.727412112387,222.5055743950495,32.81621729404543,94.09186595506847
779.3171931640907,221.98462946154285,32.91068706815579,91.71594562043683
778.4177280134223,223.3928539426107,32.75947140963835,91.16063485906102
778.5971208354824,223.73817505996678,32.9404593489303,90.81833355290343
777.4660786042014,223.00406245557699,33.275622324637766,91.6235996628671
776.6324980559319,223.39206168977734,33.72375196804406,92.69461168774488
777.0385791457625,223.0019024504506,34.84259431261392,94.58280360618721
776.3021561331684,223.4045266796864,35.45209709897165,96.66104690224742
775.2687560723228,221.47676292868113,35.704607412389336,97.37697007419514
774.3251992635724,221.55384803227582,36.554776044500656,97.76997140011346
774.2248371474068,222.05248812716178,37.30969198539642,98.0132963262321
773.8823046265952,221.2428394052493,38.06184099673182,98.03613092425473
773.7969116696937,220.7160366139056,38.41454608294118,96.75646023512209
773.7918232283486,219.63663961797477,38.44901482929644,94.46358262664194
774.0667544727772,219.3889548262128,37.964745128598864,92.75239326737108
774.8589378352499,218.7937732549871,37.42196706770855,91.69559144514659
775.0944463689777,218.54062403158562,36.546876583066066,90.66953827890478
775.6287904357803,219.1188400486967,35.859647357780425,91.447719949364
776.8852719692829,217.9953215497867,34.780127598651774,91.59490343155905
778.4505884349383,217.58402869938362,34.01785470991313,92.0921635241117
778.9448672851704,216.1815669621731,33.31660990450835,91.36497773797367
779.5535413033539,215.73715488633152,32.6277493716699,91.36236811423186
781.6610440180004,216.1448350942601,31.703315393564054,92.73433818276501
781.9189088058789,216.19932140269748,31.387038277619183,94.47792358266723
781.7194529079152,216.10163325685102,31.3786532967751,95.77931949048721
782.8261166213949,215.82837440429978,31.746572484271766,96.96790635652789
782.5105282373817,214.15218528357917,32.453113320448985,97.98884152660375
783.0853464082016,213.1320809708855,32.84563057568696,99.3618306919806
782.8023541521749,212.18301785138183,33.0388245425153,99.78898308169136
784.1264973030735,211.6135454017815,32.95965864782269,100.24798704194248
784.7418455419936,210.8393055794988,33.10333095679415,101.56344326653159
785.9131718024291,210.01632797268059,33.10517516291288,102.5073608477027
787.7896141640626,208.5244503926703,32.77184515003406,102.6694979275841
789.5957051467944,205.96032900695013,32.16034720747402,100.94395756837864
791.9482702390335,205.34278426290507,31.439445395569688,98.78192991855984
792.1802699389212,204.7672172500869,31.27070994185053,96.5039128859992
794.653881538258,204.79771811763035,31.13264840623251,95.08645367906473
795.5128821644279,204.60193493766047,31.277408055343756,93.51214822809143
796.8407106108045,204.88598305660412,31.254497382225455,92.82526932089829
798.3476197166733,204.40654157912735,31.29919424235679,92.75279522590982
798.9632830917152,202.88257843357928,31.44998142583623,92.4939371256028
799.5396712311078,202.65374911026157,31.529568013452625,92.78945830854933
800.3756214763082,201.31732340663518,31.782145338679985,92.68046748405162
801.1936405162086,201.45603526921184,32.068957152449315,93.7756965279871
801.803089520846,200.90093473391047,33.15201007472352,94.28750058206452
801.5415985463427,200.63352732587094,34.04042255761602,95.54649323551541
801.165823549909,200.65857643942755,34.344887676568725,96.72729017003093
800.9060178666996,198.88440678971523,35.25491167163816,97.45865316063295
800.2327312835328,197.3700940127879,35.81066060348617,97.41189934284458
799.5201732975984,195.64097477425307,36.1698687393945,96.38622392144617
799.8147179886479,194.68452649265825,36.087111993175014,93.64042478685138
