414.5,305.5,33.0,71.0
414.1450142663364,305.00950750705977,33.09795824654024,71.41802623873198
414.7109334602731,305.8331685027093,33.215647670670776,71.57085666843045
414.6894232767775,305.30250535144427,33.16595891357375,71.67153514953415
414.2013069958116,305.96430552931247,33.357925063247414,71.33519072469838
413.92876076179965,305.78886893303314,33.380179952020995,71.13032147464908
413.684890980725,306.09540800205883,33.32333124636706,71.15391166106824
413.26600620050436,306.56305326345876,33.443699063873154,71.05309433096022
413.4810832095184,306.11354605942023,33.709242472641066,71.22868668856124
412.9484583365755,306.4937926869499,33.98721982482336,71.08466049216044
413.3632299612987,306.32891716641836,34.10434782285929,70.777220535623
412.3721695862184,307.01544223491317,34.10160910646725,70.6292468356298
412.50988953755666,307.8273412997462,34.024723198088566,70.33405864935361
412.06545183680316,308.3035216213654,33.83784336106264,70.46757041784315
412.8483642379396,307.84596492527555,33.51975405912539,70.66282719018793
412.1281031440452,308.1306866136193,33.420228482136096,70.78126891911045
412.5582121734798,308.6013825838899,33.230603386962464,71.30986484783182
412.41082277331003,308.775581520936,33.18294766181218,71.82369983764272
412.76676445373033,308.92087814206343,32.977700384097574,72.5798058808951
412.9328679609928,309.07880292776554,32.627436688193065,73.9783722173506
413.1807278069407,309.1944721281335,32.10959534333638,74.9917578518778
414.1488392316115,309.7697837990064,31.825899707091438,75.71479638585669
414.29928662472736,309.55699715690326,31.414831315477258,76.65676982846828
414.17353407190603,310.8457215845059,31.161599043953153,77.08267385374097
415.49107465882594,310.66079821713953,30.957964660808553,77.33445052994914
415.2234799869621,311.4768953460844,31.02651296588,77.53363902352417
414.756889301141,312.6400703401125,30.895238113080744,77.35620599523052
415.71995884678716,312.2216267835641,30.508523441191443,77.79189090648417
417.1022682785524,313.0591089888119,30.03739594118639,77.83510190721296
417.50565754826215,313.47421510494405,29.62659504787933,77.65021247463125
417.3790684974184,314.5584982763211,29.359253535347115,77.49154670179296
417.8471549329998,315.35553877231143,28.94180898001461,77.36739826596454
418.4864787176548,314.61901150709195,28.721740378752664,77.20795548576513
418.80770055101175,316.2691762905287,28.433304403183644,76.71770835449942
419.5546782185359,315.94271907232945,28.290544761151423,76.50306741103047
419.27824735529276,317.75368818298705,28.210683096581675,76.05802266238675
419.9691528914293,317.55414023325477,28.228976189385776,75.30190079508954
419.9258887395732,317.8378653427282,28.340700728724837,74.77707644669827
420.34523110285176,318.3633719339779,28.34260236643704,74.40035672266067
420.32988694663067,318.5344728952686,28.447704567035675,73.65055085077088
421.55312472523144,319.25070205541215,28.066999635902242,73.34111806702097
421.8702329191107,320.2429612171934,27.790042521672692,73.15609067210839
422.5627168065567,320.7797471818155,27.669488818817516,73.1202891333747
422.68836063222057,321.2245195151201,27.791721959020325,73.64586792944245
423.30843103957847,321.1893510323373,27.714383006067585,74.57765163325124
423.5475726047542,322.65193708922726,27.59910107329266,75.2785218854991
424.50491239461843,323.19496137972897,27.602442218814414,76.69724596761216
424.10593002136466,323.6913958054583,27.524497279233458,77.47567170996456
424.27163488965914,324.25909541332976,27.445973986974657,78.45904166307531
425.64669967221863,324.1275785658227,27.419974098674487,79.55014111107252
424.3895029114249,325.9626655673688,27.575144254478268,80.01940716764224
424.27050818554915,326.53009886465804,27.710608233588815,80.32882215112768
424.5783772222176,327.0795355846223,27.830061147838784,80.86597521285476
425.17835031200457,327.6766828755867,28.2108002261766,80.85748320985208
424.860285709399,327.6596996404902,28.321662188002435,80.94883880527306
424.1807017498145,328.53276639728915,28.420879230935547,80.74520531074853
424.65924644458823,328.3030422314233,28.42111172363596,81.07868076056707
423.70830183105153,328.5927923113998,28.550285501376152,80.5154849352397
423.70996887087756,329.0306404616077,28.404028141127306,80.03514621381682
423.3064677158234,330.2819252613182,28.238346604285148,79.53920202829048
423.9656580749421,330.2821395303364,28.47246899502597,78.57698668367061
424.11306279182264,331.04557248410276,28.743797411549476,77.78837347551307
423.76906447223996,332.83993549075615,29.00245592334022,77.02918962224041
424.6414737666275,332.8470399704072,29.445691657761582,76.53891478883857
424.19641323388964,333.6892519894863,29.685904478627464,76.36465465391673
423.5630451258921,335.26946959018176,29.472792667393243,76.67319523492026
424.113549072703,335.90542029589335,29.44722363084993,77.99579174257977
425.35183206571315,336.793939717398,29.536288796028984,79.11804846803659
424.9381619900918,336.8232821871662,29.668199264540068,80.4859893763167
425.6453975549582,337.34239147132433,29.644584758456816,81.31695005681024
427.3305433607422,337.5340939729498,29.27174874381271,82.10039192493542
427.0041239149217,338.09597450963577,29.205067960675752,82.87918905907537
427.56581443158274,338.29070075651214,28.9050722256057,83.15743006107294
427.8281032810535,340.0914206299559,28.89478462103994,83.1111656185983
428.5329770340221,340.3084800371075,28.684589055066958,83.92705800996835
429.4068266765347,340.7741930748107,28.557028534423125,84.34270429746172
430.0977530187103,341.4338572405796,28.547412936368037,84.65642855343307
430.01416091346897,341.9517100639063,28.784430552166505,84.40226121444637
430.6280055198688,341.54788371170446,28.76600490252301,84.3550176714632
430.2253309804848,342.6039492123451,28.893570849691645,83.94738496119746
431.1610899410673,343.1183572105578,28.92561952741881,83.20377409058088
431.30893856342846,344.0497238339794,28.8417008489378,82.716948384059
431.66249383048347,344.0850697725532,28.916974531613207,82.14984962391004
432.1986656691539,344.58800607618855,28.831025736474388,81.05974280132028
432.36109407047724,344.94090032253183,28.612257557232283,80.77963652551641
432.6139862916044,346.58323771762673,28.30286667932137,80.61670827539615
433.29130409054324,347.94601517969943,28.503439287620452,81.19489552158456
433.58683330120726,348.15291909308974,28.431387237790496,82.04702025477104
433.98011120678166,348.93066557784596,28.272779770395537,83.09858676401842
434.8160361354496,349.9827126137058,28.22074860049862,84.3604578202436
435.1048837803599,350.35018925241263,28.463674562738014,85.62030069971324
435.1939420078346,350.5076013648127,28.664498153622127,86.74202017799234
435.8706426622173,351.4259282120336,28.64957326430573,87.52574235520879
435.54604748790206,351.47149256706666,28.755026320646373,87.94798439747731
436.646753779254,352.783205076497,28.77541740310363,87.87724153994778
436.89556317721156,353.6767682608489,28.949091448622948,87.70358179168919
437.9851643482294,353.81765454005955,28.93802951796429,87.7387530575592
438.5305649007759,354.9243295819641,29.17714357877247,87.29090661869333
438.04235749274363,356.3654894029853,29.310123822617104,87.18206262362361
438.8516849684941,356.41378281160405,29.351801670073986,86.80495947995863
439.8923057684428,357.4270513758989,29.34187011351158,86.12097537089255
439.6079210502203,358.36702074012544,29.233347381816184,85.79728578413258
440.82969421590735,357.5403079287951,29.203807998913174,85.43806806954352
441.40974471382975,358.9246570286169,28.638322522115146,84.56278055257816
442.48394045263257,358.911984405116,28.396363196303952,83.8057808026507
443.59435906770653,359.8539092798304,28.202491584289568,82.96213212114645
444.121098206357,359.7770623136121,27.94816353548901,82.21517221447172
444.5112483256093,361.06271025606566,27.778944241522503,81.77494002928685
445.7544508817482,361.2966624540967,27.74091721533474,81.26737193470055
446.4747453815337,362.2046752683849,27.790581545040858,80.54771032742542
447.9992492889761,363.47471612680306,27.714730420753575,80.36478131101325
448.6718811996829,363.59013522794083,27.71674924742647,80.24013238203555
448.84151840926904,364.2234845714166,27.77285824586054,80.07919367337846
449.8054509190403,364.3363160846301,27.412552468566545,79.0485769526078
449.8657102289752,364.9868036288455,27.353707724594813,78.38286453230981
451.70282675257226,365.1120805068157,27.164907063799063,77.84485035981402
452.91942989953236,366.31537280774774,27.308272711254673,77.42676611462412
453.78169860061666,366.14723706416555,27.573902688465303,76.88661680587093
455.01462437233005,367.7791626615632,27.69430478807439,76.2752397760384
456.2737236536077,367.97324319442646,27.89238525536524,75.61030552577401
457.82020330969686,368.05262907456375,27.787513835719373,75.11310783118472
459.50547204617345,367.1263108262765,27.71420565277464,74.7883263342137
461.7125481846576,368.7546614222615,27.692515152539812,75.19890796199167
462.9327917426454,370.03589162161506,27.80522589728195,75.66128124248377
465.0950162753242,370.2070875350405,27.817230746566665,76.78868678845083
466.65896060649993,369.70321767201557,28.02785808114821,78.13946388136777
468.22829225785625,369.3659072511205,28.17324047469411,78.66988311664579
469.99259547635904,370.3858767334542,28.473667650893514,79.5979974928903
471.81149971352846,370.56940164525315,28.637400504984882,79.98082297637552
472.23476868402935,371.0738194025942,29.273920182124254,79.00286548214389
474.1623824932891,372.5941939757804,29.199827407431055,79.80195484056274
474.37792663561385,372.6700103473914,29.435857672128513,78.25650860647319
475.3918724262521,372.5861136267544,29.1599955097972,76.5392386379418
476.6331133623295,373.2620248313941,29.10320953379115,74.1876594752177
476.9851034294689,374.19825376958653,28.74478729779542,73.08640648765352
478.43731856492684,375.245160202795,28.347770891015223,72.33440062902626
479.43412762813665,376.78617581316945,28.533310975349995,71.65821218934424
480.5374603903068,376.5965886808361,28.365747528493753,70.41482189979645
481.95058371047185,378.7370398381289,28.082147534663356,70.24616037653162
482.2095003354416,377.69381226881166,28.72543148080691,68.58287753718454
483.3752125565042,377.4858393402162,28.57202417811648,66.56038593252237
484.4525101179274,377.40532393511955,28.241420353945706,64.17953255883212
484.8598210520857,378.0479010124333,28.471533321253833,62.031559805457356
489.17114829742076,379.2745279443814,28.145818680437145,60.9686198053154
488.3391467548491,379.8905935686394,28.75566140905896,58.47890601151889
492.5525373462371,381.47280008027354,28.16309157577018,58.002259063384955
493.74740371397,381.5331086323897,27.59853412564369,56.555630301437766
495.2598996386282,381.78533290315903,27.00942150682653,54.574612345760315
497.09947282145924,381.69461313879185,26.33566888467958,52.927963948583795
499.09687349306427,382.59945932777663,25.76804401699443,51.68057082217059
501.1361029064123,383.37998804327816,25.404667835714598,50.48124679794965
503.2137467199151,383.6454536015262,24.944832660414956,48.792372790332735
505.2835567264958,383.6975897993812,24.099634558493054,47.478850540534836
505.91027317515125,385.44639922304464,24.09045613105379,45.595525864541315
506.43598759058085,386.16598572204134,23.920241859272764,43.71863012399034
506.1167071128999,388.5294212696596,23.586699576528847,43.47480603726816
504.7437145113232,389.42854746200584,23.063236976184946,43.84968011169747
503.9467509501725,391.35716753251927,23.051220657095456,44.705164656339534
503.00156453736395,392.18959899544467,23.445157363632948,47.46716063246631
499.8632055519454,392.2998289509603,23.611049795834802,48.986632185630235
496.1073916391835,393.3115746054064,23.691808518880478,48.972572000471565
492.26428786750853,393.7074282515395,23.502220221013474,49.234359519263464
488.41091610772446,395.6529739558406,23.033336985820785,49.898511602787735
481.1762334636141,400.69590417325435,23.275893726067913,49.751403342337646
473.89977330295096,402.1530857362324,23.348643797455196,49.73430302804232
465.96914863812503,402.134136787032,23.184382339143173,49.89910907973867
458.55248309981437,402.44348417799097,23.121369230889016,49.756791069747564
454.16388187735765,403.22431534385174,23.355380719686803,48.94009292040287
446.3089199063059,405.4323543583571,22.98318376640457,48.89709085345886
441.9475770835358,417.56055080424255,22.89852497529925,49.19838190639001
432.4437499697774,417.08130082856053,22.81739403130728,49.40487848603858
427.98400492775704,417.5482976112406,22.849084852347403,49.38066697271852
423.11033985386854,418.57858084627486,22.820679145021952,49.41982217280078
414.19433308171136,416.0201714224042,22.7218912977347,49.47524919009775
405.77527251163224,415.4059750944409,22.655025102687908,49.56328137143777
396.90685055701886,424.44326745168746,22.58445400336976,49.98378714156391
389.10355014021883,427.0997767625071,22.57436610863728,50.800960799740274
388.50178297741746,435.08551891038036,22.40346405576101,51.56808963265582
379.8603948431301,432.6732746167621,23.53472054894508,51.31915626478371
375.4968884596894,435.8860912992755,24.563691876770125,51.28224770368145
371.51142931965416,446.18339991142676,24.007130985087603,52.9170139480069
366.76331327849726,437.45721388190606,23.45002883125644,55.52447157070798
362.17149981508305,431.68583989422973,23.730500431241623,56.655515482645136
357.0864536885004,424.5792371721311,23.64009940590347,56.44215957125156
352.83450893571245,423.450671051314,23.56083900150623,56.453036176670544
353.6597377655971,423.8032129877437,23.549948240082912,56.461318931504415
354.3334276986287,424.9347302071226,23.53674491439434,56.452310190454675
355.24293921479955,427.006796992095,23.46053689975288,56.43117008974812
356.03252159255584,431.27750028689746,22.87761216403859,55.82177653496378
360.12373989248016,429.1646318714876,22.97643986930474,55.586757063903576
360.9187869727922,430.73732618617316,22.969198191476345,55.57710037003353
361.7529810702625,430.52283346087836,22.965544002463815,55.58120325965474
362.7982271786861,428.361117127231,22.96257715335339,55.58601381467528
364.2980037464859,428.5748979580154,22.983418343010143,55.55974119891726
366.2809002556146,428.95605864648815,23.000898354080185,55.541681265586725
367.1989238201559,428.27671873085785,23.001478827574704,55.54181174038673
368.1469145949375,426.2363495224845,23.00132755163976,55.547348168913196
369.23876752026086,425.9987498022369,23.00300645135927,55.54765633424102
370.3023008077726,424.7357040670498,23.00093033959259,55.55205147549833
371.7147089976011,421.9147704795483,22.99891292729702,55.55628914152923
376.5952123886344,421.355485990542,22.960844682828075,55.58191600089706
377.00252596028116,422.0259833571318,22.921233608946824,55.610852607935065
381.3073996982084,423.56631097268473,22.875177272313493,55.660370106321395
382.60041860481516,422.9743738786918,22.967296311822214,55.549611501834384
394.30020471627006,424.961252452352,24.318864683394853,53.894722753180254
395.14535171437853,426.35360734438103,25.2699612492354,52.78752275382081
396.49425611763905,426.9188138720178,25.724896974345853,52.262280127300144
398.8484827693864,426.40845237781934,25.823947371107515,52.121500158352966
395.164299033322,427.3941469465838,26.679878453313233,50.650230826160104
400.63700588707866,427.90990660508766,27.784859757701707,49.08271316473096
412.08596004216236,423.64080014498506,28.971565247583158,47.86418932956512
408.3631413262125,424.67204599251295,30.02271482166431,46.47350528126068
404.1044202483074,429.59771846178734,30.234552042782056,46.10897293426463
404.97919565280597,430.26671573287956,30.55852499362681,45.70001632066144
407.1331992568488,431.83245593169886,30.609482228748032,45.67387950326879
407.1688023894216,439.6592251158001,30.16734469586398,46.880912042659176
406.37385357226407,435.88240541685593,29.478644975290162,48.907483302424964
407.2181480614051,435.33905720694395,28.338538593882355,51.878187653004474
408.3178489722969,435.80116621491754,27.505099039020777,53.36875263800334
409.09720511562074,436.235610534399,26.315468279367792,54.29545392289918
409.49874638693933,436.89069296160665,26.266776036050832,54.263975115084094
406.83663306002245,434.31329132566526,24.980896698521093,54.74388453091836
412.4287293396892,433.21630380300405,25.102310027554303,54.67063025762194
417.45594405267116,434.9609503441172,26.170939874356485,54.026854810741106
413.3440616061984,432.70475669112903,26.438240476683063,53.780131189135616
410.908713691318,435.16074462046737,26.359552570787162,53.84695753459103
412.45500460693603,437.3393146926638,26.437918291278347,54.26487995123345
422.6819020241062,462.5241009666521,29.18726943777301,52.46098123138172
422.9105284026164,467.29897992711994,30.311047645603967,51.51986970326832
419.71761277147687,466.15589851711474,30.964941022598676,51.06164561188657
416.8832042322711,467.217238364744,32.20510199978334,50.48354709147847
417.19268343205385,467.95213466825396,33.29511903452107,49.81380867700153
419.90818987637226,489.731684093724,32.26661535837815,51.08462391907902
424.9629246706265,491.80705687875417,33.329914362704294,50.706653522206004
424.29162157022967,493.33484446700766,34.27387435783419,50.08121955625509
425.0115313040149,491.67889425036236,35.34925979672734,49.976269184263074
421.87082715917495,441.92362715170657,32.36164514481786,56.0263770510082
423.7786167917773,435.0027316394496,29.960131836682553,60.518449027975805
429.23372877079794,436.5945906369884,28.72320766806996,63.68476813082907
430.3464199326333,434.0721205051772,27.83121307690514,68.61091749970467
431.9369255564236,435.24533859955284,27.896415742288333,71.60787368308482
434.1499208394392,435.22743829931824,28.84689192735588,74.38711658053583
435.81351737138056,434.0140727280986,30.031882052865193,76.43027606841694
436.5884771972673,431.4885970925742,30.956267077147608,78.9500123869968
437.45906953549286,429.6595889418029,31.42787384356762,80.39180711757082
438.0158892297763,428.6761117012328,31.953418691527183,81.84045486653326
438.0660904438317,427.834823062932,32.75266558544934,83.76468674780828
437.7003583221002,427.45296839470797,33.27190673123029,85.33619268173707
437.4738856542433,425.92515320900384,33.42132354945939,86.03026890733233
439.9119064995236,424.24798230520133,32.6544928269165,86.23553854467977
441.7326390876531,423.43919538961313,32.23816106969425,86.52202860128949
444.26771664904896,422.44857665725954,31.798404697207708,86.80506834356171
446.4503338734591,421.45414102474115,31.596020628331253,87.57161750223719
448.7035797775154,421.6813160500073,32.08304288119279,87.60919951599966
448.9393595099751,419.83004586736155,33.12142082185976,88.53740092064358
449.2622395891332,418.34442858252817,33.910830956397824,89.14348551548737
449.9235311221419,418.50740127125255,35.09556066503853,89.10311546829601
450.7101250546136,417.9696556498355,36.06305845378168,88.65430542061802
450.68420546084184,418.301796426515,36.97401246705074,87.98497105951805
451.33243794715185,416.52400282192724,37.958209077377525,87.79452722277992
452.85363971671836,416.77462621715534,37.98591800505659,87.74937299857547
453.67286388362186,415.3365235400126,37.86648796367677,87.5561816186233
454.4858229551836,415.043608504934,37.37894402995727,86.97151582105127
456.04842989989095,413.21307769935277,36.25510009369804,86.23307372432801
457.8714249957733,413.043721232018,34.74549653485272,87.10744805836205
459.2812253800968,410.7803430470316,33.73484607119062,88.24764422669
459.77858784719837,409.4361922400013,32.980658825123705,88.6424857100591
461.5366858871593,408.4754698862481,32.25784372092501,89.08676388409529
461.980919165684,407.1719017671887,32.08380916498956,89.38523031668743
462.8364295331816,407.03865396065265,32.05552172734237,88.97415546753257
463.53159825977644,405.66697200309,32.083756580785725,88.65461502474773
464.38265710475116,404.87175024723615,32.531049853894736,88.47694826118692
465.23160393194314,402.2533342378247,33.668378443773506,88.5810869892994
465.7073571500781,401.23909454110014,34.78051975454338,88.5161334794586
465.3138257152748,400.4521162919772,35.46756054658955,88.24126702638772
465.9067592975993,399.8374981940545,36.10765127626578,87.6334226243556
466.09463384906144,399.47056695728253,37.01496701556566,86.86411103135593
466.9113683441035,398.72379071170997,37.669383452956524,86.29742992951398
467.35288775684853,397.5179228666458,37.913886288728946,86.71289675119607
467.6172170072448,396.07141041115284,38.159557748282666,87.07427183422477
468.1132862624993,394.3889077559437,38.23517136065264,87.49380967256658
468.4406194040058,393.394575020594,38.141237501898765,87.60638866980109
469.5003157865032,392.40562854628706,37.33193420585992,87.62452309828859
470.7326642471081,390.9590554874279,36.141270473470115,87.45782043060649
473.22206599632653,389.78494329274804,35.107054444134135,87.47509479822244
474.63363231392145,388.13585009063536,34.22257825826228,87.57683430684847
474.80991967105854,386.9725991428113,33.71634329129774,88.16332987486751
474.89503244540305,386.30059543007735,33.55775367381746,88.55509719089173
476.0835081484457,384.7791032511222,33.68644039029082,88.80205436526934
477.1686336846783,383.7234458425802,33.61506126416048,89.42986226439979
477.66391574042615,382.34145264567417,34.04749486575377,89.96405296386075
478.51381582526403,381.2587730431456,34.46447163928477,90.40019714301602
479.8552998416595,379.46969458373883,34.77165381973548,91.16184147714327
480.46416022345085,377.35888365691557,35.522404702461635,91.7064470725501
481.3486133975001,376.3725931650414,35.726245441841684,92.03865601841082
482.4354115176245,374.160029932529,35.952374877175714,92.4421512425908
484.12926609268186,373.020428731756,35.70845334951289,92.6884010970635
485.94067892623866,371.4502113255327,35.36142171163512,92.70765203728735
487.63222904234135,369.4005356590525,35.26615350114304,92.50650345417108
489.886671378872,367.80060254388513,34.75555579059081,91.76162772016556
493.02865615631356,365.4492593099783,34.18459606999722,91.14671155354921
495.3783026811756,363.45359227190033,33.85977182367889,90.52924235745792
497.44640751252365,361.5823623500819,33.9963606991909,89.42914572450178
498.80866113197646,360.8442807809224,33.811963571521744,87.96615233053305
500.3582269507243,359.8524285833348,33.655152042439845,86.86097165681491
502.1612161831775,358.0683599537194,33.584177478061385,86.49809676242026
503.8262233857227,357.7935552681327,33.2207360729252,86.23113036798387
505.7228768484904,356.6754726654235,33.40512294354765,86.35086934392532
507.775297859807,354.70595923603867,33.77352654164204,86.11475105346409
508.2617732548346,353.6382043636885,34.471916217132346,85.94957229299172
510.2691685838621,352.1626768009162,34.65643633864901,86.46165637590316
511.59604188199285,350.74818208560373,34.783728265107776,86.42782232019994
513.6147246495132,349.9233079226561,34.86626867870605,86.68892750053405
514.0386463393861,348.2598692156705,35.18564326885453,86.5166579761813
514.7432191960132,347.3032720809698,35.2474859484302,86.72454297377018
516.5503901667602,345.6988147417806,35.210940466134346,87.38806823831497
518.3443895922214,344.3417191533574,35.334925772774184,87.59239556170681
519.3507969908851,343.43963045588214,35.34675582713128,87.68672777137755
520.8536096102561,342.4620215941026,35.08470258507826,87.48515428476199
522.553877927442,341.1087024802094,34.55261087029244,87.21171524585529
525.2170799628917,338.4737767666813,34.34796812141463,85.77604556619154
527.0391822249962,337.44797552538836,33.99636255998949,85.37040365256772
527.5297631454774,336.4767029537154,34.0045257655663,84.85644230520617
528.8497593058895,336.0683477781481,33.931705256799596,84.76868859031222
529.3036382219793,336.2148162148649,34.07659048530424,84.77614589431536
531.1473192876608,335.2048261517831,34.1783471207258,85.30048931889519
531.144758608937,335.18833050935575,34.30098971203032,85.40342985069287
532.7423601692901,334.0685077573505,34.055290013107395,85.89921570599881
532.9451898216495,333.45155733662756,34.102166695289,86.62479883847558
534.1667800523392,332.1257738422862,34.19762339516461,87.60490507943948
535.3166573664856,331.3544645701584,34.095145835963315,87.92720184921231
535.5809579377795,331.3651832444176,34.0824804123889,88.30289293368307
536.4556810371449,330.3052216252107,34.102233704205176,88.67888702437654
537.0170212754474,329.1757565943588,34.04223502176691,89.47617505917911
537.3491314909269,328.2748385776798,34.08849200255475,89.66737330853283
538.5921774749187,326.5998119939835,33.910850495005135,90.01844213907253
539.2639416497152,325.6600539473368,33.663519631335994,89.95641000410211
539.6503827454866,324.74723039178855,33.500669342583194,89.74326116716998
541.2295241736776,323.39330738008107,33.30202436652651,89.17139713618735
541.8430607979351,322.3849266125841,33.368742650528056,88.08479372672338
542.1590437114464,322.4133566902348,33.059741074546814,86.69362876185153
543.2124619253859,321.7995600651674,32.765755718025396,86.14198831790992
542.9479162894343,321.0639895169496,32.67212442380113,85.6283339631812
543.7151097605561,321.413785700095,32.51626238104029,85.40212886805624
543.9986658544914,321.00969631592966,32.30665047807973,85.66179732335289
545.1673356797877,319.8552827625765,31.973122425311097,86.0836640428293
544.9712401551751,320.12704551502856,31.63529903113897,86.36874991182654
545.7460078958302,319.5863209805111,31.45344707968245,87.17276716499872
545.9390042292324,319.4141533566342,31.26682333678049,87.46559288712568
546.5537079391107,319.04609643801376,31.29306834469729,87.4986892511457
546.5427936407683,318.9487607836105,31.27310095374639,87.73786672608249
547.1516986875228,318.6467825663882,31.2808949175494,88.097352683423
547.4952496331169,317.0199475398706,31.154437533769215,88.28724505129279
548.1765061334028,316.5634989146682,31.3235394328329,88.29131195702061
548.2937798689159,315.49114974659915,31.354431263535915,88.2859472552864
548.5873977026159,314.3850448527161,31.6407886881004,88.02872540433492
548.726806941356,314.3674871371469,31.733313882895786,87.52770140685766
549.4915165031141,313.5481364052837,32.07212367173322,86.75591879503784
549.212667948857,313.7139708816719,32.151147739380605,85.57205231437595
549.302872247757,313.12628659545675,32.32561858045749,84.22820577984218
549.9156995526173,312.58006754367165,32.4077796417041,83.39786456174181
549.8865995482394,312.9903776348499,32.70897816105908,83.03541565762362
549.9150319458704,312.601364936957,32.68892103326118,82.99142392017349
550.2271014560439,313.02233344065337,32.758090962384685,83.36104120164481
550.4752533995621,312.6365933926751,32.647972155161135,84.30637949314476
550.1208109045588,311.9357891654124,33.02246215376995,85.03649596711742
549.9120261751257,311.8345765150603,33.40440161374371,85.91216496927964
549.8705618745945,311.33802550203944,33.486647606115774,86.91817382235385
549.994799665742,310.5273301354794,33.77108076148036,87.67366082031313
550.5552310547433,309.58222223254927,34.11980185245796,88.31091940132754
550.881665552522,309.2582251572056,34.378364109857024,88.73827456161268
550.3676930094456,308.2549949378497,34.94392395879292,89.12693226118114
550.5308532742073,306.8168759198374,35.409949370336236,89.9533362842204
550.1598816509986,307.15115465245003,35.35779119968904,89.66378845325151
549.9149433404172,306.22113303808663,35.07460356513763,89.78404052711684
549.8252831927097,305.72151901918954,35.029366952541125,88.5291584670259
548.9041816489976,306.11043830893016,34.527164388872734,86.85891759624677
548.3775101325509,304.98503136421454,34.06143298176369,85.27287726624134
548.5560662211715,304.8517918647301,33.60433218751947,83.75649491324336
548.5641492878657,305.3897102141088,33.22788726890241,82.54907433012758
549.388351347489,304.19415192304723,32.97490238965353,82.6926010856669
549.279552275763,303.87169653228716,32.72560939335993,82.94396513690707
548.8902043345988,304.43838029581883,32.4757030332185,82.88379509386019
548.1459162976557,304.5986999562689,32.039825848590134,83.43317806986556
548.1284286076676,304.1796203908168,31.56631513647592,84.14834202534847
549.1613019024542,304.1511020638347,31.15065065826149,85.02845284131914
548.6543486588203,303.4282378500592,30.968574212484846,85.89199123209639
548.6813740558889,303.2997666172328,30.521984930436197,87.05751060347654
549.0656564681705,302.90471769138003,30.530577829776696,87.48572624540424
548.8452797372075,302.6759943046067,30.635142200497,87.75698783781004
548.9383659013623,301.7115579298564,30.78181249041457,87.65261788482654
549.05534693878,300.6448540554616,30.821016982666467,87.67827378730257
549.0401717505941,301.511589406338,30.8659114027281,87.37671288512573
549.0300893823415,300.95578453866887,31.00642379554275,87.31171727664528
547.9261440034908,299.5428350126604,31.46504578302633,87.17030232376408
548.1300937714932,299.43014312030505,31.328670586936003,86.26945038497934
548.1296877563427,299.4565991403454,31.407918053128082,85.01648155359308
547.1329023492228,299.48912308189324,31.630584564770654,84.12296075818585
547.8278817029848,299.6480242361906,31.60806870354516,83.32730607527583
546.493249504303,299.67720860961674,31.69716223108135,83.06635595258632
546.574429811511,299.6124575964262,31.961515738960745,82.93136674871788
545.9480338401737,299.3429175787684,32.08861531408159,83.32719359172808
546.5058715284341,298.4645192382184,32.428536742179546,84.1607077687463
545.8598904442124,299.17885127245495,32.83117686815774,84.9003972578598
545.800226527937,298.40752822577326,33.18578786687877,85.789638340523
545.4554168762957,298.64379109141476,33.21796555410306,86.85943238386764
544.6913392135218,298.41734298174043,33.47145552396848,87.44925123090377
544.9133225590101,297.8109482088312,33.665276413481976,88.2306232221053
544.1818873839848,297.63953877223133,34.244301374643314,88.80973596253548
544.3345064080761,296.86569878559055,34.2594255069321,88.8277584527161
543.7114329600338,296.10198883913745,34.52550920301973,88.68381976026471
543.8267351865536,295.2801010484197,34.25813011093986,88.96727381994114
543.3093828476503,294.3149805152529,34.07772842068141,88.32647282542271
543.8600477667808,293.9443239152085,33.75594871755637,87.65202419708898
544.2931632393729,294.1403252747108,33.31270392215989,86.25020292415974
543.4290114960028,293.45598644431186,33.1087399814557,84.45215971780067
543.7742556721558,293.75277159895955,32.62418627289505,83.30223798524176
543.9177703753455,293.33391061316667,32.393418681646395,82.7269239680198
542.864711357576,293.42143536915904,32.25678893352456,82.33287408672474
543.6078553952406,292.625829077345,32.1019895867186,82.4988268417853
543.8669130212397,293.32842525476934,32.07735316934951,82.99473154618644
542.6314887147854,292.81064350288386,32.04438064769074,83.56806436758443
543.8500262660762,292.67553716643937,31.740158814686232,84.81666451548715
543.9056702150117,291.6751443141781,31.784720269294233,85.55734306039501
542.8875989169679,292.7678315855764,31.777352189951536,86.09158326178488
544.0810143270204,291.9198856813914,31.92863353339019,86.50469001213331
544.2534101537556,291.4859327122661,31.888037820414517,86.78405164124463
544.5374740349195,291.05282800316036,31.94781953961212,86.97264923160579
544.6519191824773,290.0174390055449,31.85848013899512,86.75466894894373
544.274741693258,289.5429516762563,31.778896339987085,86.51206009330738
545.1106236606339,288.3684087570473,31.72638186831653,86.43061657572252
544.5337908762483,288.1913188513935,31.581862446204862,86.15673372156769
544.4445096080184,288.0502189419885,31.486778926012782,85.24176578620441
544.318945238469,288.10968455294665,31.516465800144,83.75985694034858
544.7584963951784,287.97357483719276,31.515173011261275,82.3553859126049
544.2392852232836,287.9504335055727,31.42662458707627,81.31049409254584
544.3672458538852,287.9415807211159,31.278342772727584,80.79203895398558
544.4677241489264,288.9235340795778,31.435364019969285,80.70325192318856
544.9099456218026,288.4162520630873,31.535479596918197,81.19814165502198
544.131642113527,288.63983991126395,31.694273531727937,81.99617767913543
544.1695814574161,288.4780541105987,31.730802692188618,82.79216991330512
543.8473498600816,289.35231748839885,32.093613585307764,83.66305081151339
544.5853173329559,288.955402656156,32.4433498355431,84.59271347117539
543.6747029185088,288.90875939631877,32.469740712777096,85.32149618998085
544.1588431298287,288.57465126904253,32.659169650260104,85.97062078437645
543.6513772253351,287.81522218165674,32.99476693795375,86.11213411242258
543.0684602308465,287.2730224195637,32.9552351499152,86.02290482954086
543.3672232562803,287.24370484142787,32.86829571842464,86.16490426389058
543.5370330324283,286.6496611192973,32.88847131926959,86.0340344985645
542.8499658265996,286.04618310654706,32.89995390597606,85.29864383197977
542.4504998612658,285.6842131900381,32.541126647037764,83.81416314993729
542.3323086224731,285.84681543029706,32.20328936134433,82.37916894030099
541.7762179777752,285.4273043877687,31.917654588766567,81.02981316814959
541.6439823943861,285.97225604353866,31.859454461332547,80.49298117666643
541.7513741784023,286.0990455697231,31.763703358221502,80.13468338699334
541.9600814907349,286.4062442373,31.601561271026142,80.58956572255504
542.4245663910132,286.6568346680982,31.464512549628374,81.10622310062834
542.363430869069,285.872868817714,31.273032909255246,81.85683212998327
542.5736590922396,285.78437194884924,31.092673031975444,82.80583679014481
542.6008090838701,286.46905214640543,31.030947587284253,83.90066306342837
542.8745928183182,286.93992033996545,30.896699825304857,84.8569469437949
543.0554722429179,285.99892298576617,30.86214725991338,85.93615863980335
543.2201023287486,286.68234424321776,30.71751710970498,86.64333746431669
542.5422147359375,286.23304704381536,30.828147451271867,87.0241512015385
543.0255743182902,285.89164680066915,30.864507820143494,86.91020567228219
542.9844453267083,285.3138738207347,30.97614429382969,86.78119190543597
542.750811027445,285.7439847580239,30.980741076007334,86.62760878427181
542.6351207882761,284.78453050319484,30.883199312418768,86.40329281616201
542.5231459024172,285.0539206040058,30.882444058582927,85.42495851927185
542.325907157021,284.91118998448974,31.008425602252906,84.26548670147253
542.165714501871,285.03916769462353,31.157803309146047,82.97218014976585
542.0842983342362,285.0434721117225,31.36873132146335,81.79455864981925
542.0258549863742,286.5373271211068,31.36561174648083,81.28489171042686
541.5719447869506,286.8016566640237,31.286842653960875,81.0538456493047
541.2675157909731,287.25653802561186,31.301067662707933,81.28529050192638
541.9086231453481,287.7194937348805,31.546615963029254,81.91570451902757
541.4420593470403,287.87096596765923,32.07217018751933,82.66359542448757
540.9885961780884,288.24257883882103,32.330475025884695,83.4881978605697
540.4012967517091,288.21310055923755,32.754690739986756,84.1685927441881
539.8798015070425,288.3785622721891,33.05856283208394,85.11925453480728
540.4833362408682,288.041592888344,33.31530762300798,86.06886552964168
539.1789947435051,287.6471219695668,33.661649356824306,85.99972841059211
538.30394000426,287.99897287890656,33.710151488779694,85.92832947219976
538.6051148815673,288.14960373784254,33.51933681841274,86.28365255361749
539.3215643015279,287.53355643099553,33.60959974740466,86.47122082873425
538.2116602752048,286.8853403563566,33.80171452841391,85.9334576025695
537.8857326314157,286.4466071055068,33.60696511113508,84.67085581165128
537.717538624246,287.22496385553825,33.21628386678489,83.0702685246622
536.9333082286012,287.5999438628578,32.945179500184054,81.80408937092398
537.4485612614175,287.044092656771,32.700474427994024,81.24884942508062
537.0373413402481,288.5314275164149,32.52767924445014,80.78958512228148
536.9292408104714,288.8172234786537,32.60817055633145,81.31026845968282
537.0560372405546,288.79923391252527,32.52967608555207,82.02736357685637
537.0753264935465,288.4719336626283,32.40816870596967,82.6353746387781
537.030749835274,288.98006623975726,32.28502900858434,83.62518105205561
537.000004039696,289.0520346386237,32.26196790190296,85.44242994806356
535.8279701513269,289.8311671220947,32.571629255072665,86.22870772289707
535.9381303730123,289.61787974027453,32.716702569521786,87.05611597404811
535.4090697565566,289.132818385016,32.60191132398623,87.66041881313956
535.819047854207,288.77174187589515,32.5998297987142,88.33588925380104
535.2809389607697,288.6709325041556,32.65413250742554,88.32874010635003
535.8525142973612,288.4025483392711,32.52130345136922,88.5364718128794
535.5142838050443,287.9541729083724,32.663060227628876,88.35820140773953
535.4527760105228,287.2346638542796,32.73150967172873,87.54915118325317
534.6332159918456,287.36937403190313,32.821354310828596,85.86271551390382
533.9574445895184,287.2539412681155,32.859555140270956,83.97980197348588
534.4462043363375,288.5754186279562,32.8255542852436,82.28303999519854
534.137193490556,289.1968974283187,32.65508377404774,81.4728119963336
533.8590503960905,289.9041737821279,32.5425824239736,81.0523505610694
533.6571784585941,290.6998998670287,32.4279387428903,81.30347739841643
533.432449794023,291.2954578818017,32.327951933028665,81.85952275726768
533.3652313362857,290.64757502163087,32.573070680340166,82.87621106691144
533.1324254297597,290.70253370987757,32.724890324298016,83.95437710068106
533.27340400334,290.4991721553677,33.017376159811064,84.95926506613466
532.3806046758514,290.7425136216362,33.04358434142259,85.81010630924159
532.18521340741,289.9074088670681,33.26339965704527,86.66086663205269
531.9968119621665,290.1563720826079,33.26056345842471,86.87294232528268
531.5257984340699,289.04972752196795,33.2049204005776,86.83197305232127
532.4960671529223,289.45119483677877,33.17464328258248,86.6907991105277
531.419965252456,289.083493420432,33.028427607959614,86.36216581231614
532.366889597148,288.0532088656923,33.0280631533855,85.31381124816575
531.9605676183355,288.4582553717361,32.88045530284398,83.58466432391543
531.9728641546437,287.8819861716498,32.59765121357251,82.18030722962685
532.4438300431749,287.8284736738966,32.11900857816516,81.11648325948845
532.1758552525248,288.02220072248906,31.871048361796895,80.55872912563467
532.1007310731792,287.80174845467593,31.595684151632938,80.87262955938851
533.002765035276,288.1027813151692,31.27991833906497,81.61566734067554
532.6305577361306,287.86477159397595,31.005056079979553,81.95417706452479
533.0343620984813,288.6502970711233,30.848723884113447,82.43710455337578
533.4345389549723,288.70842964514304,30.522984731735818,83.670745492258
532.864912274254,288.01525780680174,30.42979476050011,84.81473534217938
533.7222086197218,288.64758040258494,30.29819569615916,85.7584374711696
534.5674483107477,287.6417789340351,30.565707318097296,86.510629550115
534.2282159728338,287.87761995692927,30.655579464628303,86.74476538257295
534.0848323684185,287.1913421305286,30.812297310680425,87.0458520860563
535.2937017024949,286.83063231423,30.908401940485877,86.89255686727418
535.3405398678633,285.80930789880097,31.31225675556027,87.05246353161304
534.5753187354264,286.31045892334856,31.68481919102713,86.68240142030018
535.6716118359822,284.9140834411429,32.14135498965639,85.61002339072346
535.2293340123304,284.4708677930364,32.60103016215396,84.32399031620884
535.1102531489843,283.3760780847583,32.49856871870891,82.57783522234331
535.5204275195292,285.151641706119,32.45671749472777,80.97423276561744
536.4153783240615,285.04404614298386,31.888016471028465,80.6853320926285
536.8270106683203,285.7161852758808,31.86674133786987,80.20095400335975
537.0698948746488,285.9849192951353,31.58411108293833,80.37601443202918
536.9948570440079,286.1773172669303,31.702828144557348,80.96422312758787
537.0159887282564,285.7788343779868,32.172019596693154,81.94420258307186
537.0569524498301,285.7496035647923,32.5115446758237,83.00338196859323
537.6542873844002,285.05939227211195,32.526718084614664,83.9145897867363
538.0762185815937,284.18113623147275,32.560029531227116,84.78391194329777
537.8880313313767,284.62545805930876,32.623889994767396,85.02743169304418
537.6599693202687,283.9967024315906,32.95732703482846,84.8813367721041
538.5760453329641,284.1743229963695,32.66364587373373,84.9305698413645
538.9745914857039,283.176674932734,32.85830660999839,85.3739922847061
539.4494012340306,282.4610853275935,32.492732881129015,85.81180000832326
539.7117238479681,281.9929892166675,32.40829123053419,85.2809170014841
540.5821635297389,281.4403323622786,32.47823399624216,84.04054737400403
541.8312890142612,281.04335098970785,31.909533794142284,82.59324672955817
542.573969570776,280.4189144351901,31.13775370671319,81.36518254458727
542.3475255859056,280.8875840122634,30.606603681115615,80.62130118761033
543.4945357619483,280.6298637265363,30.139998199292165,80.63646149802474
543.5534961808851,281.1755777637627,29.802427271677974,80.95381399837066
544.5782224379603,281.662390511712,29.51992023882771,81.43316639820873
545.9693181110406,281.80189728095536,29.093385516507688,82.06304739860141
545.5986399425121,281.75691469934293,28.98738905081117,82.67018638852075
547.2103964154857,281.1449846371433,28.89755334905038,83.32779219515956
547.6838708156503,280.9868224714769,28.73935746219618,83.96926275456731
549.1592209445149,280.67119285338975,28.595521704512812,84.52996383764875
549.4961881380971,280.44781614794476,28.3749897769698,84.8861885517633
550.8343693710848,279.93222522272964,28.067637282613184,85.00674691138316
551.8150742236859,279.35750310532705,27.939733327113437,84.9565708993012
552.0121083134885,279.39830631946836,28.09439891835548,84.41127427951118
552.8412158504276,278.91628752927835,27.924550209909913,83.35891152267195
554.1210875058651,278.37591831227616,27.963459738695423,82.18291177079378
553.4865238745464,278.2713107064064,27.77704550982454,81.37939686092083
555.0085044314947,278.1191492154096,27.76305647234399,80.76379439163566
555.8230664526723,277.3903153455599,27.779144484241364,80.73838925440491
555.9425448759413,278.07447995010267,27.897434394257154,80.70261116703104
557.3636079020719,277.92181582795087,27.97593760492001,80.9406960960551
557.88412872575,277.6576673621511,28.26518675193651,81.49046005211518
558.0867612013628,277.50392307429746,28.48879824838827,82.22611266290421
558.8113814177241,278.23481816274847,28.7314642678449,83.15460130222536
558.8983388511762,278.07703136005716,28.8783230620773,84.07889294521323
559.7208811788828,277.1077599628907,28.975063033586594,85.03937340786963
559.9227075980322,277.60181161043477,29.240137831625084,85.43826364019404
559.6903413557643,277.6638139642989,29.580237577630324,86.12802034556313
560.5945995319097,276.5604402943575,29.627122860509395,86.53884004167
561.0869176713296,276.7267455348863,29.53188950763768,86.6776909759032
561.7374873287195,275.88747795420994,29.16077922747258,87.38026385602885
562.2361034585011,275.2668087979207,29.102043855593163,87.40430079989386
562.6875856298616,275.3896862126911,29.047236084260415,86.83588036838437
562.4165673146364,273.83785311824613,28.88266942606036,86.3960530479817
562.4921659678982,273.1315709698968,28.606157988157424,85.29837893563797
563.0439078292992,274.02190776898993,28.133167310208776,83.67052671437145
563.492660609851,274.2547746280374,27.735636178712724,82.48333324991572
563.8698546378599,274.4395020257444,27.414667558911027,81.36946430378688
565.1764062949154,275.0156620985606,27.107785253100836,80.45633338060952
564.9640094380351,276.72750699242266,26.785704574828987,79.6704657440695
566.563071158048,277.10011266649394,26.49217650986398,78.90690525690711
566.3763571975333,277.99643652904956,26.309436351517412,78.977318602238
567.3445024415398,279.57984470122506,26.26640181252467,79.30848928982371
568.3315982883149,279.73559495976747,26.012677447999835,79.04014472230162
568.3070047582269,280.8918959153247,25.85031232037541,78.18064885691015
569.0963424548831,282.4282215931748,25.97980602973177,77.43801244528647
569.2566283039473,282.74852461044196,25.960030512566753,76.62276848214704
568.8377638848849,281.30989124008835,25.823142286692498,76.21494525321926
568.9453062426502,283.4950213267734,25.643329584558003,74.57352042416377
569.5002096018501,284.0748956070002,25.481604836372913,72.55181383682415
570.6077143204975,282.69415444552226,24.685611641105442,71.98791511920695
571.3102844584078,281.7266882548665,24.205485265087997,72.24676095552799
571.9750928263796,279.7779655099507,23.999821156326238,73.37672106518673
573.3674601415853,278.17076907447364,24.163914031026806,74.53966272993364
573.3251511494059,277.0526639688668,24.196723766180238,75.96295028461117
573.9084083572689,276.129080289164,24.383578467237307,77.07959226960423
573.4428293190545,275.98034272771423,25.463948665629616,77.39649349804776
573.885866622401,277.2178112761571,26.361348504279782,78.35028760424132
573.8753530101008,276.74792650473853,27.371040832792417,79.69567325168117
573.4689058278162,277.4537901826251,28.230431882955813,81.83698735403803
574.7755383826154,277.19386031260956,28.600084797420486,83.13628004647313
574.9383854917935,277.81304986707875,29.517311335404337,83.47358715388904
574.1424327883383,275.86305465311176,31.719538323678492,82.47421644824759
573.7730337109158,277.69515131880036,33.40225065355711,82.20661144237093
573.0455743646271,278.6298826995069,34.54458989314308,82.46507979896937
573.1458300837357,275.2017205010542,35.151015374614964,84.05832836732242
573.9164880250795,274.2459385540909,35.86511946148612,84.87130355618616
573.1586869316111,271.60014019823876,36.765520532814605,83.88720065241189
573.2263156055269,272.48838306253265,37.75246641584098,83.61125100799931
572.946899627905,272.79656788893186,39.01280427051392,82.84023862424951
573.7236574737052,274.32242312850553,39.08956847755715,83.21907824352141
573.7059616063418,272.97915488819115,38.68793746667453,83.04036032198954
574.4693088256948,272.1654501597628,37.78772950820466,83.12925874101964
575.166718379865,271.39925988751077,36.96881518645119,82.90962965532046
576.014612679261,273.53571576339624,36.26116639583718,84.49650250666846
576.9874327021051,271.21844580125185,35.51145230115267,84.35649580772724
576.7312617614086,270.00956027630275,35.79037576258868,81.81270327043676
577.6964538040145,271.5677050813768,35.97331393537243,79.79001274132803
579.8271328137063,273.18430652728654,35.24849737793356,80.04837698436575
581.1350026408621,271.56986656931963,34.43877202301441,78.18280261181687
581.9122748728976,274.44170158762836,33.10346317288587,78.30326402585256
582.665981880187,271.2931568829489,32.9406788036544,76.66819925659203
584.1017587368885,272.589914888614,32.36737481177846,75.95291763170596
584.651122250755,271.22296060421206,31.84529929762222,74.7266943168886
586.2885443196437,272.247880738438,31.326353873910172,74.22017434663154
588.4946545239648,270.28253617801454,30.632449305035585,72.70526772620653
589.9379868333724,270.4666967962367,30.524300740373768,71.60610938305751
591.5519731378658,270.0673525735064,30.514245812127342,70.66112319263094
591.6612048891367,270.2343612686134,30.403616916948287,70.16292360138911
592.2121162144089,269.34378469283644,30.63980648487934,69.34331843881036
591.997864157277,269.6036756392267,30.951000559443962,69.37314835289934
593.153241830682,268.79940676300555,30.632255567629755,69.03477715453596
593.786141301086,268.625459436042,30.56066667931187,68.7937111608801
594.4795966716615,268.0928781073177,30.375304395306586,68.16295227806833
595.6933870360565,267.8935873548412,30.37906984457133,67.1635355692533
596.4593022877898,267.8062858541167,30.357119883859873,66.27347897521278
597.2306817569847,267.5604426895188,30.080643146283354,65.70025358127162
597.9733641675895,267.8281331055108,29.409134390347084,65.4807437495777
597.9550673864003,267.51729635944844,29.21110203207217,65.15596671021967
599.2192718731434,266.54576273954,29.029409462547136,64.63037407225939
599.6513086676284,266.8652686778057,29.065871635887184,64.74854145598198
600.6654723381,266.9788741989884,28.932052418341744,65.15864491204103
601.7063050193968,265.43339579672147,28.676082928054967,65.50299608188561
601.95743821049,265.5340791274441,28.450976564551077,65.86266827217831
602.9352033364859,264.7500963419162,28.768621313703747,65.49251168995194
603.5497312101569,264.13175776187967,28.799014929116613,65.89216046581633
604.9351424422124,263.289181959802,28.470194761453335,67.02501596792463
605.0644100554945,262.9817586833424,28.713920279460833,67.06651674047134
605.605624746132,261.99206754099964,29.20014376645676,67.31585466022761
605.8215149887772,262.2979937904943,29.371554358875443,67.96503724596282
606.8570600080101,261.8997417740825,29.49252693675804,68.38593590421164
607.4460121431925,261.0975515461333,29.71176626876428,68.22412583124049
607.8264271260281,261.30042670948455,29.64408724065043,68.30173516921656
608.5174275067367,261.16448071859645,30.170385567711257,68.56921452647344
609.2479108318638,261.1311803473143,30.542557144919854,69.52634841828015
609.8562399516755,260.04935010601946,30.59214307834621,69.73508169483031
610.7721650298267,259.934239017128,30.50993839361677,69.63406137087765
612.3029211138012,258.60157909685705,30.432856300359575,69.33958621325051
613.2782385803678,258.3288336373417,30.494320156441518,69.38989461809054
613.6728315077937,258.3331635753446,30.464518874095653,69.3374991708791
615.0169865856938,257.32692490909466,30.261829932208432,69.17809172821728
615.1249657036677,257.9405605088144,30.29111214616581,69.24707659414648
616.0389488005499,257.2260353319542,30.178830366311452,70.48279539333475
616.7419107136575,256.28131038528596,30.13938760584648,71.46610525724088
617.9379186105098,255.31324478037294,30.020746369636935,72.2384134585296
618.1255348670031,256.08548741159484,30.058141345024925,72.54030437673461
618.6388174043248,254.88126737668085,30.140795940677357,73.05321708373916
619.5054525650653,255.4191936037556,30.38524838321148,73.43154737361584
620.5270702082532,254.30615765437074,30.681536173846894,74.77048168054672
620.9723406650024,253.8943550395522,31.11166705714713,75.68598972498927
621.224884435317,253.98723038571939,31.641352508652098,76.1510983885814
621.5884270205996,253.06608677306173,31.826594568063385,77.14308828208675
621.799397865275,254.05509392538258,31.668139651488524,77.59269176575985
622.194086246346,253.80689588769866,31.4075581912604,78.4608782204135
622.9487208379095,251.85741031465966,31.374766154282206,79.84633699352096
622.9585119571599,251.48047099215148,31.117366926359544,80.5875898529928
622.9561839818651,250.60661139176034,31.080410542399704,80.80588736664888
624.5215129972149,249.38811080400626,30.94470805140348,80.71488341901865
624.4236677599196,249.51407303372156,30.876695894997585,80.32637433493997
624.9620695236417,248.86141329654032,30.742680134009756,79.80118724611576
625.2014383779035,249.17545786533526,30.523179714914992,79.02082889413417
625.9613176476016,248.41621724243512,30.157967078724663,78.43480698517982
626.5138020532813,247.8208950276514,29.936133705330597,77.91152688757899
627.432917446276,247.4704287606757,29.52307810931324,77.67168790139259
627.6355155461824,247.36424140926098,29.623546079288577,77.71773694566224
628.1112378369368,247.23107436076532,29.422620773445168,77.99384224441314
628.4213413900628,247.87919674253592,29.335814620009167,78.0725923548725
628.4983928293368,248.86326704825382,29.26229039646573,78.6856225407847
629.3338693033138,248.43027735378928,29.23114753380834,79.68538930838255
630.132241848084,248.3492088835678,28.97375636329702,80.28659781469202
630.5785180212157,248.02056942861674,29.074342151513243,80.7480179331236
631.1769045382104,247.73136935756756,29.20891884801557,81.18154788340944
632.4048786160321,247.04478325408581,29.26053118393415,80.85435788486758
633.4193666796243,246.8369226644952,29.54989440458889,80.7765983518734
634.0882992763063,246.03332982855173,29.76445376128138,80.82546946191648
635.1290573047644,245.4187233217701,29.97106774930232,80.59719823017944
635.6458745219962,245.36734340943354,30.175261927166282,80.03024664385325
636.3368348844637,244.9617761496039,30.08757202097999,79.03806921950466
636.7420033993246,244.69595494936925,30.2937095958645,77.99430399572933
637.9053094422433,244.9141394872206,30.604558457064087,77.60672534881404
637.4806782021079,245.2220086482897,30.84832929915104,76.82092385886546
637.6931795473381,244.82136580474764,30.735887792858584,76.99527841506344
638.9993438815634,245.15004163627873,30.677698261676216,77.23335684004454
639.2869047941144,245.30368937698094,31.08839720683774,77.53417601842632
639.2191803171992,246.09682215753756,31.235977384123306,77.89480140751601
639.6505094726914,245.16848641584278,31.250353558479034,79.23940742068692
640.1321876434216,245.518954898346,31.477245944817014,79.5205161061626
640.3344966136199,245.70064178025365,31.329812420476156,80.15367734553266
640.946333701256,246.17101609068249,31.197050348856834,80.55970795193173
640.7238843208532,246.05980108530784,31.474897779453705,81.08212435494062
640.6481782451642,245.7349435226377,31.618568933587927,81.23768022882942
641.5800091321701,245.65176286555175,31.53490307785028,81.18302777349388
642.743374364222,244.60248506624896,31.60864787734213,81.14627534483203
642.7605028497306,244.13607118142806,31.67536372267282,80.74220133053063
643.5484495585457,243.69508029943438,31.813793825703076,80.20259538890585
644.0245162251697,243.7781413454333,31.676626515423216,79.17066618087634
644.3050672284154,243.63597286154655,31.56373203633098,78.27155042323939
644.8296182277362,242.77878817485706,31.35290457620642,77.89961250940216
645.6520828957005,243.8065550334002,30.87951609663933,77.36671639798301
645.2367384797525,243.903855327154,30.77482184709894,77.17907682785682
646.3681250977912,243.56311178390106,30.602199682570024,77.39023319918324
647.2852597144637,243.22878662584992,30.13786155102412,77.68486487595939
647.397736265546,243.74097701667108,29.88094084991453,77.82123448341625
647.5696150504391,244.05329071904265,29.553778382974883,78.493439640166
648.1895601053085,244.56645519629723,29.251045725342582,79.30801432545022
649.2721005872997,243.78381105840754,28.967173181159946,80.06151249254891
649.6304813964249,243.61727701516696,29.130627148141468,79.75356981776903
650.7540566675771,244.23235064677903,29.475325217668733,79.5146199617906
651.5145568385204,243.80624599401685,29.520150576541916,79.57797174768831
651.9909023160017,243.07435662344176,29.463422634751566,79.5197115522235
651.958294741281,243.1496169185105,29.80051322526745,79.76157134867697
652.9786573498014,242.1971911459072,29.874584169877988,79.78585272062006
653.9507845431807,242.07618712562083,29.883945567764556,79.04633194258543
654.4511671391272,241.7596627621843,29.995734210786818,78.3984204672414
655.0494892670304,242.25384039052244,30.169965551980475,77.72989795277931
656.1160950216835,241.9652158904094,30.212054640818934,77.57024727906662
655.9861598322898,241.8465237833484,30.338276251538858,77.45981121120622
657.1878014993267,241.72661440904295,30.399965175079064,77.48627406096003
656.657653436629,242.74364815747236,30.64731647101074,77.54019780174157
656.6522599421523,242.51391349538545,30.83478368211755,78.08611278531444
656.6456080347235,241.69771555453616,30.640761993745215,79.12134075786764
657.1342648670343,242.71544056225287,30.572994048747113,79.24605366815442
657.5166406937072,242.84147350009158,30.5916700510981,79.61149823044244
657.6510461607152,242.21915208565522,30.552172222427174,80.29582783452265
658.2664354115515,242.17728751877678,30.49098169053444,80.76641435868325
658.4554936267874,241.66140994380083,30.378321549115626,80.82502628868733
658.3580486946794,241.41198760203483,30.586844864756145,80.71980728251066
659.241560909189,241.16327341926547,30.1185816843254,80.70566906870746
659.842954135742,240.38848912052413,29.90095009839156,80.67610606294919
660.6583337328681,240.18600632292592,29.838209936617908,80.65693779112024
661.1227342758225,239.6688656053886,29.81221096042747,80.03623654015213
661.0656886501803,238.63369644127334,29.878495438377158,79.1864245883838
661.7393028906571,238.7428171915019,29.737933426997497,78.12986730299555
661.7068607357751,238.57196619543114,29.603090201513513,77.06722545167696
662.4043691643062,238.59607642490758,29.318375315886897,76.57433181214395
663.485544287106,238.56371084353944,29.095549840070287,76.48012552065659
663.8537855403902,238.61854479026533,28.97242481784263,76.62750739636796
663.7625526603183,239.05877914977825,28.923807095482534,76.89737088979025
664.2905790348508,239.1045143921171,28.6191993418208,77.16373495287067
664.2743210993792,238.93700416929303,28.293643557729034,77.93320343209001
665.0752441286297,238.90786902352622,28.077027205992067,78.95153414127579
663.4072934657697,239.57752435278212,28.48151893431536,79.35300002161287
661.7772155685302,239.01879709857585,28.720411606235785,79.11592443397133
659.9359951730972,238.61338398081537,29.13246927751856,78.86541057587961
658.1654318747619,238.33803707130787,29.150966851591065,78.1296032256899
656.28738014282,237.90149535140674,29.247236168975114,78.18898569150456
653.9388713665227,238.16433267882667,29.364311495159903,77.9795956931894
649.6192072871576,237.02679759749756,30.39007563945537,77.11986542173503
645.2347634893028,236.71390005525257,30.6399946530114,76.36564584825075
641.9091998468531,236.94719524721535,30.56649253575033,75.77580334073093
638.162776824888,236.08442121272358,30.73662377407721,75.19934182719491
633.5936183391359,236.33711104880842,31.13759123538877,75.0011593085935
627.7317625720226,235.883076361075,32.16676846785759,75.24186283504226
622.4497503774157,235.49782039981955,32.67958626832613,75.53375726821523
617.4718638478832,235.9852153251551,32.64500192840423,76.11704427606463
612.7990327003165,235.66211290054562,32.517161110744816,76.97531365970933
607.8108654133947,235.88523831484912,32.68669198128024,77.37195392817114
599.158701681171,236.18042762789653,32.03153343803724,78.1204710998058
595.562468814358,236.3016255945961,31.906276374269606,78.81001041716578
591.0653915203908,236.09017601530286,31.878105446456765,79.43730044429685
586.9673777595596,235.9319123178783,32.22743086927287,79.83560386205706
582.7523582702274,235.5712912271092,32.45500002219254,79.99950005722897
577.6329356718086,234.6971018781905,32.59462780417427,80.27611383292432
573.4667064905072,234.6933432227034,32.1420128864424,80.32249338719326
569.3623383190647,233.92456041523843,31.74873754872442,80.21232900925665
566.5158952103294,233.1068522586092,31.623179514180887,79.59918894701161
563.29113536068,233.51702834324138,31.444517279123126,78.71253989481981
559.5693736526885,232.77310231700955,31.4211131667247,77.28467577601882
556.1007945133775,233.00577393348675,31.063388194156385,76.61590485577713
553.2465487155765,232.65235586837142,30.874560949731666,76.10797054972083
550.6720974179993,232.99546644306616,30.535007772485997,76.05347351951775
548.530284775623,232.93307986002083,30.415605999590973,75.61195606861928
546.7720702888076,233.44451255244286,29.759209636765476,75.41148916752844
545.2712406543935,233.37549312542663,29.434496043731507,75.62483573351977
544.9508111804837,233.74772930001316,28.81740802347269,76.2949163113639
543.8002349072725,234.31015413296006,28.303708093774887,77.30204563411755
544.0745358203242,233.69392221093923,27.96430729065412,78.15827736074476
544.1356893980761,232.9278340915953,28.004486673441367,78.03144390437959
544.28166829278,232.64095599248992,27.866860270123077,78.03586291339275
544.9404984275208,232.18248075036053,27.919453682777796,77.96637756705843
545.2238129075668,231.72550107735057,27.940327917494784,77.85971859356691
545.3110283345669,230.9663423542521,28.154110697985505,77.76797808974399
547.2356041661427,229.85772118972216,28.391073441419625,77.28112886988427
547.4826742236132,229.2669891295798,28.240173498149403,76.35855355955067
548.3247383079412,228.58508903120713,28.36728004209433,75.56393486248191
548.3708382567297,228.9535942030684,28.391730092577767,75.1332551101996
549.5544399548697,228.73016404102773,28.241000037285765,74.88611310397772
550.4288570026868,228.33725860628937,28.327153343614114,74.87610624064351
551.1416284495883,228.76276648825507,28.4997568884097,75.2865998951996
551.605906347603,229.05990402271885,28.634391552585292,75.6185287924128
552.071175667621,229.2231139313782,28.475205561284348,76.05749871556117
552.5232094632219,228.7491856070192,28.371867781274297,76.76300891359271
552.1439942353751,229.1212644792363,28.564467946650307,77.35224629264027
553.4105684421208,228.92919619214945,28.776872072984183,77.64790757240277
553.7025468863897,229.15358408915836,28.946695907064527,77.95600210776499
554.1464665450717,228.9926063077608,28.812566084768157,78.53364508615994
553.8064609018119,228.37620433410618,29.026875135589016,78.38868540450954
554.1540028870065,228.0259567636915,29.062506797638385,78.59959994388511
554.9233369134324,226.9392025706831,28.969941721585684,78.66698202146073
555.5733006688076,226.43846968307116,28.78756756414493,78.64473730741153
556.4925754433804,226.33234792937742,28.715510381790182,78.0441969774806
556.2666353540635,226.51917645920233,28.74110770753571,77.11326462257323
556.1641362926008,225.9937400420831,29.045668162495332,75.55084762374285
557.0094933498638,225.79382750272245,28.975523038676794,75.13167746511368
558.1950008619364,226.2078560713742,28.803270908208397,74.59453766475093
558.6514538325802,226.73198457725852,28.518265924982046,74.90437331865462
559.4694292745634,226.70654677058474,28.373663546035687,75.19174441194355
559.2068087838603,227.4821222440856,28.15238281609229,75.42733543691145
559.9272475930045,227.01399291120507,27.96282341412785,76.15051652770417
561.2309862757837,227.09912547440786,27.435828769898052,76.71357247196967
561.9173134298065,227.74950569928515,27.189843511115498,77.34746435070626
562.7428701435888,227.77815141574013,27.021837411965887,77.08859404738067
563.6226710563684,227.60195822252777,27.27616280770489,77.17352008758343
564.0418746238327,227.33038499755986,27.42572221025194,76.99901892542434
565.3291912934126,227.3654760508225,27.666306366056702,77.23003124829665
565.8046919685665,227.12855049333209,27.872244403070198,76.84597089572532
566.4106135351487,226.72624096316434,27.92979054164202,76.48419453026429
566.8855116989102,226.76020340134465,27.99096599871059,75.91430174695175
567.3399030484713,225.88875560423682,28.07559054903919,74.77723060532759
568.6157774906062,226.06951909085024,28.11772994754527,74.1020628886067
568.8719689480299,225.9051414997228,27.936602558048474,73.7339967388838
569.0819307312937,225.87508737572037,27.993374320471656,73.74758773024125
569.9056485492173,225.9210561270111,28.113509299439404,74.15934488117084
571.3636158382877,225.7178718552372,28.109055386505375,74.71356018308428
571.5673520941574,226.49181682999037,28.10813819955898,75.22989996036931
571.7187649499157,226.59815736956193,28.181201521121444,75.88830500183164
571.3725041578745,226.36825796297774,28.304956809293994,76.35957338871388
571.4327283352548,226.6701711815619,28.247558851273958,76.79963826223738
572.031412864381,226.9431804295648,28.12279802551955,77.49899361133205
572.4320351592329,227.45324598376112,28.084958043588593,77.84001741684166
573.5226496287706,227.09950996998984,28.067548655980957,78.2016447881552
573.1006003930154,227.29306063809497,28.16527025542881,78.64001532999669
574.3688739992183,226.81507571978707,27.86105288845144,78.77419333893378
575.1521657751194,226.3379045680037,27.595600942751062,78.07981859671659
576.4126236489047,225.39253971396545,27.404924252721568,77.58684507298155
576.9285458562994,225.39846608234092,27.123198808803252,76.66798994679962
577.7042360197579,225.30745602094532,27.126830827200088,75.68776515362859
578.3748783661595,224.9373390449289,27.217434714719165,74.63161989709664
578.2893495829942,225.00592130629616,27.239476541489804,74.17773122298922
579.3022283534737,224.7428726579339,27.04956041784333,73.89033073796017
579.03649801851,224.88531967959915,27.14165295899431,73.70391267240815
579.3358408151098,225.76326210106149,27.01506661038902,73.74701772148937
580.379427016622,225.8472616967261,26.936878534681092,73.8167315392792
580.8564087987501,226.44812852824452,26.703659580257664,73.92167021091339
581.6766657487653,226.3955072232068,26.64521054724677,74.35754121606936
581.9619253176094,226.68532863755354,26.559884155482578,74.66533245271785
583.3042303723789,226.76644680482977,26.344603879927835,75.16867877502573
583.9500729580027,226.59947664803173,26.233610785363474,75.22349089476657
584.8496290012123,226.0128604652553,26.26180187010213,75.29931878033894
585.6083479988818,226.04683449858732,26.44897803720817,75.66140484448657
586.3850172457835,225.50337048861036,26.6873779343273,75.85746199528083
587.0669579701631,225.44930893421952,26.727742696619966,75.80796680493587
588.623949065369,224.49549026518696,26.858050142820346,75.68220313058029
589.418694388721,224.45679467354236,26.76340274066883,75.71209255612852
590.9521692285339,223.819400797399,26.90463611119867,75.35018253925024
591.462088648049,224.8813048843459,26.996972021542867,75.37735173847962
592.6856189294718,224.05325824343396,26.994544465746756,75.37868167935345
592.393557403769,224.71283796375178,27.08730980321446,75.67837032412129
594.0412666081871,224.9298923396501,27.012076435806076,76.242603192293
593.7951984000616,225.0524593080487,27.181088026102593,76.80200601534918
595.0086941596542,225.77127051526895,27.230610369527376,77.48733463163991
595.9052321813202,225.27969174355468,27.490916246056,78.09448113128141
596.2993839312419,225.6585740012741,27.62093960091849,78.54449185101868
596.8364555762862,226.26027173998574,27.68265556185225,78.89488515476148
597.3722968666698,226.84467299966616,27.75967107259212,79.17933423566618
598.1060231805561,226.64043170844067,27.87984311389437,79.7143984720697
598.4116233701552,226.03669793548676,27.908830534626674,79.96529229323083
599.6973041653488,225.3776545379432,27.639245830226045,80.280502925789
600.7957222266908,225.06454105231217,27.358083321090092,80.48281144121187
601.7614665905646,224.76986199027908,27.05524406653293,80.13021042259312
603.302716718276,224.00009524278312,26.73487073371757,79.08706726849138
604.5447621534043,223.80008837319104,26.322268005474402,78.34866567106667
606.0583142755188,223.95757457601223,26.06039894686875,77.36412436913065
606.7597958986803,223.70028702433532,25.885550424704995,76.6208228378867
607.3546749277061,223.98761479887494,25.83916394868447,76.13003731229645
608.3108812938159,224.0859648434668,25.63924654346082,76.08069520849006
608.9737166626205,224.59220907948006,25.42206162376085,76.04195035399817
610.4206259338482,225.12253950573637,25.401614920828617,76.18562495261168
611.7889407443782,225.81423544987308,25.497027517023277,76.67332812564044
612.0110603220065,226.6864694219282,25.588706537940777,76.66185616846867
612.8765974708112,227.0713678785657,25.707400402105133,77.09211449677841
614.2472066776397,227.19684424835702,25.916005367964733,77.22829729267434
614.9792589482689,227.02394640774915,26.171532379402507,76.76954757136325
615.4527449917231,227.16715799298163,26.185844691526945,76.5891300099338
616.7658430329889,227.1127215052746,26.340134954286476,76.78319495045099
617.8102527261359,226.67592042268774,26.606478188536922,76.60704142314275
619.5661065786762,227.04249613021221,26.77433901258527,76.44432851231281
621.0803505589067,227.59332834199427,26.60962511332707,76.45186385109307
623.0637155346892,227.10738705960082,26.262845933093992,75.98808176210191
625.0894646603904,226.79205448075706,25.52986322086096,76.01566366688262
626.134345218742,226.72913541014302,25.07874215027723,75.90332698220396
628.0599975748426,227.76360325292927,24.840022028988088,76.03911680055295
629.9772407958485,228.08227073682835,24.677736982010984,76.28817394930142
631.2337304480295,228.12120125031905,24.646614262197886,76.77177168878045
631.5638920072851,228.0519776269639,24.684339437277437,76.84988977763169
633.0022668420925,229.1498466333283,24.537774084297716,77.27937730887867
634.3375177992915,229.18528825314309,24.603433878731565,77.8580142280168
635.112358582642,229.51374980829013,24.81457580026617,78.47924572931024
636.361577525259,230.2658134422988,25.01071274794817,79.09133106772302
637.7447870409255,230.58747432141044,25.005406168168463,79.55728119346422
638.5811929744351,230.21752930213876,25.0617164630145,80.12980895926822
639.1997295442553,229.44368849208303,25.155746648264383,80.17966877151834
641.3928859166963,229.1035477346086,25.035177158997556,80.23950038584
643.1403880571347,228.39332899689668,24.938480439995068,80.17915487557659
644.5300232128351,228.2273478896469,24.821351928521167,79.74419318565724
646.3856690941857,227.84547953728207,24.497750471529788,78.93844064974053
648.2473080386616,227.31067499704915,24.260652172803184,78.157568220044
649.6221575063556,227.5267917227925,23.986052801013678,77.2969206025837
651.1813395638095,227.9528059771546,23.824192792627517,76.95589505168033
652.5125738565406,228.6903444832395,23.738468763592532,76.75810456905157
654.1373177794447,228.45004812669762,23.648766188475108,76.41211383706316
655.355868671291,229.874796139757,23.7189902924627,76.61090710995566
656.0047972963321,230.00468254155925,24.107054472968166,76.54141344741961
657.2285630568434,230.35088128564124,24.502384604319836,76.56516254758111
658.2004796163428,230.23340835249707,25.034294540664646,76.97353475886017
659.2294652576132,230.6707923442071,25.337670695028685,77.04607835562123
659.9523076520002,230.89284708275716,25.572198284756833,76.75735903681675
661.318815557865,231.48860148895406,25.67621049960792,76.49432202808809
663.0339916844256,230.84032688307946,25.677449518840813,76.56535897367823
664.0387344495869,230.70700758470682,25.736416108345665,76.20956825914804
666.266822296179,230.74177090686663,25.545035241668664,76.35082266753706
667.598135271083,230.23147676368865,25.347762542364293,75.72471057166035
670.4545216731992,230.01019057094953,25.282829284335538,75.58007999092533
671.7914431391221,229.65661688848238,25.00404045443373,75.75600554885663
673.6190917007781,229.07667767035022,24.856098544287143,76.47406294639796
674.9991909405423,229.57061779805446,24.707063919357438,76.57820463312814
675.9605354369677,229.74996923574662,24.769613359391037,76.80818893921663
675.9790949314809,230.06607726955065,24.924915329837393,76.86666321022017
675.3622175740107,230.0397874954988,25.07945797526628,77.50904007630554
674.4175367415052,229.78552032252304,25.517216466067797,78.10226029177204
673.7281750246835,229.81691579698202,25.88448412540368,78.18864942732105
672.3234648315365,230.4105774939316,26.16799103475396,78.57788200075274
670.2835567999371,230.59786339935144,26.617624116461748,79.39801519937355
667.5890847474874,230.11318532582038,27.045728472978396,79.73056867309582
665.1542955720901,230.9407156477286,27.336231964154045,80.61769643526998
663.7295138675055,230.05170656306151,27.70223600328228,80.85629090045681
660.0238551447479,230.62261039622263,28.675465508581205,80.6235305993232
658.2738414661882,228.98288621294307,28.686875445504242,80.25265366757299
655.1694027232223,229.75573057783717,28.761347795327517,79.78673991356146
652.9494365499178,229.40746472210495,28.450374628173176,78.74724438427273
651.1509856068424,228.5554150483887,28.049850958141132,77.73717017633106
648.787507725522,228.75672848807156,27.7598003235346,77.9160258862102
645.0787394357751,228.81617151825037,27.776437969617824,77.84753730389659
642.3753280710714,228.98298672018723,27.722050448170638,77.84828916582912
639.3802651399454,228.9814341241572,27.5275964611795,78.32568604013247
636.5890521155172,228.3805933651671,27.183058227046367,78.52759155236774
632.880571000642,228.78428023605125,27.25269990015613,78.04934169503895
629.253895372152,228.66893670527244,27.326553915162243,77.5732654294748
625.8585984058627,229.08482283461228,27.74196808013216,77.09741470747919
622.5392024688623,229.89378713069524,28.02086853949067,76.93311668191022
619.093793975311,230.88164853750175,28.183946192486943,76.84479831013074
616.98876650624,230.7167734490939,28.119309072065633,77.75786225008805
613.1090169829251,230.374754424697,28.685739137524777,77.81746934442553
610.6178626619633,230.26868544389748,28.779800766356487,78.34342635681344
608.0369363468216,230.3920222888973,28.862361576113628,78.98669549165439
605.3291103388201,229.9302303912381,29.201505070082973,79.31037802802727
602.8848049908366,229.1855076569155,29.301105718137187,79.01658842358293
600.7024445716536,229.15440457508834,29.388125655471857,79.03356049193201
597.8534366834608,228.48301827669937,29.924786890078735,77.59438666804039
596.4616319629516,228.9170543598965,30.165656701351708,76.09805025327498
595.517179721821,229.29699010815307,30.113897726696166,76.18650919489889
595.179858660753,228.5289730140666,29.89132925084035,77.47177421493339
594.0195408653908,227.77746366906268,29.868098254879428,77.9729544592777
593.0628875395264,228.48541894607644,30.362464481689088,79.34136855124635
591.9394248876539,229.0707397250572,30.45272755971094,80.20052216311512
590.4160315507722,227.8080884239624,30.850203644637595,80.2142268935243
589.7759962635123,228.3104464095245,30.642516059520055,82.00136721131005
587.7911785834536,227.5727928904363,30.58863953304067,82.07378320963814
586.868270601559,227.95456362794835,30.632587534946524,82.5300106164118
586.385149338802,227.40968903038578,30.8551306290411,82.16599167741984
585.3564502106775,226.69584818888382,31.541464460775227,80.73557127721757
584.0454463910397,225.21895517864658,31.579651280196067,77.94766380098793
583.6691555922291,225.3332301051796,31.399303242769346,75.13497245507821
583.3769787404171,225.4503993957514,31.296860936852596,73.0372588062238
582.7839349163719,225.61907813927394,30.93134884396123,71.5846017366973
582.239120906876,226.08294177100925,30.331124625251434,70.33147966398067
581.7027036921957,225.93005205561045,29.86587144818222,69.92027106768245
580.8286481909913,226.48737398410947,29.499825012312506,70.29491554076256
580.502217432807,226.05765995589863,29.327683977602383,70.62916760851004
579.4093537981408,226.31747878847162,29.15475960890378,72.13393494595805
578.1902517587812,226.83612599261198,29.512974254334406,73.02018029540588
577.52270327193,226.37605541018564,29.78412784195885,73.13302470732889
576.9503291572042,226.8008029834732,29.49057140870604,74.54370383519837
575.8848483333674,226.44287129955134,29.816164632917896,75.56341615509706
575.0405155420389,226.82172114485084,29.684572790266643,76.57959849593881
574.5354098027151,226.9419245405628,29.903818354187877,76.84546825242361
574.316814123999,227.51476145331097,29.84994146763966,77.34728564358686
572.9670086666753,226.80039606673702,29.820935906228225,77.62214845675857
573.3433900525481,227.05039945541083,30.471680367148576,76.28173430788995
572.0905478211147,227.17205802040138,30.54679589652846,76.63030548643393
571.8737806992286,226.8120377131041,30.874108561285336,76.86929102013784
571.9423432776936,227.33458980555568,31.372008011536888,78.12337926382354
572.3424429664562,225.3821142645151,31.353918431012424,76.81417944029555
572.640467442607,225.07069597669314,31.448325392254638,76.94411811798074
574.018146576327,222.18200145362297,31.36990208231901,74.29977616894287
575.4878288955402,222.59283229814133,30.432500105635697,72.17892062080581
576.1160578429425,223.16292106264225,29.625359725727538,69.95999176619667
576.7297171858776,222.7447038683104,29.15584215537016,68.5173102395619
576.5173940485472,223.30142791708784,28.91899518824401,67.73986246530261
576.2479419868802,223.7150565508161,28.561832169091446,67.06844979685471
576.4145845238072,224.029788208906,28.1591269959791,66.66718868955142
576.8174551824173,224.79483660697173,27.964240542879264,67.12622525142174
577.4126301021302,224.16386467762436,27.846757381691454,66.04330807953782
577.7806887253209,224.53219407156007,27.823143389723462,65.84514656081998
577.515108206804,224.5555173757587,28.018805557338382,65.48252544866718
577.1831237515963,224.20217713003828,28.071864290522786,64.4672844961688
576.8615512323216,224.3303605551356,28.19087928270463,63.43413137821675
576.6200128918616,224.85114447666686,28.295477168334735,62.94096906322277
576.2172920683821,224.37248447756406,28.61674372927219,61.318115807415325
577.6859445444774,223.9540905405896,27.92161697875705,61.61280277499219
578.3813687667721,223.74684860425216,27.266184767707223,62.08517096455847
578.6463680551263,223.56095303196125,26.577440872347626,62.17119497113598
578.7544497271203,223.33167591835095,26.322793253018403,61.47222091714474
579.3071872265381,223.87078526611342,25.76571847743815,61.38023438314175
580.0642958564291,223.68260816782015,25.447260752491868,61.43598246724811
580.7162940710436,224.44141886170246,24.70516362765282,62.06382263877916
581.1174375327604,225.2597104608006,24.026925794068397,64.06340291371217
581.8215102886805,225.1714537639303,23.446937528340925,65.9302108116184
582.2525480152268,224.37844414761355,23.563653967776922,66.40984028328077
582.5754255395238,223.71739612906887,23.6931375523385,66.17194555670591
584.0094202344617,224.9250359321887,23.74753361664077,66.45031524245844
583.4258790023871,226.2720801697072,23.993444415598432,67.14143036735123
582.599980509572,226.52944867356098,24.0271972632738,67.16696172121215
582.4299747298637,226.5263821297101,23.81391958805227,68.41729480014008
582.4639401729567,226.6802576197739,24.04163232950996,69.22513880311337
581.7515648552837,226.5605998420724,24.34042428374905,70.79074639648024
580.3144412142765,226.48144846049027,24.69426794218263,72.12193123972264
579.407601099386,226.18209690319182,24.940911185612656,73.14060805555816
578.2058312181299,225.76358981038484,25.22072100389564,73.34872457424098
577.6868254625125,225.45860192872374,25.207976418290677,73.76264803961342
576.2621880656379,225.46004186977842,25.431089636722305,73.20060661365787
575.7133788980127,224.7109282484039,25.345690002841273,72.26005402547435
574.2540327604935,225.598279495125,25.128955518159906,69.71982946925363
571.9406777679592,227.15206373535528,25.074431620324486,68.6287092481467
570.8920987451985,227.4876990481538,25.08901982827576,67.52344850166195
569.7327829814939,228.28421002467547,25.09187214654802,66.70034057964733
567.8798359499142,228.94580628727033,25.29861211882597,66.45293106875508
566.2793374973688,229.1338745331924,25.40176633058782,66.35655109312916
564.9856869160092,229.80169936580853,25.68059724413122,66.24294339242783
563.6674777827196,230.86793814119392,25.66488776794282,66.88208396947991
562.7868931348047,230.98940452397056,25.55108328981654,67.36951731472837
561.0853218685224,231.21876951869217,25.456846519402433,67.940577369116
560.1621752753152,230.847739668894,24.897895832220748,69.09575897761542
559.1622573360894,231.07744387986088,24.429618288278476,70.90884344127133
558.4068295799929,230.3348065911967,24.210365181735412,72.49790087357391
557.9782964173438,230.09926864036854,24.000753102225417,73.61162040573485
558.0918397936417,229.78315141566424,23.751469332183397,74.7517558084363
556.4607328243312,229.23386238159378,23.848804425589513,75.14337355610452
555.0214791159784,229.27915267997287,23.936601631494916,75.60086637033422
554.3663592174763,228.81740360412385,23.946526644449257,75.85979222350542
554.3340959851236,228.90157801056966,24.000138249792727,75.94405030916002
553.943726659309,229.67920615055715,24.1791773107388,75.89599832338982
553.325617813258,229.46698254006813,24.843093913077425,75.40736640179732
553.2509621370515,230.1769911343772,25.6029932796161,74.85791522365437
552.9313944250509,230.34605317317593,26.06108858051215,74.52412652575053
553.438158368075,230.7156715953352,26.15877580905758,74.82703862914778
552.6540389964239,230.9462039560584,26.076305042510242,74.86394994258104
552.4450079020833,231.50679620317575,26.0431808126582,75.00094535137676
553.0902083819201,231.6264496685782,26.02686811649629,75.38155426358178
553.5653278583011,231.35969214791808,25.857637466899643,75.51147975822158
554.2636209738564,231.16131539204434,25.626737247103364,76.07569503776176
554.400703495136,230.2139965957361,25.45819418318483,76.45475805590776
555.5968400909572,229.60617117657577,25.107823056819385,76.71247266690676
556.0502674491588,229.73290168600172,24.731672957916636,76.95146713053776
557.7869858508417,229.2498424600542,24.29278682135976,76.70890161484252
558.3475069964214,229.40573090653734,24.209714715480338,76.99114371763808
558.5478680392462,230.45966667937617,24.271214818541846,77.37568473909909
558.3457204401798,230.77576845408242,24.392720041269943,78.08861520953825
558.3634518631275,230.77123698421659,24.503959678670988,78.12148944862376
558.0540067676942,231.11401961242512,24.61404060106291,78.49526657654509
558.2002899933774,231.40724709799125,24.832176223270622,78.94306913657891
558.163663886688,231.64667188866594,25.197378573072363,79.36550609764512
558.4408250892972,232.36346326225885,25.463572575343903,79.91452248967289
558.2732623190566,232.04762828024923,25.78218196678118,80.52439744722321
558.0955426448269,232.03987001229984,26.00962674808462,80.64459937907802
558.7956016647556,231.58703946712063,25.937186434972887,80.91321133089049
558.519416698318,231.02379923003778,25.9826706604698,80.78616535585269
558.966052875041,230.6472693664276,25.868851584611562,80.8655397111973
559.5668646741852,229.7219459487703,25.686132433878484,80.66918566150214
560.1301514652567,228.73906988158595,25.530949456708477,80.06111267494491
560.1928429060479,228.95821717581356,25.317278454200697,79.3545846084204
560.1403589121256,228.71633091069856,25.109840766395543,78.53679721357102
559.8676431516609,229.11408748978712,24.9237320246258,78.06715495674011
560.1921083734769,229.2780640225827,24.840212016193664,77.89300443502755
560.6249775983111,230.2690866935311,24.627394647114336,77.79770073131431
561.1295201403118,230.79161490755797,24.677757805300676,77.94333231729104
560.8994251839111,231.27645761180307,25.01305247326517,77.52119490484502
560.5243617049296,231.7594939344802,25.83580396559676,77.3277666600874
560.510442126667,232.61425685120116,26.225799930498216,77.34630727104242
559.5063937367723,232.76975405572705,26.768112995039473,76.89787978012534
558.9036347601475,232.73160170771965,26.972774310334394,76.5797626006633
558.0753153707562,232.77228908329164,27.04845722611804,76.98629117626908
557.6100010424448,233.2524207613406,26.88733824117746,77.22065319782618
558.1904766696431,233.09929145880557,26.81021996598322,76.87666315616016
557.9976781343144,232.89148203395135,26.891115082514226,77.1044910010916
558.3639519419586,233.19201391154968,26.749206522001074,77.00071904925494
558.9512933573793,232.8718882242575,26.369695011598022,77.06983675064822
559.3740545342253,232.69047153736494,25.90682792085329,77.01267058458122
559.530324334199,232.26188463481506,25.618958865917463,76.91213281226551
560.4980376104585,232.37011420147834,25.372676090292188,76.96721312863069
560.3795542380757,232.89303477199175,25.041163356698387,77.32476096465467
558.9979471702012,233.88487419995866,25.262824710388692,77.46933556865126
558.4087506926561,234.57204262178584,25.24271679382063,77.50861466699827
557.5104169677896,234.81807940699056,25.377755878036837,77.67576209010763
557.2811121028126,235.3521780317888,25.54840999604665,77.93488875408536
557.093341435706,236.06234345072698,25.938399422579135,78.51374228624988
556.9294540431431,235.93201128443334,26.258055520507128,79.31479359364876
556.8309801274022,235.64560573481072,26.32114334506051,79.52656237216573
557.0052926692364,235.62358996897584,26.308945264537464,79.95481295424288
