354.5,432.5,35.0,22.0
351.9805826849413,428.7819380084609,35.48521786795612,21.692458287887852
349.44822066857694,421.99363262176865,35.570855978443646,21.196990356438278
346.38155133241287,415.83015251770377,35.16525565159576,21.557933795158824
341.40754534197447,410.4275663346717,35.03062507723572,21.446586996183925
337.773597836018,408.1149633473214,35.246029854773774,21.27933872817828
334.31170308028214,408.21586380153326,34.36625052621858,21.15014314652629
332.14229571354554,407.90392155281523,33.83356953596741,21.21942621306939
326.4841616045117,406.3402134437985,33.660245201850024,21.052802943264055
324.0284217379092,405.5883377445352,32.74653439092665,21.01097323941951
320.71701754269964,405.5360487044111,32.20412299756281,21.005756583759148
314.7106227974551,404.78518410244556,31.898698071548015,20.375728766739982
312.5723391935468,399.3472395222777,31.44118782575128,19.90021373701221
307.3596727759965,392.2334275728908,31.37711216780987,18.941730953962296
303.7825195217226,389.42218094148984,31.571023817043695,19.090307209317885
299.71162446602807,387.8993242055452,31.004687860317468,19.003750821893135
297.9625733139507,387.168393879684,30.377618503095263,18.32203294425766
296.28067021083945,386.98622185885233,29.735532432553942,18.619633366181
293.4755136227966,385.2585445921026,29.69321575634472,18.238862049002975
291.2964941844121,383.13213183929895,29.4554713994711,18.46780087400729
288.62620327025013,381.89139789124806,29.832950887096793,18.626142930875588
286.7093309667035,380.1132571575116,29.32650222255318,18.69535860626478
285.95675195708566,379.70834506835007,28.690595597928898,18.391638320476506
281.7898874347143,378.6774023315979,29.23916171695142,18.890516916081747
280.0738837430184,379.14978136792865,29.170356331407028,18.44211157560178
277.8086203728724,379.7447911409676,28.71417347697255,18.1400221247196
273.99643783168705,379.3363375230138,28.867490204240656,18.10847798466589
271.9064875684186,381.36188035484867,28.299134047427962,17.562942943936246
269.8269448248153,382.91446037069625,28.147547251461845,16.82712666987046
266.9972035866495,383.4780801820176,28.631271842814243,16.389184306081734
263.1134513224688,380.2918684260516,27.74748929231832,15.976342849141567
261.8755193590204,378.8946968745691,27.328007292930266,15.962735932270245
258.4928168588739,377.86964349768755,27.65550888898743,16.253729493475078
256.4560697322936,377.999329707168,27.10527200582603,16.001152228001597
252.11631445976604,380.56019405155087,26.223959110329382,15.571382443502237
249.53355158015344,382.4940476841987,25.976430880144143,14.848443654692819
248.0794233399369,382.82571831893347,25.9830180967375,14.435214024722917
245.2458555175269,384.2623243835386,26.55676423044914,14.560588788594213
242.15853601987538,387.3120971641396,26.643876427503848,14.430250991064216
239.7842143592123,387.71583421450475,26.849007881306825,14.301681483324721
237.59997873548085,387.58717113539655,27.71737994664086,14.359314304458323
236.2995550987128,387.03414810681534,27.603734422325353,14.027213532015645
234.29045397443252,385.7603134321911,27.031912676440115,14.00874437532843
233.6106898868631,385.1770719193909,26.304935676942165,13.485199925571667
233.49356528313433,383.7105469572631,25.721706168026238,13.354726557285828
232.92830755736074,381.8835467209844,25.493885766950406,13.478847459835926
232.23582025450978,380.5154156787779,25.353679317583406,13.32947106883076
231.88255725871625,379.861680269559,25.48793044545051,13.179834462532597
230.9921372111958,377.97816106192056,25.270932043329527,13.287589478227629
231.07901783979642,374.0355738080998,25.201561004982263,12.906301659819281
228.87924723948646,369.8435380985472,24.49495873102333,13.076487771612529
228.65608478977032,363.8048478668058,24.05838571699963,12.951952494128518
227.99358692855552,358.33083781717136,23.349859787207535,12.786211645216184
226.16777835273135,352.62017707613836,24.051242287290343,12.774746185753878
226.40276469312212,348.0906021517302,23.409294768728785,13.103330963464236
225.2163113698205,341.9170908740485,24.422738438876355,12.860994235380367
225.4529052808489,340.8266265620151,24.504324424345143,13.367338589923481
225.40070120136846,338.72064387136356,24.587681582502327,13.583602181370662
227.65505226624077,335.1268225440645,24.565593203215485,14.07191593658522
228.9141491586807,329.113332934681,24.13747014282294,14.106853567522595
231.68590305415938,322.6070236648619,23.96643368441559,13.799099525678919
232.54175994387077,318.7264529235771,23.575858167741572,13.655127788033717
235.25475467209154,316.03662727592865,23.52306531316771,12.998682033617403
237.5705946607625,310.8316755334217,22.99866034498104,12.593986481461055
240.2086200542636,310.0296147676953,23.056098022334297,12.480880196332048
241.83204458492287,306.83566972814276,23.331379450365127,12.39428630860969
243.08751522864173,306.1079875150272,23.46549226487139,12.330549353538911
247.29801935873485,304.98752787539473,23.913326129624117,12.673020761595648
250.11926219578248,302.3915069630835,23.339929391380878,12.3045529045165
252.7185970230656,298.4140853565427,22.081101722517182,12.83873276081705
256.30640771267025,298.2757770695094,22.125902611221743,12.577442151713408
259.387559851648,298.00339950023096,21.748138509657803,12.39341493448485
262.17997426559043,298.3340409473102,20.997948754191196,12.208176814381856
264.61896543828294,297.76789717006193,21.03967466075921,12.042960182248237
266.32786162561956,298.74558100109107,20.950338926329593,12.015398539972896
271.3553723372376,299.8005642485835,20.114117094157873,11.776283800130233
273.08962804891905,300.431765359473,20.0117789381595,11.452629580403553
276.80296184599456,303.4341947961458,19.996639454512664,11.250891320156185
279.32541499639075,306.3554090461755,19.95918564166581,10.890548048063
283.2714705666185,310.6985799751238,20.450204574757628,10.426237783489185
287.9715997723674,314.88906640632666,19.96097883995664,10.552150449647867
290.17882370701057,318.9774898431781,19.04944921407858,11.58280212636004
292.2582555293825,320.4637696595619,18.148344186735866,12.389582760773912
297.148148588362,318.4704430049174,18.714432855153763,11.951696027185632
301.1455936321254,316.8866748222323,17.781837250811808,13.330110407120417
304.19092510504333,315.9520562201656,18.302946365370218,13.610434528177297
304.57703365327706,315.55686660763735,18.28347859274764,14.01359232746211
305.97825690956284,312.8996264066159,18.842314190390276,14.656836214459837
308.44617215754937,310.78703690959185,19.64462380061839,14.784176806713534
313.67689515981834,303.1091674632438,19.66068824835099,14.556930775093182
315.16575474957295,298.855120005812,20.88394353325823,13.391355874893243
319.7503324515179,294.3677739672998,21.335685422459157,12.372325036268304
322.2808323903509,287.43747647313245,21.749853772942615,11.42206034442725
323.3596684481098,284.7612882418679,21.466558192840466,11.050696706095728
325.30127042259113,283.8406381944804,20.640712747219503,10.966850817174809
326.5019016939512,283.4556210352684,19.727496254571022,10.729993169732634
328.82455974784665,283.22398122788906,19.366660241689793,10.580711022158379
329.137643631368,280.7238139339841,19.165904831500548,10.629604321973986
331.6090951538873,280.9612942307689,19.532075234643145,10.168835610157869
333.97666710486686,280.0184320820401,19.677143639660365,10.0819882962111
336.0417429772202,279.5631464540493,19.759741852991983,10
338.8568638124562,274.69123453666657,19.14188555086718,10.357622929919188
341.03870989914924,270.41643987293355,18.72178926371153,10
344.1330893904634,264.60820184345357,18.195907363907978,10
345.5656667222957,262.6166025220882,17.94642004338299,10
346.2298967934534,262.34023789758794,17.755723878118378,10
348.1361163783021,259.9493532597553,17.223683315674926,10
350.41709687280485,258.05751137132756,17.141816282663125,10
351.69947470289975,255.44934491510503,17.11248270918907,10
351.3024040624783,252.5978251563655,16.732434780093982,10.262649884300345
352.2064329652463,247.16929511423223,16.405914674257335,10
353.0737368421841,241.98612937922346,15.750736427637356,10.99266947508346
353.4062104790877,235.38525898158647,15.3094363906541,10.979859298372542
352.3521840710479,228.66561513752376,14.878866589012224,11.329843969835391
346.16148731348477,233.65735779419717,14.528789996106159,11.930549025140916
346.16358383537954,235.03397037002284,14.019167565224018,12.342304523437672
346.4850099572973,234.9533532911584,14.019101228180258,12.342362401979386
353.75637112249416,224.70005374466456,14.557482222676636,12.154202126070551
364.7997752105014,210.73559338414532,13.648316868927719,12.739872572450835
365.16725847361505,210.68101194688734,13.647896050403142,12.74001064660663
351.6453152437874,207.50082594931482,13.894524132983214,12.392711953122502
346.83061713486626,207.98726057517644,13.822814279353366,12.478420477354483
348.40992720529266,206.458349023827,14.014075310680674,12.32981648273281
338.0222001477903,206.791831483831,14.539411170070274,11.81594621203963
336.86172318927856,206.89684638163084,15.565659457744959,11.097557461056667
335.9343316352367,207.2332052147617,16.31728301897654,10.722628444592402
338.74972581907986,208.65197518660864,15.419017138930585,11.229750690382167
341.34439695428233,210.25753352145324,15.817970328272997,11.400120198137408
338.6635996177627,218.98598653749667,16.298806238952565,11.275447595005616
330.12206854512164,223.36978786840388,15.571283362262122,11.467895516076947
322.9851186918977,215.8058510919663,15.291173631148924,11.570156237836397
321.6613122251666,207.83837908885351,15.851645050786622,11.06929587699655
328.14730178814267,220.35313503276853,17.64056165389941,10.773142372345223
331.82478042461054,228.27340238338064,17.208781623242793,11.419363042214766
332.44437290114854,238.2319065080561,18.037249849335442,10.911652735979033
331.1153408166158,238.75366288172307,18.829147188338133,10.563620096906199
327.90566632952095,244.66037343941377,20.036799060934758,10.576750418902746
323.43896271118075,250.7597734923629,20.881233252266,10.5599066042032
322.03913952796313,256.9081399387601,20.22233703332833,10.92283595811296
324.6981208768257,263.64576478024406,20.190462325410245,10.776055551573217
331.37530255714927,269.96836723743434,20.58391886527591,10.663183057541778
341.518468222099,272.0807005116136,20.62625803708545,10.609356772549972
350.9700113567347,271.7763395588294,20.660927352530834,10.597696845995571
361.7005057699261,267.64743913457875,21.373945941919516,10.745558119301517
361.4594489577366,266.9517448942465,21.0307162554656,11.446590881830302
362.1362702252078,268.1108567786248,21.09260905129551,11.78935186763596
345.98307085559037,266.15753162637884,22.02083586975401,11.929169343606208
331.00708005052473,269.1061594282219,22.84599405459229,11.621381265402349
330.1018160461201,270.1893806547754,24.37059682407704,11.006140275040883
325.2878355975746,270.7781305833541,25.573690091163098,10.453611271212198
328.17892574917204,270.7898776687216,26.49932543509356,10
321.8239501403652,268.7633865949412,27.095446086300978,10.04114466510838
326.62645357918444,270.84737005252555,26.43940523496858,10.297934753723887
315.5377309353109,266.31171326575947,26.626965192515488,10.271463331223332
319.9856837448114,263.8762323085938,26.662614367825977,10.241498655588927
320.00277132490976,263.86522942090494,26.698732090250623,10.211785335408601
313.6407190160676,258.5274854090552,25.840053962573656,11.077446508216983
315.61463880700364,260.621206371139,25.688921295603166,11.122191378330363
322.5791293246424,263.13322639550444,26.862596624766635,10.736282948099275
296.8152845759053,251.09250740707304,25.104534779467425,12.411224876988438
296.7339461976773,254.4947991009631,24.8923926148342,12.479592996776706
300.4077169669105,255.88236803089433,24.767152082684937,12.774746894497856
306.838685303094,256.344596321265,24.99816527756655,12.796079770124063
314.2005508063337,254.46606241598076,24.627581777800955,12.849600818226087
333.10674307487733,254.31769307537087,24.675968419912934,12.88833787390795
334.8743806640441,254.07066745200817,24.64218359611734,12.79621355968217
338.71799210463337,248.88167549366796,24.041761767032302,12.711431782698039
329.0590974171464,232.53151057354796,23.459896753578533,12.969737391980978
304.25222123825404,215.12773907599905,24.03987378177334,12.604131278192087
310.15754558885067,213.007911925413,24.16502467927398,12.611634071032881
321.36134586319235,207.05654308648,23.53762127414535,13.684481497739212
333.356806722607,198.769482611818,22.328949005999547,14.462538070232132
350.0970238211263,190.3956278096248,22.87791086608993,13.793362298641984
331.8396339259858,175.20048190945923,23.287260053343502,13.623782425389157
323.41531034553634,166.25352860827874,24.26070122059015,13.162090578043106
324.059991676212,166.75356903741783,24.524707604496335,12.986404899513456
327.91461424032644,163.1986704120502,22.969732171549488,14.462772146128815
334.16688155387294,154.6529258867876,22.797159176231347,14.766531933348375
335.62083924431374,152.85038579898793,22.79565615840217,14.772410429717967
338.71831953693646,150.4114889117624,23.207091294592217,14.654739879217843
354.4561420872073,135.16616757441227,23.935398983357203,15.808457047326344
355.2292879782664,134.12893536587535,23.932726357122718,15.811301953749554
356.27517403288203,133.73412392751462,23.930851642071893,15.813879530464131
356.5761115781523,132.28191109060293,23.928283969400926,15.816617820635745
356.50457972022605,132.36942587867716,23.92500457326152,15.819015655566718
356.4688017159803,132.52241272879883,23.921112448701603,15.821673464865846
356.6802016418697,132.13480814949415,23.922104303484865,15.821216744225646
358.2732066995338,131.7370549215635,23.920100163879965,15.822524269823413
358.8659671878314,131.03980739408829,23.927182536970346,15.816004639143072
352.7677663952535,109.28051957125724,25.34586176342257,14.978501183242624
339.13628390002185,113.85819986800318,25.389338609964987,14.919558970488048
351.2263253565891,124.19745143793136,25.745184423026757,14.6515840136151
343.5405830946066,136.9865345860927,25.100101716767252,15.448785835578565
333.3183148636684,141.31952202252245,24.666229746636734,15.914579189342561
332.63607381259226,142.61584250088742,24.20388825660306,16.397810415458707
328.6848493315987,130.13633254140024,24.955468325920506,15.720185971029768
329.62524415955346,133.09347900720883,25.036969910703093,15.666435813613043
330.18558638296435,132.99082780158093,25.04388661057933,15.66182565653805
316.3191824711569,130.6742016444769,25.25732912352524,15.471373728039822
310.83602139676054,128.81956348176172,24.957973820230517,15.089229402987993
309.5496232803596,129.03389338055595,24.80546926415304,14.783107300270967
307.99132410431554,130.1308548030541,24.956544850127848,14.508569888471673
303.11573717885375,131.14691567307287,25.532165379213136,13.985904782955645
293.9071119243359,133.62108862698616,25.67903396075858,13.88297780518276
292.42014332782,133.5843211916408,25.79293096595458,13.815357105127967
296.7945618338901,134.22658883022984,26.064837323870652,13.568746356071888
290.78347084988565,136.9917098036359,26.525345173837568,13.445307063526128
275.4636546983944,139.8899417535854,27.521199629529928,13.665127629416933
271.4416307302767,140.24284109067355,27.99528983261111,13.489192431993832
264.8431631102321,143.5588716298196,27.973041150886324,13.82949148782647
263.0112592558171,142.25910653980696,29.32964103691662,13.315759729756696
252.04797553560905,145.53843135647745,29.94125371964231,13.825752712687702
245.06423950911008,146.90280667189495,30.200095210811664,13.916618399601727
247.5923121243007,150.2995573656892,30.069375986747566,13.807418865193116
247.09696970242769,150.84452650359148,30.00182876147804,13.765300323008251
235.20401950533972,154.33151517283247,29.351188552016307,14.118197240660308
224.03398977896722,158.01403132309667,28.55838782104549,14.740571193946593
247.59121398931097,174.3992072010906,30.375972939176364,13.830918137909936
269.88231704828564,182.0186391290636,29.463589514098143,15.333991919293037
262.7162592018136,181.9208206605435,28.44612634962033,15.900148315580775
257.93247902196526,185.1426655331461,28.01272445193173,15.828627111330235
251.61296353959824,185.49309103692823,27.782465064798075,15.77918423965691
247.50199922529643,194.02856785811835,27.154769059612626,15.821485144395792
238.82193484696785,197.6405477510786,27.64825581797881,15.425832033432592
239.27344773962943,196.21187433940446,27.74498374626343,15.09734587948592
235.12508016762774,199.9418825661628,27.700934817390817,15.07640632645144
227.6379574130878,204.02844143492715,27.276684652337387,16.187121138971566
220.90980622267617,208.03666859268859,26.597523318561052,16.940621504845183
214.62441208229404,208.69821669637676,27.483942512106097,16.51828076249949
214.1259398928812,211.73989972240986,27.401009872003186,16.57285511723263
203.11111666060157,218.1789903090569,27.061344050185525,17.264537263335505
192.70281602962936,218.96354689912275,27.768881209957108,16.934599045247587
183.2931951480812,219.58908511803557,28.00599826297043,16.881075049972615
168.7922286984283,220.8864886858488,28.388697077193235,16.778662838509963
169.20957541408126,220.11887107094526,28.14834581803316,16.976655345805746
154.1794823256669,225.26711339212005,27.504029889148978,17.64190928988196
139.78709051217066,226.10552185177366,27.353861733914876,18.178636977737174
126.19584218451374,227.1742601527316,27.126635107368372,18.247222692715848
127.29349397859575,227.32081281858183,27.123582486230113,18.24897495240599
129.39917368676657,227.98423445648737,27.311532228213654,18.059740919987885
151.4731809538374,235.28334275747346,27.323448876933316,18.329621623313503
146.3697954321206,243.11123577044827,27.239270098894764,19.053230128613883
133.0150352644166,242.9937321387334,27.341442945899423,20.43105977687793
122.79634408075339,242.1326368683706,27.3138785663997,20.881512384444626
121.05597842365093,241.083157874602,27.396196222462514,21.2048604018891
105.62900654974021,245.59841766847532,27.538864869575953,21.627373307733773
94.48694476947988,250.83286224058833,27.651912609173756,22.050425234064416
79.89802845830074,253.83511171518984,28.28026288595097,21.568517398905563
63.42616150042329,261.63259324706365,28.295804663033998,21.852846823256094
65.80842769996644,262.33990212649803,28.295960755768988,21.857827047747623
72.71713351882575,259.8668432930819,30.255479927071377,20.696007378611878
75.4559101648334,261.43724045230044,30.836992453842697,20.146655168329083
80.76406014541496,263.22086065285566,32.30852398987195,19.044729393912352
101.64425007803838,260.2915498022314,33.678255818961055,18.644713666877216
103.3753363230585,259.9436522250413,33.97731332083365,18.68253469730257
95.60191515627537,263.97514537039086,32.86577514597707,18.78161105156193
81.96932615188439,267.9802446189512,32.2998565055891,19.387617769895414
60.08969868134902,276.16451699601487,32.424612850468435,19.149520403463395
47.29779848067757,283.7184241512047,31.851869520121888,19.175386436711584
29.539428882787906,293.5753136650816,31.3006498841141,19.169443560080943
22.48912869914473,296.9016316385798,29.43932951318024,20.570104655931228
41.533312942517085,288.1029549343377,30.126630124335914,19.631472117760154
51.24262370919531,285.8279433157811,31.797278229040998,18.98247449229396
62.788756019502046,283.43676218177467,32.780327176542755,18.4589624126201
64.13622640794418,281.5097194371243,33.20831835690335,17.96380330734674
86.42850076254943,275.84746083729084,33.78292644700927,18.364025081598676
80.98715986593902,284.3235929987752,32.31385500536679,19.73796887325402
68.86377283229822,288.57461907820584,32.212970915299756,19.608475308142705
48.79728630548184,301.9311337879205,31.440369170348543,20.368317669108936
32.504422173426434,309.26468120695506,30.35760607093396,21.195238524704386
33.98055705856169,310.3445928302925,30.358996311954957,21.1942840677022
35.93809415325779,311.43750361481943,30.375348409260145,21.186889479620714
39.73347416664106,315.9469917919494,30.507605121385208,21.078366921747502
46.14129821592067,313.7648341844873,30.596649672667304,21.04180275358455
45.54971617749736,314.27236339070737,30.641992671213437,21.025149440059568
46.03298324741884,313.050951004012,30.635969202509248,21.03155973324086
69.2380064082414,294.19246559805015,30.175877867436387,21.9882575654283
61.245046388854135,297.9958629720765,30.926596070578604,21.2951719810413
61.18495588356572,297.6836648782448,30.911152404212594,21.31128655630843
75.4812085158159,284.9325026972975,30.269231551333355,21.636130220571285
62.00196908147906,292.05096792007515,29.236339265221858,22.166583350455454
42.759973509236985,295.7687740225758,29.11592596024311,22.609422492805137
28.892313962058193,305.0722313040423,28.839926847813594,22.883622889588956
24.400965310259068,305.05626295851016,28.819675390425516,22.90659547793803
17.57683809225604,308.052288999562,28.79007528846771,22.99447274764099
1.1034684903977343,314.25705909654545,28.042322152096425,23.769812810326872
-2.4024716365480163,307.29573323840043,26.716115324078746,24.51756924005693
0.10802454237320802,295.71872597346896,26.507830867237274,24.784494994285083
-1.093299252609354,299.9928176896406,25.831717356433355,25.30657828557456
0.5757948664973043,286.09249099508287,25.813158310572334,26.249884186286803
-0.12683854075087808,273.8515040412287,25.080731243080173,26.755246002930644
-0.7560943933975093,269.6412560122881,24.39712954886782,27.15548506465699
-1.5648667894006962,264.9256165304611,22.449940120369433,28.6915356423857
0.17715107309348532,262.3759340495603,22.67291967133627,27.855945007263422
27.145341803259917,240.8326824691284,25.45159558405028,25.896709947912477
25.531726879348827,242.71014687078898,26.649541431475733,24.438421779128085
13.813552408456037,245.96785900908742,27.529833396942955,23.98899033471502
4.1895669695541535,251.33234331741164,28.591227431485002,23.635180981677433
-0.934578173449701,253.12809909126074,27.546205644738805,24.066036434559045
-1.540738367810409,253.68358376278238,26.63367766767653,24.367636137536273
-1.8454950094904312,250.54663686683858,25.75724060027516,24.34238709189949
-2.039135614423147,247.1891970559598,25.090615727033597,24.3207964911839
0.010414577842226436,241.50430934054054,25.473558608799237,23.97755350466398
-0.5254904444451878,241.87193043194293,25.135708314018597,23.90373268044457
-0.8107767604751501,238.7032346773049,24.628824471774323,23.2776728042226
-0.9416203649964459,235.23125348071005,23.34584527132442,22.95334181667501
-1.3892215624406532,233.926643856673,22.204621122023383,22.894498616247493
17.21605615860736,220.70247347314503,25.6366285461383,20.203971051394266
15.272680758245233,219.285044147438,26.657372972503417,18.5123914665718
13.259886486572192,219.26424832998373,27.531446985667614,17.43542326413897
6.728996463416669,216.56201248231855,28.84855807140737,16.50416202261021
2.17500640957887,213.7307497756002,29.34282682196627,16.176973767223657
0.8925017419558134,212.42213186208937,28.42428179396165,16.320830935950667
-0.09205385711755198,211.34451297376737,27.544376564114607,16.335749603631672
-0.9347825977506332,207.55464791013657,26.561777080506502,16.13224942617523
-0.6435063818220748,203.82550108083237,25.880063075895002,15.702163510961585
-0.22264636632976575,199.40927008985443,24.37548908868785,16.078943692075203
-0.5114961680406154,193.33975299671593,23.783507023827994,15.857993480464014
-0.6351347246214125,190.29742529528016,23.212987727859492,15.505691524021609
-0.9909083553824942,185.68297871798853,21.7301551828631,16.007356513932002
-0.9138759439036495,184.23979322356539,20.60636278412645,15.900454482987625
-0.8395712919207785,183.1146345918877,19.33492320843982,16.20783568353022
-0.8738971720928532,182.81513422036628,18.646522904842016,15.971171737032211
-0.24297920216690017,182.51543478431074,18.137948352338285,15.739325246384617
-0.6327389422142868,181.86979487534828,17.3685171602834,15.556067691720429
-0.9639141840756302,178.48915472671374,16.879731364899946,15.705028042700457
-0.677852009773602,175.7217304060347,16.016953012675742,15.768081601966221
-0.7938748956647057,172.96025083479768,15.551047706043033,15.33761629070493
-0.4392897515772507,169.34685295859342,14.945655206447586,15.501365110893001
-1.5829961576997977,166.8223722025162,14.206261664169975,15.279555596436108
-1.058545258464397,162.39354535984828,13.830704716239335,15.095973358004866
-0.8201608620633349,161.49478611211057,13.24656333402786,14.986430515055588
-0.4463462602771582,159.15818497783005,13.099657575871003,14.377709966386437
-0.15232516063852408,159.1957378272349,12.880432497384216,13.883095333555719
-1.2647383532994407,157.65527171746513,12.363985717956904,13.607074885858932
-0.1321607479986211,157.89964022361704,12.214108274536661,12.961333830095203
1.9857512917216606,154.7460494271477,12.758576706082426,12.45715601751629
-0.03385661479714841,156.03627605952298,12.432293499497241,12.380186525043582
-0.6578201056834416,152.21523425367275,12.235296245925895,12.265135222345844
0.441223014007301,150.31804594554976,11.860070962736426,12.172919927275917
-0.2097848897413508,148.32100182455352,11.661535308060268,12.066536195849194
-0.7412105643738718,148.16477546160922,11.364765609351677,11.932432979440813
-1.532720469507984,145.9360459028053,10.503193658984525,12.488892074160482
-1.0559893865138292,145.295888882806,10,12.80301339183855
2.643226031933197,145.58805814273347,11.05430887868212,11.871770117344893
1.7035729508919104,144.24614719527403,11.843369913086775,11.359729003764635
2.2440868707339243,143.83803689935692,12.121666409454688,11.163464568285647
-1.3102227832913353,145.47478788698683,11.039548946875325,11.890584865517269
-1.280976283826277,145.58929948773394,10.59598553459415,11.757688131012568
-0.44671897965913665,142.38906441780244,10.327419046377056,11.522549597779872
-0.12761225528390607,138.3968532888646,10.139080892788796,11.457326431766369
0.19750352483628575,135.79418342709153,10.55056970379475,10.951347662423156
1.0812552814616616,134.8919078711087,10.868412174049247,10.694887936833846
1.1369100699921555,134.52336028643725,11.426756072272836,10.507720820944177
1.782977222924366,134.2056884708849,11.76928236802432,10.548375798102969
2.323934072564578,132.0174656064512,12.643824137875367,10.602502019371514
2.679341813782976,130.55213735199462,13.065840109715609,10.836411463694201
0.7515439723775188,128.37387692537067,13.276050288757602,11.224353978319062
2.2803816025825707,125.75048706131,13.869551719402796,11.43622731911132
5.643006084750144,122.21811349281467,14.054077058503928,11.5235994255844
6.135327698766892,122.45485729635706,13.656261704654089,11.76493279952529
3.280645185154807,126.79763058692302,14.826890865331627,10.980754836404863
2.6111776454991844,129.04806579210248,14.434756618242115,11.40408114616925
2.2936987961261632,129.56414889508173,14.27533830132501,11.655295210215005
0.5915761567099018,132.61943271914637,13.853799135348574,11.889673469678486
-0.7180771193895321,136.9355155426312,12.915754813600298,12.325818560318702
-0.999412793858232,142.92601751041167,11.994367424782876,12.449851360292442
-0.5008518121646599,149.48340320233282,11.729068905762187,11.797000714670338
0.15030229282194707,152.2553976520956,11.54708316168558,11.556012742116216
3.3241529205541127,151.33199194227336,12.718031007478572,10.644563196413399
-1.9127886110352508,147.12180183858848,11.967058647683666,11.372686476292936
0.5524654176374408,151.64033261416722,11.922474452795559,11.34797119283567
1.6540278013983531,158.857925525814,11.944415393434134,11.189864951756405
