1
44.8553,43.2901,17.3218,63.4073
37.1153,39.9201,18.3395,63.9462
31.1685,43.0063,18.7569,64.6158
34.3477,40.4805,18.8708,64.5020
31.4540,40.2242,19.4054,64.6621
29.9848,41.1946,20.0136,64.4902
32.1640,43.4845,20.3085,64.0257
37.6056,42.1332,20.8684,63.9495
37.5811,37.8560,21.1336,64.5204
40.0633,35.2899,21.0191,64.5845
42.4439,35.6721,20.9014,64.6845
56.2812,38.0586,20.9088,64.3431
62.5406,35.5559,20.7988,64.6325
61.5074,33.9173,21.2207,64.8966
80.4867,34.2610,21.6767,64.8357
94.2817,35.5539,21.6354,65.1440
87.8335,29.6472,21.9334,65.3216
81.7229,27.1969,22.1098,65.9562
84.6503,26.2812,21.9548,66.4069
83.6837,26.2890,22.2429,66.7370
77.9877,27.5644,22.2101,67.1926
78.7183,33.2511,22.3316,66.9625
85.4655,39.5486,22.4564,67.0897
72.7012,43.7922,22.5383,67.5152
71.0161,41.9095,22.7020,68.2806
77.5162,31.7436,22.7608,68.6036
76.9714,24.8435,22.9257,68.8143
74.7117,17.8831,23.3668,69.4075
65.6696,15.6068,24.4453,69.4416
58.5402,17.5531,24.8807,69.4935
67.0754,21.7162,24.7550,69.5729
75.8685,24.9365,24.7652,69.0655
84.0343,26.3997,24.6063,69.3087
99.5998,24.7079,24.8604,68.9384
113.9886,27.1691,24.6311,69.2896
112.5138,24.1508,25.1712,70.3431
108.8761,22.2943,25.5654,70.7074
123.3672,26.3101,25.6387,70.1847
131.8091,30.2237,25.6102,70.0542
140.9397,32.6152,25.3886,69.9177
144.7423,33.7314,25.2020,69.4820
147.6259,34.1578,25.0464,70.0289
147.1185,30.9914,25.2913,70.8628
149.1381,27.7630,25.1058,71.0345
147.9858,31.6791,25.3200,71.6530
125.3466,35.2627,26.9463,71.2854
103.3884,34.4214,27.7825,71.6553
100.7568,31.9093,28.0803,72.3730
98.7943,33.4120,28.0625,72.8974
100.4250,25.8263,27.6659,72.9575
100.8415,15.5296,27.6648,73.2221
101.5890,14.8320,27.6673,73.0623
109.6216,22.7176,27.6395,72.6917
113.1021,22.1874,27.5167,73.0177
114.6948,29.4973,27.9048,73.3730
110.3039,30.7607,28.1986,73.7297
107.8538,32.2855,28.2674,74.7331
98.2828,27.8824,28.5378,75.9172
98.3828,21.9266,28.3311,76.5901
115.7147,20.0512,28.2564,76.4480
126.6234,19.2409,27.8671,75.9932
125.2498,21.2155,28.2322,76.4885
127.1556,30.4218,28.3605,76.3654
126.6807,34.0390,28.8222,77.0168
124.9341,36.3060,29.1066,77.5236
130.0618,42.6554,29.3758,78.4154
137.5808,53.9597,29.1003,77.9478
135.3283,60.1246,29.3809,78.4022
119.1204,59.9534,29.8074,78.4093
119.5752,48.7453,29.7665,78.2561
115.3288,49.6506,29.8325,77.9919
107.1683,52.2337,30.7088,78.8671
96.6157,41.3467,31.1134,79.7569
93.4011,45.3916,30.9798,80.4397
102.2209,53.7726,31.1733,80.0989
111.2647,62.2411,30.5452,80.3990
118.5323,67.1919,30.1754,80.4394
127.8998,63.8357,30.3062,81.6819
137.3258,67.1505,30.5613,82.2809
134.3425,61.8558,31.3079,82.8205
139.2528,58.6410,31.9572,83.0303
148.8503,55.8231,32.4968,82.7388
157.1642,52.0114,32.7257,82.4715
164.1986,52.7076,32.4918,81.7787
177.6201,53.0093,31.6819,82.6152
175.3192,55.5300,31.4958,83.1490
172.2646,54.4357,32.2610,83.7960
172.1898,55.6343,32.4378,84.4883
168.8879,50.0666,33.0204,84.9764
130.2184,52.5722,33.0955,85.3273
116.7738,40.4767,33.5257,84.2691
119.7527,38.8234,33.0110,84.0907
126.7344,38.0191,31.8564,84.4521
127.8064,33.2541,31.0355,84.8651
126.6446,32.2987,31.2827,85.2954
127.7315,40.4170,31.5269,85.2315
141.2885,42.6119,32.8645,85.1873
139.9751,46.9405,33.1117,84.5614
136.4773,48.0686,32.9961,85.0039
135.3574,43.5061,32.6132,85.5516
141.9977,42.5367,32.2011,86.1724
139.2511,32.1019,32.3002,86.2983
129.9975,22.6260,32.7258,86.4880
159.5068,24.2295,33.2107,86.6542
168.1152,27.2571,33.6203,86.6030
169.1869,25.6416,34.0507,86.9182
177.6214,26.9600,33.5315,87.3153
186.2592,32.8627,32.8172,87.0065
169.8136,36.4572,32.4933,86.9869
169.1100,38.4603,32.7681,87.2096
167.2474,41.4050,33.0642,87.6533
163.7977,44.3007,33.3138,88.2803
137.7806,43.7001,33.5394,88.2109
129.6051,39.4854,33.7556,88.4171
119.5777,45.8314,33.8060,88.9532
118.6188,45.3222,33.1678,89.0657
118.0787,44.9050,32.3878,89.4888
116.7504,47.6565,32.7892,90.5552
118.2005,46.0904,33.0387,90.7543
133.5308,46.8256,33.3569,90.8198
140.0889,48.8958,33.9857,90.7089
138.9723,43.4450,34.2583,90.6601
137.7654,44.8120,34.3644,90.1384
137.8435,29.8696,34.2979,90.1450
143.9397,22.8057,34.5414,90.4556
167.7890,21.1950,34.5997,90.6759
174.4473,21.1399,34.8143,91.3891
173.4560,28.7625,35.1705,91.3157
170.7774,32.4358,35.1599,91.4877
160.5481,31.7122,34.9592,91.0453
157.5741,34.2495,35.0624,90.9863
163.0558,37.1075,35.2055,90.9033
161.0951,33.4795,35.3136,90.7198
135.8734,33.5718,35.8324,89.7963
118.7086,30.3782,35.5693,89.6154
126.1762,19.9688,35.3593,89.3237
115.8787,22.4868,36.0319,88.3160
122.4125,19.6712,36.3327,87.8290
122.5457,26.1245,35.7585,88.4593
