1
592.1975,201.8658,42.7743,38.5926
589.3410,200.5184,42.9156,39.0577
586.9188,198.9045,43.0039,39.1219
584.8364,198.1357,43.4306,38.5235
582.3406,197.1658,43.6759,38.1650
580.3274,196.3766,43.7458,38.0371
578.4323,195.9388,43.5615,37.8606
578.6765,192.4645,43.1370,36.6267
580.3953,198.1145,39.2621,39.9168
580.8956,200.9976,35.2920,44.1201
580.9955,197.7554,32.7031,47.1536
580.8737,193.7767,31.1056,48.7572
580.2199,191.3593,30.1068,49.6089
579.0840,189.5111,29.4411,50.0052
577.8710,187.3321,28.9433,50.2419
576.1349,185.9840,28.6261,50.2114
575.3493,185.1616,28.3211,50.1450
574.1671,184.3316,27.9814,50.1006
573.0611,184.1829,27.8504,49.8544
572.8726,183.0769,27.6812,49.7508
572.6967,184.7490,27.2937,50.1537
572.1727,183.3544,27.1211,50.1103
571.3672,182.5446,27.0487,49.9056
570.7209,182.3306,26.9685,49.7712
570.0245,181.6246,26.9896,49.5855
570.0203,183.1324,26.7802,49.9125
569.3016,182.0686,26.8189,49.7463
569.2765,184.1604,26.6865,49.8523
568.7985,182.5582,26.6099,49.7862
567.9179,183.7350,26.1644,50.3549
567.0881,183.1161,25.9852,50.3052
567.0304,182.2393,25.7931,50.2580
566.2304,184.3497,24.7437,51.7246
565.3441,183.7058,23.3513,53.5038
564.7902,181.3728,22.8977,53.8382
562.8579,180.4865,23.5838,53.5868
560.4146,177.4515,25.6083,51.6275
559.2750,178.7684,27.0131,50.3471
557.9948,179.8327,28.2268,49.3628
554.0042,180.1606,30.9739,47.2977
553.2377,181.6540,31.3603,47.0248
552.4471,182.4345,31.7356,46.8599
551.9145,182.8027,32.1200,46.7533
551.4068,182.9364,32.4664,46.6720
550.7837,183.1534,32.8609,46.6221
550.5635,183.9770,33.0729,46.6884
549.7505,183.8941,33.4963,46.7480
549.9860,184.6803,33.7118,46.8643
549.8085,185.0742,33.9343,46.8677
550.2783,185.5756,34.1343,47.0076
550.5098,185.5900,34.3448,47.2619
550.8708,186.5249,34.4112,47.3103
551.5955,187.1063,34.5881,47.3731
553.0563,188.0392,34.8557,47.3240
553.8384,188.5448,35.2162,47.3415
556.6716,188.1796,34.9729,47.2109
559.9648,193.8447,31.8659,50.4944
565.1925,191.0487,31.1777,51.0637
569.0238,187.2089,33.7154,48.8065
573.6375,187.8732,36.4422,46.7706
576.5145,189.0045,38.6243,45.1271
576.4961,190.0809,41.0141,43.6995
576.4366,191.7405,43.0639,42.5722
577.6655,192.3954,44.8325,41.7949
578.4162,193.8100,46.1160,41.2481
579.7635,195.3205,47.5042,40.6967
581.0366,195.6978,48.2862,40.5380
582.5488,196.7944,49.0110,40.5690
583.9835,196.7763,49.4106,40.7262
585.7166,197.6806,50.0033,40.8158
587.7300,197.6629,50.4411,41.0644
589.1102,198.1742,50.7401,41.1938
590.8275,198.7521,51.1498,41.2869
592.8636,199.3734,51.5865,41.4133
594.4680,199.4305,51.7079,41.8051
596.2366,200.2419,52.0694,41.9842
597.9753,200.8850,52.2672,42.2650
599.1056,201.0428,52.1705,42.6950
600.6813,201.3389,52.3652,42.9909
602.4871,201.7097,52.7979,43.1714
604.4558,202.3546,53.0228,43.3288
605.6670,203.2211,53.0828,43.4965
606.7892,203.7157,53.0726,43.7391
608.3187,204.1591,53.2166,43.8772
609.9902,204.8510,53.3728,44.0890
611.0773,205.1980,53.3916,44.3560
612.7649,205.5814,53.6416,44.5927
613.6318,205.8857,53.6998,44.8288
615.2662,206.3335,53.9387,44.9842
616.5654,206.9414,54.3413,44.8900
618.3625,208.0135,55.3758,44.4934
619.8737,208.4186,56.5762,44.2702
620.7294,209.2029,57.6283,44.0846
622.0236,209.5913,58.4127,44.1293
622.4147,209.8386,58.7844,44.3030
621.5917,210.9051,59.3335,44.3905
621.7466,210.9025,59.7219,44.7094
621.0884,211.6518,60.0628,44.9616
621.9561,211.7079,60.3384,45.3695
622.0555,212.0073,60.4704,45.7433
621.5671,212.0735,60.3237,46.1820
617.9905,212.3740,59.1926,47.2473
612.6608,209.4581,56.1462,48.5760
614.4078,217.2582,50.6248,53.0101
613.4110,209.5538,47.6533,53.6251
612.1702,207.4536,45.9644,53.3037
610.9045,207.7649,44.2581,53.1272
610.0892,207.8156,42.9019,52.9625
609.4946,207.2656,41.6773,52.8367
608.9324,206.2739,40.5331,52.7153
607.9374,205.4290,39.5166,52.5009
606.6323,204.9236,38.5646,52.2058
605.6413,203.6917,37.7992,52.0019
603.9351,203.7578,37.1591,51.4769
601.8672,203.9044,36.6196,50.9089
600.9925,203.4685,36.1650,50.5095
599.5234,202.7916,35.7134,50.2941
597.7240,202.9680,35.2957,49.7917
595.8087,202.4099,34.9225,49.3966
594.9164,201.7482,34.4362,49.1661
593.2380,201.7687,34.1936,48.7499
591.2303,200.7534,33.8378,48.5549
590.2066,200.5452,33.6019,48.1837
588.2161,200.1990,33.3032,47.9174
587.5179,199.1582,33.0519,47.9206
585.9735,198.7431,32.6244,47.8145
587.5123,200.3162,30.9960,48.8434
587.7224,203.8049,28.8682,51.8466
588.6188,197.2949,30.0921,50.7413
589.8444,196.4175,32.3535,49.1912
589.6625,196.1423,34.6896,47.6000
588.8945,195.7870,36.6372,46.4309
588.1074,196.0946,38.1495,45.6731
586.6277,196.7991,39.2948,45.0796
585.8424,197.4821,40.5100,44.6119
584.6407,197.3329,41.4541,44.4783
583.0218,197.7529,42.3098,44.4298
581.7475,198.4694,42.8886,44.4755
580.9662,198.2757,43.5275,44.6065
579.6071,198.4667,43.9371,44.8393
579.0606,199.0231,44.4051,45.0339
578.7240,199.2985,44.6547,45.3211
578.4968,199.3348,44.8499,45.6807
578.4655,199.0224,45.0468,45.9137
578.6310,198.9273,45.0325,46.2688
578.9942,198.9289,45.0077,46.8013
579.6494,198.6953,44.9826,47.2694
581.0706,198.9370,44.9026,47.7148
581.9749,198.8071,44.8651,48.1853
582.6911,198.4673,44.9041,48.5567
583.2552,198.2617,44.9486,48.8956
584.7036,197.7126,45.1322,49.0599
585.8155,197.4464,45.5758,49.0473
587.4106,197.1622,46.5742,48.5887
592.2357,196.4602,47.6059,48.2189
597.6031,196.2490,48.8791,47.5898
599.0046,196.5124,50.5859,46.8477
600.3727,197.7502,52.2463,46.1969
602.1082,198.1690,53.4646,45.9399
601.5312,198.8131,54.6550,45.7418
602.7471,199.1034,55.6596,45.6844
603.4028,199.5360,56.4254,45.7677
604.8906,199.6237,57.0137,45.8885
606.2424,199.4077,57.5914,45.9499
604.4417,195.5732,59.2294,43.8535
606.0723,197.3275,60.6901,42.5176
635.9708,175.2678,58.9654,44.0658
632.6598,174.4009,57.6721,44.9688
633.7844,174.8908,57.5381,45.5233
634.5647,176.6570,58.0549,45.4419
629.0230,179.0366,58.2963,45.8849
616.7819,178.9430,58.9478,46.1836
605.6089,178.2487,60.1073,46.4544
593.0553,178.4918,64.2811,44.2734
576.1066,177.6661,66.9493,42.6926
564.0640,177.0205,68.5410,41.4870
553.6760,177.2177,69.7901,40.4200
539.8053,178.7709,70.4900,40.4014
2
0
0
0
0
1
610.6688,196.9435,58.6969,49.8693
609.9961,196.7986,58.6140,49.7685
608.0534,195.8765,57.2129,48.8243
605.9957,200.5473,53.1775,50.8350
607.2982,205.4533,47.9061,55.3483
604.6969,197.4943,45.6396,55.5624
602.9673,193.5726,44.1145,54.9592
604.0316,191.5123,43.2232,54.0374
602.3924,193.0439,42.0292,53.4697
603.1788,193.4884,40.6907,53.1279
602.4316,193.4987,39.5070,52.7167
602.7285,193.5788,38.3956,52.2870
603.1888,194.1004,37.3904,51.7871
602.5854,194.3114,36.6641,51.1786
602.5737,194.5176,36.0332,50.5423
601.2265,193.3159,35.5191,49.9579
600.7803,193.7211,35.1175,49.1165
600.8205,193.9196,34.7514,48.3777
599.6149,193.5866,34.4271,47.6024
599.4655,194.1358,34.0698,46.9023
598.6309,196.8836,33.4910,46.9217
598.2929,195.0284,33.3726,46.4069
597.4120,196.5139,33.0272,46.4198
596.1852,197.0072,32.7803,46.7114
595.2764,197.4391,32.6032,46.9477
594.4635,197.6664,32.3175,47.4124
593.4077,198.0379,32.0869,47.7837
593.1232,197.8101,31.7428,48.2740
592.9406,198.0761,31.6153,48.6288
591.9722,197.7214,31.5113,49.0010
590.7459,197.9260,31.4677,49.2076
590.7543,196.9542,31.4252,49.6254
589.5558,197.5654,31.5119,49.6553
588.7587,197.3953,31.6176,49.9340
587.9963,197.6703,31.7652,50.0286
587.7383,197.2142,31.8596,50.1975
587.7856,197.3791,31.9743,50.2855
587.8167,197.6801,32.2171,50.1816
587.8127,197.9400,32.4887,50.0818
586.0366,195.5587,33.6624,48.7417
581.1639,195.0687,36.3120,46.6194
573.4123,196.1686,39.4584,44.1936
564.4756,197.5661,41.9513,41.9805
559.8859,199.2271,43.8040,40.1094
555.3660,202.3630,45.6004,39.1294
551.3661,205.4026,47.2118,38.4200
548.5540,204.9580,47.8713,37.4322
546.1060,205.8014,48.2921,36.4970
543.0065,206.3843,48.6351,35.6736
540.1506,209.2053,49.0390,35.5417
536.7357,208.1174,49.7257,35.1268
533.4053,209.0881,50.1636,34.7516
529.3273,209.8475,50.5758,34.5277
524.9631,209.8219,50.9504,34.3925
520.9881,210.3118,51.2183,34.2680
517.4789,211.8372,51.7852,34.1212
513.4857,212.5590,52.3881,34.0974
508.9055,212.5440,53.0688,34.2300
506.5997,214.3612,53.6466,34.2677
503.9582,216.0333,54.3228,34.3201
500.2871,217.2302,55.4181,34.4584
493.8520,217.2822,55.8576,34.6343
490.6182,218.3730,56.9077,34.7775
486.1523,218.5479,58.1991,35.1046
481.5859,218.6463,59.4506,35.5501
476.8412,220.2921,60.5872,35.9308
472.1085,220.2701,61.6862,36.5192
467.4384,222.1629,63.0017,36.7571
462.7031,222.7842,64.0405,37.2145
458.0991,223.9891,65.1917,37.7022
452.8501,224.7629,66.4893,38.3565
448.4500,225.3679,67.4230,38.8680
444.3002,225.7245,68.2535,39.3513
441.5304,226.2776,68.8632,39.4249
437.9854,226.3805,69.2187,39.7534
434.3260,227.1999,69.3184,40.0505
433.0299,226.5154,68.9840,40.5022
430.5093,227.4944,67.9855,40.5650
430.3070,227.7698,66.1317,40.6927
432.0562,228.2971,63.4696,40.5846
432.0815,229.1354,60.7962,40.3238
431.6867,229.5713,58.3639,39.9084
431.4091,230.4378,56.1378,39.3154
431.1743,231.2171,54.1980,38.6953
429.8588,231.3965,52.5617,38.1648
428.9667,232.0612,51.0420,37.6257
428.7457,232.8224,49.7224,36.9161
427.9941,233.4379,48.5443,36.2323
427.7391,234.0671,47.3802,35.4906
427.7973,235.0958,46.2824,34.7806
428.5236,235.4386,45.2589,34.1213
427.7531,236.6469,44.3376,33.4407
428.3374,236.9676,43.5164,32.9476
428.1598,237.9382,42.8481,32.3618
427.3848,238.4124,42.2504,31.8383
427.7560,238.5576,41.7923,31.4542
427.7987,239.7448,41.4462,30.9832
425.1702,240.5155,41.8519,31.0192
421.1205,240.5285,43.4018,31.0174
412.6203,240.2939,44.8115,31.0939
408.4171,240.4011,45.9762,31.1599
406.2073,240.5912,46.6196,31.1733
404.4335,240.9268,47.1078,31.0967
404.0680,241.8356,47.3860,31.0111
403.2796,244.4790,47.7954,31.2300
402.3606,243.6932,48.0893,31.3149
401.9709,247.0354,48.3403,31.4926
401.1913,247.4188,48.5180,31.3956
400.8802,248.6449,48.9814,31.2892
399.4800,249.4013,49.4365,31.2969
399.1960,250.2803,49.8303,31.3895
398.4610,251.8562,50.2645,31.4013
397.3530,252.2319,50.7698,31.6586
397.7264,253.1399,50.9730,31.7537
401.3407,254.4037,50.7384,32.0381
407.2778,255.3125,50.2529,31.4391
412.1566,256.5654,49.2095,31.1010
412.6962,257.5261,47.9271,31.0014
414.3445,257.9442,46.7967,30.9283
414.4881,259.0464,45.8377,30.7956
416.9245,259.3710,45.0668,30.5243
417.0150,259.6088,44.4784,30.3862
417.2126,260.6014,43.9513,30.1011
418.5063,260.7885,43.4340,29.9071
420.1216,260.7483,42.9973,29.8083
421.2935,261.6480,42.6877,29.5259
421.8062,261.6366,42.4908,29.3931
422.0302,261.2615,42.4592,29.3455
420.4812,261.3509,42.9165,29.4162
416.3826,261.5408,44.0531,29.6660
409.0494,258.4627,45.9836,28.7363
407.6323,258.2513,47.3073,28.3500
408.1312,258.0897,47.7888,28.1157
409.4128,257.6359,47.9377,28.0251
410.5425,257.1831,48.0175,27.9634
410.4520,257.6504,48.3966,27.6149
411.1848,258.0112,48.8116,27.3701
410.7179,257.1294,49.3761,27.2446
411.4121,257.5115,49.7956,26.9654
411.7758,257.9895,50.2432,26.7940
412.4513,258.4418,50.4808,26.7313
412.7633,258.1971,50.6393,26.7497
414.5961,258.7013,50.9040,26.7529
416.0746,258.4682,50.8317,26.9317
418.0724,259.0441,50.9548,26.9025
420.1798,258.4915,50.9422,27.0409
421.8393,258.6200,51.0000,27.0947
424.4356,258.2841,51.1123,27.0934
426.2924,257.8614,51.3282,27.1544
429.6012,257.5636,51.1482,27.0974
433.0857,257.3225,50.8315,27.0977
437.7634,256.5840,50.0018,27.2962
446.8156,255.2126,48.2419,27.6205
453.2378,255.5525,45.1914,29.2838
458.9958,252.8059,42.4376,30.5438
463.9774,250.1685,40.0628,31.8334
468.6296,250.2603,37.4549,33.3359
473.2701,249.7439,35.1569,34.6474
478.3973,245.9337,33.5065,35.2432
482.1314,245.4783,31.9820,35.9568
486.0287,242.2851,31.1040,36.0140
489.8055,242.0152,30.0825,36.1995
493.7080,239.3242,29.5080,35.8686
498.0664,239.2272,28.7445,35.7902
501.3755,238.4310,28.0364,35.5950
504.6930,237.6649,27.4280,35.3640
508.2953,236.9589,26.7865,35.3170
512.2043,236.0376,26.2829,35.1780
515.7017,234.4056,25.8391,35.0629
519.1766,233.3760,25.4755,34.7445
522.7318,231.7463,25.1686,34.3855
526.6448,230.4843,24.9531,34.0076
529.1940,228.9599,24.7461,33.5274
532.9766,227.6316,24.5078,33.1847
535.8029,227.4667,24.1999,33.2291
539.6747,226.9656,23.8913,33.4296
542.1542,224.7562,23.6264,33.2267
545.6945,224.2101,23.5152,33.3074
548.3392,223.4840,23.5514,33.3914
550.1395,220.8271,23.5921,33.1005
550.9014,220.0070,23.3092,33.0052
549.9254,217.7440,23.5838,32.7917
543.9626,215.6653,24.7032,31.4188
538.8524,214.2879,26.3688,30.0261
535.6482,214.5027,28.0203,28.6315
533.8633,214.0555,29.3144,27.5698
533.1538,213.2686,30.2193,26.7988
533.5956,211.3478,30.9711,26.0752
534.7933,209.3866,31.6884,25.4891
536.9739,208.5089,32.9019,24.7150
537.1481,207.2104,33.3814,24.5252
538.6154,205.9732,34.3987,24.0108
538.8784,204.7836,35.2623,23.5914
539.5659,203.6885,35.9971,23.2270
539.8484,202.0509,36.5380,23.0805
541.3773,200.7304,37.0252,22.9481
542.1360,199.6212,37.3726,22.8001
542.6341,198.3190,37.8930,22.6618
542.0723,197.4014,38.3954,22.6137
542.9261,196.3347,38.7978,22.5775
541.9670,195.3179,39.1967,22.5836
542.1348,193.9501,39.7064,22.6052
543.9598,192.6324,40.1174,22.5923
542.9735,191.2330,40.4524,22.6746
542.8989,189.4471,40.9448,22.7081
543.1533,188.1195,41.4385,22.7958
543.6973,186.3355,41.9656,22.7846
543.5007,184.2110,42.5636,22.8800
544.4456,182.6956,43.2057,22.9409
543.9836,181.0175,43.6620,23.0150
545.4067,176.9347,43.8076,23.0563
549.8622,175.5011,43.6908,23.2034
556.8734,174.1318,41.4832,24.7659
566.1930,171.4825,38.7315,26.6799
565.3041,171.1439,35.9155,28.6716
568.6884,170.6060,33.8906,30.2021
569.6379,167.8617,32.2543,31.9318
570.3372,165.8319,30.9328,33.3356
570.7628,164.4178,29.8456,34.4417
570.8238,162.2965,28.9854,35.3751
571.6246,160.9240,28.3112,36.2516
571.1512,159.2913,27.7278,36.9200
571.4792,157.6567,27.1872,37.5521
570.5955,156.5121,26.6986,38.0972
571.4503,155.3666,26.4617,38.3328
570.8871,153.9652,26.1705,38.6215
570.7407,153.3207,26.0173,38.7708
570.3831,151.6199,25.7838,39.0627
569.6060,150.5115,25.5463,39.2935
569.5575,149.8344,25.4382,39.4303
569.2777,148.0368,25.2964,39.6712
568.5687,147.3463,25.1723,39.6050
567.3923,146.1492,25.0073,39.7721
566.5023,144.9044,24.8461,39.9804
565.6064,143.8525,24.6569,40.1342
564.7891,142.9114,24.5584,40.0987
564.2469,142.1581,24.5080,40.0028
563.3663,141.4754,24.3583,39.9884
563.2010,140.2529,24.3281,39.8361
562.8332,139.4937,24.3332,39.5695
562.3460,139.2429,24.3612,39.4421
561.9204,138.3481,24.1901,39.4350
561.5748,137.7801,24.2145,39.2338
560.9938,137.6161,24.2341,39.0693
561.0370,136.4377,24.2160,38.9149
560.2925,136.3970,24.2072,38.7394
560.0265,136.1423,24.2234,38.5634
560.0109,135.9608,24.2243,38.5386
559.6720,135.4503,24.1737,38.5768
559.1720,134.6077,24.0876,38.6060
559.3054,134.2687,24.0239,38.5580
559.2611,135.3349,23.8163,38.8047
558.4644,133.2567,23.5030,38.8695
547.7183,128.3652,25.6020,36.5960
538.2098,129.7838,28.4661,33.8687
529.5219,132.5798,30.2974,32.3557
526.9836,133.4304,32.7247,30.5805
524.5274,133.9308,34.5670,29.1640
523.4335,134.8660,36.0940,28.0442
522.2360,135.1301,37.5089,27.1806
520.5067,135.1948,38.7511,26.5076
519.5991,135.4730,39.7322,26.0093
518.3368,136.0392,40.5410,25.6371
516.9868,135.9158,41.3605,25.3229
515.8621,135.2752,42.2265,25.1168
515.3469,135.6568,42.8421,24.9801
514.3854,135.5831,43.4884,24.8780
513.5677,135.0064,44.1461,24.8269
513.0056,135.3279,44.4388,24.7732
513.0635,135.3737,44.8096,24.7487
513.5682,135.2637,45.3542,24.7762
513.2543,134.8566,45.8778,24.9003
513.1553,135.1477,46.2561,24.9365
512.9627,134.5482,46.8943,25.0903
512.9716,134.6858,47.3933,25.1324
512.9554,134.5071,47.9916,25.2573
512.5673,134.2751,48.6408,25.3296
514.3146,133.4937,49.1248,25.4951
520.0275,132.3454,48.5523,25.9083
528.4888,133.5399,46.2217,27.4955
536.6035,134.5634,43.1441,29.6684
535.7418,137.1776,39.7929,32.3603
536.0643,135.5816,37.1751,34.2319
537.1000,133.6942,34.8743,36.0846
538.3268,132.8924,33.0791,37.3495
538.7141,131.8959,31.5807,38.4884
538.8666,131.3948,30.3361,39.0300
539.3294,130.9056,29.2973,39.5245
539.9929,130.7496,28.4538,39.8436
540.2253,130.0442,27.7183,39.9312
540.2234,129.4848,27.1235,39.9640
540.1003,129.4379,26.5425,39.9926
540.2846,129.1849,26.0943,39.9350
539.8120,128.7386,25.6939,39.8337
539.4703,128.5588,25.4003,39.6916
539.2628,128.3661,25.0754,39.4131
539.8873,131.1420,23.8572,40.9193
540.4004,130.2373,22.7857,42.2830
540.3810,128.6913,22.8260,41.8168
540.6636,128.6055,22.2468,42.4182
540.8337,128.5015,21.6290,42.9350
540.9956,128.2849,21.1367,43.3524
541.1186,128.1499,20.7412,43.8094
541.8041,129.0046,20.0803,44.8547
542.5181,128.7129,19.4359,45.9139
542.6412,128.4087,18.9924,46.5910
542.9879,127.5205,18.5943,47.1779
543.1994,127.4171,18.3456,47.5446
543.3949,127.3020,18.1371,47.8314
543.6474,126.9310,17.9805,48.1276
542.8286,126.4391,17.8242,48.5560
542.9216,126.1250,17.7824,48.7326
542.9321,125.7316,17.6598,48.9975
542.5617,124.9157,17.6676,49.1280
542.0087,124.8637,17.6913,49.2701
541.4186,124.8839,17.7532,49.3730
541.5380,124.2354,17.8271,49.4718
541.5110,124.3403,17.9026,49.5715
540.8907,123.8998,17.9634,49.7125
540.6833,123.8249,18.0595,49.6968
540.3530,123.6003,18.0945,49.8126
540.2329,123.3548,18.0660,50.0810
539.7817,123.5535,18.1280,50.2778
539.8636,123.3454,18.1380,50.5050
539.6679,122.8070,18.1706,50.7796
538.7653,122.1326,18.2182,50.9100
538.4393,121.4875,18.2549,51.0867
537.8660,121.5493,18.3054,51.3639
538.1320,121.0378,18.6025,51.6636
538.8118,120.4877,19.6358,51.3441
537.8062,120.1661,20.8329,50.9262
537.1604,119.3682,23.3364,49.5367
536.2745,120.2905,25.4570,48.5082
535.9642,120.7464,27.4291,47.8614
536.0703,121.4546,29.0299,47.4447
536.2749,120.7302,30.4581,47.4225
536.0377,120.7769,31.7925,47.4689
536.6328,120.3050,32.9490,47.5394
536.8682,119.6696,33.9324,47.7350
536.5397,118.2992,34.8142,47.8767
536.7451,118.1493,35.5620,47.9205
535.9783,117.7083,36.2347,48.0791
535.9404,116.9627,36.6931,48.1491
535.3312,116.5451,37.0432,48.1525
534.7766,117.5805,36.7882,48.3790
532.6229,117.2778,35.3369,48.3316
530.7960,115.7119,34.5779,48.0002
525.3165,112.9938,36.6154,46.6707
518.9327,111.6922,40.1871,44.7662
510.9046,110.6649,42.7417,43.2048
509.0297,110.8995,44.8817,41.8485
507.7213,110.9275,46.6670,40.8613
506.7573,110.8992,48.3005,40.1161
506.5285,111.0989,49.6657,39.6057
506.3510,111.0197,50.7906,39.3186
505.4944,110.4061,51.8214,38.9710
505.2321,110.4963,52.5834,38.8153
504.3680,110.0054,53.5145,38.7936
504.5684,110.6974,54.3537,38.9221
503.7599,110.2168,55.0371,39.0572
502.9497,109.5760,55.6232,39.3514
502.5944,109.0879,56.1565,39.6895
502.4193,109.6161,56.7139,39.9563
501.4367,109.0373,57.2636,40.3047
501.0299,108.9369,57.7107,40.5077
500.7950,108.2788,58.0851,40.9122
500.6423,108.3488,58.5630,41.1001
499.9853,107.7162,58.9559,41.3725
500.0076,107.9386,59.2837,41.5279
499.5276,107.5749,59.5273,41.8505
501.0084,106.6541,59.7806,41.5759
503.7881,107.8714,57.9245,42.5165
506.2457,108.8929,53.8712,44.3516
513.1603,114.1635,48.4518,48.8210
517.1407,107.7195,45.7201,50.0867
517.9931,104.7684,44.7392,49.9607
519.0131,103.5566,44.6363,49.2046
519.1655,103.5346,44.7162,48.3458
518.6798,103.7638,44.8008,47.6076
517.8113,104.6376,44.7932,47.0583
517.1160,104.0398,44.8172,46.5488
516.4379,104.8472,44.7224,46.1850
516.1445,104.7084,44.5154,45.9474
515.8820,104.7639,44.2521,45.7127
515.3500,104.4290,44.1665,45.4294
515.0236,104.5993,43.9659,45.1243
514.6733,104.9292,43.8403,44.8573
514.4277,104.8489,43.7806,44.5391
514.3589,105.4713,43.5884,44.3988
514.0045,105.0880,43.3837,44.2005
513.7957,105.2642,43.1637,44.0665
513.8842,105.7676,42.9535,44.0721
513.7953,105.4845,42.7698,44.0897
513.0018,105.6179,42.7101,44.0254
512.7250,105.9826,42.5262,44.0854
512.7143,105.4473,42.3655,44.0100
512.5738,105.9945,42.1523,44.0729
512.0565,105.9446,41.9661,43.9946
511.6984,105.9395,41.7918,43.9161
511.4959,106.5839,41.2240,44.2097
508.4723,104.6224,39.4028,44.5345
509.3853,110.6136,36.3234,47.4626
505.6040,103.8991,37.1206,46.3953
496.5416,103.0153,40.4141,44.4920
491.8764,102.8945,43.7718,42.7403
489.5249,104.1563,46.5776,40.8867
487.3810,107.9874,48.5971,40.0672
487.3633,107.6499,50.3333,39.2275
487.2560,108.5541,51.8626,38.4954
487.8491,108.9561,52.9677,38.2099
487.8246,108.7494,54.0637,38.1173
489.1028,110.0145,55.2092,37.7694
489.1204,110.7092,56.1691,37.7359
488.6533,111.1885,57.1808,37.8868
487.9778,110.8245,57.9096,38.1642
489.2715,111.9123,58.4580,38.2323
488.6085,111.7323,59.1124,38.5967
489.4339,112.0060,59.4598,38.9587
490.0336,112.7822,59.8140,39.1380
490.3812,112.7267,60.1329,39.5132
491.0616,113.3693,60.4214,39.7503
490.7448,112.7972,60.7578,40.1649
491.2418,113.3923,60.9996,40.4388
492.1856,113.2033,61.2557,40.8650
493.1271,113.7423,61.4371,41.2467
493.7085,114.1372,61.8116,41.4907
494.3116,114.4040,62.1310,41.8293
495.3281,114.4726,62.2631,42.2214
496.6925,114.4958,62.2474,42.6753
497.6992,115.0309,62.3422,42.9610
498.2340,114.8270,62.6191,43.4595
499.4073,115.1921,62.9650,43.8039
500.3094,115.1355,63.4788,44.0442
500.1328,115.6773,63.9556,44.2180
499.7278,116.7224,64.5705,44.0326
500.6319,117.7684,65.0511,44.0796
501.0399,118.8369,65.4989,44.0792
501.3341,118.7806,65.7709,44.3062
501.4848,119.3563,66.0683,44.2977
501.5916,119.4105,66.3141,44.4178
502.0108,119.7780,66.5014,44.5411
502.2539,119.7638,66.7241,44.6066
502.1796,119.7194,66.9405,44.7713
501.9977,120.5122,67.1612,44.7188
503.0857,121.5768,67.2512,44.8139
503.3038,121.9415,67.3476,44.9420
503.6172,121.6340,67.3808,45.2571
504.4375,122.0841,67.4865,45.3653
504.4198,122.4248,67.5475,45.4818
504.6765,122.3193,67.6629,45.7069
505.0250,122.7066,67.6330,45.6543
506.4897,123.1122,67.6035,45.9718
506.7581,123.3171,67.6260,46.1315
506.6305,123.7213,67.7599,46.1930
507.7033,124.2438,67.7757,46.2667
508.5119,124.5046,67.6336,46.3429
509.1037,124.8775,67.6080,46.3732
510.2210,125.2310,67.5135,46.5535
511.2548,125.6325,67.5311,46.7219
510.9566,125.9420,67.6196,46.7237
512.1234,126.2399,67.5214,46.8612
512.8260,126.3140,67.5739,46.9560
513.7244,126.5251,67.5868,47.1268
514.5225,126.8832,67.5733,47.2900
516.2752,126.9716,67.4706,47.5801
516.3697,127.3161,67.6315,47.4785
517.5997,127.3811,67.6244,47.7704
519.3771,127.4709,67.5981,47.9397
519.6420,127.2743,67.5371,48.3063
523.2665,126.3769,65.9114,49.1462
530.1921,127.4305,61.8464,50.9106
533.8998,135.1624,55.7594,56.0397
535.3127,126.1672,52.9554,56.2735
541.1825,125.0250,51.3917,55.4532
548.0874,123.3026,49.4562,54.5640
548.6290,122.7158,47.9172,53.4683
549.5050,122.9096,46.4666,52.4552
550.6802,123.0675,45.2518,51.3606
551.4897,123.5441,44.0560,50.6426
552.5424,123.9339,43.0693,49.8163
553.2189,124.1471,41.9766,49.2000
554.2727,123.9513,41.1516,48.5195
555.2141,123.5991,40.3750,47.8848
557.0952,122.2510,39.2483,48.1010
557.3894,122.2731,38.2979,47.9917
557.8702,122.4521,37.5121,47.9175
558.3510,122.7036,36.7627,47.8723
560.0026,122.0402,36.0617,47.7007
559.9484,122.0161,35.2645,47.6628
559.7804,121.5976,34.1227,47.3893
563.6046,124.7487,32.0105,49.3535
556.4424,118.2980,34.7085,47.3189
545.6715,118.0262,38.5613,44.9206
541.0787,119.2046,41.8589,42.5716
539.0773,119.7092,44.1883,40.7369
538.0301,119.5642,45.7270,39.4529
538.6933,120.6731,47.2408,38.2696
539.5157,120.4954,48.4153,37.3838
539.4651,120.1900,49.2763,36.8225
539.7863,120.3811,50.2157,36.2953
539.7911,119.6753,50.7345,36.1925
539.9376,120.4014,51.5279,35.8333
539.8788,120.2656,52.0815,35.7910
540.0987,119.5346,52.3098,35.8127
539.6269,119.6241,52.7401,35.6177
539.6956,120.2956,52.9762,35.4551
539.9485,120.0598,53.1806,35.4976
539.5015,119.7196,53.5134,35.5630
539.8545,119.9958,53.8185,35.4633
540.1759,120.3081,54.0689,35.4165
540.4116,120.2121,54.2709,35.5102
539.8434,119.7883,54.5036,35.8049
539.7645,119.9233,54.7592,35.9063
541.3058,119.5702,54.6306,36.2534
548.7964,118.8602,53.7143,37.1092
554.6799,123.8149,49.6776,39.4310
557.7299,121.8315,46.2540,41.0575
563.8117,120.0616,44.9225,41.8039
564.8040,118.8731,45.3058,42.0275
565.4056,118.6018,45.9297,42.1410
564.8166,118.5268,46.5471,42.2875
563.7441,119.0039,47.0897,42.5372
563.0569,118.6142,47.2985,42.7848
562.5698,118.4238,47.4050,42.9968
562.9211,118.0853,47.3186,43.1090
562.5922,118.3136,47.2798,43.3690
562.4194,118.5755,47.2418,43.6201
562.1177,117.8650,47.1981,43.9222
562.2242,117.7408,47.1021,44.0932
562.3181,117.6100,47.0279,44.2065
562.3929,117.4941,46.9516,44.3071
562.6279,117.2015,46.8428,44.3615
563.0476,118.0128,46.7227,44.4932
563.5471,117.7429,46.5751,44.5705
563.3167,117.2350,46.5580,44.6419
563.1854,116.5847,46.5240,44.6599
563.8811,116.8047,46.4083,44.5585
563.7466,117.0070,46.3829,44.4379
563.7415,116.6053,46.3353,44.3835
564.0321,116.8718,46.2622,44.2689
563.6202,116.2568,46.2130,44.2275
563.9861,116.6486,46.1929,44.2664
563.6064,116.5462,46.2898,44.2032
564.0471,116.7746,46.7608,43.9629
563.9209,118.3382,47.6438,43.8627
564.4974,119.2329,48.9724,43.7675
564.7895,119.7153,50.4491,43.7525
564.5307,119.9861,51.6096,43.9402
564.7855,120.4846,52.6523,44.2713
565.1688,120.0126,53.2591,44.5815
566.4984,119.7849,54.0317,44.9967
566.8590,119.7192,54.7176,45.2632
568.0589,119.7477,55.3723,45.6321
568.1938,119.0955,55.8303,46.0176
568.5608,118.9901,56.0602,46.3088
569.3310,118.7068,56.3057,46.4522
570.4600,118.8000,56.4395,46.4179
571.4659,118.0528,56.4310,46.6778
571.9730,118.0549,56.5742,46.5427
572.5850,118.0105,56.6952,46.3852
572.3515,117.8436,56.8385,46.2159
572.1381,117.6002,56.9818,45.9970
572.3422,117.7966,57.1747,45.8924
572.4423,117.5667,57.2160,45.8593
572.6700,118.0069,57.2786,45.8692
572.7589,117.5345,57.2445,45.8958
572.9869,117.3786,57.0882,45.8804
573.5526,116.1991,56.7082,45.2234
569.8228,113.9048,53.1469,46.3780
571.5938,121.8674,47.7839,50.6658
566.4058,113.4866,46.9558,50.2183
561.8793,110.6703,49.3714,48.7772
556.7870,110.3778,51.0590,47.1325
557.1876,110.2771,52.6267,45.8161
556.7954,110.2278,53.9626,44.7767
557.0460,110.5076,55.1346,43.9307
556.8539,111.2880,56.2081,43.2679
557.1439,111.3117,56.8124,43.0286
557.0638,111.2158,57.3517,42.8117
557.4274,110.5516,57.6488,42.7958
557.6835,110.1767,57.9191,42.7087
556.6476,109.9328,58.6643,42.5129
556.5170,111.2604,59.2517,42.2060
555.6547,111.8672,60.0340,42.0382
553.4064,112.3977,60.8958,41.8110
552.0079,112.5760,61.4585,41.8219
551.2900,113.1183,62.0325,41.8558
549.7130,112.7909,62.6298,42.1055
548.9633,113.2315,63.0661,42.2825
548.4996,113.2634,63.6323,42.6032
547.4369,113.3790,64.0738,42.6388
547.4152,113.2952,64.4688,42.8969
546.6628,113.6953,64.9344,42.8955
546.1924,113.7425,65.2734,42.9643
546.3132,113.6751,65.5595,43.1889
546.0239,114.0309,65.9334,43.1870
546.2084,114.1196,66.1596,43.3657
546.2089,113.9237,66.3584,43.7144
545.8640,113.9606,66.5869,43.8377
546.0211,113.8262,66.8313,44.2280
546.1135,113.8540,67.1103,44.3583
546.1550,113.6063,67.4110,44.7254
549.1643,113.0010,67.4029,44.4567
552.7453,113.0761,64.7110,45.7992
557.8132,117.0166,60.0066,48.4354
563.4069,110.3406,56.2692,49.6809
562.8156,110.3287,54.0896,49.4223
563.3781,110.5133,52.5310,49.0542
564.1588,109.9423,51.1555,48.3834
565.5341,109.9149,49.7258,47.8325
566.9559,110.0156,48.0841,47.5924
568.3987,110.0192,46.4970,47.4521
568.0051,108.5005,44.6938,47.8217
568.3939,107.8841,43.0937,47.9900
568.3818,107.3587,41.6303,48.0745
566.3904,107.9122,40.4204,47.2438
567.1514,112.4190,36.9660,50.1762
560.6107,105.4808,38.7690,48.4972
553.5363,105.1005,42.5768,46.6245
547.2779,106.4885,46.3581,44.6193
543.7524,107.2308,49.1597,42.8312
542.7380,108.2477,51.2072,41.3739
542.0784,109.4978,53.0444,40.4201
540.2969,108.9928,54.5539,40.1943
540.4047,109.2240,55.5992,39.9373
540.5235,109.9025,56.4593,39.6975
540.1370,110.1083,57.1487,39.5993
539.1893,109.6742,57.8644,39.6145
539.2942,110.5529,58.4502,39.4225
538.8379,110.0682,58.8604,39.6621
539.0544,109.8559,59.0848,39.9047
538.9648,110.2638,59.2299,39.9845
538.7143,109.9264,59.4560,40.2905
538.9413,109.8925,59.6522,40.3532
539.8876,109.1356,59.7821,40.8305
544.2884,108.3418,58.2368,41.7007
555.9714,109.6470,54.3392,43.5653
555.4808,109.2152,50.7523,44.8734
561.2444,108.8242,50.5404,43.1799
563.0120,107.3612,50.3431,42.2450
563.2090,107.4505,50.0157,41.6094
563.1346,106.9885,49.8602,40.9273
563.1873,106.8081,49.5946,40.2653
563.5363,106.8519,49.2583,39.7692
563.5505,106.6983,48.9514,39.2912
563.4174,107.0481,48.7044,38.9598
563.5541,107.0584,48.5208,38.5416
563.4441,107.2574,48.2698,38.2093
563.3511,107.3725,48.1088,37.9174
563.5521,107.5725,47.9613,37.5604
563.5165,107.7187,47.7645,37.3261
563.8906,108.1398,47.6143,36.9646
563.7195,107.7047,47.6102,36.7687
563.6919,107.5905,47.5009,36.4989
563.9637,107.7482,47.3909,36.3029
564.2732,107.8778,47.2300,36.0882
564.3601,107.5049,47.0581,35.8782
564.6823,107.4667,46.8808,35.6432
564.8699,107.3914,46.6829,35.4905
565.4785,106.9878,46.2414,35.2925
565.0716,106.4866,45.4796,34.8662
564.2549,109.3798,42.0288,36.9294
561.2257,104.4839,40.9354,36.8037
552.8209,103.7699,43.3997,35.4610
545.1524,104.5230,44.8171,34.5683
543.1722,105.1741,45.8501,33.9039
543.0062,106.1420,46.4709,33.5034
543.5290,106.7949,47.0051,33.0985
543.9174,106.4882,47.3705,33.0047
544.6219,106.7705,47.8374,32.9054
544.3627,106.7887,48.1393,33.0001
544.6820,106.4155,48.2106,33.1665
544.2627,106.0948,48.4927,33.1330
543.8123,105.5618,48.6849,33.0920
544.7422,106.3082,48.9507,32.9426
544.0892,106.9070,49.2427,32.8920
543.8214,107.0628,49.3529,32.9235
543.7527,107.2757,49.5453,32.9751
543.0086,106.6772,49.7023,33.0666
543.0448,107.2544,50.0400,33.0228
542.4069,107.5661,50.2214,33.0049
541.9226,107.2045,50.5999,33.0582
541.8029,107.2874,51.0151,33.0713
541.4022,107.6644,51.5506,33.0791
540.4299,107.1960,52.1100,33.2931
542.1031,106.4928,51.8496,33.8763
553.0400,106.8191,49.5267,35.2209
562.8121,107.0506,46.1075,37.2399
562.2243,108.4176,42.9196,39.4704
561.3890,105.9099,40.3455,40.6330
560.1227,104.5905,38.2661,41.1750
560.4587,106.0334,36.5162,42.0546
562.7151,107.5224,33.5238,44.6223
565.1786,107.1825,30.8311,47.0563
566.2486,105.5423,28.7866,48.5122
567.8246,105.7276,26.8768,50.1258
568.5992,103.7527,25.4855,50.8441
569.6370,104.2788,24.2166,51.7030
570.7838,103.3804,23.1341,52.5590
571.4874,102.8528,22.2387,53.1587
572.0355,102.6835,21.4967,53.6224
572.2680,102.9137,20.8909,53.8701
572.8494,102.6739,20.4197,54.0527
573.1129,102.0439,20.0595,54.0821
573.6434,102.1881,19.7140,54.1208
574.0106,101.6924,19.4000,54.1283
574.1555,101.2989,19.2113,53.9125
574.4742,101.5763,19.2796,53.3932
575.9466,103.0389,19.6988,53.5621
576.0451,102.4230,20.9987,53.1149
574.4451,102.0140,23.5422,51.2526
574.1698,104.7406,26.0777,49.5900
573.9027,105.6477,28.3363,48.6826
573.9453,106.2608,30.2767,48.1387
573.7709,106.1430,31.8264,47.8372
573.8313,106.6231,33.0102,47.7393
574.5339,107.1168,34.3295,47.5600
574.5914,107.3366,35.3206,47.9465
574.5959,107.5565,36.1731,48.3765
574.3994,107.0909,36.9816,48.8710
575.4408,107.6767,37.7114,49.1171
575.7629,107.2423,38.4519,49.4257
576.5172,107.9891,38.9390,49.6981
577.3289,107.9623,39.6425,50.0210
577.3132,108.0363,40.1651,50.3822
577.6350,107.0288,40.6455,50.7094
577.8113,107.1141,41.0845,51.0566
578.1544,106.5374,41.5756,51.3401
578.3523,106.3761,41.9468,51.7116
577.9599,106.1758,42.1563,52.0752
578.0494,107.0394,42.3148,52.4577
578.4942,106.1505,42.5108,52.8661
579.9762,104.1968,42.0333,53.0773
577.4800,104.0633,40.3266,52.6634
575.0233,102.5904,39.5544,51.7742
569.6727,101.9846,42.6031,49.4604
562.5613,101.2419,45.4877,47.4854
561.0046,101.9196,48.1539,45.6424
559.5557,102.8014,50.4885,44.2241
559.3292,103.7498,52.1389,43.0420
559.3856,104.5363,53.5661,42.2216
558.3951,104.1652,54.7509,41.7499
558.4982,104.4361,55.7394,41.3077
558.6825,104.2095,56.5402,41.0175
558.8046,104.5370,57.1879,40.7195
558.9269,105.6225,57.7007,40.4127
558.6516,105.7813,58.0701,40.3252
557.9131,105.5242,58.4006,40.4003
557.8318,105.5186,58.6396,40.4040
557.9310,105.6448,58.8264,40.3364
558.3336,106.1037,59.1130,40.2076
558.6552,106.4586,59.3956,40.2351
558.9927,105.8141,59.5817,40.4475
559.3694,105.9637,59.9097,40.6887
559.6808,106.7765,60.2274,40.7354
559.6827,106.3060,60.4067,41.2027
560.5839,106.4573,60.6762,41.4471
567.2125,105.3991,59.8656,40.9393
572.1524,110.9034,55.2902,43.3750
577.0040,110.0474,51.9998,44.5634
583.3102,106.8138,50.3021,45.2885
584.9696,104.5946,50.0432,45.5012
585.9552,104.3580,50.0228,45.4553
586.3621,104.1627,49.9473,45.3736
586.4198,104.2658,50.0858,45.3369
586.5679,104.5327,50.0411,45.0676
586.3281,104.3535,50.0494,44.8900
587.2648,104.3495,49.9011,44.9206
587.2131,104.3013,49.9328,44.8688
587.9031,103.8270,49.9273,44.6635
588.4920,103.8936,49.9796,44.6315
588.7568,103.7655,50.1386,44.5706
589.6069,103.6263,50.0890,44.5424
590.2160,104.4534,50.1042,44.5406
590.6196,104.3335,50.2346,44.5525
591.5059,105.2118,50.3234,44.5676
592.3706,104.8525,50.6060,44.6950
592.5770,104.6711,51.1065,44.8414
594.4651,104.3156,51.8608,45.0543
594.8594,104.7114,53.0273,45.1600
595.8676,104.9866,54.4091,45.4164
596.2020,104.8085,55.5475,45.7336
596.8060,104.2181,56.5488,46.0519
597.2198,103.8727,57.1897,46.2757
597.7722,103.7641,57.9335,46.4191
598.2942,103.6917,58.5325,46.5541
598.5795,103.4995,59.0846,46.6437
599.0765,104.0143,59.4278,46.7833
599.6791,103.9026,59.7185,46.9296
600.2169,103.3430,59.9114,46.9865
599.9283,103.8543,60.3358,46.9440
600.5593,103.7441,60.5227,47.0717
601.2888,103.3955,60.5611,47.1922
601.1505,103.9785,60.7924,47.1495
601.3332,103.3861,60.8537,47.3098
601.8566,102.6067,60.7864,47.2497
602.9106,100.7558,59.9109,46.4862
600.7555,101.0580,55.6931,48.2462
599.3532,97.6031,52.9076,48.7600
594.1480,98.6698,52.8338,47.9360
590.8398,98.7840,54.9626,46.6183
588.9454,99.4548,56.6131,45.4193
588.1645,100.4206,57.7892,44.5188
587.7338,100.7355,58.5084,44.0552
588.0239,100.4977,59.0266,43.8566
588.3896,100.4954,59.4548,43.6516
587.6107,100.1204,59.8514,43.4897
587.6288,100.3570,60.2348,43.3568
587.7605,100.6612,60.6369,43.2536
587.4610,100.4766,60.9469,43.1922
587.7654,100.2860,61.0025,43.1122
587.6119,100.7581,61.4017,43.0192
587.8347,101.1437,61.5122,43.0593
587.3347,100.6542,61.7965,43.2680
587.2634,100.8176,62.0647,43.2757
587.6382,101.7012,62.3202,43.1558
587.2787,101.6537,62.5056,43.2191
586.7377,101.4897,62.7482,43.3147
586.5432,101.0140,62.9587,43.5170
586.5592,101.1199,63.0575,43.5101
586.4785,100.9764,63.2919,43.4326
586.4818,100.7532,63.4413,43.3088
586.8836,101.5537,63.6716,43.0792
587.0250,101.3380,63.6279,43.2365
591.2716,100.0201,62.9687,42.9024
595.7825,101.1795,58.9946,44.6911
601.5988,100.6235,55.0862,46.1827
605.7633,98.8780,54.7384,44.7117
607.7538,98.1235,54.2717,44.6519
607.8916,97.9581,54.7633,44.6315
607.7044,97.8523,55.1682,44.5896
606.7441,97.0325,55.5218,44.6711
605.9500,97.8574,55.8431,44.7677
606.1331,97.5940,55.8522,44.9539
605.2888,97.4411,56.1963,45.1478
605.7035,97.5993,56.2095,45.1795
605.4255,97.7398,56.2760,45.2352
605.3726,97.4599,56.1041,45.3947
605.6442,95.4780,55.3226,45.4248
602.4268,93.7185,52.2813,46.0570
600.6421,95.1539,49.5373,47.0826
593.4321,95.6510,52.1240,45.8778
586.9986,95.2447,53.7454,44.9365
586.6452,96.1094,55.1344,43.7721
586.6915,96.5854,56.1694,42.9436
587.0647,96.7823,57.0428,42.3648
586.5370,96.7978,57.6915,41.9807
587.0993,97.1191,58.3244,41.6288
586.7659,96.9456,58.7947,41.2735
586.6023,96.8321,59.2087,41.0427
586.4910,96.6981,59.5867,40.9601
587.1496,97.1080,59.9241,40.7511
587.1141,97.3888,60.2719,40.6421
586.8495,97.2717,60.5841,40.6139
586.9736,97.0841,60.7821,40.7567
587.8557,97.5421,60.8838,40.6457
587.9161,96.9840,61.0327,40.8157
588.7280,97.1297,61.1670,40.8521
588.6547,96.8235,61.6290,41.0038
590.8049,96.8168,61.6027,41.2577
595.7993,96.9376,60.0701,42.1602
601.7339,100.8264,55.5563,44.4723
609.8263,98.3994,52.6070,45.1659
615.4971,96.5290,52.5794,45.1100
616.2676,95.8815,53.6517,44.9427
615.7125,96.3872,54.7452,44.9659
615.8271,97.2740,55.6162,44.9945
616.6120,97.0512,56.5083,45.0210
616.9016,97.0019,57.1668,45.0486
617.4382,96.0541,57.8239,45.2379
618.0045,96.1338,58.3597,45.2289
618.0350,96.7452,58.8386,45.2449
618.8821,96.8793,59.2628,45.3125
619.0681,96.3571,59.6606,45.3881
619.9248,95.7722,59.8764,45.5281
620.3358,95.6008,60.0244,45.4876
621.5201,96.5175,59.9342,45.3972
622.2755,96.5691,60.0124,45.4019
622.9418,96.2235,60.1012,45.3583
623.4413,95.5923,60.1466,45.2330
623.7248,95.9457,60.0620,45.1207
624.5614,94.1207,59.2874,44.6719
619.6714,92.1089,55.9597,45.3778
621.1288,103.1435,50.5176,49.5723
618.6876,94.6426,50.9735,48.8860
611.5969,93.7726,53.2254,47.5231
609.5644,94.3551,55.7224,45.9708
609.4283,95.8084,57.6183,44.6150
610.3673,97.3672,59.0203,43.7392
610.8682,97.8468,60.1244,43.4430
610.8956,97.7560,61.0112,43.3245
612.0873,98.7179,61.7266,43.0803
612.0393,98.5046,62.5199,43.0787
612.1962,98.6314,63.1692,43.0062
612.1331,98.3241,63.6652,42.9680
612.3434,98.4145,64.0726,42.8937
613.0268,98.7731,64.4042,42.8199
613.0864,98.7046,64.6429,42.9372
614.6411,99.2439,64.7492,42.9683
614.3065,98.5152,65.1084,43.1982
614.4852,98.1802,65.2614,43.3940
614.5654,98.4946,65.4252,43.4007
615.0668,98.9625,65.5171,43.5060
615.6074,99.2396,65.6473,43.5700
615.5564,98.8055,65.7316,43.7959
616.7450,99.3790,65.8101,43.8797
616.2476,99.7209,66.2490,43.8737
616.1649,99.7680,66.5231,43.9042
616.3309,99.6372,66.6434,44.0606
615.8492,99.2886,66.8488,44.1822
615.8997,99.5101,66.9566,44.2323
616.6738,99.5118,66.8734,44.4004
621.7985,98.5624,66.2216,44.1056
627.5205,99.4159,61.7705,46.1501
626.2239,103.5080,57.7149,48.1559
636.8915,95.9973,55.9582,47.9989
641.8087,94.0939,55.2809,47.5492
642.3303,94.3421,56.0707,46.9912
642.8903,93.9955,56.7340,46.5360
643.1639,94.6296,57.3337,46.1753
643.3890,94.7664,57.8315,45.9144
643.4913,94.6200,58.2499,45.5805
644.0425,94.4800,58.3401,45.3642
644.3016,94.2042,58.6808,45.1219
645.1270,95.4392,58.8608,44.9150
645.7737,95.6381,59.0497,44.7721
645.7042,95.0226,59.3282,44.7309
646.4333,95.3244,59.5264,44.5786
646.6061,96.0663,59.6509,44.5761
647.6141,96.3661,59.7385,44.6194
648.2979,95.9659,59.8890,44.7158
648.7807,96.1589,60.1301,44.7613
649.3724,96.0213,60.2114,44.8342
649.8105,95.9309,60.5206,44.9462
650.5546,96.5697,60.7862,45.1237
651.4757,97.0703,60.8545,45.3514
651.6898,96.7845,60.8929,45.5985
653.1316,95.4711,60.6295,45.2570
650.7642,94.4380,58.5768,44.2347
652.1288,93.7972,56.7959,43.2506
651.9688,94.5825,53.4956,44.9236
641.6271,95.2531,56.1123,43.1106
638.4562,96.6396,58.0074,41.8963
638.1290,97.3121,59.0758,41.0206
638.8275,97.6890,59.7467,40.4857
639.4821,98.1538,60.1094,40.1439
639.6403,97.9376,60.4392,40.1155
640.0090,98.0050,60.7313,39.9678
640.6242,98.0078,60.9562,39.7750
640.9622,98.1285,61.1777,39.7146
640.7134,98.2509,61.5365,39.5356
641.5901,98.1849,61.6945,39.4693
641.7848,98.5972,61.9073,39.2330
642.3981,98.5166,62.0205,39.3176
642.6218,98.2876,62.1814,39.3905
642.6105,98.6868,62.3900,39.2578
643.0469,99.1098,62.4262,39.1611
644.4305,98.9072,62.2291,39.3397
644.6529,98.2368,62.0928,39.6610
650.1899,96.9297,61.1718,39.1462
658.1696,97.3887,56.8230,41.3529
660.6101,97.1346,52.7824,43.0080
669.1984,95.5410,51.6726,43.3564
670.8219,95.8192,52.7018,43.3034
670.8012,96.4377,54.1230,43.1966
669.9467,96.9567,55.2048,43.2299
668.9666,96.8293,56.2984,43.1919
668.7496,98.2538,57.1134,43.2352
669.5688,97.3024,57.4681,43.5057
669.4495,96.8036,58.0182,43.8391
669.7425,97.3755,58.4562,43.9731
669.7077,97.5336,59.0099,44.1274
669.7499,96.8993,59.4234,44.3471
670.2430,96.7499,59.6436,44.6294
671.3547,97.1213,59.7514,44.7417
672.0820,97.8484,60.0235,44.9217
671.9994,97.6015,60.2643,45.1188
672.7289,97.9281,60.4197,45.2485
673.3877,97.8287,60.3724,45.3161
673.9367,97.7396,60.4553,45.4770
674.1199,97.5005,60.5732,45.6765
674.8242,97.8242,60.5316,45.8643
675.4680,96.7412,60.4176,45.5122
675.3790,95.4037,58.7612,45.0326
674.5283,96.9175,55.1933,46.8336
671.7755,93.4346,52.7976,46.9739
664.2466,96.1187,54.1993,45.6377
660.9447,97.9104,56.2552,43.9396
660.4730,99.0744,57.6617,42.9315
661.2026,99.5466,58.7211,42.3698
661.3099,100.2238,59.5909,41.8719
662.3824,101.0082,60.3328,41.5929
662.6630,101.4270,60.7305,41.4935
662.2111,101.0730,61.1271,41.5461
662.2952,101.1478,61.4050,41.5821
662.7369,101.7459,61.6637,41.5581
662.2557,101.5552,61.9640,41.6334
662.5919,101.8584,62.2223,41.6605
662.3588,101.5581,62.4711,41.7613
662.4324,101.4992,62.6781,41.9129
663.0575,101.8056,62.5340,42.1256
667.5408,100.5498,60.4912,43.1894
673.4222,101.2757,56.4361,45.0437
675.9054,100.0127,52.6898,46.1032
682.3935,98.2969,52.1419,45.7645
682.8948,98.4750,53.0656,45.2203
681.8995,99.8895,54.2393,44.9555
680.5574,100.2808,55.5196,44.9136
680.3719,99.6649,56.5122,44.8248
679.3420,100.1061,57.4328,44.7448
679.6078,100.5643,58.0720,44.6168
680.1711,99.9406,58.4956,44.7860
680.7233,99.3839,58.8372,44.9292
680.2228,98.9599,59.1373,45.2893
680.3641,97.9775,59.2530,45.4831
681.6912,97.8237,59.1073,45.1382
682.3325,97.6855,58.4540,44.6403
678.6869,95.6349,55.3793,45.1297
680.1804,105.4932,50.0929,49.1259
675.5979,97.4487,49.6060,48.6315
670.8450,97.6163,52.2210,46.9990
665.5862,99.5147,54.3617,45.3890
664.7688,100.0514,56.2435,44.2592
664.5096,100.9665,57.9617,43.2657
664.5222,101.2025,58.9590,42.8415
664.0293,101.4997,60.0911,42.2797
664.1868,101.7386,60.9398,42.0426
663.9412,101.9336,61.7924,41.7832
663.4902,101.8993,62.5790,41.6580
663.4480,102.3300,63.1942,41.4939
662.9193,102.5425,63.8078,41.5407
662.6842,102.5207,64.2613,41.6908
662.9081,102.8235,64.7132,41.9227
663.1045,103.0004,65.1044,42.1531
662.6749,102.7735,65.3673,42.3900
663.1849,103.1235,65.4303,42.6591
664.7178,102.3396,65.3396,42.4539
668.1107,100.8163,62.1740,44.3544
671.8591,110.6541,55.6263,49.6548
680.0355,103.8907,53.0964,50.1815
682.5269,98.3163,52.7505,49.6161
682.7927,97.3255,53.9329,48.4695
681.9910,98.1802,54.9767,47.5512
680.5911,99.1560,55.8624,46.8875
679.5858,98.9767,56.4843,46.2962
679.4995,98.8768,56.8334,45.7941
679.7514,99.6036,57.0648,45.4739
679.1664,99.0803,57.2978,45.1824
679.3481,98.9973,57.4903,44.9894
679.9745,99.8284,57.6570,44.9139
680.1274,98.9628,57.7660,44.7184
680.2669,99.2875,57.9069,44.5412
680.4443,98.9419,58.0983,44.4225
681.1855,99.3600,58.2117,44.4447
681.0722,99.4682,58.1456,44.4816
681.1792,99.6659,58.1987,44.4446
681.7947,99.6065,58.2741,44.3620
682.7346,99.6216,58.1994,44.3861
683.1884,99.7992,58.1045,44.4340
683.6061,99.4882,58.1709,44.3412
683.6357,99.0019,58.4949,44.3252
684.9490,99.5371,58.5323,44.2830
685.9086,100.3436,58.6409,44.4367
686.7940,100.5627,58.7740,44.4673
688.1392,100.2714,58.8161,44.5780
689.0244,100.5589,59.1903,44.5711
690.2447,101.9946,59.5900,44.3906
690.5322,103.8608,60.2122,44.2755
692.3981,106.0644,61.7058,44.2148
693.3080,107.6787,62.8321,44.2942
695.4329,109.3947,64.0059,44.4392
696.7437,109.9006,64.8965,44.6484
697.7602,111.4349,65.5974,44.7451
698.5771,112.0150,66.1667,44.8809
700.4439,112.8512,66.8206,45.0221
701.5491,113.9581,67.2303,45.2243
703.9642,114.1692,67.8026,45.4371
705.9343,115.9300,68.1868,45.5432
707.7393,116.5897,68.3277,45.5862
711.1555,118.7407,68.5366,45.6179
713.2207,120.5090,68.4439,45.6965
716.4072,121.8581,68.4524,45.8250
719.6367,124.4316,68.3654,45.9105
722.3703,125.7811,68.3914,45.8619
724.3806,127.7003,67.6240,45.4579
726.1823,129.2598,66.5508,45.0679
728.5833,131.3644,65.5573,44.7021
730.5855,133.6392,64.7318,44.3729
733.5929,135.3124,64.0087,44.0663
735.8063,136.4261,63.4627,43.7654
737.9726,137.8977,63.1395,43.4954
739.4103,140.0851,62.7710,43.0967
741.8618,142.0271,62.5303,42.7861
743.5361,143.9791,62.1593,42.5939
744.9446,144.8058,61.9383,42.5285
746.4510,145.5413,61.6643,42.3328
748.2372,146.5711,61.2916,42.1508
750.1640,147.3207,60.8163,42.1180
751.5969,148.6435,60.0978,41.7065
752.5390,150.5743,59.2449,41.2745
752.7670,152.3776,58.6324,41.0546
752.8945,153.1327,58.2690,40.9960
752.0330,153.1651,57.9992,41.1193
750.7422,154.2940,57.3947,41.1813
749.9831,155.0797,56.7683,41.1108
745.2543,156.8367,56.4991,40.9327
740.0467,158.6517,56.6341,40.9153
736.0489,160.8603,57.3320,40.6656
731.2633,163.3789,57.7563,40.1607
728.6454,165.2155,57.2505,41.4976
727.5709,167.5175,55.5953,42.5246
723.8644,167.1595,57.5200,40.2906
714.4021,176.0213,57.5772,39.5127
706.6469,184.1772,57.3688,39.1068
703.8271,190.1290,56.8279,38.5692
704.8915,192.2366,56.8197,37.4812
704.3734,194.1683,57.0732,36.4146
701.6124,195.3606,57.5882,35.7157
698.2842,196.2147,58.4041,35.4309
694.5413,196.6570,59.7453,35.5148
693.3978,195.4595,60.9761,35.6481
694.2979,193.4857,61.7949,35.9526
695.2086,191.1941,62.4325,36.3163
699.1281,188.0807,62.6323,36.7774
709.3336,186.4288,62.7690,37.0579
714.1495,191.0522,59.5870,40.2188
729.5555,190.1607,57.4531,42.3659
731.9810,178.5573,55.2849,44.1472
728.3957,173.6823,54.6938,45.8764
724.0909,173.1471,55.8671,45.7749
721.0669,165.9840,57.2257,46.3492
718.4694,159.2800,57.4717,46.8134
714.1839,158.1452,56.0822,49.1024
712.7692,156.9361,54.9938,51.0917
713.9698,153.9802,54.2062,51.8628
713.9465,150.8848,53.9037,52.1972
711.7647,150.1131,54.1265,52.9458
708.6594,147.9991,54.3852,53.6426
705.5109,147.1293,54.6519,54.1995
705.9795,149.0903,54.2592,55.1622
707.4593,148.2089,54.1595,55.2437
712.4492,148.9538,54.5481,55.6410
716.8568,148.0230,54.5379,56.4990
720.2605,146.7600,52.8413,58.5156
723.7040,143.6924,50.3478,60.0931
725.5698,138.2632,48.7018,59.9436
2
0
0
0
0
1
742.3585,199.4786,18.4790,48.5124
740.6682,191.4990,19.3576,47.5542
739.3168,187.6757,20.1425,46.8591
737.6306,187.4889,20.4621,46.9571
748.3806,187.9162,19.2220,47.9128
749.4020,186.0711,18.4011,48.2034
749.1833,183.7111,17.7984,48.9665
749.3705,180.7765,17.2079,49.5690
748.6562,177.6327,16.8361,49.6416
745.8235,174.8201,16.6458,49.4388
743.2204,171.7034,16.5513,48.9086
740.7712,172.0444,16.3476,48.7249
737.2994,174.3151,15.9986,48.7700
735.2872,174.2002,16.0461,48.2470
730.6536,168.3396,17.0377,47.5418
721.9831,166.4765,17.8667,47.0415
716.8710,167.5731,18.3279,46.1601
716.4755,165.2140,19.0165,45.8815
716.0204,163.0942,19.7850,45.7479
711.6815,163.9118,19.8157,45.9095
707.6239,163.6535,19.5317,45.7374
707.4978,160.9039,19.7579,45.9969
707.4529,161.8533,19.6485,46.3782
707.5749,160.1168,19.4851,46.5894
703.8460,158.7481,19.4853,46.7757
703.8359,158.0507,19.4041,47.2827
700.0404,157.7712,19.4925,47.7737
699.3225,160.6762,19.2300,48.3130
694.9039,162.5179,19.2725,48.1873
693.3383,166.3586,19.0071,48.3541
689.6518,171.6834,18.8412,48.4771
685.8840,182.8537,18.4462,48.8672
681.6949,195.0748,18.3194,48.6812
677.3492,210.8876,18.2410,47.6821
671.8062,229.5066,18.7610,45.8015
665.9868,255.5605,19.7679,43.8491
659.8579,267.5428,21.3687,41.9046
663.4741,269.1111,22.2095,40.8519
662.2259,270.1060,22.8491,39.8063
660.7869,271.2521,23.3987,38.8912
