197.5,203.5,170,149
190.77275509413926,203.2251876905334,172.4582682693631,149.92736524049997
194.60967882520592,205.45911866564327,173.91168196903396,150.61839163027656
209.6286658224303,209.49936030515596,174.72047158542506,152.27128962261347
224.00969691607946,205.9252105174886,175.32655438714042,153.940024054363
235.95462772320502,204.23923222060336,176.07266574957384,154.0378133488629
248.86550127285545,200.35722204478478,175.720380091313,156.19762332376052
263.3110867468657,199.54627075686545,176.94491463340484,156.50842207879842
258.8578733626689,194.38255978089376,175.3888484589884,157.37275980985558
229.0087500393808,181.73854888131598,174.51283820859192,157.38799642224353
188.75386775867779,179.13934133173188,174.56411430564248,157.6767139887579
157.6531031976027,178.18163493341518,174.5803254346286,157.51105230914928
149.35855540935114,170.75618213227048,173.8603504239735,157.3782600202033
162.12664611637098,170.2730544035236,174.80600151420626,156.84221569208307
192.44413225305138,176.3697925476504,174.47177997326736,156.3660569850062
240.3705468552003,182.34259419243836,172.48196499016092,156.97628751195862
291.0817360660353,190.064190601425,171.44363503040495,156.72033910926854
309.90713730573475,191.9851516983672,170.74927252292997,156.54326977297387
288.4967279214841,198.28090416474987,169.04113392448792,156.6816346827378
234.19818490884057,198.95960006095368,166.46969425397415,157.82179337784848
185.27248728246383,201.83208607660413,168.247938871962,156.72049333598852
162.18977283895856,193.35828274797507,168.34977294085732,155.78322755672318
159.3249838865176,182.17560739197097,167.55180920831856,155.58877716704683
166.149127544578,173.42303724913867,168.57606446421926,154.62955244721826
179.60277505297958,172.05291486717354,168.59807738503815,154.324867706754
192.0248334679298,171.61816853318743,169.38771719271097,153.52216601303948
201.49485240345962,175.1569511805165,169.46133593786226,152.59865869796508
213.60402498598395,183.12938497196956,168.94582776317003,152.25074259973917
221.820805360718,201.2039311565541,166.3552292787166,152.88303755967166
221.89599426012649,226.9145888417037,163.58329543627474,153.0236385406908
235.87897819518642,258.0176605927779,163.3352020931324,152.63148658517332
245.18882352345895,262.26424756071685,163.28253376019572,151.42646009878882
236.40311095815997,254.2427593820482,163.23917846476832,151.21269397870907
222.33097995308228,244.73405701626888,164.51975677436218,150.23884581109783
204.6721306033415,233.60208952504388,164.00263186544535,149.16782557809373
193.67011143443062,203.77051359591567,161.99342175966353,150.93628596906495
196.488202518536,179.60282012112165,163.35988985237807,150.7570130370612
204.2408128367304,187.28839794664674,163.5912205007793,150.8390253013553
227.4831019315178,218.16913033742884,162.6699510270248,150.62319574317976
250.03663104264146,238.9020020167017,162.15020359579313,151.13703612486842
262.4203462230571,247.26929453270347,161.80993349802338,149.25377898898302
256.8772631183333,238.52896359084863,160.84229244886495,150.1057673192259
245.51404946511832,205.87038572396477,160.7037066327364,151.38184639283736
210.48349341915116,178.07733671054467,161.24688964752227,151.57608727246077
171.65980523514557,172.35495982488675,160.47872341299438,153.027391832656
141.2158898623143,177.722177259411,162.3883971151999,152.0059553538052
128.27463313295374,191.87400888572756,161.1918147334669,152.2649198935305
134.57485744607425,205.34563797587907,161.455374057055,151.99484133969239
145.0922785950986,205.46915688565502,162.29079962704827,149.81158168214301
162.03769508069206,206.84414479523934,161.5258821832051,148.68256740987223
187.91661552296048,203.50452353192466,159.9939896324085,148.83559438321794
211.44383282716603,208.31222987279494,160.80480465778643,148.75216793804964
233.40523285324844,224.84400476616145,160.11280904898103,147.76767775214668
263.07622721800595,242.92694257004462,159.51158875208318,147.99874046835495
279.62611233066644,248.52778128879777,159.52032377578567,147.33890358413237
290.26647863733376,246.01969365123472,159.0719294955809,146.46183077805122
271.85367084269325,240.209906055102,157.60249732485215,146.50523028061937
218.60849172231454,213.8668357174829,155.6523572135588,147.3293371118634
168.55947911127663,189.1179339485235,157.35009862215804,147.21392424963577
177.9297454000802,193.53888284562828,156.616224598628,147.7172660947084
214.7749888745098,192.85989043636368,155.56113651451494,146.9273837104788
237.10603768860042,191.4408777752722,155.277102088238,146.22988990958436
257.3408902300364,200.70099467929327,155.35797226171377,145.20697627671314
274.7017843770678,207.5586753244593,155.26719211584432,144.9996668586345
276.81723817348984,227.01090041132198,154.16718514441436,146.08770173129588
270.1006016287995,247.88669763468567,153.15317067428572,146.42632868959777
256.39421799509427,261.89237153646195,154.08033079447944,145.3810300803812
252.13168308655293,264.29826277952833,155.29664712111412,145.0201386121622
253.42507738987547,258.3841039555511,156.49062142531193,144.32770430699168
235.81280871719596,248.83275160115517,157.88613731681352,143.66035133756085
212.51701464550234,243.0611805364016,159.0954546472125,143.32417618343763
202.90017724715833,235.9590929207477,157.54956744744055,143.6123129015618
208.18511301086176,229.56681937194764,157.56105673698923,143.1302136139691
222.43843730049258,221.47350857255753,157.31638058509574,142.46246891025908
229.0126159220493,210.30321321813378,156.41216301330806,142.42575363460952
225.0533063704857,177.22211916299617,155.19861430027314,143.51393661793162
237.35427326983256,158.79280759560638,155.96955380785377,143.20499917531862
252.16210378414831,161.43682814108533,156.7185091732653,143.189685096995
262.02757235448144,182.68455774921506,154.80514748731093,144.44972667419256
267.8925699858152,218.9103647963708,153.5868433180882,146.11868753105293
269.6431637464444,247.09188979514522,152.52578960687325,148.18024385674627
257.0939526660071,267.18843980951203,154.09368274553088,146.59871990833494
224.347370714539,268.1954202342409,154.07717257620155,145.33677149049882
192.8639351644581,242.6420995793892,154.5551902217735,144.48137285269237
167.34026033640555,216.82137934385187,154.61945806025167,143.90404425028072
160.93467983805635,189.7009064408671,154.10235863519708,145.04433926889675
167.98231863671867,174.69305985552012,155.7615633071596,144.41327531373622
177.8774579478842,182.25226450854927,157.05389576881288,143.89139119993862
189.84181644833404,210.84612576396557,156.0951551930841,144.33530244765095
194.6420572048254,246.00086706798572,154.40408797148325,145.6993122712513
195.09262776290586,266.7309477908702,154.1304500119843,145.75306302641013
192.4079463501379,264.1534436355545,154.25487875548896,145.7434456923577
200.6871921036746,255.20349807876153,154.97192855395758,144.97195199454222
213.38993933618926,237.75864939842592,154.57206267474368,144.8902557700084
225.8458726040093,212.95438030704565,154.72933561969447,144.8010209730326
227.2984237282118,216.40179855383101,154.32093222764317,144.1920016257631
216.48688752058325,220.43183501744846,153.72733937495593,143.19589592646403
213.55708061768934,211.31212132366747,153.61921884389074,143.40762098248302
203.38806976546425,201.24738779871785,154.36469217797958,142.17296945633242
175.13674650835497,186.83687268507907,155.40383771563563,141.15841313575845
162.57865580135729,177.72278180410817,155.63823278319543,140.83792126793952
172.59692886959397,186.44353391437517,155.57453363158538,140.6061662692073
207.0313884088327,205.62550018143017,155.38503502429933,140.98111389256798
234.10206304053537,209.3410938188815,155.24666885415567,141.88296399406914
239.7676220135374,224.3194217481509,153.6352517214451,143.90887496902644
217.39116301624784,240.15251165655684,153.23264069380744,144.68255263512467
173.6113411837007,247.14487828431936,153.01796947853063,144.94478860262214
132.97946606578301,243.12675002416862,152.81068852540113,143.79754769402956
127.12439422536475,215.98095620383089,152.0510093226317,144.77664296409955
136.2741376962373,191.76296407137588,153.21267731863074,145.16151410034746
153.997050082414,185.6555507884798,154.17038266712694,145.88484076532177
202.3734822320622,193.19266603937695,154.22919439322115,145.44495913285118
226.3193793874125,202.77795926285856,156.30311358349712,145.21205960605397
241.58858435461778,198.46098599567665,155.46026410440885,145.1407000872562
235.0124075151624,187.21082282530875,154.9440157935735,145.01108067298708
214.69804468800658,172.5616985746426,154.35846227308048,145.55488886670216
183.41224130474768,157.74889312598316,155.09542853666858,146.0245263295728
165.26856840494347,163.37443865026245,153.94734190219498,146.4836794597862
162.9899577277788,163.28432436764413,153.45894758345912,147.31951262592924
175.3409300085478,148.899255005059,155.24626655646705,147.54107308877045
235.58799989611168,132.2466259110626,154.10205659090957,150.3904310845024
275.28412291902606,129.8593058875308,155.62199621402615,150.39674484906482
292.7185571275258,126.50675048302855,155.37206624307157,149.14523591853686
284.34499206621217,126.98399726586325,155.7605919345465,148.64332346048388
257.6254765406507,134.70566419706228,155.95235812360886,148.872700016787
220.18118917534952,153.90079374237996,155.2638759694456,149.47224042566333
198.5525010051394,185.1784082007565,154.12760988432876,149.78507638928133
189.7497218474544,205.5549769142796,153.06858117882476,149.3753227512977
190.3035422460189,207.15011143312225,152.96751775424667,149.44398535042268
197.985773023683,192.48289271063626,153.52899289783204,149.6768278704679
212.28530798577842,173.08450636380627,154.9044255371178,149.54259699357124
227.4510325818263,158.5046523550979,156.1883957328394,149.55014055175943
234.11702933004145,155.64730252115606,156.4185989679765,148.42553005042316
231.80920656597524,168.17553258276433,154.87122197795094,148.96419894026818
216.36206718291496,173.78726687234132,154.56368037053636,148.7471571723324
192.61882948535407,166.53705374466557,155.27106869900774,147.9804096605941
167.08357202629432,145.01057733541882,155.94156683245927,147.88814458357976
152.33590524500184,131.101953943608,156.53872610915556,147.5581631262346
129.39474178710793,133.6809547394094,157.3550625769453,147.66121700414476
124.91267142349734,153.87406234344743,155.57686130892725,147.5934260209222
135.57133393139114,168.30344826084593,158.3329615861084,146.79575609957735
171.86709933294762,166.59345327401599,158.12180950613998,146.9630655331524
207.3312768629015,156.82601423405464,157.63309830609552,147.1210705967177
243.12780126468243,158.52132055677055,158.65682501522892,148.3816806571269
269.1854061320324,178.17080271754332,158.8673484653434,148.66791759900914
269.8273183030484,187.33693062484508,159.09702934372473,148.07478989719854
251.0264916630492,194.19081152967055,160.02772315106682,147.87663444893678
228.5528156603254,195.09219059184218,160.82735100490308,147.39838236898134
203.36559751845598,196.53080313904437,161.44833117291927,146.67786241564448
163.02497311838152,197.25480096179405,161.34800190910335,146.80294206463978
143.90711848293563,195.2438429277846,160.28896859576662,146.59839100009023
160.13251001327578,193.08405649563375,160.537629352225,146.69121492106314
193.44203310596828,178.57653884328133,160.3847391726994,147.1687288634633
205.4743199112774,152.53488627434893,158.07117645685648,147.5709350633398
213.50010210600604,119.205657458265,157.66126035994074,147.5798870802733
224.11401037051345,109.00638612513869,160.55867271276185,147.2760142802173
242.45761780836636,118.75904129217514,161.7454850892533,147.3077961550067
255.27264545274335,140.5595379728397,159.7152909455189,147.1300854169686
267.1082377420503,159.37982469350817,158.45291793611884,147.31240702568053
271.4182369945879,163.78183675302796,158.34259254963484,146.53991519423857
269.71390850410535,166.38442907550933,158.04049918918463,145.38891498607396
265.9981334138946,168.83052322383747,159.6693583867875,145.1729757166698
260.62983345884663,170.91908557443202,160.70185864173206,146.82927081528544
236.32149352729095,191.42475633676383,160.49042876363254,148.23779775986011
217.9676859515638,207.7792731581197,160.99744042997938,148.04931770601553
214.55172198554482,218.32293081089114,160.63692069966385,148.6847997942715
225.0242301479847,206.42843521316922,159.48623306435928,148.44727884371923
232.9038046620769,185.02097255043407,158.59300982505425,148.23162937060553
235.48433904205328,165.5228811297563,158.3510861723708,148.23156205937318
242.36602460546135,157.66278091482553,161.15263928566696,148.39557009116342
257.5298577302759,161.88596334916718,160.58977024673115,148.62742311035854
259.5731538087261,177.91277765335448,159.76984855530023,149.41784967776522
251.1016072076007,186.41573028655367,160.4902874148996,149.48946096715298
220.5839580049863,202.5455496475573,161.66709964459133,149.40465363552659
207.13169249966577,212.26621566536392,160.83708208650677,149.5206698512561
199.69532429689548,217.38965571003268,160.2430836058779,148.74799477900842
187.71035364261184,221.83870075295283,160.81630593556335,148.1692253718791
192.45251361211217,214.58800182830183,160.203101681072,148.36566106297795
210.53600761231226,193.52437585660115,160.35433191187298,148.0534255491039
242.10154027827966,175.39958260791826,161.04371259434248,147.62103572811031
279.0289975010208,162.22869106394862,161.53762169622345,147.9950167683201
301.08294131023956,156.6087389468581,161.8363121417508,147.38276436340203
292.77240761030157,162.9150658213962,161.41963692688068,148.3126950335763
258.0714439291163,170.13077201017447,161.74701747528638,148.7926205084978
213.20253020991467,170.45624516363876,162.5513656046076,149.76023701914278
168.841380069345,178.19171009173425,164.82920024853993,149.58516649980479
151.20558162119738,187.58227568875958,162.73283526129026,150.3282738921799
160.31996512657878,192.5391735318592,162.59299456583506,150.8715914719719
179.73388551891577,192.39736990581838,163.0326861297939,151.44376713135065
211.54484542012648,171.42378405673708,162.93275042771424,151.49728495988438
224.42296657932826,154.2071881136414,165.7669889137541,150.96756333289215
256.8269393395279,153.20746352978907,167.05045879862823,150.24100885374622
290.31230767570634,158.3369766155788,167.39793654277528,149.4690251092297
313.4034483514397,163.44970971065044,166.59463392055653,150.01943877901078
307.70159112999966,169.95123164423788,166.12757600168135,151.60740595919918
255.66679074693207,170.65438679241714,164.8114650978946,151.42012425495034
196.07344456027687,156.78057305977248,164.53336712696674,150.8917640951176
163.29728751212565,156.45940096854127,165.35059668957774,150.4250760042875
174.73822168389083,155.50341437556014,164.81950883310793,151.1075094382432
197.7022674344508,152.0940930472613,166.55055505781806,150.42033086681352
209.68819382068511,142.03746217522254,165.4196790004373,150.5064376884057
203.67964942672927,143.2874240875899,164.89694616359319,148.28517824398295
212.89062944975757,181.5480607615437,161.53921799009515,148.58642229109492
226.56298486521993,224.0802898579932,158.33481553929738,148.81204130766852
241.54437012732805,264.3040419529191,156.71149394391415,148.7045487144964
249.8476575526655,286.9557527572982,156.11560596762888,149.66960549929286
245.7872763980252,287.282309085896,155.338821508721,150.49395465697773
235.34641661403788,259.8771790225252,154.54809959415172,149.61172515969582
218.472262411485,228.20974227674424,155.4288199560446,148.69855940565228
207.19106832789254,200.91685903031234,155.06658654119823,149.68325930916063
214.40406740424038,180.58879780540366,157.13610230451823,150.82081181268893
235.38006103116896,178.96886155869547,157.24354040466497,151.7943075723254
261.77015706349493,181.53228187614707,159.3843535890365,151.72692948472442
288.0108263154931,186.23888207561893,159.85011286336038,151.56896952614937
293.7339199614687,192.59592760038282,159.85376134869196,152.04150395727348
285.38572163359606,203.40769128878512,159.90443656889036,153.02785702785656
266.9038301611263,211.67597023206017,161.74979223721863,153.28216217841583
249.5772266818068,216.6660545718336,162.4599106643634,153.0475016928387
243.66966045352493,213.1918642684206,160.70756207997255,153.42181804490392
232.62580393035287,200.80628057541549,160.91951981625806,152.21728886719347
217.85257292067064,189.4439498586327,160.84002243926022,151.51672218186258
204.74567891392323,172.600400518732,160.76085314684684,150.94894186386125
198.7453205853252,146.8192687082762,160.7394760311547,151.70734195938218
209.2675333204766,146.17036950255385,162.08124478997792,151.66728372047442
231.42059792886855,153.66178393847775,161.85010870673892,152.31304161773062
251.1821109015524,169.50697974014818,160.44039452894935,152.3418673148048
260.73397604240483,197.34241628511415,159.29844670268884,151.67495006593734
273.45840678062814,222.2615632747918,157.95363490885933,151.58653401626955
268.09637458956837,243.78817999961646,157.8697530858398,151.3468763112491
252.6115629889962,254.22238806923343,159.73631079626142,151.6618307622251
230.36128777370263,256.47277895420217,160.04401683597945,151.25556383908938
208.52922515171738,251.07198507804083,160.0044677635437,150.2645013686338
196.3239301722105,236.14374420031373,159.17378384255255,150.17698860199323
194.4387581552964,209.0838193133269,157.83928712091813,150.6873527497462
206.5379225832088,178.1452058437405,157.3744616067681,150.77827902973928
218.3120531102278,143.5812885148497,156.57041556432682,151.1324244175014
250.62784484784876,113.09657012069684,158.39261321701457,151.41201516698874
270.3010516469901,114.0738195417464,159.76369839802877,150.8524927023768
285.4383236181005,120.47847788696853,159.72999155297592,151.65766175259415
294.7800946622949,131.59257738881462,160.25242022874733,152.85907204760804
297.6463541632704,147.77293794144805,158.977772663869,153.98169215938222
287.49804574082657,164.62073821761015,159.0530817542401,154.6194274835228
274.7767002521372,184.71366944503566,159.30101336272236,154.66111172056634
255.2875366510949,201.5988739647779,160.1073015328245,153.63840623332797
235.5544175339632,216.2446618417919,161.60750583154106,153.07322894731755
216.01955214572902,223.1226429313777,162.27906232212075,153.0396350085024
193.53777650420574,221.15965272469288,161.94258766522594,151.35388579998482
155.6770140172414,203.5820324652408,162.93151528808042,151.08397830863512
150.9034596309086,183.1899807151156,162.51202745735242,151.48932051738157
181.75848845264284,172.71122311998369,162.53650121647186,150.74843330286024
212.84446996453514,154.48648169361485,163.239175796447,150.64050877644752
228.79649130469173,146.09417649196186,163.3612370895225,150.6859204950611
244.2964530902746,156.90952363370437,162.52363460905497,151.4361504364296
243.02558289276328,173.63735018499204,161.83845463779042,152.47940633043626
228.54430554983952,181.91095294854074,162.80430712942407,153.10494936901273
207.54400224689954,186.3128440072625,163.80752298823367,152.44471812437195
206.65338441062698,188.15162012255928,164.54366858147128,152.58680891440827
231.55706082270513,189.96743412818924,163.3897352519439,153.53682877607315
266.9195256860381,188.98608525501038,163.41481315467243,152.4595730522008
278.63527371410436,172.1958524785402,162.49157782546868,151.82271148722126
289.4815259120204,159.5842058804313,162.80676767402133,151.241841704313
305.8298377050771,150.05831734881306,162.46008534157,150.79092368393134
317.45673429596,146.79938286187434,162.25812435890083,149.00583416934447
299.0330140352969,157.28505153105056,162.22579650864506,149.6122231951277
263.4420521990573,179.59315422944786,161.88966140426885,149.97104679003237
243.95353585588478,186.98228468336845,161.45653784061386,149.90730919762086
241.85581217513143,196.51816638519495,159.97786620645405,148.92686010976374
238.4263885151554,200.2278517467376,160.19347164408188,148.12642115700316
212.1768472554055,202.433869116479,160.68881957495867,146.25753922666343
203.917145043665,203.37862152813364,159.6497179864768,146.10483590844294
214.61058222727843,206.5775952007993,158.70560599412786,146.23381269641243
248.09461454524046,199.8574618636857,156.57453171464905,148.3222021581152
308.0633893565067,192.0844299703873,155.81914151594464,148.8762224495338
364.43135651979253,187.40883440434246,154.80522257023247,149.52456514717522
407.75668100234236,184.4715014218735,154.32319085366788,148.86248079549324
401.862733120329,190.10750569102612,155.48567081569274,147.6047191978008
344.9055379959732,186.2471544775259,153.9904693895997,149.0236433083035
344.9055379959732,186.2471544775259,153.9904693895997,149.0236433083035
243.32611544145675,205.34866746896276,154.71489677402317,148.69025386107427
219.82964770636863,205.32204572568008,154.6866683037697,148.51318178157672
218.49623622871172,204.61691143813653,156.30558629082182,148.8105452119723
221.4504121176385,203.2583592234424,157.09715087573068,148.54738545450147
215.05972508419683,194.14291043727815,156.10459153196953,148.58181085886125
216.84761643911878,191.77380887674047,156.75958560892977,148.07632205870246
231.571740359079,192.4584620991999,157.0460484623687,148.10594807075378
260.17102565141585,197.63176542378906,156.25806518848603,146.77615183875076
295.832544432655,198.05861943274348,154.99369766995295,147.69301827133478
310.6674998643791,193.2178366293575,155.2181540245224,147.90292517144172
299.0099062965083,194.7073252935093,157.15942834898476,146.03039959293972
271.91528309314555,195.01918998558045,156.84108350815168,145.19381172560213
217.66407791090109,189.78821058086842,158.18256705379292,144.2122194714886
174.68599603724726,167.3485734858448,158.3094995388935,143.78032499088152
150.01160063235466,141.98903927129706,158.60801645341508,144.9630202815493
159.298649170441,117.74117220454596,158.85528854838498,146.99248015357688
171.06573147801365,99.85045393068621,160.27261624281,146.9067482747827
154.77136888287822,115.20881075907835,158.67236895993634,148.89084028206094
137.89345515703127,158.4244189291917,156.14823196460875,151.2526537269905
133.31011229849878,202.82078711985753,153.84360515878552,151.53322056831504
139.25525097429392,234.2663950841055,152.87264028430704,152.91364160270973
151.58623635429444,247.56627417171785,154.30591679298274,152.43484747777805
151.6351667587453,239.21482780886421,155.06084020048505,152.27870089684467
155.61811796649636,240.5713195490939,155.90976379664062,152.29787679252973
161.76218568780317,243.80129485974737,157.6488567094347,151.53530337611778
174.47447315651215,217.73744139157833,157.74600075089856,152.1947752965867
189.6270741559966,183.41688202861852,157.00504779062595,153.08572617582666
198.7206922341528,153.90951188374845,158.61166539407918,154.05364105663122
208.8142482116219,155.7820548618326,158.86890272808142,154.23721835424712
222.95951052615388,171.20681899842592,157.7451681075624,154.99784327930269
233.44503616000355,191.01479336531466,157.26322778651834,155.64389939782012
223.1347633773587,194.51206889038497,158.0605750333266,155.65220126439704
214.6020933309292,176.51186789151922,157.922917918544,155.44421016520474
212.88563253016073,148.05685058736466,158.39149358807407,156.20320946467592
226.87592984623197,136.38625322074603,160.60719755517476,155.8679324877081
239.58544898746814,120.48027373464458,161.65663270715066,155.85307299372448
228.07613225418018,111.4189729400855,162.9182452234092,154.66254134309656
219.77121180835434,109.00663953753978,163.72232382410627,153.5024874412483
227.4728713141434,102.1331858708464,163.7066600707069,154.26982533951542
232.24899788127115,90.15386400288921,165.63679161815304,152.88662642406263
219.00749233646292,110.51647039158391,162.35153602991304,156.50433585736658
215.25335836766448,188.4427304122187,159.9044378328664,157.29987184637042
219.02669345670495,222.70255317822526,158.9909673465579,158.57028063564638
222.27376490357966,228.54952744635457,160.49421758406456,157.9512575220562
218.21809457123305,218.59636348732283,160.75586256623217,158.24762488408945
211.47583786963614,204.36410498672086,161.76417681934055,158.25039376212445
212.82959645519722,188.03078412153772,161.6722475979712,158.87563839776413
209.79315429667292,159.47023874706815,161.44992965977076,159.92124773190832
210.1248366346418,130.3896500242405,162.70332948158995,161.2073069219484
222.6862639381505,123.2540485781738,164.5723781796263,160.4961737697703
237.12170313809145,126.37323685869356,164.9650915461018,159.89657827944
259.4482470394284,129.36832427168147,165.97748531081072,158.59525194894758
287.5353863683037,121.03564213802682,166.25244829124372,158.6741217704561
289.16274812844836,122.27243278403041,167.85835003798317,158.28080671570783
282.9188577298587,127.95705251609803,166.87686299000865,159.40441087950228
279.6883854445575,137.7085184571185,166.81743755404972,160.74726986049848
271.0458618605752,141.60899499612958,167.0325555990896,160.04370743417914
240.06663932790994,154.98944336577807,168.24098540563108,159.5672955581634
204.06321416439138,178.32849237895215,169.2718149196799,159.08050078498908
189.64128160903417,197.537302824402,169.08831720690802,160.31706614286875
184.32047827653338,211.27605562569926,168.7590195216288,160.41924384410717
185.86462572673065,216.06957170709344,170.49007295650037,159.3693363151079
178.37376519462347,210.98167945045276,169.31292332369327,159.7087083985797
175.21077476170353,191.10705433938801,170.1819134706916,160.58328668467405
179.46680687398472,188.77921898412714,171.66122040091437,160.2944898506401
191.6369969978822,191.25531257490104,170.63792160453545,161.18717180590258
208.7757022371389,196.53465166407972,170.39025050590485,161.3528636302918
238.89639546032748,197.0247687088869,170.6375077057679,159.99475442122974
276.06543899863914,186.34887532914553,170.6522267204532,161.04484058867146
317.5436913120166,180.69198185875564,171.26277684223336,162.09205076248347
339.8719432533507,163.66896500531212,171.96871497616678,163.5474587064311
331.8971622706599,153.73633585583548,171.95909897066207,163.8216830698375
303.93163550234186,154.1689382369056,173.01333671139983,162.77907394871423
263.45062640066635,154.1762939706187,172.7131021071337,162.52070842390444
225.48164796636775,147.9062503066852,173.3784073033676,163.35060497876123
201.87218435875963,149.78754473310954,174.7113253022752,162.82466945385443
194.25069922201374,150.98942112094028,175.48952907338662,162.74401343035967
182.8363461734714,150.72828943469625,176.65057922564705,163.0762679241399
174.6346906414564,155.9144835158217,175.66344648779722,164.8959135295892
173.42142347422163,161.81521816807324,176.4426787907497,165.8663539388312
188.1698255318595,164.16335262906034,177.06526134844762,166.18601280845243
214.34445167945586,156.12105139301934,178.01538267996384,167.09273022499247
234.63875213579763,147.30933721651138,178.98424255219246,167.69202871045468
268.0762840435124,138.80880911005005,179.52044887836453,168.21587011014495
289.3086009582821,129.77983048011194,179.34805137695002,169.01473503908852
297.2482444898119,107.98500264061495,181.2773752300282,169.40260849152
279.2576784392736,111.57093556785989,183.1310964424328,167.9954153932252
266.129550003224,115.37309531088505,182.116420163287,169.38714674183063
270.3221601788508,139.08861175060548,179.78414399538286,170.4597950452511
267.35844254988695,176.91404826703257,178.8520507117458,171.43114491278754
258.2833716608675,211.89229474384422,178.2506418153462,171.96305527947672
247.3617804152819,231.05641205850253,179.5203303489978,172.38584680372455
235.2430843841936,227.5742142416123,180.00398972990004,173.09007150092054
225.68102070942498,210.98112803939154,180.88233041256711,174.11540100985428
219.72958013044948,194.88820031885868,181.96963978554498,176.36469105175007
219.4757425961239,183.6681551159425,182.5608283152495,178.8140111176166
216.7726846823736,168.4045191185631,184.35842864172776,180.68431213459223
209.77442788049296,157.07778477970552,185.00386516571606,181.61724553398705
202.30634162283795,145.02268899084487,186.57410712377515,181.86619291004823
197.76793811064044,147.40262956806953,189.28208203681152,182.53615327400098
204.72515862034956,165.52921606311108,187.18330721612375,183.68246682566593
219.2689107666456,188.1732962273237,186.43043198236953,184.32910569157661
