76.5,79.5,64,52
74.79596326784352,78.07559037270478,64.58563045589011,52.20864283914701
74.49101135884226,77.82046871658635,64.90741999438404,52.39350591547347
74.2882499337075,77.97131265424395,65.31751081750359,52.743277316834444
74.1883051028431,78.43325220553578,65.4218405469409,52.89078860464691
73.70950341491248,77.66160674607332,65.42600885944003,53.09009110499274
73.63819668300053,77.0855055134899,65.68432101099614,53.07615968954431
73.3116125492615,77.45911849036284,65.72461184994258,53.19346042485103
72.53360339715245,76.63953785110243,65.76478580906789,53.22879541896327
73.03293078322318,76.92457949635497,65.65056877677553,53.12609879141826
73.21061649175981,76.7254607183026,65.64682864346233,53.12642605060604
72.09263761853202,76.19964406463484,65.66395103606658,53.141142029107
73.22773735788914,76.15893451842373,65.52379601764898,53.12244001830207
72.9142923340329,76.34722310203992,65.57265047232865,52.95999182216958
72.88846151543999,76.0273785693332,65.4821037419283,52.799389289739864
72.4375743599328,76.06970907816617,65.40804326605075,52.855515039079826
73.00441321509152,76.22797597902064,65.28860725113736,52.75811293061486
72.71875460663892,75.53274702195017,65.17768517399043,52.560455629454296
72.72607341548172,75.6989954328748,65.1323285182058,52.47424695815396
72.78825044460127,76.25916769113141,65.18057405873205,52.502053720136516
72.72718609483356,76.26368586444649,65.1602983063012,52.36436843675788
72.61835403544376,76.03345416548821,65.09473620328095,52.33232622468527
73.26798628320006,76.28400641526085,65.16934124607553,52.14468916812934
72.87433253044702,75.83453576113236,65.21246294626086,52.161021347434286
73.99833415697297,76.09074686794862,65.2699237225211,52.120026604247386
72.1252949438294,76.75845747686922,65.37174126547696,52.05036711946129
72.68377082608954,76.50162432559443,65.5180194671203,52.090794894236076
72.78596574979323,76.89909294638144,65.4856321140481,52.04185913467194
72.47674940737207,77.5054982887425,65.34361801200991,51.86016970391712
73.28894623970044,77.4816174972411,65.0627367632391,51.80083661906798
73.02718949460626,76.47625317252412,65.02335251163288,51.92083941744297
72.97736764576985,77.02206157001362,64.90296132687943,51.74083286816864
72.6021472941919,77.88504784360562,64.71049946503292,51.781139183937825
73.32165215833308,78.39167159433498,64.50544833870212,51.607304669711326
72.73830048606469,78.78951916004515,64.65599179115671,51.61156931707669
73.28118330197171,77.88073876041551,64.62973102594272,51.67905155741414
72.43575761821154,78.27681925108016,64.5427122152404,51.56552617331387
72.89670047406936,78.47173528134923,64.46157201219555,51.63462985038558
72.85488027567476,78.45739962308475,64.26183881470071,51.59517757298809
73.37875033770177,77.35611882079948,64.12626558412889,51.642289071891526
72.99129394987173,76.93879702922172,64.14630538205533,51.6261972887026
72.32585329333273,77.61929972736253,64.29507602790467,51.487858036792005
72.83579874529528,76.71592156348369,64.16023434787938,51.48347621147351
73.49131934318922,77.00720744588682,64.14544897904159,51.283787399357365
72.59546720271373,76.67569251673685,64.13538722205158,51.21290872360734
72.47704662075071,76.89874160879646,64.06855559545029,51.31326252532415
72.16015702755448,76.46995462228966,64.08280160065226,51.421631326275815
72.867156845832,76.66618402866229,64.03574115114708,51.278133768484906
72.74119272424153,76.85155055723914,64.00250205786408,51.294588222060035
73.01663774166407,76.82612466390445,63.94369384398382,51.19436044344277
73.24178714896134,77.05049017729499,63.84323543199243,51.035932736354304
73.23246649567008,76.45121834950112,63.80365196740315,51.1230037852831
72.43740143223442,75.78987816618088,63.754623487745214,51.1735949089884
72.99987087526799,76.32224719617163,63.51781288231774,51.015113703541054
73.12866228599638,77.05373817835459,63.29655617494924,50.72421785882694
72.71726744030735,77.62763200118107,63.13758298027996,50.60982943745529
72.68088856640784,77.62671941430622,62.94277401736845,50.407551767205106
73.35596956578509,77.44605344006182,62.806673398046634,50.14411349159953
72.95903190030958,77.20519139836543,62.7353530374121,50.04044593432917
72.6815654937825,76.55578320320551,62.55893173307278,49.68082292683713
72.49518998971116,76.78091135090193,62.49189812498353,49.29875929970341
73.75539538643594,75.15910221917457,62.09984998717361,48.68684348646748
74.80019997172337,75.10936482457579,61.62181236696801,47.82156715128301
72.8277797280812,74.29352320924903,61.541445811558276,46.90226051567983
72.89577696019343,74.52009358990036,61.54270364831152,46.01897133165912
72.78316108794156,75.67184495739667,61.49154355879463,45.89302701875509
71.79595246744486,76.38129501554332,61.62715488586288,44.99240854108411
72.37235926336578,76.72044316613842,61.774460455626865,45.034940415438626
71.23360011321344,77.39568137020936,62.10255210493058,44.430148034968575
72.55657078620101,77.91195173716983,62.422663291151466,45.02273461656887
72.65449752300242,78.8694418228268,61.807227957244784,45.56617281454813
71.44618235151644,78.72722042146609,61.56648344136053,46.29413365983397
72.12372820279701,78.91357164952282,61.67292909994442,46.97544910514109
72.57411057945755,78.40151639718843,61.51309186403741,47.31385341159438
72.12138867694972,77.329283528371,61.19171353122045,47.84618481180403
72.43591797030498,77.99464740569528,60.882842781395354,47.69815149227509
73.15387787281179,77.42580411740191,60.4753635710549,47.546240557570314
72.90720314394511,76.93657202054833,60.28081886327239,47.80542558124116
73.29417038013723,76.89693515330372,60.03291028219215,48.27855193704729
72.64157134394546,75.68051608306348,60.49895637608295,48.171958505567304
72.95716512305684,76.69944463588922,60.212934905010776,48.23397565795722
71.86962603035391,76.4245966564178,60.40680250100775,48.25345265804539
70.27123614198493,75.73261801744302,60.48534502074192,47.45969368080696
72.53976377412515,76.75521693442067,60.53756511656891,47.28823270521956
71.93164209619749,76.4650721370649,60.38555369165487,47.82282402227886
71.69464183207978,77.57461458061331,60.74480323855942,48.15375243893873
71.39342263431904,79.3528083930558,61.06326084728053,47.77359882093548
71.4771461073772,76.23978423873908,61.10633153114526,47.43159912923322
71.69631140337663,76.87308744974798,61.35184181000364,47.28926982208359
71.29803841490204,76.60194440506193,61.80551320037063,47.50096858397538
71.32920935692454,76.98332722068866,61.876186546623664,47.56676521239599
71.24163157008033,76.18528833754648,62.0206908340677,47.58346079751274
70.90382686089941,77.41746804706752,61.92363326167252,47.45532831862571
70.71362873650747,77.72137556462968,62.01166950269349,47.377942706356734
70.73724909335726,78.74498292169915,61.982746838603596,47.29650133625774
70.45135718687665,78.99533362557301,61.935616941447485,47.27625753244142
71.02932744356579,77.26472193194296,62.01158617996128,47.21571735654541
70.55426127320005,78.26249229061851,61.968005737832954,46.92330700361233
70.41485891212766,78.91586930274758,62.03881114113964,46.94466462791377
70.33538397289666,77.03983446494196,61.77373092426278,46.79558908372214
69.90100687577825,78.19259135635495,61.473255491844036,46.83924670096635
70.60750794734288,76.78210707381614,61.45237549818225,46.66278494148954
70.36832143021144,77.42588036298545,61.20015622201651,46.761992518309896
70.48816907931985,76.68971411493591,61.355290435442164,46.58182879572767
69.61191841340556,77.05802071065204,61.42469404712453,46.59531097172702
69.33615855652559,75.53972764312905,61.250092871697646,46.740187302238084
70.4345948401394,75.69688352892699,60.858058604221284,46.826369569700915
69.94490138700618,74.30608295636745,60.730893982510736,46.977450132620916
70.13866749209998,75.06418609379458,60.65323654534865,46.69214056911615
70.09428958545224,75.01344311845811,60.37715495057834,46.465803417314845
69.4965769357753,74.10098750352978,60.199056776192606,46.07469024836779
69.4910208264312,74.38580449247621,59.98009086392035,46.1100052679725
70.59236981064755,74.15833643091055,60.09151271131403,45.82620571529205
70.81677018860249,72.7670248762268,60.18262537131297,45.31002287258742
70.49631295111205,73.77046086365353,59.89846628224129,45.09666085790852
71.16503660202657,72.56110716981904,59.48968211498712,44.5235285982844
70.9458900414707,74.60795791676742,59.761704622428525,44.2718719347099
71.72232640990934,74.17835633039162,60.06465730974557,44.35616179645687
70.36350293132922,74.52428772054424,59.79752300164702,44.393001501713
70.87020117599693,74.72903114675358,60.009950153134966,44.39129446210712
70.41677420683479,74.46895146971767,59.97648145390127,44.201286765817315
70.8273484141066,72.7942605130547,59.689118918969626,43.885992012883484
69.87307585267494,73.75848901095202,59.50594512970829,44.04867671783349
70.0610837439908,74.37537947213988,59.513827545681146,44.41691510545531
70.93807812847625,74.46780862495591,59.5070502330091,44.32591918438098
70.25545113071072,75.15740250406452,59.097576407190054,44.57704267685039
70.98267443358077,75.55234682448825,59.16658458679696,44.413156466918764
70.17189487519614,75.34248549219215,59.267287084684966,44.31247270651173
70.21520057076985,78.37948924594276,59.25382626124795,44.74155081226124
71.46557317442551,78.2264439980701,59.18166872903124,44.536064059433265
70.73594298640793,78.49373924633083,59.31513083197984,44.60908182163601
70.79546016795288,79.32468457859801,59.58102946373248,44.52482465720085
71.16125512272039,79.11635905532604,59.55737399337975,44.98437881412971
71.12791397978503,79.21360635643632,59.80996671278125,45.17273700464902
69.746915411114,80.46820990124104,59.937569442850986,45.75672273082024
70.92086413802983,79.98621196152864,59.862142940099666,46.242510276991176
70.44809889253018,80.7587177702345,59.718597388923655,46.870462994067374
70.68187280403428,79.89467758353274,59.87898992264686,46.855727872933514
71.19986023791637,80.49475199542744,59.48374221724383,47.00691552833116
71.03100548565698,79.40719237381042,59.264318583582856,47.266053955677734
71.12710333978784,78.27077834903554,59.13991734730026,47.570019471658156
71.87139304565918,79.21951693597049,59.04136486255191,47.67066677803575
71.94007598216045,78.85557421342507,59.16141178080151,47.85617290345877
71.4069803044808,79.9257795022331,59.16795748338981,48.00927967699324
71.94441484933358,80.55463940908535,59.213499193664404,48.19336570282731
71.57766730910016,80.14838825512486,59.45055571126121,48.34066610835876
71.64230472535274,80.30904083295106,59.520216864321256,48.61209368023398
72.86279290141745,80.128144768123,59.357993792831486,48.67142755340703
72.02288241700116,80.53982233233592,59.274465824629466,48.653917566392
72.92369439724683,79.24899337255344,59.22060716679618,48.684977341425714
72.27761389415856,78.39519420740315,59.327414059393924,48.80563884025199
72.56879613678177,77.78162209937678,59.36213664032107,48.72282841305523
73.09445447681344,76.98912248027236,59.25892243447037,48.63625758862673
72.90636349057296,75.24714809879322,59.36014475333539,48.49775218517267
72.73868587635182,74.78727957099294,59.38814380301713,48.42890436471274
72.8834281113034,74.24569420113262,59.37509640705997,48.5073664567054
72.74535129314481,74.17121257944208,59.59231477738905,48.559894756708516
72.47656821477928,73.89384819220528,59.669872938753066,48.45839677699356
73.74024781827111,73.50218337137812,59.57469151382811,48.27732946506514
72.96420233264263,73.42159890203722,59.81326300724082,48.33604948582158
72.61128358440223,73.02080606479495,59.98844541768112,48.36982582888901
72.32001865984122,73.29432813732024,59.991818868029966,48.32455724660168
73.34321816184006,73.56164787132921,59.82865627226594,48.5088436122858
73.46028616598028,72.46547683604147,59.718144238606776,48.464500406829785
73.92142480023954,72.26848524118424,59.638380650546345,48.493324114780435
72.875329383586,71.67354509674631,59.72171542573267,48.54492770745114
73.50694266506919,71.86759500704942,59.76035062576678,48.52892317369108
74.13034012256426,72.42920883402738,59.73472625540098,48.43589528589423
73.69153189260908,71.55176575239952,59.799933850813204,48.54230711347945
72.96976035554627,72.88789515425415,60.03161471847979,48.59894206663664
74.47873354310448,73.14994395760613,59.903115317164,48.6116488379654
74.0292962152019,73.6325490588198,59.825518429657095,48.2908585440616
73.98917029174888,73.73819621704224,59.94372382469652,48.31238134101622
73.84804200346512,74.27260006732268,60.0064142795666,48.263991569151
73.77808646615946,74.23530783556262,60.00190142234084,48.26126427844444
73.61482622858017,74.29048465656024,59.95622999152407,48.32150653567349
73.42176650346549,74.42706926286016,59.95918715189558,48.42101965606621
73.88181958170496,72.68880627431234,59.872763711309425,48.438680944288556
73.91017051408463,73.24216601972708,59.97903730684101,48.37957054426415
73.78191185077891,72.83738542541894,59.97364768178657,48.483797844349695
73.37293816904906,72.08121052154355,60.12171966186919,48.70542063279047
73.51635069982402,72.98717858504847,60.05925366561354,48.5638279048285
72.93918150419263,71.71160499181846,60.008090500479824,48.773599501917786
73.79206351803938,73.52650965222779,59.945340188530324,48.85284226697557
73.84563490033392,74.35119432192593,59.939383110827585,48.609573200711615
73.50087597727216,74.02773410877083,59.87566508039089,48.96614089507868
73.22613252051784,74.99450645791866,59.95950557795066,48.85638281310841
72.9178272947963,75.05412160010015,60.03194904721984,48.945342046005045
73.08619122101365,74.79303622462888,60.08584816173838,49.02221582395754
73.53960108884243,75.81231385239916,60.16481414881337,48.904319276035686
72.60781758619657,75.4678984137574,60.232613131567845,48.91804344908413
72.87785878597305,74.94907381970461,60.372918348172455,48.817816484197465
73.41565245032965,75.92938928229928,60.52199904542971,48.73735053989649
72.52846648725124,74.76117817010277,60.57437847891075,48.84604940422787
73.10259107675512,75.21290389507699,60.53896232297426,48.87953618050241
73.0889212798285,74.28056831695946,60.570024039930715,49.03101117832835
72.89948233012095,74.13793800271708,60.628962564422125,49.114499295807704
72.54321946621465,74.30780913840056,60.68775432349997,49.101759192142474
73.05859259462653,73.21123466548548,60.70879067470844,49.13760504310875
72.25863645995554,73.3848197799804,60.672810552845576,49.15296564164116
72.26912826130066,73.06088573761633,60.77843263968094,49.271903300725405
72.1859383364819,72.24649706769544,60.91140696929657,49.18977258526169
71.59671741096545,72.56037846754364,61.043418947816626,49.388166997822694
71.80875444151965,72.10184319366438,61.06675493376254,49.42437954148803
72.3229168940141,72.80847919744022,61.29351215920576,49.34142312384114
72.34481851954564,72.48931623553435,61.44670249754394,49.38702073086897
71.66379172645435,71.86471236431387,61.61663660454714,49.28746071589415
71.62524342835104,72.49302437523505,61.809655160034694,49.29544734220702
71.09910859387932,73.29328346150567,61.79880446383531,49.2136444320788
71.39247526672247,72.74205962706918,61.793428656849116,49.28580817303428
71.6367977823299,73.53623725126542,61.737700117858026,49.269747279080605
70.42154701675797,74.49535220607399,61.78046675901774,49.30319826812983
71.81873419234684,74.90021417609614,61.675579865115395,49.1711323495356
71.08842846760679,75.50899876923958,61.76617497815446,49.21083898302714
71.28392949843564,74.50631696888193,61.74055028303957,49.20115694088966
70.13708608292222,75.38088037834737,61.94304939853602,49.25888568130785
69.96289804547702,74.86128270767574,61.974064118598534,49.26177523747198
70.22688658367409,75.73645597493625,62.1224700010934,49.11374496328878
70.37308528139847,75.24131029006395,62.25447195175784,49.21203345246009
69.263864031231,74.5605462003579,62.39738344623342,49.01817222757533
70.34323623684432,75.67081964554197,62.40364114262702,48.963186059558254
69.18630724188158,74.76891349523444,62.58388840714965,48.96582407714567
69.15267439201163,74.89140795840585,62.642933724854764,49.07452020200562
69.19141679039663,74.65071315179839,62.64506568333188,49.38795165994618
68.0716671901803,75.37255294244005,62.777203090246466,49.30039194980236
68.85042927902556,75.58597456783801,62.652079019939684,49.345290077313805
67.968140420399,74.69960600719655,62.72473729120131,49.234924066348775
67.53775416172849,75.4461285792132,62.88600781727034,49.35362726006116
67.89643635998709,74.56241218268356,62.69490719419447,49.47106579900818
67.48224559604094,73.43674893178974,62.81646394257626,49.537734488677295
66.91248787088045,73.0951621782084,62.99342750109348,49.58301419987287
67.11238717042818,73.77537694489664,63.17624737695836,49.478442253357066
66.55998508285093,72.20415065829438,63.206173217113786,49.475220359474775
66.06377878250407,73.16023047746432,63.41991318225223,49.442974528050186
66.66848557944274,73.10751461541886,63.415283624057565,49.30032452332506
65.86805965485982,72.19414127368096,63.58130397317001,49.298639004461705
65.95085613605241,72.85991496960571,63.605080525369374,49.20860534170767
65.55346011229885,72.16648471749298,63.68475732371954,49.143948502412016
65.23106809712516,72.78092009052347,63.8062364147969,49.18346531242706
64.31349719319937,71.7836895695296,63.91230648631273,48.98454504490552
65.16344120884413,72.3818591464825,63.99267854108276,48.930887608872354
64.34379056945409,73.22151106397706,63.95806252631429,48.83894952038135
64.31807895944944,72.79183685788446,63.958793828784934,48.883834436358335
64.46750733474836,72.95790172330979,63.87629238707743,48.99052873328441
63.79713640923419,70.94976689362747,63.795796769386286,49.201327926035276
64.46927961620314,71.70634164341735,64.02132348773446,49.31585598630811
64.09404455324392,71.90379907821074,64.15073115609141,49.3805305980751
64.05725133926137,69.72391591909798,64.1228764689156,49.353202418619965
63.34086031548149,70.55486591855632,64.26232570130506,49.19378697971611
63.895170873727714,71.63243801005117,64.37303954479644,49.205830487461235
63.245218110039886,70.89310586965246,64.2534111042003,49.07516864406739
64.19952806207974,71.20804282227886,63.95473625894323,49.05904996494986
63.61930802613499,70.80931326622695,63.772201072005515,49.008528220158226
63.70045541556232,70.53988460749582,63.63349745206244,48.86699869632333
62.96961840798198,70.76771933638898,63.70164538995261,49.2614927579195
64.3685290920803,71.1315219726476,63.7411748670929,49.14919660462678
63.3020455673541,71.2160108568622,63.58050011089647,49.309650489220374
63.25228755583137,69.87889202061903,63.31563020125799,49.36528302483534
64.60264321141808,70.91142725126971,63.21009153374607,49.45552891637821
63.47287663003573,71.15961189959282,63.195456443565824,49.47396314851773
63.551312101948874,71.4260480359161,63.048977638474,49.53143447042227
63.34417318767723,69.6547432495199,62.85135197838128,49.37732058206352
63.84025173868713,71.4768944172515,62.748070658851255,49.41139802069396
64.1079179653147,71.27065907257476,62.63855045001138,49.40526397848768
64.69147234231463,71.96964369185827,62.77480752261829,49.53780206604675
63.81937434688719,72.32234896579419,62.91679811777462,49.61733271461658
63.78561708610785,72.46084555543965,62.937804681010526,49.57384611055245
63.470363561847506,73.6868309429768,62.913950958352025,49.68637042214806
64.64395349468427,73.92258351593192,62.755922618175916,49.61152429284701
64.054192907619,73.75708432601269,62.97691670414119,49.454189536842186
63.760068826025375,73.92846646873234,62.92220163671853,49.50978797737603
64.27731996072774,71.6022746673538,62.53721916845364,49.29646322899786
64.64163789326409,72.26283576987598,62.55815504400824,49.33007306054408
65.2789389037805,73.58577921917029,62.66285588228175,49.391452492674446
64.26527488628079,74.00004757272802,62.885927001235025,49.32667742515402
64.08947607676737,73.661812957093,62.74231653567858,49.22410709467554
64.82587829463331,75.24520229257854,62.728449744905184,49.161384305204706
64.71180920625778,76.00039327091744,62.78855950740684,49.15918129788297
64.32226502042735,75.51400209366751,62.814416234437275,49.099487227211945
65.9620123992131,76.00960897888382,62.715709517026916,49.08365995713791
65.21492624794436,76.88047049614835,62.779789484817066,49.15680096202992
65.88368633294053,76.71253400887124,62.63490985780874,49.13797608325736
65.46597294410942,75.46159437565854,62.52417655742224,49.05515428843397
66.69973307826845,76.38592518899247,62.301023173335764,49.02644157343297
66.25587832983288,75.52687039915612,62.24562023725018,49.04125091545003
66.77474540411569,75.26344890760144,62.1151213534627,48.886419000888644
67.69156166133105,75.41344537681147,62.064279976727306,48.8338903467694
66.89990995648945,74.8600672651952,61.9442690820587,48.81896476057658
67.51751176083144,73.84196878366114,61.863423502740275,48.68938713982818
67.30701551051817,73.54039925581392,61.99544818534502,48.68151141214019
67.63930797188286,74.05256442115979,62.05729773183867,48.571656403218185
67.97210624458063,73.52294645968088,61.90297707393246,48.5822250145076
67.77793119828095,72.8327868799585,61.686547505830056,48.53531739210725
68.12849365795286,73.2950491665047,61.633821879908936,48.404484454146726
68.99106166147925,73.24986701539635,61.662258336845426,48.14157748060466
68.86739978854065,72.4404629809193,61.481857453082036,48.04879120637334
69.63303318513809,72.90862977495249,61.36846964529211,47.85497711617835
69.57154130199011,71.94457693580684,61.34166740120352,47.738864254278006
70.51984984632688,72.89307481078556,61.430902554046085,47.669293745790895
70.43305926013039,71.93842559763112,61.395221057352614,47.62449978871507
69.85260257843787,72.80032327911533,61.28110869537298,47.743484181338985
70.65929096917213,73.3867672353629,61.41950777469088,47.82891445465013
70.62025435169778,73.3449404860576,61.27648003853686,47.859337429197645
71.63239468343838,74.27856167774758,61.27746292295302,47.82939558483439
71.31883583592212,75.16541057088803,61.22689231737595,47.724341392341636
72.20883272394398,74.73655670003343,61.11260016906353,47.456414463793266
72.36358191794463,75.47520084214786,60.882616671971434,47.38972159658712
72.76277753408256,76.3998302073054,60.711334192423095,47.23677064463051
72.75068856102854,73.98023062353725,60.50395721308939,47.00482952286015
73.61638776661577,75.20379970883825,60.22734331443476,46.8867137597899
73.1830495134669,74.54425331484988,60.10523270611232,46.840640837317416
73.65940867408762,75.27773466334966,60.170155571585056,46.8950158878917
73.98968019584483,72.88675125803489,59.998626229747934,46.82493525513135
75.2601572459478,73.49875835761068,59.88584972468057,46.99593689174179
74.10216985788666,73.43476124663198,59.93230541015035,46.90890168032958
74.7031414958811,73.58802966543512,59.66210569638301,46.89009634120313
75.3669398764712,73.47266030508355,59.517187992324075,46.86750527822821
75.93373996825478,73.93665384608882,59.43182727828512,46.70478711806979
75.45605528748686,75.3910539600923,59.39685789708795,46.5575292103143
76.17943571722164,75.01812364640588,59.14756364948059,46.56657235855353
76.80412330485709,74.26654044141904,58.89931822064675,46.57306518454284
76.7809488981681,75.0422289710424,58.98902837374284,46.47340669409798
77.34508803652085,75.33451278919155,58.87662591338256,46.374077043649066
77.1529068341859,74.83772009851164,58.72961040648475,46.18471264359104
77.99466404356036,76.8114927390542,58.62039210456477,46.165973667437555
77.5366850542715,76.67926620033464,58.55721909978982,46.26851996606429
78.56191760616665,77.08830114217513,58.57771737872048,46.332159002385275
79.2612624259443,76.6631239659103,58.356786075232385,45.935241697924894
79.37071131707214,77.67941224082297,58.15082542245189,45.76802493127215
80.38326902575564,77.58419802553,57.930091137210724,45.618229215015134
79.97459775504669,78.59727532645556,57.82638432216806,45.49441109139737
80.12722452398917,78.57918698101508,57.74964930010835,45.510385318785566
80.5756914872891,78.74265719431665,57.488426745407146,45.490183715834675
80.31129084717777,77.7620511171547,57.38305695696144,45.394721389720374
81.32781017835589,77.92143130227507,57.10148933723825,45.430565919362905
82.22980031989704,77.64704150383274,56.94796190640512,45.22344942478637
80.98390101758699,78.13007205738315,56.8703220535362,45.143250727754065
81.38521059565915,78.22557335540847,56.756759949527336,45.09320532328991
82.0708254312172,77.9205525589165,56.704169437613814,44.88734098766209
81.49307109421284,77.96201756007201,56.74246080930017,44.801119232928826
82.24099816227576,76.37043905021471,56.580015863352216,44.426757055179436
82.40003743572228,75.59578911091918,56.58591049532272,44.32471489943062
81.89524022124489,75.01244040724517,56.554353877524555,44.29869046305915
82.55307409706182,73.30953940229446,56.30738620104023,44.12596144612036
81.65192498873303,73.9294115981611,56.30657441422644,44.104914244671804
83.31144942402042,72.21730107320931,56.06822665639885,43.77780444206684
82.87715254146653,72.35312940863155,56.05335453539062,43.8495105496476
83.58538896814251,72.66630946782465,55.86642882502114,43.70611002956422
83.34160999949627,72.89928621409146,55.963385872392415,43.74703127715434
82.7501770005319,74.11544549394861,55.95873541943919,43.66325779190293
83.4658611761067,75.08696444375164,56.009894085882976,43.64827875498304
81.92863655158672,76.83352578433144,56.01876392055526,43.70455187346027
83.04443936465702,77.20926642031982,55.777517004703654,43.520552894135655
81.84728793274985,78.14662157930795,55.822098198367264,43.32353141321077
82.02921666623372,77.04474635613565,55.82576118294522,43.5095506698276
82.75324472480195,76.71415375387247,55.719429938397894,43.48492769259128
81.25534288277296,78.14455486581815,55.54049283113506,43.393053281276195
81.74122697872934,78.44859118373418,55.34997517566411,43.35266356733059
82.68447375201677,80.03171498252757,55.38616546411886,43.34371238888746
82.20150383531461,81.763594872764,55.641808249431286,43.50041335708709
82.90920124222075,80.57486991555376,55.64879924742475,43.66837416437561
81.27344311428341,82.53417438354603,55.61148619574326,43.6952956429724
82.43500416969403,80.68770724748708,55.58892289038773,43.55092889923641
81.99435404076108,79.53447520797877,55.41566284456557,43.49889988857712
82.14637303722148,77.8102098546768,55.38190601748302,43.274605497143355
82.56985432018716,77.15042011705732,55.10203056540891,43.22097406539987
82.2160693499423,76.4417244642826,55.094413790772606,43.12210701199395
81.59600524699506,76.42821514864312,54.8951581322643,43.03037612160017
81.72465018405407,78.49180632514759,54.82278365173721,43.11970311078481
81.74338681357196,76.97519882322902,54.65715112301092,42.95481873985085
81.62377293325326,77.5947539912304,54.1791275232319,42.89384928252545
82.2892539819974,78.4029218242186,53.94065109201863,42.7174891166559
82.0134844275513,78.48265041410068,53.47392566882162,42.45178888530319
83.4154254462644,77.3735135197634,53.35826985438737,42.16769207804571
82.7918771820842,78.77906992866785,53.3082306720315,42.12693257749758
83.04820962170558,76.7386916314832,53.05500248955657,41.92300546749065
83.29745238907479,77.17675908770897,53.05072132698572,41.494619037266425
82.45374060080533,76.95579608511605,52.88309660468889,40.96796414082952
84.04560062191504,77.59378975305093,53.00195572697449,40.26631661199329
82.21876304144222,78.97179965284943,53.04846507447407,39.29666995082402
82.0659289490406,80.64451650317534,52.71301866672513,38.63065362192208
84.11629424967467,79.83633103318984,52.32263023426497,38.332842256557086
84.20799626208355,79.96614706007074,52.45796803765039,38.314438708764335
83.37392929010548,80.48356993244727,52.42787409922131,38.538975450354656
84.15759837631116,79.27033479402724,52.508389658919015,38.78658935436145
84.7306460636874,79.83751527658524,52.46883675223752,38.80606821582931
84.15580587719612,80.46479325884977,52.3537668829868,38.99799550573296
84.33110195976926,80.5742522477698,52.470311547932,38.60275348819523
84.52348722845424,82.0985513260953,52.44938987559423,38.67241857617313
84.19391168780842,80.48397789495696,52.42761546841386,38.912539130390115
84.72738632153383,80.22745664054605,52.315724894848856,39.138164346617025
84.55441564422443,81.04368314305432,52.351018851234244,39.28449382851607
85.21847998272563,80.67049044252865,52.589543545089086,39.318922609351056
84.54127242808454,80.52653843026764,52.66253770825005,39.562965214910605
84.6852031641636,80.83523651831912,52.76479304689058,39.924120009361985
84.21768851476435,79.38258410379984,52.53842596144989,39.98615239081447
85.68733361463389,79.93599406772678,52.51633799597899,40.26119903724802
84.80487708643136,78.64248659221504,52.61305175161805,40.800866442647724
84.69095595262192,79.4823863198426,52.82817782462218,41.399586617824724
85.06668159045273,79.83098488051331,52.7122691205052,41.80384911886644
85.48466132718363,79.40325151858377,52.49216075130289,41.97018345031903
84.53901728029535,81.07897587537495,52.59828138940624,42.26055826693383
85.24442553226854,80.9265606267772,52.4150729701385,42.55935376637181
84.04838703257407,80.61330462114488,52.37154897350998,42.81027300944416
85.04485556762431,80.955942646753,52.41297612688974,43.099223194571294
83.45114632136614,79.73081357307935,52.00571764797054,42.92422098883022
85.04763779659734,78.70085627971956,52.008204553770334,42.33089227225086
84.90829444871179,78.82943203144069,51.92378538620869,41.79201580919669
85.04500822929204,79.28964220294134,52.09550590563558,41.22204964762812
84.99450135138272,78.86441733995383,52.16804222738528,40.61766085927513
84.30909206687099,78.70147833817431,52.25720238538274,40.23160161412736
85.33332052085409,79.65294042030663,52.33689760945085,40.21041050974581
83.46626655244225,78.77681400554867,52.24379869622265,39.659564660672885
84.48440527574243,80.88875263658534,52.21037297424694,39.77271399466889
83.39414420010529,81.14275001078386,52.15463494981625,39.25521471196772
83.86650922498943,81.16053593799622,51.995540550205895,39.28571464352941
84.03107026535719,81.26448007031672,51.975016153376934,39.4636003654664
82.8818675871344,81.75267344078961,52.06786130245557,39.816255105538694
83.4156154483322,82.57509060490857,51.99086883161256,40.14641174123661
82.8493890380272,81.70949353757138,51.95046520214169,40.39160045045782
83.00814131786163,82.25268720045317,52.091154898301696,40.90777710193575
82.48380713278311,82.96757439407261,52.21431894163835,41.525302099767664
83.4218122574115,82.40595977402576,52.13496410887021,41.88573666641853
83.65699402539732,81.64934300261532,52.159061066224766,42.41948797571506
83.03331972495934,81.13188909856103,52.33785323914509,42.70318509427899
83.50106998936396,80.44477227377993,52.30926932868303,42.95730298685265
82.32193304671168,80.20574243337182,52.38434652628921,43.017333776582284
82.43961964820016,79.24231721966281,52.43800697466418,43.15169300641427
82.86035617663842,80.20497410288043,52.52398290574848,43.48677357477212
82.86648320466553,79.70648302414102,52.68225854305937,43.78260591096951
83.22482929322422,79.14317818886553,52.80257716678044,44.20742590437736
82.10074202061051,79.77151178303214,52.86864259449992,44.67437448161576
82.43098442797525,78.48137852530087,52.9975267668539,44.91407221617924
82.01386891555073,78.7724405149266,52.9363272864272,44.93514152000885
81.91836794093666,77.45350065327256,53.19682860164072,44.46326978038052
81.511233880441,79.03557349788016,53.34619481041969,44.070978968637235
81.56901591334815,78.84815695879058,53.3442813869408,43.81151849060301
81.63667006964478,79.21776441599205,53.369756231100126,43.67553393337019
81.07558475142326,80.52127245762999,53.615039367257054,43.51612894361542
80.20045070622913,80.22199921417922,53.47002638121404,43.47549369738557
81.7625657531528,80.94075188208244,53.478302657911144,43.52569728778
81.23485388855104,80.6451775108715,53.313138895125505,43.64894137307638
83.03209970408905,80.71979799395383,53.22256018976972,43.4732977881757
82.4732186136704,81.0035740809742,53.30398940570987,43.55348520334928
82.67051915509732,80.21478554315458,53.30632983567913,43.75109280133503
82.98022171247447,81.36416853892922,53.26103576533172,43.72856095971862
82.40599666693252,80.49824778428597,53.18163303506552,43.5913169186969
84.08780110788281,80.78307580299239,53.221291536740374,43.863483982327736
83.32281448438164,79.3043336273315,53.18491003215581,43.813736859726795
83.61816318251226,80.08599196756765,53.261814638515254,43.79936846721836
84.91162224842668,78.37266523684266,53.25635722102662,43.80116884219676
83.91919540719543,79.22447735526828,53.44250258382513,43.81782084187967
84.48806621074351,77.31998449706418,53.445416971144255,43.92894512525867
85.3418596402861,77.33464319491402,53.29738838442083,44.01597370138173
85.89889645802417,76.68745114063518,53.51672191256469,43.92778515903002
85.25416782883475,76.0313979962774,53.602146153785014,43.96961811991809
85.69018628750732,75.67587344213075,53.511577091416534,44.144766873826015
86.53505465995423,76.4961500968702,53.36713272399465,44.03181647534262
87.76670189542834,75.24458223438182,53.20655832293167,43.98041776504714
88.23713017843073,77.53564689291815,53.29097794100893,44.07136269342737
87.85175352954275,76.4459225865775,53.33136745256432,44.05351087199615
87.72441690194992,77.59723860052168,53.255107881946216,43.9847734306709
89.22561854171397,76.70243689395076,53.13282869452017,43.935811732652446
88.62347152154135,77.80869762990947,53.033758815607314,43.92498451084182
89.23247410126498,76.90638202522805,52.710824447404555,44.07541385500845
90.16824926917516,77.19801729223005,52.637718621090414,44.102594482865854
91.11828084847437,75.14424109877498,52.414712490308766,44.07502123272155
90.61889602766416,76.16195158669348,52.47080695864656,43.94154000660227
91.22834544323797,77.51598044225076,52.41353768510852,43.99471324107487
92.2797855220469,75.87918838166777,52.11420681719403,44.03365795603661
92.10053143371871,77.67674095432875,52.25338027228514,44.07438416676325
92.79300996203368,76.89392690461537,52.23010324647796,43.819487692863916
92.55951293329387,78.0473301791819,52.414191665739644,43.80787505432959
92.76157076952875,77.99802962099487,52.44686035010241,43.78190279839921
93.63461308662247,78.0700637992207,52.17237553319097,43.75868554888925
93.78947300996646,79.39602467865852,52.328134762411636,43.66074390208942
94.53216055875302,78.96801419111394,52.11093157130977,43.60098337922326
94.41367793862293,79.40702558069543,52.1125536086214,43.265767642659014
95.4452148590551,79.1056753335779,51.87523727126656,43.26399019490416
96.25616399808342,77.71957510248313,51.86219328703318,43.07771673627155
94.99770043654948,78.50308848236673,52.130153000967134,42.96774781017592
96.40600128913621,79.10434153867104,52.07138549188437,42.86598165346942
95.4768755029494,78.80730099818342,52.06154369286671,43.0176949125128
96.07489167203786,79.74848757108316,52.11493676591413,43.02010718045539
96.4085268411308,81.13633857018513,52.12496837103044,43.07349744642686
96.99139780733162,81.44537757665445,52.10226459227714,43.031060350312565
97.594390345678,82.76656189598857,51.9274339097342,42.95436267874638
97.45835066083302,81.95921084339466,51.79769410990279,43.01496367442951
97.83697543190252,82.35453257803198,51.800306633079046,42.92212990135238
99.00309467506665,83.5888096052779,51.534750485465395,42.66672157974017
98.29882125895716,81.96890601497708,51.23831837481326,42.70045976772707
98.47827970522152,81.86616513309897,51.09229982608604,42.168065056625935
98.94141547849846,82.49122882260637,50.77945973323701,42.17640070270423
98.54649409755305,81.58374723480279,50.997831817275184,42.18669676309992
100.16171407802018,81.17196464465218,50.89147823634581,42.23798423057916
100.00002481315795,80.76399412570989,51.22693885108367,41.99262117605653
100.25707816764421,80.42900331386392,51.33191644072183,42.12441851458459
101.64798511531006,80.84448327323659,51.42800314582348,42.126288309660666
101.57714102352892,80.25134532245902,51.60299163603377,42.236879544582195
102.12139728084216,80.50529041822313,51.37513544245603,42.23046564089579
103.49363342275994,80.93267289941363,51.16071057530748,42.39653119056159
103.7898238158394,79.75711246447986,51.081528939710864,42.30730271999026
105.81608583645169,80.19602191857518,51.27854093593136,42.53123323196563
106.2380903629794,78.41843544556075,51.20432998287057,42.580800718781255
107.46067561051117,78.87332012007941,51.41340057285953,42.60818262296735
109.06002512523384,77.610515959206,51.303265462481605,42.6447999226042
110.01515911189018,78.07682641210552,51.15516780395772,42.85955865356967
109.75301661455802,76.13770376429842,51.2019944706134,42.94715834981864
112.61191294355288,76.3389250573805,51.15258016574256,43.05141753109912
113.04262095603237,76.23836079754358,51.161221783243455,43.00463596843268
112.70513324837493,76.0469052502206,51.21541965119886,42.85818349048114
114.35698542688073,76.10019212694718,51.02816035873197,42.75219447401825
115.41923288569308,76.61188891899107,50.86104430539559,42.86461412616704
116.11472785385175,77.06181809419235,50.90234170447405,42.72743135912707
117.51663323523137,77.49601412754276,50.8455056483646,42.69672583112252
118.39888196336534,78.8304883883975,50.864393468891066,42.68468105315696
119.61620276692076,77.95195960373471,50.952103841989576,42.73949946671321
119.08520836573146,78.6624665812893,51.0589808427439,42.82336260205812
121.80450333649593,78.04402203050138,51.004367360718135,42.682994594945605
122.49248076532243,77.35078297387807,50.833794015707035,42.598143496003516
123.71530085656917,77.48837836642686,50.71442155248234,42.46755796007242
124.82616295569234,76.19790395782204,50.63380586711444,42.180459063048644
125.74873388804795,75.50287696841416,50.66780485628504,42.41986230219461
127.33266626103025,75.91383028055219,50.704227877730716,42.253316734246354
128.69783369304355,74.0955951191174,50.603443232286295,42.19168505974044
130.08211638960486,75.29203850676035,50.7428227568425,42.17817016593954
130.28304642757706,74.51997502622814,50.96311673792397,42.22174411510973
131.59430310146595,74.23251828408837,50.87890247385591,42.31541187304232
132.40906612755114,75.48630758926673,51.05662453722509,42.20456845403081
133.63016543703213,73.59201355337783,50.93367745558611,42.50101694794302
134.59619239279826,75.16267898717655,50.914773496942374,42.59525388849683
136.10362007315808,75.27988268105656,50.99554449044027,42.34405094188183
136.23189438728173,76.71156743970529,51.173501950688184,42.10032392069339
138.17558214410903,74.83592840813897,51.252101721609996,41.973142053406114
138.78494484642812,75.74213432526369,51.328832964844736,41.869336104662345
141.43403768669145,75.1575743637134,51.366573340226324,41.9497696807552
142.0715452345444,75.4242907605358,51.268999722295966,41.86479830049386
143.24334980341695,77.17513186027725,51.187153918825175,41.9241748607003
143.7549815702509,77.11438750408254,51.582150363451674,41.78438017541514
144.27524822092036,77.64378371598572,51.75599768402282,41.817541982871006
146.5779448163261,78.08809633475454,51.58685374934539,41.842164092211405
148.42597833616352,78.05825263802542,51.383170904998295,41.911426340416114
149.40981553919462,78.19438866847278,51.433096320026785,41.59091189681617
150.38791422942663,76.51796158598293,51.416097671938886,41.68799442483298
151.86325154942188,77.44805997524728,51.50902025332287,41.45939480759734
151.95920001775923,75.9307509756411,51.510638527991944,41.530841324723504
152.81278621177228,75.77573164062979,51.57663768404085,41.766839775558395
154.14135004518727,76.46422148160106,51.57669962483113,41.909371793292365
155.26063421127103,78.65909660393095,51.659009321533254,41.92402857301612
155.2680433783745,77.49972638380713,51.58885634107152,41.72845483861166
157.72993934130844,80.11937065286114,51.699365696178965,41.58239464065257
156.7449121366371,79.98620864564603,51.70025060803169,41.58268730041703
158.85097766279,80.06661558422843,51.61495299459919,41.348741638455515
159.88833088422163,82.2284733644193,51.56321055243783,41.34073090061407
161.1624943550608,82.4498039980033,51.51080927566125,40.96552546908648
161.8736424867047,83.40988513127321,51.61753952070473,40.810920372460906
162.38323107107516,83.90181251965637,51.532915081093634,40.67244226605516
164.38775028489653,84.08948205580418,51.331827865380205,40.400201928972805
165.71090136886414,83.2865061248523,51.27157978413017,40.37427529566023
166.72467895197445,82.73864339574838,51.26166592383299,40.35402215527338
166.48955841833998,83.83009004098953,51.45760230312509,40.24736654331891
168.35490018723408,83.6147691413651,51.57237918022335,40.219923073831886
168.2515768449491,82.82178530118024,51.48283423204566,40.38908739421627
170.48383386113045,81.64382239941372,51.34989511652259,40.2960261906082
170.17407061251114,83.1658965696119,51.57025046999098,40.23118430963869
171.95909449622627,81.76808646292201,51.556870030441615,40.161778525856626
172.19379850694037,82.27331608897128,51.74103409153295,40.291614660072476
171.31983246169747,81.26021512027694,51.77230508639952,40.53352068090385
173.02582176228375,80.1598234797263,52.07592435319263,40.38805032850599
173.88107254953417,80.97143729188187,52.0469201141258,40.45059273898489
173.50898489304637,80.02594600045276,51.95423184973549,40.63783842055983
174.45194158079337,79.28104689139491,52.04268347019791,40.612402764354556
175.12924183075924,80.18764699167565,52.18824783671363,40.40598213914097
175.20511809756226,78.52560482747535,52.20477596421367,40.56095259310615
175.85159034273616,78.9996131024693,52.39386925653495,40.83137204584958
176.8307407330035,80.1297704085999,52.42229082612084,40.65278422306287
177.23203811194867,79.04043605586062,52.231158422890516,40.805481992719876
177.3032513405792,77.91149290460021,52.25461468717277,40.94061229090721
179.5509019782819,79.44950252900853,52.27359563832986,40.97264434213942
178.19098505169723,78.87502259918985,52.36411983726337,41.02087914703586
180.24170458522485,80.71451995864915,52.7794320595758,40.739060216996656
179.54636991973717,79.3902570725239,52.81390427179199,40.74611817957003
180.43472027353263,79.64505026110318,53.006192936454504,40.66759986519375
181.09858294769217,81.54063625294768,52.78149207086251,40.57261680820152
182.0909212834676,80.23332140015346,52.88158226408828,40.2803072456778
180.732861371385,80.04945853015235,52.83760625352137,40.3993481174635
182.85857492651687,80.35485711386735,52.97381055957847,40.481928802473355
182.96134079985328,78.67801292692161,52.9657304192985,40.482932678531604
184.10289447263588,80.11575263724961,52.97655384269996,40.488437802629605
183.4584464608909,79.79288459287707,53.062031492128284,40.345333478281134
184.43813581916993,79.16468098715372,53.00426338843957,40.419331284019535
184.94080833325432,79.01347752107029,52.94930387119223,40.4608867435702
186.08572859847823,79.41717461534171,53.0340844936222,40.609341785316815
186.4069904066685,78.06375295170105,52.84266662088831,40.68408095419666
186.35252214570085,79.21985155464705,52.809928356017515,40.783550380003255
187.0741656780899,78.1027403017128,52.87999785766849,40.81928512723527
187.59685264035068,78.49990122852518,52.804765165160674,40.92593611678069
188.36750106938743,79.38161398667812,52.87021450383402,41.008561697391
188.64238962089524,77.63267220245065,52.73384794521382,40.87982950313536
187.857947848193,78.13549282104532,52.840806818491544,41.051419458534845
188.55056353404152,79.7622440820179,52.85997841806222,41.01675324411529
189.5616674168833,78.65670886398792,53.104118775929074,40.939857428802
188.8431540923378,78.93706997327749,53.268839936433615,40.905714769072176
190.38075672651962,79.21967143295916,53.33377758570307,40.96489917356517
190.05438427438264,78.3069127384706,53.47394602913869,41.05699452160299
190.70978608584582,77.84904668275261,53.2859110467305,41.169117202249005
191.7782523335719,79.1210209044245,53.40994962061427,41.24770470289022
191.8617481297899,79.47374112336558,53.203855075250964,41.23678497690686
192.67907496983474,79.0699158869756,53.35056965077648,41.13711608275493
192.82915053150657,78.71251078047482,53.29132732898847,41.26291331529535
192.78006667048118,79.89122445154622,53.27624274654489,41.323401794227976
192.9401400141927,79.38386090584069,53.31703276041957,41.40818901957306
194.00217685528827,79.23042036484,53.115967877781344,41.496558728769784
194.2314698082792,80.76072678862056,53.11151715131916,41.47454131921221
194.8736124510707,78.65178035219836,53.1547099169218,41.22249639069554
195.44975185181823,78.29066059703268,53.304467162408514,41.40237058845061
194.43364902860213,77.16990984450649,53.31819274635596,41.501664470974895
195.11821762782455,76.52379396719937,53.14151596565867,41.551549819606194
195.73656593411405,76.92283531536467,53.38623784348948,41.52993683076458
195.0584328303279,76.22524955354523,53.553053310247606,41.67211858542154
195.84125720137524,77.313259120841,53.582324249701955,41.78189418578485
195.30263708793296,77.294908403557,53.63361213741419,41.82012746775622
196.03278474362494,77.27706708534242,53.78842269341607,41.73384515034559
195.5409829053624,77.03965600175066,53.83491070069065,41.76018143643896
196.79289404369308,77.3182075105932,53.661310077013944,41.80330315210652
196.61077985546217,77.13115203568351,53.51310301722694,41.798682612744386
197.2369916635089,76.41209972494354,53.73406378147412,41.794653688348774
196.801066064875,76.70223294705781,53.75656762576035,41.69998992098867
196.47070098798886,75.70999405945135,53.870809971305036,41.762965344440744
198.1080563753284,76.18882738041276,53.53559452171449,41.83707739571708
197.10829740683587,75.2175354107932,53.56230791234335,41.82174328705122
196.6176690340544,75.33637555906961,53.822660367230185,41.83307115430817
196.94023985293,74.77067704671128,53.83422434738359,41.63704675225175
196.24920063543652,74.22910113883341,53.95395019657803,41.58028226723388
196.4095823862088,74.6551591242208,54.14040666525978,41.67731214997853
196.30834406543156,73.80008470733173,53.920253831220684,41.63836649752012
195.73365811452172,74.21427442013399,53.95106160416462,41.62243700401399
194.53568524914476,73.82582680194649,53.98775583574249,41.651419118211855
194.96581150505273,75.15280482924703,54.1473550084969,41.69191081942439
193.9206616864393,75.70187073548672,54.40513249186937,41.76304320429456
193.87325519068864,74.92299418962949,54.64407762066928,41.5616376847114
192.82486342489443,74.16421215779864,54.809465979184864,41.65113668680389
193.11720097389255,74.27106052046382,54.958534191163345,41.55694190237958
191.95509433843947,74.80828981986197,55.18584366110516,41.55270854238332
191.37740548887612,74.54453553532684,55.18241193678516,41.69195311103779
191.22269507932214,75.22834553343364,55.16959121116966,41.81359724541654
190.47615655031944,73.9239736608622,55.2036301307854,41.65314924861604
189.8156345549175,75.5591091505892,55.21619993850676,41.69371625324714
189.61004769520977,74.41310687508297,55.18775599430029,41.703891685530955
189.32929759204802,73.59637728652856,55.316984571051904,41.577084081786495
189.80757669806025,75.01692228172364,55.15874867901186,41.705957880382556
189.20036855844322,74.08432351068087,54.869278735406574,41.57986997916211
188.06997977700797,74.37516832984952,54.818196928999114,41.45131311923097
188.33196060553212,74.61831962542257,55.20203350259886,41.42061564755166
188.51007420222294,74.70703798240943,55.202533492082324,41.23501335522004
187.7559063934024,76.24383995972441,55.26206556567893,41.08722736705128
187.4039160981954,75.42085988276206,55.11028349558954,41.134081686015044
186.69521453784697,75.96948639907677,54.99272098194039,41.141931550075974
186.47232600567116,74.69878335647356,54.97036915649287,41.15991587090863
186.03877048763687,75.7057947092922,55.0971741131738,41.071927258174476
184.96817701542307,75.58062207341318,55.12161963876292,41.04796474251415
184.7213173312374,75.20039883141952,55.19147392725448,41.21974437021257
185.59974453292972,76.26274700952331,55.49071417032371,41.17983872063952
184.25012849952225,76.02985689464302,55.57174140506161,41.17617175487016
184.26357004528967,76.03675865867108,55.56182173396257,41.04840914534308
184.12006061869766,75.10176047379491,55.62099541009215,41.1625060857741
184.64528160542574,74.53921709487328,55.78555764233977,41.013242081250134
182.97067901708107,74.6789035534477,55.9400883271468,41.22583991181055
182.8891102416094,74.1766915087484,56.03173299750736,41.20537059815586
182.92791266204648,73.82012759446947,56.20006095919111,41.121959120073114
181.92765936827493,74.79641048239893,56.16822368229329,41.023013992598294
181.76565837719835,74.00320173356606,56.03383709747561,41.083139285407164
182.5623068487638,75.88002863103912,55.851942737466985,41.28557188763205
181.59270510503453,74.78114884909199,55.551669544169876,41.34084321033063
181.36441281050003,75.3087479748394,55.6307010278846,41.20057244144078
180.86503040402138,76.49826250460566,55.299488209272944,40.794443534114706
181.00739165097048,75.52825989008682,55.413274025692765,40.63725552203299
180.84198640310845,76.92685080848975,55.24018065560261,40.83011613327097
180.14866798212736,73.14756380524709,55.43615451748516,40.88724103163249
180.39958182429004,74.78387947416887,55.25056672659622,40.90024039676135
180.01043618851367,74.93561084560159,55.109113506571816,41.04390836378247
179.55264918732988,74.37253646482554,55.07787350833285,41.15606219315986
180.56833894442775,75.60380643692334,54.98940490378983,41.345248256425826
180.17681987958935,75.28438186209038,55.012933529625236,41.169758185567915
179.56902112864546,75.10882507876782,55.05500939359644,41.333626532267125
179.94543109805045,75.17666171041427,55.029318258516454,41.624736473052906
179.7837007560965,76.16090155886809,55.285106302339145,41.77342305689173
179.38131478462213,75.14461948098804,55.348092242175056,41.909314010137166
179.30332100069307,75.48391081464929,55.636325916896205,41.833512340567815
179.31520857631148,75.53822089422317,55.77448275723657,42.186102789902414
178.6475568536944,76.0614652637828,55.661997844736035,42.05496216336634
178.7616606816037,73.87930870662237,56.03668503154209,41.829203122688384
180.06730369094223,74.9275094536624,56.09305948764229,42.026503277320515
179.51067937439228,73.74145261830603,56.52725576783688,41.747676291371256
178.51250893428968,73.30487568499188,56.89087474710214,41.44863663077787
178.65043643384018,73.50110004136998,56.796086171655695,41.39385776741742
178.3964856433453,73.70534351986463,56.579753052442506,41.46746843616055
178.91485433449566,73.31454157099415,56.516923021635655,41.620028277962774
178.03911371185123,73.37403580354511,56.48241081008399,41.79269740968741
180.13930389305898,75.15316789970252,56.47421298856205,41.83944777997939
179.55095634459718,75.47583201879402,56.34012863316173,41.72188803449508
179.20334707842997,73.4833224887341,56.2393372673104,41.81580811847964
178.74310035618672,74.70143312237042,56.312566660359536,41.96250454148411
178.94789830875152,73.18401022452655,56.225164020191215,41.90563094821008
179.48588791290385,72.87330059452982,56.401336420353644,41.756184767834874
178.7314505632248,72.79175646087768,56.29154256349836,41.668993161529606
180.9048731946277,72.4881801781084,56.40622274090861,41.61558303299547
179.63138077513207,73.05750756718352,56.10977825288877,41.541789433243345
180.99494803758614,74.76090832788661,56.265992431365035,41.43165787185913
179.831891060401,73.73849303332658,56.23444251587749,41.26819979139302
180.81411949621014,75.35852827393386,56.505253998675116,41.15382883028954
179.88521995227137,73.50930071470316,56.523462417874406,41.22967862495942
180.95157086788694,72.37164153596414,56.60249583520893,41.28061052880892
181.6085444249554,72.93282489259516,56.784755481478506,41.327457110529785
181.03846456854404,71.71851971603286,56.70068812349282,41.33650464703453
181.75919815843437,70.27267087670971,56.96241687323942,41.41785929856596
181.34942524237903,71.27446187903814,57.33632068107144,41.39691064618877
180.69882837457263,69.36643026770523,57.391245786656484,41.611014878757544
181.6297970363003,68.81226632453999,57.465135718450206,41.60773831295482
181.349419999063,70.35248067056801,57.42941317844955,41.688174689334474
181.03485770966734,69.17524165972688,57.52687773688946,41.61734233771044
181.74064536060854,70.01336695462876,57.769173613634074,41.59042772832204
180.55151747977635,70.19290380070555,57.73653188193603,41.444315262870184
181.88469923660463,70.61731007867756,57.57213818257998,41.5257277812174
181.64493096636568,71.2917797662649,57.613512962489295,41.65110929456202
182.73463672451416,71.08316335258277,57.495070560495904,41.405434998360576
182.07236324867347,73.14931084139724,57.41532886261823,41.46075493848679
182.44528994156892,73.43104798627019,57.18236939200374,41.36467529872335
182.38418047548956,72.20356034197094,57.07731944951724,41.36173623490483
183.37268778415606,72.63863555746352,56.94543634864084,41.00478268950547
183.45529168588655,73.37589652766069,56.772124829923975,40.71627432847972
181.82127547893413,71.59529037970394,57.01202146730908,40.917398752841706
183.0000756461704,71.29416248878783,57.06552581194423,41.05261113486314
183.83888398093623,72.60878648108846,56.826076833643285,40.973280132912635
183.11021142587958,70.68860473076448,57.04573125657706,40.9636496893925
184.03919720690027,70.41425763100646,56.753972825486606,41.010508006244805
183.26234921987174,73.03736853452058,56.90504502692248,40.868559518460955
183.8844726208577,71.75689805810391,56.87933197929934,40.99005473727024
183.91732147775136,72.11262224033396,56.69225771382431,41.170570152736445
183.89337134622036,72.42457242036947,56.809628345211976,41.03376705600161
184.53369002500875,73.37293641034879,56.78270757565556,40.821658741188855
184.22828566312214,71.80448855966571,56.907433566751294,40.807014163166585
184.64761118252358,71.63728325895761,56.74691881706818,40.59466557640757
185.16549145140377,71.12476105570948,56.6975480951151,40.43701113704049
185.1521464982087,69.69609999631388,56.65092057804234,40.47764066511821
184.70645793337602,69.06868206638504,56.65897910466896,40.61322360482512
185.7730535997174,69.18732675024268,56.61054104690376,40.46856099502964
184.86242516775135,67.69120179756817,56.6174985658194,40.54267811839621
184.7589145337047,67.35733310618542,56.65825588106141,40.549390155836235
185.69184175080346,66.29498990668299,56.61541904406235,40.70238256222639
185.8962470073112,66.13815198656444,56.77476334290608,40.65350778619913
185.68507683932194,66.33404151608973,56.632326125803026,40.480628975556876
184.94362052807074,65.85395067088827,56.513761363738205,40.29575417983003
184.91327296860717,64.4961034000108,56.67659189506032,40.408693651852296
186.14553001787323,65.77751946562043,56.643172681400635,40.24822648988657
185.2521115867144,65.58213616084987,56.500729501069976,40.22090868661452
184.5818999614569,66.19417458395833,56.74754079594225,40.19374460590053
185.53562797659853,64.37632460913642,57.08695981334273,40.41713705470511
183.7850633072113,65.07714054158089,57.20627157284779,40.6663869570891
184.97436194238074,65.03654689981322,57.22357169096718,40.57715241676525
183.92560790894944,65.42165988130012,57.21217682661637,40.61104765006144
183.64938950461516,66.27829008439369,57.24396837447409,40.49428108409188
183.77306986886487,65.89667595916733,57.03300342299154,40.51736490295358
183.78942271040682,68.11209522002395,56.91261287759197,40.5843157641749
183.7449659012122,66.31773648322579,56.833884856271766,40.722050190285884
183.51229748318255,66.95839850232528,56.67049526954434,40.708286157274856
183.09194199703154,67.91983875271961,56.574953111410416,40.66014494576996
184.2824580104606,67.78395607750737,56.67560266986421,40.55268280696142
183.30872599857636,67.85266318855129,56.41184619077925,40.532293155577094
183.64247099858767,68.38215706486295,56.30002561767469,40.72886162873044
183.98443014284047,68.50864346049721,55.957476272621946,40.84711604226158
183.93170406457284,70.26094946721408,55.87343063047592,40.90816975072116
183.31635231714776,69.62933817456553,55.617813152883436,41.143863811619426
182.38378381156014,69.38971602139337,55.56815095064927,40.97611853399466
183.42402010318943,69.17560552038049,55.53735168625363,41.18284499544826
181.95807058939914,70.76938516959665,55.28794721270506,41.285463519128974
183.1646622422432,69.27486770579785,55.23651093346039,41.5258683998821
183.60288081745523,67.51454876663836,55.19164804422482,41.68333732335183
181.8007934339325,68.15942120747768,55.2871610642915,41.57804580986013
182.25627615396658,68.97512652657073,55.23585368668141,41.6265190093739
182.82482135782925,68.02693852208525,55.42909281634774,41.71633354831314
181.5618138626076,68.17054382584664,55.192267297376375,41.802038983595075
181.78751063024896,67.53528389518068,55.44568146082034,41.82343586767021
181.0419420615786,69.42072987743923,55.63430046881227,41.75099113063115
181.33375217677192,68.09947565258676,55.837712306201375,42.016755071592804
180.72448038406543,67.10525785993055,55.90138490467584,42.02201895547395
181.44175013319662,67.59145490074513,56.047814382434304,41.888346208779
181.1286634422066,67.03748484745813,56.018887359198104,41.8636646694256
180.89484926732632,67.96525717167899,55.79839969495493,41.91631623184508
181.13599157629315,67.2814755688712,55.62785365748656,41.9314780616901
180.6961636441601,67.58383618354391,55.66723387649665,42.058432159168866
180.5996132520672,66.9711939081235,55.706080268893,42.018545539775
180.61769216924992,68.45232980662786,55.66898378058166,42.027749582381155
179.72223905376745,67.00869553530494,55.938366297481025,42.08314709231215
180.3735384615021,67.74403368432657,55.984261773317286,42.055670905658054
180.8771274357228,69.2996306691216,55.665096186402344,42.113519284929694
180.35215026866476,68.68787164539948,55.96102673015894,42.09329903872615
179.75268466172486,69.85736249795491,56.011437116745356,42.14375691643998
179.89579781234576,71.56320624125367,55.887903421952686,42.06035917708065
180.42435402675582,71.04429416355822,55.89334916726587,42.12686216690987
180.6871952962072,71.50895685169127,55.873555388453006,41.90691193369492
180.48320067829948,71.85514772752032,55.8004070803517,41.64879874602265
180.90588785867612,72.30275571201597,55.79337031982962,41.5025827303013
180.35834222975146,71.88323498636012,55.67620252349496,41.547682028159144
180.5421498223252,71.24599126882269,55.51716494144924,41.43056885440834
180.3962162294099,72.27918775729847,55.460428372044134,41.40776570785533
179.03768359721312,73.00574166078025,55.574649636575046,41.70428382214118
179.11331095163595,72.20518300515909,55.900689491976486,41.613558458174445
179.61797362076214,73.27585093152393,55.984558638434784,41.42951277802165
178.76952729655403,72.0779256087273,56.000348176537585,41.50658252456708
179.20214217321757,73.34705799200589,56.22074788640634,41.47803069250392
178.0362249201635,73.11768757494664,56.178311238110794,41.32700259952509
179.6113848344846,74.15224709247931,56.128156299757926,41.19703044079489
178.8598678327293,73.49526678418603,56.254598382415836,41.22097309492571
179.38673645388766,73.66945661581616,56.36456291278891,41.25779178638651
177.80712063681392,75.07187775940652,56.59509219250526,41.28171203048632
178.29234329455034,75.5779052836469,56.50307360766519,41.500592555583445
179.10039828910922,76.21185747648562,56.49086464718055,41.37954066319213
178.58998693686868,77.6709059215221,56.66923166652296,41.33371078094692
178.83054062851718,77.02092454157426,56.62990556565087,41.38600467849977
178.29903050516742,76.8478521093262,56.456471206294154,41.38117289704938
179.09947535281407,75.8183241964658,56.337041009406335,41.4064173919749
178.6201880361042,73.70623821073671,56.37207534865567,41.52558648333663
179.39378043362575,71.7511482619482,56.619127094406956,41.66574923384947
178.96699886034168,70.41315846783125,56.94217755043098,41.82574214109886
179.92733862624797,71.83564406874474,56.80350607049065,41.70532595483584
178.3310343811143,71.1105910946854,57.05722005048879,41.81381574923748
178.12820885254598,71.25371770667424,57.63732651190708,42.001138623940314
177.40223846005048,73.58700722361225,57.72743932734701,42.29955402060627
176.64284245359448,73.11711642151141,57.81778075584738,42.71242692911017
177.85597246303897,75.54730514742664,58.089729307438745,42.57748997944646
177.7753334508088,74.6462704506246,58.26802862658231,42.65806517520509
178.152949496836,75.53175781606994,58.60885108851351,42.56244552110426
176.2439807127838,74.58827448246426,58.846398918535016,42.58518966176532
176.46738265522907,73.0493221196687,59.082244050024755,42.93334160834948
177.10916882996617,74.04173592597391,58.78986779649401,43.0806849113427
177.29996748276173,73.20588974017753,58.84095908476735,43.20501567061553
178.11760848449515,72.42347299883764,58.7664717924135,43.42649695469454
177.5785400931615,74.19045185718483,58.643157869552496,43.124798511529214
176.69630668356572,72.18899233316151,59.211560812592026,43.4424267461298
176.13740186300367,73.43679356098862,59.58342213904937,43.6052369854066
177.09605365725545,72.91226720851012,59.479455638177036,43.65830304991026
179.14621119341533,73.6606596278919,58.89912457273901,43.38658010460984
177.39301386913078,73.16342779993987,59.0890562276863,43.1916852876898
178.28305147909336,73.14078828926405,59.1443699066106,43.02689912301773
178.57510914200196,72.7052811871425,58.992512709913306,42.86219345573982
178.1947991073096,73.00128994338338,58.72186537474173,42.74642116773393
178.87367308513163,72.77399587230582,58.51110104260232,42.95676468968509
180.167511803493,75.2104099846006,58.1932035264576,42.774297011207594
179.57372412003858,74.30197727145082,58.06603394402562,42.76480554968977
180.57666333082267,76.18701738363158,58.07808603011731,42.523246863108994
179.72518144309464,75.30370685098548,58.02844245999232,42.47609882630464
180.31375059226917,74.95253608655851,58.04837678680347,42.51373048911168
181.44258809111776,74.76121966179352,58.030722302640854,42.7301126925273
180.8717844244724,73.84530166130548,57.92047831566489,42.880111850012796
181.95356641822667,74.20251054397895,57.86947412353596,43.06516977836855
182.25794278920526,75.08069638803248,57.83214234915765,43.18323458794979
181.4678777804679,74.42404652633934,57.8176243630542,43.29309102253296
181.9253534487147,74.81642422076335,57.7101474013317,43.35098187487299
182.0523694433514,74.83556998578628,57.94070442253538,43.22885780520911
182.5353672126732,75.4692614033858,57.7815810729367,43.26108522715881
182.73747199466342,74.94529232763942,57.939036030650456,43.120857833188005
183.51786384636597,74.58513192718797,57.771709263127924,42.99121401540804
183.70062051563954,73.70511879245092,57.42402332179318,42.986061127625064
184.65275604291963,74.05519575182225,57.45344901405916,42.80088901516063
184.73815887817477,74.69780576549132,57.48127908561716,42.90744602639673
184.43681104524154,73.93538485105536,57.77903417016195,42.702241463781526
184.48122785507837,73.63369960696755,58.026932669810066,42.671569867740054
185.23226060772632,73.59498127661625,57.96660243215337,42.68659386042313
184.5298960710717,73.72430099554082,58.05084293334193,42.73757232938285
185.45206833684014,73.23650277463338,58.377194898768565,42.39439264052146
185.5872417504018,73.06702572199963,58.43128914697025,42.26263637882462
185.73433250855402,73.0087098479014,58.57755493133831,42.21527105801988
184.95529916128675,72.84219798361069,58.8210552520478,42.188269023089646
186.58620846419078,73.62884255624263,58.969569087569724,42.12249149357892
184.55743407366975,73.96690868431793,59.47321428889986,41.97446449636999
186.05957880594127,73.18720676716275,59.7238019148109,42.09766830798291
187.11137617398018,73.09385648892663,59.8963345171425,42.12374939695826
185.64468208767317,72.90272101560372,60.001519011625426,42.443672778757815
186.61551565487295,72.97014115551518,60.00667380525015,42.78050163641277
187.13115811976127,72.25587158405543,60.26986443089348,42.78692116187012
187.61640494945127,72.68775885842686,60.41280711279917,42.75881821680689
187.22503748063548,72.41184404125744,60.698627008030364,42.71745259157468
187.1362486844761,72.09496421643395,60.903130829125715,42.82678929762958
187.88859054951578,72.74553992783572,60.79370004208529,42.70315624259335
188.3199784074123,74.05141813053295,60.65109071146603,42.76161186760967
188.53859599819958,74.66223961482586,60.918536807166575,42.6941031725529
186.71312242077926,75.09675281967506,61.563318457551645,42.55012488764469
188.39196550048086,75.03311446405047,61.516576140082655,42.70697846671271
188.27864819036432,75.53201968278557,61.515635443290556,42.74526019137477
188.53295760074172,76.134680934987,61.60482253979875,42.903109145216234
189.79198331032836,74.6377885572042,61.74353395898915,42.93388430491086
189.4744085151629,75.1159691885436,61.55973885670832,42.89653850939896
190.04662093259287,75.31289428761758,61.61879986836787,43.095742307813964
189.83061527904476,76.22640419171722,61.874803129790756,43.2014134776649
190.00999053781865,75.87237366944422,62.202982732234254,43.53971800241646
190.97313154127775,75.55363976713173,62.416224946736335,43.749131802133824
189.75480906953777,76.20123761014924,62.77433743286464,44.20717252910084
189.9467555132458,75.86992251240754,63.04108604639843,44.40787364171373
191.9820722627316,76.40214171494584,63.31175017392218,44.71496505421831
190.1745049333679,76.46170892405084,63.71363395717657,44.985612319691704
191.76847377374932,76.3949285361471,63.987570284592444,45.03815170464386
190.89833868990155,76.403942378279,64.29234364518956,45.27147966842086
191.40340277200875,76.1531222718982,64.35440397756486,45.45238976123884
192.23430773333456,76.31671983713916,64.32799649593798,45.65576489938788
192.0399487203138,75.9812473210149,64.71728078979544,45.63329291894489
193.02400888425117,76.08855979395673,64.8026041321935,45.682519228239705
193.72454476746753,75.03169192418808,64.840605570755,46.01314852151082
192.83539389326,74.65439894071164,65.15830515490157,45.932079693293886
193.78573674816212,76.40404722519574,65.44678289152368,45.735577819226194
194.10261790410632,75.4621634746294,65.7299345062367,45.855520857468235
194.56317417962947,76.49455233579735,66.10200540112088,45.85308649412587
194.72489755929143,76.6613337635269,66.29149267089926,45.88382156509271
