310.5,102.5,39,50
307.25222841347727,99.84420495464958,39.221968343943914,50.20398558706924
307.0235207145104,99.29612344327742,39.44480298664381,50.2494912182654
305.87388496101937,98.40507857351102,39.3685056268962,50.641174826053835
304.3730013350526,97.99920283751652,39.41906714839153,51.145349164864115
302.42512186815225,95.8137330744072,39.657126258812674,51.43142312101439
302.01216568137136,94.90907306252164,39.669232098561025,51.651588901316266
300.2587595297105,93.55788009753385,39.98183792567114,51.72135425824804
297.91368650522315,92.11122110770656,40.12338425464461,51.84614258435344
297.3758653996711,91.07228982286857,40.08748471770188,51.98500919665482
296.0647776071827,89.89412961240438,40.195264350453996,52.08052496441547
295.3174934944641,89.32447173831841,39.9938801604248,52.22401905779083
295.3536854525327,88.98642614711709,39.915435528988496,52.2692180230342
294.3275812974897,88.03377958192647,39.90276060695781,52.07325168342946
292.416697488713,86.38716069806846,39.981681020302915,52.113050024723385
292.3707439531455,86.09581712670762,39.80731274515868,52.00733314379776
291.00277124101643,85.03360764770555,39.88779352021639,52.18416353883649
289.9965056205825,83.91796404053666,39.84642380397672,52.33040946861312
289.0039755404885,83.24871374505268,39.75166094704433,52.25649467433479
289.1025958315523,83.38860992721557,39.572337379575174,52.48357651369097
288.07606809833584,82.95122282917501,39.62368767633044,52.49163754353522
286.38685297862946,82.24442668454515,39.69541792451698,52.486000682976524
285.6509768129686,82.7421203198944,39.72640094107269,52.50013477744372
283.65008922454354,82.32945969975994,39.72750616171564,52.46025818035988
281.7838604673658,81.81959284057689,39.76508366737363,52.45807443637704
281.36140558281505,81.76079819787716,39.72726426376846,52.55032794236292
280.5111896966716,81.57425558980911,39.85079722280769,52.56377291782976
278.87935424594906,81.41941466500496,39.91136219773909,52.6015406131469
277.2077576451123,81.22548840914064,40.156681950087126,52.62659827857924
275.143410961625,80.87743990107779,40.31127401205363,52.54900048145345
273.8791595659331,79.82643773560669,40.377821017686145,52.446313163912386
271.5045433603574,79.23260606862553,40.4385434877365,52.49547676108881
269.8711677747197,79.38886488488033,40.3898933433228,52.5257043432799
267.94746649548443,79.8079048057461,40.43496683837778,52.6415052884441
265.91969985030767,79.3682783711617,40.503554022774345,52.70988458955491
263.8670835208708,79.42771926738706,40.5790568385085,52.72389308116563
263.03298953263675,79.30321544623777,40.490151027783185,52.71568438912125
261.22659908583887,79.48254720902604,40.46012205352006,52.67825458313204
259.75559900717656,80.15936972816385,40.32286877570977,52.73253407774672
258.87303434849974,80.72226739906733,40.218430818016195,52.748441268708014
257.3125172192561,80.78876854386634,40.103071147975584,52.728679444631815
255.1509826762557,81.60762007696721,40.227111265165405,52.888417860974
254.30528498542878,81.97558166854284,40.15412571496496,52.87742579869525
252.16044739444231,82.27142984836671,40.0654282277179,52.91543975570554
251.2365138430826,83.23856274084024,40.000559272202175,52.9571840549107
249.69211848068954,83.61648381076178,40.012138140146256,52.98542426818269
249.6131222954772,82.83773812797438,39.75029598617783,52.86618309362687
249.35710480243245,83.1930661773236,39.652497672153686,52.808746277555535
248.48224514383207,82.54332732427517,39.45642944033555,52.63899964988928
247.44781564157466,83.06009638542862,39.351647955272135,52.23266731667158
248.4656842021525,82.59922259700969,39.277845996660766,52.09525549543055
248.66433412371043,81.52731455763677,39.10288837647383,52.1060568952213
249.4652924815887,79.6282663501987,39.0917578793605,52.113520108498314
251.7004616546688,77.8610637244592,39.071230991787964,52.13807724214894
252.95873943119742,76.33396305928123,39.02578435215234,52.190774389689324
255.9324027783426,74.47423662820768,39.01940852837589,52.4251875408379
256.858649629356,71.87839018833556,39.05724776358963,52.90473699940904
259.687602109884,68.48611274491691,40.003298071393644,53.17440455333009
263.65355076644215,63.51555518333083,40.11085807944421,53.188019905384074
264.99978387330873,62.8310770225229,40.214309615116036,53.05926015777844
268.8896992657216,60.150964924530314,41.5223799457077,52.73529551099018
269.56333191685127,57.28928496116161,42.36698962437497,52.08875091960013
273.20621269715053,54.70278423302351,43.46489887066118,51.69239498070422
277.5348040605375,53.249772436641145,44.171221507351554,51.908488372892165
278.74178999873214,52.3691705316105,44.1639016046867,51.905237579758264
282.63200418086353,51.518276228160644,44.64789661078521,51.993566241932946
285.29784811900527,50.592306637457284,44.81064642905132,52.057858533653075
288.4419783810577,49.52318731945064,45.09585363642228,52.05441454484946
291.42196962428,48.01646143248189,45.26584551521208,52.14582251843296
293.06602634080593,47.364305680969295,44.98982538774797,52.106076103863245
296.45713404732544,46.99948792963525,45.0003007286457,52.229493208914
299.74540151722374,45.501825060881664,44.985586772735786,52.349025489389916
301.83255568221574,43.70950145067255,44.77296123923013,52.67391542945842
304.41479648832217,42.18819218691134,44.48711026513983,52.97376447722925
307.18565112350313,40.669561070228326,44.60198859548586,53.1096650067226
309.0699722733017,39.31280973329071,44.50154607349193,53.0171421755319
311.5606805430127,38.23116081686031,44.13155827171021,52.979834139099495
311.63932648481887,36.64754570373701,44.180289991775666,52.36705366512027
312.37887742776684,35.669096754705684,44.08129109793753,52.08801062995538
313.9470813654196,33.820642302862815,44.19075309758623,51.75717380991675
314.40029702050407,32.46770115379177,43.81309962517059,51.62213422924414
315.5504856529135,32.16556778751718,43.30305205509972,51.934448321975125
316.1526664443006,31.37181813221239,42.89601167269624,52.422703872475765
315.64815099728594,28.270806365722027,42.83906129784279,52.57181564703364
315.68948854052667,26.825529618239532,42.76323364417584,52.41524427932773
315.8374419691354,26.650844855955942,42.527437579476135,52.14584272769252
315.46181059359856,25.997388321414473,42.198171832853845,52.055659043655034
315.4017474420254,25.14264185105738,42.11368918896153,51.692213542138994
315.4682341138903,25.77845737144612,41.910229515735836,51.50304826922193
315.5404853326663,24.96868098462247,41.73638281004061,51.20274771321072
314.0310658246587,26.519936391323277,41.67797372958976,51.131865985349876
313.97918428133846,26.994751265327213,41.67955126142789,51.1539678404876
313.6336431978337,27.730740220496607,41.6143047860691,51.403189561839795
313.4918052531913,27.775632682291448,41.43449263299936,51.47862941392207
312.7259570591413,27.512125989967114,41.420469278324305,51.62105703058635
313.1302145102638,27.99579541493831,41.55736069379022,51.3836308193082
312.34537715780317,28.372662640563572,41.54583003066942,51.430384005577515
310.56452823882614,28.641284216079523,41.38874329792953,51.51702994317629
308.8821841898629,31.10652727255064,41.348750666943644,51.62482002576018
309.0245557267031,31.811216627376822,41.44717146264418,51.48630914066226
308.50836870787793,32.70483026713836,41.86074295283965,51.08731146967495
308.44803016959975,33.61413932103109,42.21274289905449,50.86683705867446
307.6595046231719,36.47769619880522,42.359452271329104,50.692622186945776
306.8954170148914,35.24412372798513,42.491751318685516,50.38637373602311
306.8954170148914,35.24412372798513,42.491751318685516,50.38637373602311
162.31443845631543,90.6405401996025,42.90245721513428,48.567959432925086
156.0091797126404,92.79320700767033,43.09996219790672,47.21981013151718
151.94177356135452,93.31186569204556,43.14767447148679,46.07549540694798
146.69557947269863,93.64177975265991,42.80777104571018,45.15827312091863
143.6828269314781,93.85815369662176,42.65317425666075,44.4623526064996
138.23253596099013,95.25472822530661,42.38895364636716,43.779025345547126
136.11165555735317,95.65402156176684,42.31777385610688,43.02032281520431
131.27404989823162,96.78425140092233,42.27885954111027,42.37748610842805
128.74274788725174,97.64612245968928,42.45102929793332,41.628092953201126
124.79262559404114,98.62046426088503,42.11087643104639,41.07196756785829
122.27903703901634,99.62559753666781,41.95578158369854,40.56654174791352
342.83949405025743,27.436373319067236,41.48962219988823,40.93008234620059
114.99581628991092,101.75577419379842,41.32819232019062,40.39330086041011
331.78734530243105,32.75040691589267,41.068315447494115,41.99592384395597
108.81700105479882,104.95537621350472,40.86679202869607,41.72545058076313
321.9145523790786,34.972041368064396,41.190671313730256,43.43769522281564
322.31265915364145,37.23751122306541,40.91348744151873,45.31524187908558
322.4157916496269,34.0805508589261,40.944185766346074,47.23238450067476
559.7526165612696,74.00799305585943,41.3339819879825,47.535001327511225
554.3901060196737,75.32328997385403,41.611630634650886,47.85403059943217
554.3901060196737,75.32328997385403,41.611630634650886,47.85403059943217
325.8322323926461,44.98767467673327,42.024252888706116,48.85491970197448
215.38926182120406,-2.0864708783267787,42.204948059910514,48.88295629549302
211.42184829581487,-1.2881272078033312,42.17450602194378,48.982164626290604
208.17387038315798,0.11874058415315503,42.60691852755544,49.1158787265207
205.68617938344104,0.1400534994904845,43.0457924436458,49.34865010715929
202.00897378957526,-0.09946617988719453,43.4371809224845,49.31765258017627
199.5872901106423,0.7144298427902633,43.525229161850675,49.5837854863747
197.29776646766965,0.6085473574099112,43.64674165775696,50.00907587160226
192.75767730894495,1.1576578904736223,43.733589973375295,50.707179296975696
189.6032157551197,0.6071960040640789,43.98319549221964,51.224804982674726
186.32052690339074,1.465809399857818,43.90141075823855,52.017214593217375
184.68584824154033,0.9230498638260833,43.70626479367037,52.73174478965333
182.28756397654453,1.7757965927948405,43.60845847624984,53.423406139760246
178.78733762290148,1.4538681162320088,43.879061368167285,53.84141794968694
176.48077042906215,0.5775905932770158,44.196391732103294,53.85578866274933
174.55049881959533,0.4257847390936682,44.10120928117609,54.16573203469478
172.21886396205963,0.2868805502097871,44.14644701764027,54.22332978574116
168.12321182821321,1.468309136178359,44.18881405999131,54.05753701352325
166.15540739511852,1.9253122340674125,44.19170059608736,54.02363297533792
164.04756237613256,1.2988382660661912,44.23754076147016,53.99952695912326
159.24785539936875,2.5979736147373274,44.131837489350815,53.88139027209593
157.6246947731968,1.5944853361259064,44.030845576030025,53.79796351091362
153.92674402014006,2.105269161146282,43.89224314537592,53.766113702021244
151.39526080478703,3.02199313481049,43.56506093640303,53.78389804496077
147.12869142157533,3.1698779197761127,43.35388169440359,53.66449341841465
143.77892198934506,3.235121202236911,43.209391609126584,53.83656867304643
141.99502318743308,3.8939226559750466,43.14846392265207,53.73885337982034
139.38037322392495,4.060580955534064,42.98161326067904,53.7079894641511
134.63304518287975,5.041018324206956,42.84387550579436,53.41415579011403
132.0769426092346,5.559685571109384,42.50385973633662,53.29302473554486
128.65662577539152,5.461433531363607,42.6258335262457,52.981684724574684
123.62462390646564,7.3523443088864155,42.72522334960769,52.829674694873916
120.78902760422656,8.038306973495231,42.52769828364517,52.918493150560764
117.13423927821722,8.059909242881123,42.66120519918313,52.7222621203854
112.92192625986056,9.079102494924104,42.414255689631815,52.99685078452759
106.90236520730244,8.550744617501739,42.26512153101515,53.2216718436135
103.01265945410083,8.89661826030937,42.230814241641994,53.1089740260387
99.43643088900822,9.899435440232953,42.39974847982893,53.228069776359995
96.25617286028579,9.937739526165728,42.55082239860193,53.353359046835294
92.74169295287848,10.755350622790068,42.76782819196268,53.67972309054035
86.172827521264,11.146398273984524,42.77808236299194,53.86927367981785
82.3428414209061,10.829253002062096,42.81767320842209,54.161080822364184
80.73209229033142,12.418469474289537,42.72021390235646,54.11419723627722
76.95143687671708,12.314291794900154,43.02034814343403,53.9901775156626
71.61821019143365,12.726005444636137,43.72438677248479,53.747490966026604
68.00038085634952,13.36366132876313,43.76122818954026,53.96264710377085
64.83542102852871,13.208689045134715,44.01658100405639,53.9812104013343
61.38875152362496,13.91668478233148,44.27472189756139,54.20525372174821
57.97666033349557,13.62630923443092,44.69637503816563,54.28067955977116
53.71841606143251,13.241080764114933,44.80135597578542,54.435782200857844
50.353875333157816,13.96410063958217,44.68355747322834,54.34289698998532
46.99771760827696,13.404113844292034,44.793645235154365,54.25056932629313
44.804295921304764,12.898210337797348,44.69253351571497,54.17572537168454
40.278277879263456,14.049563942718521,44.521918118169175,54.38534177977738
38.4818037733464,12.396161729822861,44.41529853520348,54.39571394887009
36.3092001411717,12.966720627634508,44.3644124310226,54.547142425524626
34.705029184223136,11.739813243175817,44.20798703191619,54.404663506621574
32.062161491188014,12.486843699294695,44.18798158470396,54.32706608868466
28.150983589339134,12.903476015199402,44.10835460413048,54.488974553532046
25.699431649776095,11.642024245624718,44.20179900220798,54.4483948544612
24.76066768880805,12.298633047195331,44.08159845715646,54.4203240837861
22.70666465329191,11.972895550525205,44.38918686652187,54.318321742150154
20.998204635302745,11.545209870602509,44.604728557010695,54.340218585126955
17.28006729968672,12.28952320407847,44.64330959420954,54.683285329048445
15.19917869511059,11.522816752292467,44.9207148074359,54.87059170338461
14.212266191847316,12.471813006334727,44.87996790882634,55.1442641485319
11.641143687850764,11.805448240002487,45.04275744578062,55.419235588316134
10.990071557058815,10.994781476498389,44.969642903996906,55.60015039507897
8.988246880005157,11.697556611546872,44.92034902842893,56.0132173496753
5.323621176005936,11.92442578309165,45.25773670885779,56.10634619837728
3.934632289010885,11.44705917271811,45.208512878004754,56.17106077717566
1.3256461054007111,11.159462163494695,45.29931039094654,56.652670734953546
0.5577613058231883,12.009934510226884,45.29303761549068,57.194240174942536
-1.1941409548528554,10.84138976335566,45.044847527010006,57.52171400897124
-2.2355511312126453,11.139683007453044,44.32890484300168,58.5871441509492
-1.707477176895356,11.072654014938202,43.643153995476645,59.54733491033191
-2.64188921951213,10.118668924854589,43.037501028021595,59.79361998136065
-3.452514189819013,10.434673322550054,42.62639518326549,60.17436753362597
-4.119880173157831,10.603791174376035,42.19215737569691,60.15144895410235
-4.531649284465537,9.271173594908753,41.94942429322809,60.072468624603076
-4.973933595151845,8.869866947961533,41.52905471746478,59.58180334355397
-4.686746985774832,9.619398825747012,41.36318383902753,59.28359078999412
-4.942303462454337,10.74334591093885,39.71254027688361,60.674151533703466
-4.185581808819812,9.490092230042528,38.2990506508451,61.94999571514485
-3.503832153744188,9.53774424751802,37.09297230374279,63.36988013577553
-2.6877791114832696,9.595825411087688,36.6432501141413,64.18460783234454
-2.9963406627671922,9.984677718779722,36.176917654117595,64.70247752440218
-2.853577597996569,11.410709588012722,35.4539043693773,64.91441010093862
-4.5673204214176195,16.68526479606028,34.20665113224723,65.08441303475806
-4.943160250475909,25.04332379022012,33.229944149815104,64.36701903020302
-5.158486217177959,26.649111289212865,32.36334223609701,63.47705591347364
-5.158486217177959,26.649111289212865,32.36334223609701,63.47705591347364
-5.158486217177959,26.649111289212865,32.36334223609701,63.47705591347364
-5.158486217177959,26.649111289212865,32.36334223609701,63.47705591347364
149.00506867082294,47.49045800894866,34.520332801892096,63.29952757409971
331.6553390013591,67.23702112245252,36.38116909394476,61.47916135685762
329.2688745932678,67.6420725860919,38.00944125195477,59.913709627966
328.72404564352155,67.1066173422053,39.49969413097186,58.355561993104324
328.36575428576265,67.12626177894913,40.70211078937986,57.188251402545134
327.5784050751936,68.7412036570401,41.11521529648599,56.841986716416265
326.6253920964242,67.71409161015043,41.233727759533174,56.65667595530668
326.2536644544723,66.96264847594648,42.197636112050986,56.10943209485412
326.61744118053605,68.4235178193154,42.1410425498122,55.49567728339093
325.9469180197472,68.34164252049084,42.30326885738996,55.18643009642551
326.177808170992,68.70232049600861,42.084477618163355,55.13620629270214
325.8330536567339,68.6168601081192,42.77993146493781,54.74097455545375
324.51097998163624,67.9844286558489,42.8735150028773,54.55375995202164
324.64170351194497,68.64830284222529,42.7525983496886,54.63605207704869
324.5660850134867,69.46978390245093,42.39861415853669,54.79537813122663
322.1505410031128,69.91503584827414,42.2495371745544,54.73258307995039
322.3333611504065,69.85929780097143,41.504814259822936,55.093284254569085
321.7355004181237,71.81632967760595,41.369608113991205,55.1715889610016
321.8187026624342,71.27700479938828,41.06587862162716,55.296382070422304
320.67099422579986,71.77821403010643,41.049721989494216,55.63329857373822
319.6154557815952,72.80763324588165,40.996332258411954,56.11390983396025
318.44905445028684,72.47014696566725,40.9388289250875,56.12960656459699
318.4711448077272,73.07759985773606,40.95904995600291,55.978852425166124
317.4677383771796,72.99710629516156,40.92878395967629,55.40977092629551
314.471162099976,73.06700008042483,41.11808395594741,54.90533215261341
313.4031258831965,74.34280067732296,40.957957067759665,54.511054319260296
312.04147989669224,75.34538617488948,40.62323870103127,54.331241595726055
311.2340752500618,75.79008025413262,40.372019327795925,54.11739233475414
310.968632700858,76.03821078554805,40.21800497685502,53.87802568157981
308.47019106188304,77.72359025178608,39.98092762629543,53.7435336005289
307.06521005924594,77.3764720439183,39.872374187767676,53.70854712254957
306.2028579745067,78.10531971652469,39.876464996841285,53.328622248909646
303.94269705247285,78.38596017108019,39.89112583016677,53.11850797555039
303.05282594947255,78.96127877786827,39.97212183179117,53.00364260874546
300.0735473524823,79.39243703630865,39.99139899266004,52.852568350413435
298.39512098927185,80.01360984956051,40.06403984507283,52.5631469754661
296.86423951545754,79.98776980622597,39.92587498584717,52.34947624350115
295.4628136557627,80.4911151125753,39.93772729270016,52.313827190975516
294.1566429671146,80.39609152273425,40.020282321653525,52.32584075053853
293.00426963091604,80.65522296129102,39.79384646650848,52.44296773786973
291.35702130566597,81.60915639906403,39.60681030489019,52.53197567158884
290.8149825828482,81.61567103112499,39.57312768830794,52.44657096835951
289.28607572262615,83.13128110228774,39.75797345030176,52.39708891654915
288.5523106125839,84.24204381870001,39.86257110755818,52.74910798598292
288.25627538237757,83.79945288402632,39.85783963134446,52.553561443655774
287.60683795911604,85.57028115251673,39.97082320722995,52.84768862669145
288.0211634197494,85.31603790321012,40.01818878357521,52.78886133498331
285.56946039824777,85.22734351577445,40.36527225196306,53.01702918428512
286.54501066506185,86.4740175368874,40.46580507633657,53.22547934266653
287.11881669395643,88.75598095094472,40.54088419686927,52.95616873693349
286.969660293808,93.29891434051655,41.03604750561762,52.73136972970143
287.4632307469343,94.09172279592201,41.194813286147834,52.522829683133075
287.4632307469343,94.09172279592201,41.194813286147834,52.522829683133075
158.14255649677585,221.8238024545982,42.07975309505842,52.169830644101026
285.83781216753465,102.75375663046948,42.61087261291581,52.06477458728031
287.04027541648037,103.92156610687643,42.684655335910676,51.64059243065477
157.83930194756758,215.9156151884795,43.428216043267454,51.19756873033926
157.83930194756758,215.9156151884795,43.428216043267454,51.19756873033926
157.83930194756758,215.9156151884795,43.428216043267454,51.19756873033926
157.83930194756758,215.9156151884795,43.428216043267454,51.19756873033926
160.06260127151577,212.64600544753287,43.76958793827877,51.01685565608015
162.9872402206259,209.8553882789933,43.72850229317133,50.872806847254765
2.0569327185623045,239.41574848255374,44.44818712151727,50.518031874704214
166.99802169802146,207.15461289908183,44.080321906739606,50.589192201804266
-0.3580079866484702,237.2349228459847,44.18267058272007,50.34047187464895
-0.3580079866484702,237.2349228459847,44.18267058272007,50.34047187464895
-2.806042348670225,234.64923819619568,43.89089503033536,49.94788252936001
-4.490758093748312,234.62538509355565,43.11303104548543,49.9927395786031
-4.285564668244852,233.11269744358165,42.19620069395971,50.215332104579545
-4.513105708410386,233.10241339639347,41.335378395399786,50.188183775086756
-6.411470809210684,229.86316828677425,39.65178623600795,50.332004881166036
-5.832536593330417,230.3518619809656,38.0823391490045,50.5276225968483
-7.416365276824511,229.79626231092396,36.2119058101211,50.744549609508454
-6.2232133550882125,229.05962176839557,34.59266761091273,50.71150831068459
-5.832824091107284,228.3288181067978,32.928132147354404,50.62794139281421
-5.6828219494780985,226.66617651548495,31.34019415685879,50.16666570893904
-4.804394158283078,227.38246618398264,29.71300509661402,49.5976645722839
-4.695700308543039,226.38098059640328,28.193144805733795,48.81460473967596
-4.257809189689173,225.44725040213794,26.75359227383661,48.0521229494804
-4.362864977382605,226.19589402029416,25.592325427440027,47.0514831307133
-4.277879437661397,223.79688640933762,24.43011302500338,46.39089926205021
-3.687483073611082,225.03618138689762,23.388399644155594,45.55148841745723
-3.6363352772811535,224.24407065297368,22.33795836391563,45.01487648839347
-3.6363352772811535,224.24407065297368,22.33795836391563,45.01487648839347
-3.6363352772811535,224.24407065297368,22.33795836391563,45.01487648839347
-3.6363352772811535,224.24407065297368,22.33795836391563,45.01487648839347
-3.6363352772811535,224.24407065297368,22.33795836391563,45.01487648839347
-3.6363352772811535,224.24407065297368,22.33795836391563,45.01487648839347
-3.6363352772811535,224.24407065297368,22.33795836391563,45.01487648839347
-3.6363352772811535,224.24407065297368,22.33795836391563,45.01487648839347
-3.6363352772811535,224.24407065297368,22.33795836391563,45.01487648839347
-3.6363352772811535,224.24407065297368,22.33795836391563,45.01487648839347
-3.6363352772811535,224.24407065297368,22.33795836391563,45.01487648839347
-3.6363352772811535,224.24407065297368,22.33795836391563,45.01487648839347
-3.6363352772811535,224.24407065297368,22.33795836391563,45.01487648839347
-3.6363352772811535,224.24407065297368,22.33795836391563,45.01487648839347
-3.6363352772811535,224.24407065297368,22.33795836391563,45.01487648839347
-3.6363352772811535,224.24407065297368,22.33795836391563,45.01487648839347
-3.6363352772811535,224.24407065297368,22.33795836391563,45.01487648839347
-3.6363352772811535,224.24407065297368,22.33795836391563,45.01487648839347
-3.73529120030185,31.015983798768605,21.281785384441275,46.23649209133489
-3.73529120030185,31.015983798768605,21.281785384441275,46.23649209133489
-3.73529120030185,31.015983798768605,21.281785384441275,46.23649209133489
0.046441339642752766,31.892165666920608,21.414395744005194,45.58582258129584
0.046441339642752766,31.892165666920608,21.414395744005194,45.58582258129584
0.046441339642752766,31.892165666920608,21.414395744005194,45.58582258129584
0.046441339642752766,31.892165666920608,21.414395744005194,45.58582258129584
6.804540756671557,38.93501747637595,22.425832484288406,43.964502087690335
6.804540756671557,38.93501747637595,22.425832484288406,43.964502087690335
6.804540756671557,38.93501747637595,22.425832484288406,43.964502087690335
6.804540756671557,38.93501747637595,22.425832484288406,43.964502087690335
6.804540756671557,38.93501747637595,22.425832484288406,43.964502087690335
6.804540756671557,38.93501747637595,22.425832484288406,43.964502087690335
6.804540756671557,38.93501747637595,22.425832484288406,43.964502087690335
6.804540756671557,38.93501747637595,22.425832484288406,43.964502087690335
6.804540756671557,38.93501747637595,22.425832484288406,43.964502087690335
6.804540756671557,38.93501747637595,22.425832484288406,43.964502087690335
6.804540756671557,38.93501747637595,22.425832484288406,43.964502087690335
6.804540756671557,38.93501747637595,22.425832484288406,43.964502087690335
128.85691345871615,60.98750739678073,22.49082584973047,43.763479613824124
130.6898088889696,62.31443761222416,22.522753609523896,43.61822084843409
130.38792679035663,63.86706248610819,22.755629215937113,43.500477728702535
133.71959355182392,64.61816751432659,22.919365452371455,43.456077954972955
135.42084971003476,65.55948283166025,23.075429719812085,43.35674307092361
135.13351219439784,65.72216349538596,23.217608024573014,43.235448675673595
136.97030604880752,66.24673383685915,23.28608050023243,43.201255287916105
136.32786005020836,66.93227438064054,23.455876762834464,43.01697348814936
135.81862255051365,67.08482831288387,23.592760680604613,42.957747747371414
135.81862255051365,67.08482831288387,23.592760680604613,42.957747747371414
135.81862255051365,67.08482831288387,23.592760680604613,42.957747747371414
135.81862255051365,67.08482831288387,23.592760680604613,42.957747747371414
135.81862255051365,67.08482831288387,23.592760680604613,42.957747747371414
135.81862255051365,67.08482831288387,23.592760680604613,42.957747747371414
135.81862255051365,67.08482831288387,23.592760680604613,42.957747747371414
135.81862255051365,67.08482831288387,23.592760680604613,42.957747747371414
135.81862255051365,67.08482831288387,23.592760680604613,42.957747747371414
135.81862255051365,67.08482831288387,23.592760680604613,42.957747747371414
135.81862255051365,67.08482831288387,23.592760680604613,42.957747747371414
135.81862255051365,67.08482831288387,23.592760680604613,42.957747747371414
135.81862255051365,67.08482831288387,23.592760680604613,42.957747747371414
135.81862255051365,67.08482831288387,23.592760680604613,42.957747747371414
135.81862255051365,67.08482831288387,23.592760680604613,42.957747747371414
