206.5,85.5,49,57
202.68913140194283,90.13092825064484,48.54219551291732,56.78033977251402
203.47106633854958,92.09953485035115,47.799861644247144,56.12064770652425
206.16797193193804,91.10531622793634,47.67984510850172,55.15633093066295
208.9407863350217,88.30434813917238,47.757490151821685,54.182595435369855
214.2488503362128,84.57470832938488,46.816012341700244,54.34210469972024
215.81017253072616,79.92236294911055,45.93607115206009,53.82521838812534
213.31587806507721,73.88764961923471,44.77305352360456,53.50047524044294
209.16866137896932,71.7320240480133,44.14623464514896,53.3373845135315
209.0676159902906,72.09443704717793,43.32046132395755,52.66485095156356
213.7075921951658,75.54524419449427,42.723653483604075,52.18741096570773
216.83920234519871,80.53284176396187,42.33693998895817,51.678512976430746
218.85774089857665,86.57806012226483,41.98575880200213,51.03514828893859
220.68002751803326,89.817638954114,41.45358323383478,50.50352709374611
221.12414070897324,89.41078524010965,40.94913697375806,49.76550400818211
220.21609497784837,87.4048294938004,40.59493438960582,48.93378375641585
215.92466759555666,87.85608082725565,40.875959816115554,49.03388676615635
217.8134405882438,82.40129150226923,40.38024008844693,49.56245154588993
220.29555736286196,72.84891038290739,39.86813924108441,49.56970058576106
217.98594902362916,68.38782733476718,40.11928484029584,49.149478528965325
210.09056364469137,66.9094058554012,41.557711085232,48.903998050960205
204.9208008063766,65.09315926288534,42.901873526387874,49.35021480013988
204.9208008063766,65.09315926288534,42.901873526387874,49.35021480013988
121.9759643863855,105.56396207622437,42.96493198648726,48.91514756457511
121.51462896308057,124.69099417887381,46.57547786552206,45.51654829457898
122.59379406365652,119.80551172544413,46.85728528911076,44.76972431441439
132.67116862539254,107.64054611134586,47.4702649711807,44.4268993475426
140.98534303150961,89.29264894087306,47.64857395008427,45.15372243604676
140.98534303150961,89.29264894087306,47.64857395008427,45.15372243604676
181.3711009745233,22.836683979237876,48.18222621591235,45.101571548770266
168.01605342385753,25.534389163882754,47.85524245982201,45.1309215211248
168.48787026475026,27.58966105351717,47.593554101980686,45.548127757114756
171.7015955138448,33.77270181998525,47.17505336041386,45.284488965572635
173.1660552194849,37.224668233369584,46.705254222723795,44.881591829111585
174.30885507493872,36.99747829386982,46.13670744837012,45.94196444254334
177.05248480228744,35.283808564990025,46.405547694600386,45.50340099960712
177.55456015076192,37.74269801436557,46.95548928566868,45.61412122729035
185.16498396526478,36.24210095534407,47.46248398759558,46.045720246837874
195.82957978279728,39.834950545691555,47.67511478600228,46.19959015793978
208.6841974807055,48.99989722372655,46.99019236320831,46.896506494252606
212.45663382498077,54.77456563838407,45.92167284314529,46.8017089639488
215.35034087163865,60.73250471773602,45.203042509900335,46.49770729297683
217.64060486561485,64.99791370469214,43.754655635229184,45.44494479620691
219.17092771386933,66.87272812980837,42.710331359389784,44.60157047592746
219.9488193870442,68.37771761423383,41.86734827739853,43.70157399761611
221.29088797063912,65.67051780315734,41.4402628165228,42.990261225054724
222.18819070100238,62.369673778568924,41.02859228373667,42.54646377771056
223.5694169126419,55.707066992132994,40.459731216735044,41.8666133399623
224.49045559265107,49.12376267027659,40.23476351305064,40.92970159030352
227.42304494190668,46.19001673968917,39.91961981438686,40.58683340127695
234.6059381870141,44.009077127403515,39.74696477101042,41.20043901477953
249.75461216531914,43.49531292073009,39.80291118695889,42.02519810394291
269.3547431882578,43.41326199042107,39.87797873092532,41.851149671925995
281.85449152997273,45.04922799615636,39.741095725474025,42.75221942666025
284.45611330245407,40.87541727901656,41.08429278186018,42.981424074745995
294.250745096279,42.10546936739158,40.9383008311732,43.060635121689806
299.4717637792337,38.579729483550935,42.340084990837525,43.38542936538429
309.3514238254244,33.22532063351119,42.57622540871009,43.920700274387116
315.13083761417886,30.66338781364698,42.25380606484377,45.37530445857964
323.54273898363033,28.66635623143842,42.04589382887042,46.29755928483148
326.21485924024677,27.571111165882577,42.001789881799745,46.742375640270254
330.708398255668,25.99095343998573,41.70408772833764,47.13427826361851
334.1401736426778,23.71001556729418,41.62867248288256,47.27017820944106
336.33528601867243,19.535494737849177,41.20378333842191,47.5187111784507
338.2278833136864,19.12456786210043,41.34306990188214,47.807995521531446
342.63107360872334,16.96875169229332,41.340691119974764,47.35599747097843
349.71886326219567,17.14781888982788,41.25706985898954,46.986266119619
352.22132955561176,23.327213107408053,41.043202011384636,46.910815277537274
353.25467675421334,27.627138873578097,41.020158479736374,46.68966876991642
354.2389485944927,34.71116323867622,41.1706610104203,46.597787146348594
355.3405315903765,37.916904159237774,41.324800306967475,46.944998046619524
357.875882916325,37.3588465409525,40.8975536372788,47.019959852251354
354.8016908751415,39.90437789163357,40.28569191962748,47.822217711344535
350.6606712113331,39.725188026339765,40.30214153319386,47.122782605430075
347.2283969479956,41.582197510453156,39.93990440007893,46.440147390026176
345.507957260447,42.55333284628435,39.62408993514925,45.42000211747648
342.8616278274391,45.40583817704202,39.41079644291917,44.931272393155965
339.61830038161287,45.82430692642472,39.41713946399675,44.26549043652581
338.85360248922865,46.498640236287905,39.33576967240258,44.06256849815777
338.3536701160865,43.37213329423031,38.887723752221014,44.13204871375489
339.5946085431346,43.60328004519177,38.377500001953294,44.24647759533112
340.7408662463538,46.243035804329644,38.061294610239614,44.12330429192964
341.09008396794275,48.81639294015592,37.63983467956627,43.72584853849609
341.75691810157,51.913786875105224,37.48491299338933,43.85415646708991
343.55149929846635,51.71183675116218,37.50045664856212,43.59234411999003
346.1091687812172,51.363492013007644,37.31271949733048,43.72528142192167
347.9608665983135,49.37161624481668,37.039987210382144,43.50516266182532
349.63967682348465,47.36545387563351,37.19787779595899,43.31863867582642
349.13049813403114,47.266726512664825,37.202119960518154,43.674109263871074
350.16587006309044,46.72917142431957,37.16414602084136,43.799717687708196
353.44807736087023,46.69384271568969,37.128447035785946,43.3766642592591
354.66726498210244,46.736134246271,36.95815059733761,43.38059197217247
357.1538647474865,48.45638258323145,36.66547827680512,43.7070273089022
356.1918609862498,49.69613791212726,36.721929346527276,43.98096776004307
349.89899099964117,49.83900247564185,37.29958216154151,43.859474180198845
345.91413810971613,49.96130676219333,38.0430525516821,43.46336521811597
343.69794808529673,51.4231933309064,39.23726006939297,43.29707127151625
343.10086557459385,52.022394919565336,39.78678291655477,43.30089187196937
343.6984225745601,51.678381060684984,40.53580601302737,42.92374369880752
344.2811313177393,53.13781294565168,41.04878034090079,43.23496649389183
353.27634183423964,60.53697529235937,42.65163437809052,43.86849795587195
363.1364409933597,67.33147942344247,43.154729364293765,43.26981276041719
365.14030586815977,78.6057663190075,42.70701433942506,43.166911958178716
332.4616313823492,87.4127170398364,43.908563445323544,42.195067935344184
328.34634539973945,81.14379020118719,45.5914941332298,40.50232220926126
328.34634539973945,81.14379020118719,45.5914941332298,40.50232220926126
159.91552839950458,0.7875991039682724,47.26266792862143,38.97337139588658
193.68267094243683,2.870628956948309,46.93122555515929,39.837290918899896
197.4719784015212,3.529130768052198,45.4459925187044,41.61807825318931
290.3540076093791,-0.9955524603936539,45.60728810689492,41.548542503660116
299.69329899501867,219.63568450725836,45.06946957206592,41.618527064449864
297.6283891306928,220.78831807932534,44.961810090817764,41.62401612682833
282.17507969423673,98.66520142975989,44.08878113658149,42.81640115935768
268.0815664270184,59.463184520218434,43.80964022106698,43.63585551066715
294.3504341004168,6.253669036932582,44.28718273681898,44.92529358173103
295.00849297728314,8.98000929883884,44.986953912453366,45.928267202205625
300.5714914571143,3.298539144453592,44.992383764009304,46.99419232085161
302.2126559636764,14.383843189465992,46.351081247772356,47.49422708361001
307.47079375225377,21.867032225026527,47.96120471083974,48.33032589542351
308.06892771830934,32.630493105801506,47.9477835633203,48.79557828243313
331.15731348555016,100.949984812603,47.431187352325004,49.617776509455126
333.7596186864038,112.89089615171727,46.760740425654305,51.03234245732523
251.52242167901136,94.38915102374341,46.371563273447,51.6144078475503
118.00516525851911,3.0985664651642075,47.79175726677525,51.4030964959587
230.54608394218596,95.85320202791463,48.89816758010562,50.54850371518442
216.41486759250367,86.60400106138877,49.48410758843015,49.79065526676639
197.58308127810852,73.09174837682548,49.76169770379275,49.79471576589786
0.25769090268165584,2.263469804610043,48.713442810115204,51.59198946306312
273.7248720769434,87.78869822009392,48.595852922529154,52.328458901626625
185.74832644040632,30.511707092618842,48.17083140263464,52.77125799007287
279.4519181683978,91.65199421164262,48.43825426989384,51.72575302692767
199.78214700400093,13.322653790747946,48.51410946489854,52.43996060211544
201.2511235682066,7.552264041348625,47.93409987133828,52.67831662374123
191.59005512474693,7.266214297181165,48.3318078184383,53.1487781004418
187.46678592254898,3.2666282346904794,49.41342923064664,54.28076034123738
195.4253223865465,-1.0673082216975374,50.05730372086455,54.158528387985584
195.71279562106884,-0.8181400866169497,49.519876941469185,54.61522893680558
191.6090280158769,-0.9218981846226448,50.09232609228275,54.65256955064648
203.76924272302983,0.37381443644400036,50.50408967114094,54.45629473156312
190.80944485987482,4.11964999307769,51.35597452098614,54.94502656476791
194.63233341155174,12.627548124597205,52.12850567568894,54.65079364096228
200.1325850994632,24.29808369275581,51.185405864319115,54.746293625860886
219.53567785523194,33.001476691772076,51.161481247557056,54.59562640224242
245.06652004736554,42.29949626096217,51.55210551807498,53.54556199530754
288.47662648188515,42.5200310386659,52.26575953136,51.930802120838806
329.8212647338733,39.63009769070935,51.88786913578217,52.560441746897176
348.49652983376416,29.721021602779743,51.693501197963315,53.56379938235111
363.46680605454856,22.534972292663625,52.32893943327436,53.57368772884067
383.0194402728748,17.471156386666966,52.71972659964928,53.09293540844873
390.3811835284213,14.124348168041248,53.237585494134954,53.34444893661203
405.1046642380595,14.7586589667502,53.7357839869678,53.964175560973
409.51074060678303,14.329256800789885,53.34374195203545,55.29005163471301
406.047770793069,10.500206624053007,53.90558255373721,55.995534342923094
392.49956091001343,5.343022376379789,55.68043669179654,56.190416029492674
383.0657065297992,-0.3883484101284296,54.9199468285678,56.14466322537288
358.27208210811716,-3.194408000462378,54.81254311455885,55.76629769153272
348.4345992932296,-7.726005667588854,57.80707356366982,52.596149901396025
317.53754351658745,0.6097321861740248,57.020008359141684,53.20976559401675
298.1152437408674,0.8846086133564519,56.99313650555244,54.34214629506419
283.1315811560313,-0.9775645844695262,56.800273000297956,54.71183432546651
273.4902372203789,1.5678032081500959,56.1576526440637,55.13087151778464
266.05865650187303,-2.1387988214786127,57.96506895625855,54.77956732966657
266.05865650187303,-2.1387988214786127,57.96506895625855,54.77956732966657
276.7204502901885,-1.0607606309986792,59.56662176048684,55.09726252081974
276.0950136078885,0.46500040380843544,60.13380493477161,56.07295164047553
279.6042662339379,21.964060052338127,61.41422412877883,57.12726917202943
