180.5,79.5,37,114
179.73320586371287,82.66349859882732,37.45362819457326,114.92209013602458
179.40723654869322,87.3378509202365,37.63349747174732,115.3011810940973
180.90526875045305,90.25830085166223,37.627389685583026,115.01350865586743
180.23560994907706,91.48282253555998,37.6065065255863,114.59097028151066
179.84910823129294,92.70743004213281,37.42778638556244,114.65967004039868
178.73843984564118,93.21025274738253,37.20355912526503,114.88601437122465
178.4376154997487,93.33957028766446,37.24596038291078,115.341779522499
174.7531098398782,92.69829066109126,37.57948405082681,116.52666676766742
172.50863288973173,94.35892281390257,37.98168792060218,117.11775931552992
169.09869733769142,96.92650305111442,38.29927306734636,116.92221313706567
163.913216094763,98.42392970846376,38.75575820487559,115.89164626893836
162.58983936341585,100.01045505747787,39.41345663007138,114.04513902126567
158.94200498667965,99.61194598989398,40.5670136052845,112.86565259214817
157.43538174068286,98.129463992172,41.68352848221157,112.74784719367122
158.1843923494742,94.69412479099464,42.57960769225646,113.03235730684139
156.92312357718237,92.58555368583006,43.53064040552599,113.78205676623973
157.7585537086526,90.57118168914997,44.19406301764658,114.66163489084079
158.80426749063867,90.49880438724506,44.75130159709178,115.26073728393817
160.3384115794656,93.25678263869528,45.29875848703437,116.00379443383922
162.08789810513906,95.0954709537197,45.67366129208699,117.0010069608949
162.8921207332173,94.91218266954769,45.314719290820946,116.74723984408878
165.42857331754868,95.4816511234875,44.30139397140138,116.08823652590604
166.67111591168202,94.1303954377565,42.82123141153736,115.6381201908403
168.00755995457504,93.18939762600937,41.32626474012665,115.57905109894915
169.92855260562692,92.9310674193186,40.05705217934063,116.08189637104772
171.46846219591023,92.45808586604238,39.3271690072274,116.44605240066915
172.69470770671975,90.85810615835531,38.71906742423747,117.00400875665608
173.71388521384756,90.06346103227148,38.31682843781388,117.27807150027881
174.92760077533205,88.32646549827085,38.208107641993365,116.90095187148748
174.77528862342388,88.52738870270396,38.18139956026971,116.44541673157673
173.1487801058516,90.11768713446497,38.709430280640696,115.67520786091359
171.363200884886,90.72319179315369,39.37607393299061,115.40452809523293
170.27094452678406,88.53812525317471,39.75580056311203,115.75326024669359
170.66875954090887,87.12327162715769,39.87237694622413,116.49766705317097
170.63258161803878,83.64165268617174,40.077318719808304,117.8847373516773
169.23884925728174,83.08233713390274,40.277330314415046,118.71534555062715
170.4226668111103,83.87067089371237,40.51865845787184,119.4016265440389
167.73352610692453,84.6889303934459,40.428646199403765,119.70947399964996
169.52687403223797,86.13043841559112,40.34140651599798,120.24143216800601
169.2208357858879,86.48096082336784,40.061344289139385,120.88627835129289
164.6819116084605,84.30062628267628,39.423215928906274,120.56825175396509
165.7596389892425,82.10543215844996,38.4339628780433,121.42619671742932
165.15124019335383,82.59459629803148,37.43774086036933,122.66225585510588
159.05746339511134,79.45868792133139,36.30409694708867,123.6798578448647
159.4254365585303,77.11873285668861,36.06025208094603,124.34377533270128
152.0949300552573,75.91745102424589,35.45655752218443,125.33740035127019
152.0949300552573,75.91745102424589,35.45655752218443,125.33740035127019
75.66724049623247,81.17110064759544,35.87924315878877,121.92908010084794
75.62844294725679,81.79445052136921,35.99418650480466,118.51762333997947
75.71744435119209,84.39023897820974,36.14790112847931,115.72199960470421
76.30520497580022,89.62963257139154,36.11334450652897,112.9068457648982
76.93783877847818,91.29074243870255,36.17331584427303,110.22490937645233
77.94254291936953,97.45377475361808,36.04214039921365,107.80309393790546
157.02145308219968,89.3999948960151,36.581799321600215,106.34255939957139
157.37508819867483,90.35039663870506,36.9404484879114,105.17590465495988
158.43767122350724,93.9548439646482,37.39980110928233,104.115144234641
164.99172847958528,89.89375649239221,37.40608555342512,103.78840274391128
165.01885861121306,90.99558073271875,37.411605284359254,104.08876708636305
165.27433228476866,89.77359523516324,37.21992765398772,105.18933140422796
167.1278387738662,87.83895665811535,37.45569111736676,106.19657566800393
168.9166908284617,87.62183061809262,37.252080779156564,107.72022172139994
169.50809043622033,84.20897784964588,37.412237868189486,110.42610427932001
171.48870914093033,79.5325086905997,37.83558822350952,113.09625517904689
172.84055176248208,80.51189503747193,38.35588054617134,115.53389008951994
175.91889371681856,80.45668161774316,38.7956040509811,116.97982611000016
176.5611603017088,80.64458923080574,38.721565757108436,118.5192710796071
176.99358674540343,81.14300197133363,38.61314981372708,118.97707704634335
176.9801292796099,82.12173917121702,38.48714820957899,118.61581515287085
179.1535037119417,81.87001484874602,39.23105800961878,117.45266154389894
178.40074767796523,81.0678454317781,40.01362903657898,117.09360359019138
177.0337116472026,80.60314274479731,40.730255295415674,118.16367918917717
178.67769938222597,80.33006814574026,41.458027372518586,119.7664879665683
177.47201777655337,79.80821978975871,42.23041436754755,120.91660698363852
177.79842502676726,80.70535931362011,42.67495284868714,121.88963450215414
178.67020610956013,82.73875538058523,42.706685821460475,122.5620749083545
177.20847418741067,83.94251448149123,42.518976751254385,122.28910060226396
175.24747618103953,86.36210783066869,41.94087739656507,121.43172518892793
162.03874931474448,87.86805819592149,41.710048124394405,120.59622178203072
161.06978618327457,89.22673864347642,41.393489972279916,120.72612040840525
161.70919713433742,86.19845259892304,41.01864778883938,120.91774851634136
161.04913142926674,80.40927443839273,40.5043970225815,122.29071581457484
161.97016295158662,78.6430837165882,40.650040996793976,123.45260813770051
162.86822366417294,76.71482784207396,40.95103079674946,124.40019936022446
164.28096840957605,76.22279277738005,41.0901039604385,124.99098829802482
166.0466064404185,77.10017019889341,40.82965566898677,124.8581042111474
168.78174262477046,77.89507114546643,40.8712245974325,124.47367250576075
170.8186290657077,75.45990047088341,41.02133248338025,123.91662089533207
173.9219392384863,77.1554166102687,41.733349413518916,123.15507446212729
173.01156925599102,74.86906310377577,42.91326959053032,122.92209070973229
176.87251545508437,73.28245162804173,43.95254185756578,123.18558322678265
180.0661467841181,72.4491307005728,45.30257911862674,123.86627020100612
180.56845983561598,72.04152465115851,46.22683621055439,125.01744730737823
181.06407477733987,73.33256342732803,46.62956036572659,125.53396704317092
180.77377056461734,77.59683447595714,47.2297082982776,126.00260683830773
183.88160796189544,78.51554359585842,47.1825806571943,125.26623122679342
182.53452303715628,79.84213203388879,47.01302985123133,123.7689996517886
181.21481178082104,80.09107253529446,45.44667567246509,123.36461263212678
181.83020049911718,79.24444187929791,44.33778695537187,123.51110170252747
181.15988461168337,78.04246249224937,43.32635960433926,124.44787903245646
181.38538793819325,75.1708480028143,42.8046295816019,125.24318816574556
180.15630717836322,72.29991391309812,42.562528316304075,126.30702347011687
179.93154196371938,70.84003186762712,42.45312757369766,127.3438148437737
179.00963845167814,70.83885653433805,42.12753271370114,127.77937251561423
179.12807556403726,72.86330742288217,41.72624317418936,127.6116276599127
178.36124244563865,73.23038587996513,41.56253673604452,126.9586427724406
179.6874188821774,71.26589104089143,41.565182642263906,126.20494039965415
175.03075503835728,67.2264996995827,42.666253898324534,125.45648786040883
172.44027594206554,62.825537030917204,43.03994537871933,125.67492091868709
171.7437989182561,60.1185146765256,43.48561323773576,126.76421138934164
168.9069343743426,57.196320340409834,44.17560056530884,127.7535657102243
163.6646630910821,54.57740529837662,44.81620430431522,128.72776683463496
159.85347067199217,54.69470937066805,44.78811411731804,128.90648391039855
157.42975274975925,53.445351870433555,44.36201518700365,128.7638500720614
153.85548002921075,57.13811982342368,43.63326274983525,128.55859675885458
153.2591929620825,62.23371812734542,42.90529190213526,127.47214124750768
152.89262341123893,64.46270003683476,42.26305060697946,126.69941412095758
151.85700316585638,65.92215912078505,42.28273021899089,126.41425235221166
150.55582245595383,69.70079834069476,42.440558767549625,126.64821889606534
148.74350327553685,71.68264114746165,42.51418055924604,127.07217328192121
150.18643141075157,71.78676439592726,42.829294700117266,128.1621399092652
155.03858340252125,74.01306943907119,42.90691305697096,128.57525772443609
157.05721686999817,73.66266700905702,42.25781302646656,128.6358986859964
159.28021354801348,74.65467796173048,41.964946863886915,128.1648443671668
163.1705354803228,75.01543038078556,41.70965261627266,127.34967201443445
166.10829193086528,73.99428730108205,41.25328434561984,126.91285007867239
168.9157105141491,76.21615431294231,40.68266333505803,127.61778386729928
170.44766233916263,77.60067980549985,40.305513196459785,128.62808149401587
172.06233370142198,75.645184611459,40.41087797049151,130.05167182716593
173.9092601091954,75.70054073300794,40.44664012801294,130.6160426848638
175.53356300097187,78.00505439442178,40.73305231168412,131.2716800119995
176.7325903641411,80.99772971841398,40.01608114533561,131.41602716369772
178.14304052373112,83.62829409251337,39.862667970625765,131.20668150036832
179.9434319666943,85.06266128286823,39.8618492265451,131.00982688803018
181.49098124018306,87.27278073670098,39.91438947732757,130.14497523889435
182.26286527817314,91.48770118847557,40.13410015729836,129.6421577461423
184.0941513755919,95.14958544297555,40.752104668393414,129.7622039916284
185.46669757333592,94.27937941061678,41.45858516795546,130.33697760953808
184.2040507478481,94.46568724846612,42.21374663490244,131.4771725217224
182.8484731392124,94.47201835074105,42.35676659063822,132.63776528390838
181.35485996858858,98.95622677359896,42.00496147398488,133.2837817267668
181.2904445178426,98.37537130502582,41.353776608856215,132.834118404918
181.57932189320695,99.15625755580629,40.934153040321235,132.33899629398206
180.6720352981137,95.08980061592601,40.69886193836297,131.84866302713618
180.9340867320441,94.65477960335659,40.55797720991215,131.7534793557113
180.80162634641053,95.26437237880461,40.044806192887386,132.01441398685262
179.45411011720347,94.15640995645424,40.37232117998805,132.8650070625638
180.56292623377755,88.83333262194893,40.63032089912566,133.97910396942842
181.7723157595503,90.01768834218592,40.528072313659834,134.16008325237362
181.91776444804748,90.13551460422285,40.34937322987456,133.71134492789045
182.77234521022032,89.68929183912101,40.30649221357025,133.26885228956843
185.39138695157484,84.26234754341878,40.22910046898987,132.45925440026
185.7238072929887,82.58136020761856,40.465833563360924,131.8115473702003
184.51764438117354,80.53130640280094,40.929962618230604,131.81278327191927
182.4528955395224,78.08609908621581,41.47355546487823,132.684897848632
180.19783136115802,76.52986311963402,42.183732506680855,133.10564023620233
178.958173113429,74.18290632405635,42.240215559450874,133.74468894393482
178.84370033273572,71.26105630558028,42.067733285611396,134.0637746467805
176.5261505948235,72.20436724664313,42.117630067496606,134.5380736707217
175.18291690919438,73.71966256228148,42.06169107049924,133.92126158291728
177.03669491583616,74.57915584843956,41.62340714622022,133.54387757445917
180.35560994238415,75.12156806880206,41.80165337181074,132.74031216383784
184.43996075321067,76.34537243353543,41.46720076978048,132.9041090454093
185.65322937148423,75.06182002040956,40.90195672991153,133.90695970696532
186.06473007022004,74.16749695195651,40.8328890601812,134.83473792633373
186.66623958977573,74.7632967262352,40.72643955918625,135.5149662185814
187.44831589194638,74.76393308146736,40.41948803039882,135.88568240067232
188.39874701684374,75.83112230163815,39.93366639282488,135.1044641032293
188.98514090594108,77.88080870662228,39.572967580999816,133.92902789871454
190.73192594039523,79.91291005453809,39.42904551090136,133.70329756921592
190.1116586204585,83.1724250689603,39.6436248313702,134.0858960346342
189.12637831339168,82.50027969629107,40.15252267618618,134.72553369569454
188.2458114223011,81.40890993756233,40.93032287072089,135.81713020110521
186.33336911606068,77.7817232987136,41.54074138823101,136.47077019862078
183.2923405490307,79.77599017763504,41.751968940076594,137.38026195347322
181.5064821343444,82.05727934910963,41.87469423235514,137.5955080123795
184.2891671497975,84.20426870894829,41.62364953409052,137.01978242838334
183.22857280468278,83.58623148054308,41.423314319519534,135.64275397229093
181.4446655866756,83.64216722378396,40.993687702143426,135.31120205730423
181.65917099546013,84.31251954065617,40.79428674654431,135.07892077580132
182.15922123868418,84.92000649940367,40.4645889657656,135.7381326588587
183.06032079952524,82.40859602694906,40.47067925276722,136.07394713022666
184.3217505416048,82.93831215535124,40.45831733864592,135.9720090130936
181.7571411826278,82.88212442399082,40.492033680043555,136.48760962949908
176.68148768813586,85.92731684606846,40.357886872640705,136.3569720997969
175.4715168922966,83.86093320247123,40.32940531711773,135.36410853143107
172.22808741816257,81.0118938136808,40.589761370030544,135.8131858060212
169.93947057079873,77.16609183442372,40.65423490240469,136.0119127580046
168.31505375625443,75.4426384778703,41.114249218444016,137.2199512345697
167.23197686600724,72.54043980445766,41.94048128606303,138.47265275772554
169.15345082066034,70.2333386888195,43.11699930006617,138.85851674742472
172.80165385382156,68.34052270419778,43.272511835733425,139.01850427124884
176.06327575420062,68.98373486477608,43.31073806671359,138.96249398302834
176.29922573324967,71.57938977838234,43.188773729638704,138.0498048757255
179.9799203224154,73.98986980001604,43.062381346961494,136.74880309013326
183.1256186719872,75.78783462173672,43.1543025952056,135.33008210872498
186.2210196760694,74.67804559962032,43.75945767551165,134.63992757277285
188.23746783990867,73.35488669314766,44.42170981585071,135.2529163757084
187.63602022141535,72.03850678633367,44.949663334259014,136.3890756806465
185.63603566787853,70.79123320319208,45.2368965499905,137.35804804357733
184.69091400524647,72.85294639953113,44.863676139674176,137.645916588033
185.10345658751135,77.13191689662902,44.16629222784333,138.00288114193293
189.62563934067768,80.43477092701114,44.167552408156176,137.83068195415453
194.0643472641906,81.81817068548033,43.82029651138669,136.76821323917997
194.8497763307552,81.13046282563748,43.72298965160344,136.40064168374207
195.78011686505732,81.53719415255667,44.019078097083025,136.70294066759138
195.85173003673933,81.31502173299671,44.487406555183085,137.33369214890985
195.30795842264192,80.00875740346535,45.39639770715742,137.97483091825546
195.74316940962186,85.38546156905191,46.28542402306876,138.77025071208234
198.5921901390121,90.32891004989976,46.56707263920892,139.2643733426718
200.56887439686497,90.37528999974023,46.79107610226291,139.3071024895645
203.78907704299039,90.1366303305517,46.64957332160877,138.62012019410673
200.586528485795,93.06225245876904,46.23422442159528,137.6650756408886
200.90934155371835,94.78106938805358,46.55773893459041,136.69027828630206
198.08012465411173,97.14998516668773,46.84400466968623,137.46537807592708
193.25544936611414,100.33778171450501,46.84132716188016,138.9063476328804
189.56086707590893,102.61826021306572,46.76845990101248,140.00853188636933
187.66697821892438,102.87315479467482,46.850186265341655,140.95323338477223
182.71379353976315,105.38391769009522,46.01433951343466,141.4056966037886
183.43780233515346,108.13866853028941,45.11566068064583,140.8889727478021
183.03306878690523,111.0833018634273,44.39384547142479,140.2532942811418
183.76816563633648,108.99342752514328,43.645439821306525,139.76538081400255
182.92481325146963,103.41381647361635,43.2881751982637,139.497943333011
182.47461770367056,99.33860780903855,43.321272101547706,139.8342761322899
181.08244994295686,95.03178064008782,43.87361132513882,141.01072610922944
179.92395497216117,91.35854633977725,44.319663204062365,142.4524205208552
178.11690159908247,85.77301424047539,44.68301607067265,143.97416602439057
174.79018888557428,83.22996707269739,44.943345527535215,144.74796730727323
173.69487714015983,84.75428163817814,44.81135124912275,144.7840657020228
172.11057647567617,87.1131998294949,44.79103088810288,143.84088108521263
170.34117948406248,85.1020979854468,44.87391013553621,142.33422992635448
166.42051894215837,83.86436966266153,44.75183562379394,140.6803278034619
166.21458408146506,84.50732432491414,44.52960043766785,140.14120477532433
167.36226579427966,83.07056079883242,44.13841098226113,140.96264571260434
168.32736730710985,80.0993635635105,43.73828732137737,141.93932429808584
165.33255605238128,75.29216207885163,43.96727397802081,143.0254794341516
159.7216708662716,70.85699146775298,43.954258316609746,143.9221468358533
156.35003266144602,66.09972994029359,43.440981076358575,144.54608494509338
157.92357618208672,63.10112930649737,43.164050323224174,144.314403423074
165.28488762072095,67.6316377804939,43.74466726834336,142.9726934208817
170.52476449869204,69.38823892542528,43.85418505781141,141.60295664997037
176.7508424812239,71.49671792094809,44.694765146214415,141.21446817377156
179.29193770512128,70.9766464541132,45.30963671395313,141.72894200954096
179.21252811460425,67.81886792377132,45.867431952755034,142.82638755517954
177.40794468919796,67.18427126499553,46.63862997727371,144.10504066816142
176.30489788304635,68.28798137787395,47.083851344742044,144.92366385747417
176.0289514704186,67.66675661212012,46.87571801309522,144.60869456573963
178.01029214299547,70.98524554729006,46.36805256569235,144.12079172668027
178.60991321006514,72.71363176474568,45.84819567639929,143.34866422928428
181.35217105735796,79.12247790681147,45.6298428541281,142.1614241012196
182.15704054437523,80.12606630905749,45.73715812794972,142.48626257268276
184.93845277299326,80.85588456291237,46.02975664434647,142.9388656165172
188.78329230340367,81.42804904797384,46.05759448263455,143.42749267437887
190.4525921962142,80.5661640959955,46.196601470389936,144.12923770841672
188.59096636105988,82.69245442860858,46.545086552487554,144.49103501865443
186.36199592688948,84.02788990223172,45.99085281450508,144.46640978941048
188.54971895608335,86.32005471880007,45.598732952787884,143.72323377794737
189.0649590986422,88.63770221298512,45.18773870158668,142.76654005453088
192.5708298001884,88.5871618696454,44.8771839554462,141.81017008908782
193.90167657815317,90.8012615748941,44.49317628017765,140.9419200766312
194.9533867696814,93.14450400892099,44.612733058528654,141.2101642887776
196.0709717343513,94.28758128218601,45.61387814116699,141.87381071041773
196.77276748627068,94.06816160382962,46.219141026518926,143.2551243131556
192.03412775828895,94.6322939233369,46.47237186798044,143.0492968055459
184.77759382229303,98.9642724120941,46.92731710508457,142.53687772323414
178.6335419953283,103.24491677200051,46.90141776829135,141.96639272198823
176.13167716614333,105.07094373572204,46.70319639974478,140.44805871565723
174.00781726992216,103.81905766623694,47.47752990449791,139.7094998266428
171.74047104616048,101.84754572132198,47.9809108400279,139.4993989072076
169.78651503040928,100.82216490360085,48.989489632928596,140.64192225090943
168.03439533030007,99.99889533024981,50.89155057874793,141.97090886088552
166.16999502528628,97.15692533661112,52.96313583194869,143.0364005907166
164.94888956203482,93.25731946666934,53.97510731944102,143.40883830563678
164.60696054563795,93.6443397408465,53.86133504217614,143.49329948963185
160.97746913032603,92.87506804239065,52.68563693407928,142.74247330341368
156.35367997792957,91.74886392537464,52.107673742595345,142.97314420033328
154.69551683806876,94.44397679142372,52.17169499149423,142.5094731481057
152.6142474635327,94.57243046273393,52.69447682261285,142.15707880692725
150.92618507590996,93.30944572838725,53.31573785884469,142.44642236581532
149.0081252868732,92.3636705660325,54.03977519395248,143.34233288949943
146.96175853766115,91.90708957619654,55.098238882653675,145.1251253251421
146.1270891137704,92.62542286887728,55.372915350216644,146.61328726913854
148.5557786284005,95.28978065023637,54.416051400454776,147.19950061953682
153.4659485677477,96.69715114235787,53.12968998397962,147.2929129308108
155.7866263748646,97.48085351125299,52.00482339867649,146.28731463337394
157.45977284644792,97.52949363703809,51.48967288104695,145.87925904220032
159.3727996028344,98.36345656338018,50.662626593310605,145.84942773392683
158.5478736455122,99.91623815979813,51.0252970113348,146.8465614366903
154.02284776334838,98.82903754970607,51.72646419314295,147.8276321305225
150.98284779290734,96.8756201114505,52.23669236736241,148.94686696659784
151.0922315972952,97.08011214618854,52.42847264090519,149.75657460377917
152.96040489180191,99.17197118487569,52.24237181376311,150.4116240549388
155.70562257527558,101.26523226473115,50.254868518501524,150.78824371804282
155.46373908172353,100.22672217054054,49.09402974979969,148.80181690782786
156.03288178350132,103.31982553883735,48.037772869331626,147.64710288134776
154.76335984433047,104.71809656306962,47.31279558945492,147.26016228284965
153.44339263344955,104.60759963127182,47.244772028199826,146.55625013104913
155.22833894464833,103.38958842468747,47.61503896505209,146.8189431908853
156.8661323151483,100.55538384706017,48.24417014626289,147.8865818726597
154.6664665485873,101.91545797149604,48.926785389864634,149.30944567060192
153.51976620094717,103.25157839146303,48.499004215638045,150.3599619317269
153.36987467164084,101.84809861341434,47.94424591291873,151.03320347406085
152.23385179871298,99.84389487758558,47.65335654486761,150.03433584119566
149.73777781857723,99.9450389795601,47.144451171856645,148.82640617682793
147.57511837646925,95.9869261295874,46.85926495200764,147.26206012994714
143.73078055359937,92.81011859956321,47.60837112448081,146.8905026703117
138.31439773389275,90.95266923384425,48.81789820035646,148.0971669008646
