204.5,41.5,23,30
203.66129591013777,38.78540016555044,23.294657221520193,30.279862377181587
201.7180992963053,38.72515405171576,23.46459999638058,30.413852745349946
200.0429685088796,39.27753298687851,23.761729752460628,30.43768498198856
199.72565246383627,40.67452567548927,23.882146671210116,30.575919825332832
199.08855061718623,42.213887166895844,23.992640366379433,30.809061218587807
197.53176549248653,45.593852187832,24.150990631724273,30.77076031947673
195.49355316246567,49.370654196046715,24.267741410235196,30.705949199318045
192.82916113879077,53.944039995241056,24.486537244999578,30.51721402365885
190.6363152804544,58.364930889211756,24.55646882602169,30.764218360900557
189.4365282387296,63.705050951678835,24.71155681595013,30.365277827030855
187.91500676755368,68.79976369213223,24.775988765870355,30.43129401177348
185.68219238165733,73.6646149705434,24.65924248807201,30.314726792780718
183.87426352245882,79.15680418833054,24.71981642160265,29.999118193632242
184.37925394345615,84.08375778137747,24.762200763438273,29.749955918732212
185.9132298675827,88.28569277889352,24.674452066888094,29.46023215630509
187.12996891740835,92.31789548745617,24.647955197018852,29.148395460951043
186.95376733340868,96.31940868246446,24.79622637434706,29.2528462590448
188.59258181823077,98.04952868470332,24.929594318612786,29.219925065983716
189.50211947749105,99.54108257287544,24.63572795013495,29.397789408017164
190.7046270773505,100.10324652345443,24.736890414219147,29.642397568718323
189.32693887080165,98.82203404931043,24.551577978821356,29.192825770943085
187.7910187625063,95.40819652910575,24.393760783836754,28.644310148968408
186.64190501845306,87.54450150031133,24.049765390626057,28.4632271917257
183.81918438883457,79.18048405671564,24.136825092398457,28.62895662847762
180.48082441620684,67.95094620398548,24.30182533397957,28.566946594802193
175.73439190132942,54.38301695344758,24.569314234584038,28.406923824515694
168.05979791911565,43.85533591428654,24.889977800207866,28.138410475591677
161.15451812155274,36.41084235339492,25.20584363923017,27.42434450441839
157.33032452712078,30.221597813639647,25.38780779342611,26.81413080988108
153.15766500801783,25.63245730596475,25.446787071805353,26.228241178563394
150.656560178213,21.870585112911456,25.191587158813732,25.821072593173394
150.656560178213,21.870585112911456,25.191587158813732,25.821072593173394
177.0980226306987,32.49621547268706,25.229518729672392,25.879221968837026
136.65585179610417,14.340312805395026,25.23783043059973,25.97617592402657
132.33857545468405,12.621827954279848,25.13479327731938,26.122792089651092
128.27999555319542,14.625335806560493,25.15622802078737,26.317950571796345
137.4516962683756,-2.693059428548823,25.46632047165255,25.73994688307943
169.39552544270418,47.168845758222076,26.916247572214147,24.268204075455607
169.39552544270418,47.168845758222076,26.916247572214147,24.268204075455607
169.39552544270418,47.168845758222076,26.916247572214147,24.268204075455607
169.39552544270418,47.168845758222076,26.916247572214147,24.268204075455607
153.54276031744985,74.05226860899874,26.489156057586136,24.271019323609284
191.56283790116092,48.62651957088556,26.00561099758586,24.714909367609096
200.10802521538022,55.99908404157446,25.784905329718548,24.761527519431986
173.60265363719844,81.2864715641511,25.16568175024223,24.569420015782626
178.44952598637104,83.15732098519644,24.645956865434645,24.60911136381646
180.7085156298458,84.71607948471029,24.229449956262204,24.666313936856003
183.33667103697593,86.18272166749,23.821400498355732,24.652227845909007
188.55526989567682,88.29828237025855,23.59699040912776,24.722951990909017
193.5151255504781,90.19271134010332,23.530175789893875,24.777401546336677
198.1118824876831,90.32479992951197,23.395589451494626,24.68204029323673
201.32935245868785,89.96855959250199,23.31472637182029,24.30030545498098
205.3272849463267,89.94252769854239,23.19574108862023,23.869082385295194
208.9943652362277,89.19353061768803,22.999539035429553,23.429270179129787
213.43929103480124,84.12819184641901,22.53236066368532,23.61331056804232
217.93081857831274,82.81241310632365,22.279845852236058,23.675109156173725
222.8411691094885,84.31838336692071,21.695237357328388,23.954663958160754
225.07464610238867,84.83773284014988,21.69783445795385,23.92501240073286
228.4081709934822,90.3098286579174,21.962621280838786,23.606827845275962
231.6577594224479,96.5191114821416,21.767671298212576,23.617339345265073
231.42957036519394,102.91663943893674,21.62701036881716,23.52868430295163
231.6883291589321,106.16947529687484,21.017809289276332,23.651143976693355
229.52417959041986,109.0600123667016,20.772255887238327,23.994092320865516
226.04313779022092,110.60734807087519,20.468215239131553,24.143633301510643
223.24710474439576,112.74733954390936,20.05319982214541,24.242265257938655
222.1789465428395,114.57465061885969,19.747849860588154,24.581797322896996
222.86888751321413,115.19731243464432,19.339920119774774,24.92931925044793
223.98431163343534,114.14123463518044,19.355467228834925,25.009807616862247
223.76156796026274,112.43092568579866,19.149932617782685,24.837120404694414
222.28897850565852,110.42395212733575,19.062930979276864,24.761055448103363
222.19380731521576,107.51896839792076,19.2863990624541,24.841115871105725
222.62054010698475,104.26294633768673,19.462099342906946,24.772524443935843
223.7370353968103,98.4706136275662,19.741880131282528,24.682804793376132
222.94045596987948,95.0990183336478,19.673301423918325,24.640437157488556
221.08599337165924,93.06660153271217,19.676383648556993,24.28077983070993
222.06341236191764,89.81599653435795,19.611025066767617,24.237858548426658
223.17543396377894,87.39471329354541,19.524635929130866,24.15897966033129
225.43988744752667,84.4773768691208,19.51456736724451,24.294711278406574
226.3553351202947,81.939114814729,19.573086809000905,24.38953258262476
225.29577151898906,80.4193554251284,19.56231236404447,24.767796240594855
222.5207809272402,80.47202019623316,19.599953478725045,24.790704392887235
222.05499641414423,80.93621943502727,19.484483353725288,25.058195626679016
222.15604905117235,82.94961426185021,19.36900931067902,25.210861730174233
