138.5,57.5,39,137
137.73200609498826,58.09643696295305,38.89293052328414,139.2748012831393
138.00323426142293,57.54285676942763,39.13565887183035,141.22446873453265
136.9577114096745,58.281934012069016,39.435440995004974,142.38494392416138
137.33438037194003,58.64138816486043,39.884354504800086,143.05659743765509
136.8621580632004,57.90340552993783,40.456779384320384,143.3656695829199
137.07899485692343,57.78080850217485,40.56476491361935,144.43050695709897
137.37842732313567,58.10710672401133,41.01359597557202,144.65417216494197
138.06312315368532,60.78428442676673,41.431058700802325,145.506039770448
137.65105872255262,63.488847793205395,41.74630778229839,146.2013503887975
137.7318483723194,67.44103478034724,41.97463313083039,146.1607278259518
137.874711217329,67.4686467418362,42.5192478262482,145.7286684971473
137.26609816460905,72.21670837794119,42.73621047915824,145.08492407015217
136.84774356413712,76.50440003706625,43.27150387905381,143.49394340845723
135.99256152890905,80.60983549636533,44.02045557930498,141.477158087851
134.1683358757704,84.03811714601395,44.765409904915195,138.4423830995584
133.12799168192635,87.81253957303788,45.84230338407971,135.25334478313872
132.73032922082444,89.62550397810979,46.64276096888156,132.55472775106344
135.89101870740694,92.83258784818757,46.20060009721805,130.9606965579965
138.53018144828104,93.75192607817371,45.730614211264516,129.94868669157586
140.5711467220149,94.78735579037692,45.3312281336302,129.412388424396
141.4873811823391,94.38667980768781,45.28724867392691,129.80235133690633
142.03982183550917,94.5772170078406,45.11554060681789,130.65384686953837
142.4540131687384,94.71797350104902,45.06467317292243,131.3407494414597
142.00162107608605,92.80290188518495,45.15818259130518,132.37346168106137
141.3709724015788,93.22245578876733,45.345741842175144,133.19468750731946
140.688617972925,90.27598887524589,46.30653848305781,134.0878740580562
139.0994805617193,90.34789803517712,47.63615677032053,134.2827290615866
138.60567027803532,90.15836964495539,48.90226463260086,134.45918792590382
137.74248728965213,89.2963217184203,50.03101793036258,134.65122542078154
137.35986157294832,90.15387912188787,50.898905894765534,134.64538073351346
138.1070468514812,89.35309855173118,51.74090723635093,134.12678558567987
139.50174961008824,86.73308403466748,52.18139182724536,134.59625006368543
139.72997729451825,82.76183428535865,52.741621467388015,135.22159181694178
139.14680234744984,83.7592801640114,55.1020089181731,134.22491299317662
138.58817654819737,84.85567272622997,56.97747350028628,133.62559999188554
139.2038059722704,82.7718936940507,59.0646984816385,132.5704913158266
139.55455711170964,79.72043785114869,60.74260337019472,131.78266022285254
137.809167032549,80.15015508587173,61.72014080695842,130.8274542618789
139.07038854859655,79.021117896336,61.837093727088046,130.59697964688604
141.2368748346082,77.14215587438831,61.76693138531988,130.43752788778764
138.89623841346943,76.57855225413233,61.295291610867665,130.0344228285712
140.6351102322859,74.8623315742073,61.020149644453554,130.03687318157006
140.16122601878095,72.66289775259483,59.83258334131518,130.64424121007943
137.87357720443006,72.66411008308175,59.42448539353991,129.59634607295507
135.28878836358845,72.3057501123016,59.32837131802098,128.06392241405152
135.47775022718864,72.49901203851454,58.75403832065323,127.4808069608499
136.13651315968426,72.66475798545203,58.16055648060633,127.12899824265796
134.1010591580953,72.71717664493698,58.99240384344915,126.07000959130967
131.45576612615372,72.42486709059483,59.41178314692581,125.50370854732978
127.736811248502,73.34661090655963,59.2563134047012,125.30009000929513
124.00463489338762,73.60524950432904,58.95626992428662,124.7312918626641
121.76116015419129,74.0572624091445,58.89731619680771,123.9720177359107
120.79479254215254,75.02741475829345,58.96372496958363,123.29936340344229
119.07341731093105,74.0594345917414,58.947360880482414,122.91162807690894
115.49034286679361,73.4606345239568,59.34304963997312,122.32235570633645
111.30758607224035,73.62409725173276,59.89017238282719,121.71135740461027
109.7960251157957,73.5753974393044,59.61780379240534,122.12616684287111
110.3998016048738,71.30356920200462,58.14271420388424,123.08298173421869
111.14709975898671,70.88059296929177,56.88351034694473,123.99696954144365
110.11644899083532,68.58551740287669,54.98626596001448,124.82698240103467
106.73165964847789,69.2374021961651,53.83888488215611,124.35255368960661
103.84665266100603,68.6713727272593,52.99448988722066,124.65595547714969
104.1946491560658,65.8148682083563,52.476762468695384,124.8332217552511
101.74516825719948,66.45447403358877,54.57016606177713,122.44608325923562
101.32763362427234,66.11605498407198,55.239548168927605,121.61237670056197
99.87650544969873,69.10925248293907,57.40327441868287,119.42647518160283
96.32776122062529,71.46804864910766,61.34962647851432,115.7057245183483
97.45008176089596,73.51644816352177,66.19921032778258,111.40922426972294
99.24369455787874,75.55563336787426,70.22888279366197,107.81447086875033
104.468965817818,79.17283055400537,70.30135529606126,107.33583192098763
105.98459875842069,81.32434067547982,69.7830403120727,107.62974122820964
111.68564596280724,83.33756600987765,69.09036420011356,108.19180107271964
117.91167431563142,85.94749031463313,68.47537319118153,108.41289713483954
124.84090021714408,87.19867984097664,67.0810165038178,109.01021495677104
129.31127402099509,87.92051341201292,66.14701614190437,109.7667269147351
129.67016911355475,87.53475866934785,66.14807603298364,109.97422822373849
129.77265163091585,87.12663014471595,66.89207619010254,109.41463614523283
130.23917018220428,86.69429796283646,68.44948660873543,109.55969995071085
127.8208807152665,86.49650793873812,70.66686030617605,109.17137896312187
128.72653020417437,84.93353624240189,73.45719058556244,108.29571303038539
129.0121285972627,85.8717797421773,76.76803072374796,108.84690723849144
122.33184451902156,78.80019192653552,73.89909906333573,112.9773656227657
126.38835426797024,74.3267388434729,71.66950098648935,116.63043614893736
127.02885202419083,72.65675346741274,69.70833052726323,119.88769624751419
125.4010762991613,71.46088989109441,68.60033322167651,122.4751209908596
122.11523863803217,69.30222593196541,67.46355870338915,124.08387604458512
117.20319067405651,66.59060167785893,66.35817789336437,125.31894553668481
104.78872301604994,63.78108025078258,65.81615678847909,123.9496203564747
106.17490883742536,65.1869481885056,65.76324396416392,123.42041836507713
106.6048737392981,65.21546319573567,65.8438513746976,123.24692752809435
101.60874243772004,62.650909032148775,65.82583622974582,122.89315430924762
98.86669435813322,61.30708445809155,64.85299412216531,123.31854158983887
96.25102932511842,60.729988925304646,63.31407005306305,124.02432855189515
94.64828249389842,65.6542948452145,62.12167743925795,125.8845351477444
92.72682313754457,62.67981088348762,60.74715030159334,127.39334613455264
93.41573780720441,65.23088207251175,60.017676267468524,128.47635056512866
90.22790688518995,62.294991561852555,58.95045748100425,129.23329441679982
86.89811654852664,63.578066180831286,58.575600974765464,128.6395465593813
87.519842500174,63.086503453162535,57.774618668333545,128.64955853748873
89.53405848926641,61.27023636204477,56.309280829247825,129.6162146622444
87.9954572071417,59.06541612918119,55.40229388315179,130.2386575380973
87.79452192325382,58.07143658878172,54.66502575234966,130.72627532270025
87.54067595473487,57.86283879055938,54.19681858908394,130.6340694785245
87.91203925839557,56.54108061048062,54.36660648953308,130.21423539961037
85.39623481590534,55.358799808190184,54.361625752015954,129.7889465307873
82.45210368831674,52.677148258821404,54.24801928237016,130.07308703186862
79.9577165496919,50.672651250646396,53.79134802205271,130.81885740014735
80.07706379961719,49.42454910798841,53.15293088645612,131.4860287875141
80.11129443023438,48.97260584719736,53.09407809978183,132.1449531085738
80.98227310544533,48.290636261939355,52.34775804699025,133.36460846287142
83.96440126201213,48.24834072727212,51.32079144866988,134.25290254228813
87.54053877853487,49.00739424118032,50.843982476262816,135.03853553903838
92.78818615374419,47.66790156254473,50.48539312440376,136.29388577114935
93.79430262444777,47.07508099601442,49.90647283749184,137.3724445819701
97.5570398389376,47.19345002104407,49.81541422577292,137.52803354254235
99.35530132855037,47.960738748987225,49.740166766872086,138.486410579225
100.92612778673293,49.72140000696669,50.51132679873386,138.35539405920724
102.22072259306455,54.67427761954778,53.37716524316902,134.82732008938564
102.72375992207168,57.09739539940915,55.586390191478024,132.17783826997356
102.95927797205445,51.186656932127605,56.85556951223542,130.2576417349932
105.33924106433714,46.28168035229139,56.59112624927039,128.93284357478038
110.39493367961485,44.29846656037728,55.28797427982337,128.82166352692525
113.94005122345921,42.234312119777755,54.0755053244894,128.7180936506475
117.41726513102631,42.84317908561968,52.52243992848361,128.7437673260422
121.4089547517371,45.93036856074251,49.41422471904446,131.11752604059146
124.97631238119712,48.831742470967455,46.95696726957265,133.23708761879269
127.20247967139623,43.29651797783566,44.69318864506128,134.7683367759547
128.0436532962642,40.57667430472465,42.93045301324809,136.53127203172264
128.35246078099505,39.53898136661559,41.925253744937336,137.59744112250985
128.64657741425088,36.74004667728133,41.26068233626903,138.6761154213749
128.16189444151752,36.06766736717856,41.17177758891049,139.83707762088704
127.80924711001265,34.33566561109467,41.312781072740044,140.52086515443239
127.12859858141545,31.911400456665504,41.83081051032463,141.2161791012912
125.10949799428312,29.981843182671483,42.80567292802801,141.05538092955268
122.62551681172528,30.761852054056575,44.85713281740516,140.96104032892575
120.54572148608133,31.632160664890847,47.18913347998456,141.29517400752576
122.51702757671126,36.80906398221195,47.981281106311386,143.05743716658472
123.49505827625919,37.97711924312419,48.430956392014714,144.2049296454011
125.48482597959077,39.673172845857366,48.731638156066865,145.21987924840644
129.77712096039562,41.55386017051478,48.41970368151771,146.2044901070567
130.60403920343802,36.95240577282418,48.797379455869915,146.31199904587052
130.9533403875366,32.20866628926272,49.44920245025975,145.3098806924368
130.25113394256843,35.62104102291829,51.12849229236739,142.87466903640495
130.07323107024766,37.44363102570449,52.59393827767822,141.0281581306403
130.76120417106517,44.52717685690919,53.98961330330759,140.98868144320647
131.4975150410083,42.1113433337196,55.43503112373929,140.23006700307442
134.4865912937786,45.08287067168291,56.39432139773977,141.7561252002252
137.4822801191845,43.82906657070299,57.388481752756746,142.4086437377258
140.04814804457064,42.974760753860835,57.577147570533114,143.34049008448767
142.2284341601045,47.9769374286507,57.82540293040775,144.31902400297434
143.2235306045702,45.953035316402506,57.91033096737969,144.9467754606708
144.39804906134674,46.91795629669508,58.3277196634152,145.91582733324606
145.82438311834156,46.842244619530916,58.57465043400813,146.71013231942558
146.5033990800141,47.81216047007928,58.50924107688615,146.93893694035035
146.98374541787842,48.36522108569757,58.22330612019745,147.17388695716826
147.74077078336927,48.213533025134524,57.71689896965245,147.4621912224364
148.10631680836235,49.39908195733314,57.63912270221329,147.30207997226645
148.3940983320364,50.56789466327622,57.29930733493321,147.14141335974247
148.41438896061277,53.212380387244565,57.76214386771656,146.5019961644303
