347.5,58.5,103,251
339.956579871424,58.90958102951153,102.54445515583362,251.1693491456965
341.19552502136713,56.524490705562386,102.09223323859203,251.08863486561626
337.5333303475491,59.304838004206246,100.09825272081062,250.27556609611784
333.657652263478,59.04227110702412,98.48535965952163,249.34883600555625
328.1414414009229,58.23310335249879,96.14176953618215,248.48359259424254
327.08619164365814,59.29757844094097,94.84787299358283,247.40179255239846
321.49149475782167,59.61414143507537,93.62747958721611,246.7145880224336
317.0566053771581,62.11395770583951,92.94690529831138,245.4847458919008
298.1633558343087,67.98000159278723,92.18284057175434,241.98377918123776
295.5308035791538,69.23381709431432,91.59494491803201,239.26831302543835
288.1607036703516,72.0925837012478,90.58044598227961,236.85517691774203
283.71499956029226,74.76707910890968,90.23514937604325,234.79879031041082
281.1834648356643,77.9450583218158,89.62870369239513,232.81415976164328
282.84875610452593,79.40356665854866,90.04124683178071,229.72114189703834
279.72083703185797,78.46075521792493,91.20407502838613,227.69445942321377
279.2864072096564,79.39315370735166,92.08494560289535,225.38791468954807
276.4051406207131,80.14296033487167,93.05343190196716,223.59490776299543
273.6772822817297,83.6334491237215,93.9861836255578,222.53767152593298
272.77078523955936,81.8624267292762,94.73463875420995,222.78302108243224
273.15350022040957,78.54677852669153,95.65751130944685,222.7973169077676
272.79766277260785,79.50093568149674,97.048037451884,221.76694212042355
270.6213567801566,82.17146576609169,97.77111662276072,220.87197598733596
267.65734167016495,84.26626951322707,99.04162225702007,219.58879826067383
280.9551534241177,74.22765639301144,99.63337858615067,217.66794710852696
278.386227059213,81.43523868567479,101.59732951961914,218.06540554718708
277.778788847311,88.30244623416553,103.49655273850536,219.56832756263236
279.066411363557,87.69785628201963,105.29254498399789,220.5340577789664
297.7498064940753,76.20999827220078,105.45195406378159,221.96501023354062
298.722195099039,79.9640807694168,106.35652516051002,223.99880214065888
319.27180084526617,63.19210722677306,108.4956216209366,226.50598889574616
315.8560916076827,64.43494423179264,110.38116397458262,230.20029611739645
310.8773361120582,62.38489433484577,110.94159931275539,232.64345044429496
306.65071238687995,60.909944869393826,113.04062303493197,233.92115155644274
289.3737225445062,62.385230310186614,115.10525716914235,234.33059439823057
289.8443218571101,61.84413396660554,116.74001560379472,233.51005495152737
277.85935593060395,67.95312685289738,117.95118128249065,231.83759282243733
280.0960470982006,72.31499961337028,118.10518360992553,229.4825091819847
283.0131648310687,77.68790610416778,118.88515112041617,226.56913085462554
281.3548159733998,83.90259180695871,120.1915024230952,223.107214359322
284.65780376849636,88.731613537671,122.19271982606614,218.280221293863
288.36338702615353,89.19042371982377,123.09969906270501,214.0993243525616
294.5499386094698,89.89422876797168,123.05693437416086,211.4064504794866
297.1975946459764,87.30244485154344,122.0569428120119,211.2983374995074
305.8089860993128,80.87279407492743,118.58139138879858,211.7608275674489
311.27221053042945,81.39103260909263,115.24027492021155,212.81386833092085
312.4774273762013,81.09141280172176,117.06641111010698,209.90219600413428
313.87205351996033,79.59745182247849,118.63874777751451,209.13440640713986
318.27857716283125,78.68222785851871,119.40309688459487,209.49837551044394
316.6741163816936,79.37833176222185,119.70985637182753,208.96524593151133
314.6585631245821,78.73758278801506,119.50575151367508,207.78427978576292
315.62611964317045,76.1394744464175,119.57334881890547,208.41006523650566
317.9214465520492,76.44898985088835,119.68654765465145,210.36158725349168
320.61776445713645,76.01696493833515,120.13126936553411,211.83123421700293
333.7980206547213,75.77773686561471,116.80338789077449,215.10243690632808
341.1866638103373,74.26525521293243,113.69543026911776,217.8585655015715
344.3440200032147,71.88338635071187,110.97961057211413,220.19698665382327
346.00235142404745,71.44019609452796,109.3538624805478,221.0475212345717
350.4947755189455,72.82292025567672,107.5121684350388,221.61509240728455
354.164999682246,71.2702969548941,106.6482325405362,222.81194443373076
360.06009917182274,69.68361163778232,105.27453269926114,223.83922384519127
361.1722588683863,69.93702351744886,104.84249564904486,225.4912726902283
362.5152661759752,67.87907644554267,104.04889107376866,227.64589662091356
357.94398064952424,65.53199681016326,103.25054511159497,228.63226980845093
351.16972576276464,61.52494318859243,101.52241208573679,229.97398706746174
345.3628685562095,58.281807503450906,100.31308553662785,230.2239107624213
334.751585540179,54.93971780772068,99.09140909127176,231.6917739307372
326.53913606096285,50.177970357911406,97.92534468605663,234.53704855829156
318.7936779383546,47.65504813295237,95.79972955920279,239.09541108629838
313.8471973875886,46.5941289907026,94.05419426180906,241.55065108059293
306.2305976181513,45.69782725984132,92.90658210939948,242.81134781833936
298.2860659778513,43.47465730739907,93.39624944731143,244.28897896963804
288.90622220282705,48.41957295334687,95.17558841032385,242.5346438172688
282.1034938613692,54.030907305142975,97.78063215226051,240.1333290260301
280.54069338259933,58.69635112275857,98.46775726255599,238.31729725246274
277.5435088042601,62.94423128588018,98.97068516938705,236.50392475504643
277.2664595240969,69.36386917799217,98.33459818283852,233.7196015922824
273.88005864157503,69.02900713361981,99.19518185401006,231.39507657557363
269.68243462668823,72.46368935233029,99.30108795720905,228.90958798501546
267.31635074162386,72.26323620883157,99.70453468089002,227.80917951275845
270.537228254788,68.52080598957733,99.51078027635738,227.3198301658055
273.47754814729785,68.11996950177476,98.26129359802718,227.20678552675992
277.5857128131889,62.270231479263146,97.53061003727166,227.57308114423188
280.8776489136059,63.17245173690998,96.54562480314289,230.41993295300438
283.72536926684734,54.29335843083889,96.1100632089037,233.12109174837408
287.7382002664551,52.93809858692626,96.87603863034252,235.00337145883958
294.674840410669,53.41766191772021,97.82809002984197,237.54418376209543
299.7110074440778,54.12642554649034,98.73602348774361,239.47342559902233
303.6327291651286,63.65759330013864,99.1153192653075,237.20735474016323
305.85343858466194,68.02289577178762,100.04586345038024,234.98076953410893
310.80680921653226,74.9158505710731,104.32864969823632,231.0737261312167
315.81681981168913,79.48432967699412,108.95543045646997,227.1249207094442
305.56218806372357,85.69192414428957,111.93151562293323,223.0718724303709
296.94457421130096,90.01148452009107,114.33284001509543,218.87570669585773
310.21558125675716,95.89123846629946,122.09854610850914,212.23436858798686
321.6523818972703,103.0190654889108,129.7723863100269,205.24500234641408
316.08881004630996,107.18762226176234,135.49795730763228,199.61441150388177
320.61332681611145,109.6226313920387,138.34605282686724,195.52204038097096
310.09846279726105,108.69330811960663,140.67368011078378,193.50000922579238
302.14605282073774,108.955802268301,143.1513674573241,192.178274734041
307.5575726366559,108.29680552606416,142.31701534074665,191.23583072995876
296.33885548440674,104.91336102288332,142.05197314378012,191.51975665114588
283.18732058083526,97.67412532092496,139.9832072423049,193.25459097010167
280.8481639849738,91.92542892195192,136.93585391104804,194.2410527530331
269.0777946558285,83.77101496976877,129.92410996435814,199.17625013371776
264.8256815196648,83.15667862415484,127.68880090495952,200.4953197582032
255.48970129285104,72.52111761989636,122.19130106195617,207.98713440130268
261.5236863673497,72.3082795212051,116.14357980288202,214.08876684792227
261.77851465135456,62.57532780283108,111.47703141205726,219.66994185296863
262.3048387757841,60.05561254956632,108.05282068227162,224.69523856619628
259.6492795753982,58.54840090620651,105.48081330103045,225.75851942261042
260.57902183532644,61.609525601627894,103.44763351492726,225.68116949542122
261.6704897706846,61.92179932334324,100.29694417426694,225.67249872664263
262.1481976081181,61.65546198854119,97.36220213202175,225.44105907596855
260.55605117475227,63.96017061255881,94.91965345364832,223.92974749695492
262.2851497682708,62.594054778397705,92.70091292020628,223.0289709236237
265.8117245483225,63.431687217987005,91.17607222851113,221.43030331034427
269.6495815560414,62.74395373580664,89.5167909752192,219.76528227002055
275.8518813285721,63.31483990076241,88.83330940348547,218.3911555822704
279.71699725027713,62.85324996693386,88.68295779765482,217.75182698606793
288.0426307714751,64.24862563909997,88.78524414576175,218.73121128283373
294.1733908278682,62.745067838946994,88.01525540504583,220.53693721276767
302.28637674603567,59.33307627774141,87.36343937620613,221.83636608255432
308.29455141578444,56.45356098063586,87.06316021187942,223.3553258569107
313.41093866792835,53.92899232201327,87.57030346271856,226.193006160072
315.8859806651741,54.13447043043449,88.45169663344933,228.64938001753987
323.35144674932417,56.53385744403991,89.87431823712178,231.0008168477204
323.4809374444578,55.294074060201496,90.34428615524982,232.38867269029498
323.77145923801345,59.91865003515413,90.35196062481731,232.28203878390778
322.4103547802069,60.47900014534241,90.44685163500442,231.14443238590616
323.6519454800391,63.06007967856942,89.25087903088753,229.44943878957542
323.5738467174996,64.75557231588597,88.22058518576551,228.17630834854523
323.25145141678297,66.68757969041458,87.63798692840356,227.21188433015513
321.97792822294065,65.12801943287475,87.1911194271569,226.47881649646465
321.00429716869263,65.28613525575145,87.88152807438735,227.30676967851582
320.11183121159405,63.201825839749205,88.64927263163563,228.91656635552152
320.0488707400148,54.0389089823106,89.18305212534271,233.0836781465706
320.11008016227566,47.15382427406661,89.54309360081685,235.0209913847749
315.79367980499524,42.310563435220516,88.04982047809742,237.26431819628667
297.1418485786914,46.69053882844244,88.49178478007032,239.44285064806303
294.24512347976116,49.400590738874584,89.21857266637683,239.04145219524074
292.5886887745799,51.3839434391697,90.29760018068228,239.10307902807946
292.5447512169949,54.513391482111814,90.80696775324216,237.4392294624284
291.30881709117745,53.35292846812753,91.31850289597507,235.95973353719566
290.2247572616361,52.50235202497517,92.77363292674272,234.96750106087526
289.01497851054603,50.6273536998239,93.41784832210372,234.8207658576927
286.6226895966764,46.73367526317665,92.78424139261031,235.28671207501185
285.84855641035216,45.343207044240316,92.79996780153661,237.22591553406372
286.2760181219658,39.17495938725227,92.86827955630302,238.46520282496851
283.8587141587904,39.52004263453814,93.12413448811651,238.8416875554868
280.64201360284915,42.1027782263111,92.27475018434961,238.97527433245114
282.6891591547448,43.97593398173629,92.08053093991805,237.27798883402141
285.92767058723797,47.97144434964636,91.61653240507088,234.80601965002012
285.81663477944903,54.326255818205524,90.82687823730063,232.86657550776263
289.3718269782969,58.74962482681778,90.28848146854168,227.95753132484293
289.9970513356451,62.851428295726905,89.23046342887501,223.82823278241042
294.9580472746213,64.49594141092558,88.44546209810275,219.70251946400037
298.81750091165424,65.59649490363651,87.71438307873663,216.7680256043796
304.5103449777241,70.84857656505694,88.08087599975858,211.5805927808063
304.9894406462587,66.20003641429443,86.4608265808718,208.4601496982371
305.8904596000857,58.091318499714646,84.20058109575075,208.06428711125898
306.9512919475861,51.97924023000262,82.67459514745019,209.1341153044306
309.29238977770603,45.74347930601921,81.83219555349456,212.9167123629687
309.86810143807094,37.36119572574202,80.98349015688281,217.5555594994142
312.1502298651432,37.41100987935724,80.80696485486223,220.231462722564
316.73328934697724,35.84679115254892,82.53500997658239,221.2039074298275
320.7633172397455,36.612250953154074,82.13617760260594,219.22961048281678
325.45237982762285,39.06882382166316,82.32889993814273,216.5330632565408
333.11222493345633,47.68509587795532,82.70089731039906,215.97897640408831
336.8254585846089,50.62853665777931,84.265565605323,214.56561035499942
331.4241362594446,54.16461124330402,83.66846145346649,211.78930621568827
331.6349738896671,53.20020881393981,83.94143612779021,209.37610725209004
329.3442176377423,49.93056213025807,84.71698416173015,207.4026509475175
328.0867929635371,47.94073463294683,84.54062395546825,206.53533061560188
330.20242751965,45.7442231623281,84.82530504618438,206.78787637635838
330.25752797714773,46.060100869785856,85.37065556475217,207.0618776734027
324.86579087084385,45.974737405342495,83.3390958647012,205.89385781617187
323.981953683413,48.94757991988729,83.12301095554346,203.68797538603553
330.9485486627707,52.82043131195829,83.93497156292915,200.7150897367507
332.2282376531017,54.866074757808946,83.29252211200645,198.8375341339593
334.7322569366681,55.65124018926963,82.93363105540234,197.39877787197292
338.05356372960966,52.27085383724038,82.74926513110977,196.1628831909301
340.5534702522094,56.350855675632914,83.45659348529372,194.12514246885695
347.04369916682253,59.00421594613033,84.88727323693917,191.07500871794696
351.06189752169496,62.65541030969932,86.61812277353218,187.75986745785
350.4107667578646,57.364574727387065,87.68985923970467,184.79243870029433
349.2326479083566,64.49019480007462,87.78000034677125,180.93781930534647
345.9690399144923,65.66698831243528,86.45380561367459,178.66811476893548
345.0539410637911,65.32982669836082,86.18320303927437,176.7796812202747
344.29447334325494,65.78458952529417,84.45324045101933,174.47237669773278
343.6147311715699,66.98856044988149,82.93946715736561,171.7381517810933
341.5121701645378,67.37467263451627,80.6712539053164,169.9231166141324
340.9974812323926,69.3144505426213,79.10982790798883,168.70115667080137
342.76658332991724,68.43635817267692,77.24928978101664,167.95141456323225
345.95776440532063,68.46902132114312,75.84729099919791,167.61745636098254
348.7547728976287,68.98627138384651,74.38749080001269,167.2749739696265
350.6211113851336,68.4360458138218,73.5063918222105,166.9756873939548
351.418073453127,66.36642926631175,72.77351715950931,166.7522233644937
351.24145441878716,65.78233375292241,72.42744367375715,166.30099600862772
349.68678978632636,63.82274903764578,71.94477293104931,165.98513478808846
349.6032037260634,61.7096254521157,70.99947728576718,168.60225157661077
349.6508627084224,64.07995486799128,70.66968907282678,170.320207571062
351.0625977849875,63.55843110093723,69.97271475786198,172.19011159912
352.3926126713968,67.37505268989254,69.02703067863143,173.5370424858456
353.35050094883474,69.26251594713673,69.06347742468947,173.95454837492167
354.51002088873196,68.29481169477526,68.87761291797248,175.37804995778106
354.11270927301285,68.2181331250982,69.2172177184624,176.3179319889885
354.21549877663483,67.87796146887116,69.20909586084322,177.80953033922717
354.08161826918456,68.44026124714242,69.10431833895673,178.8030543140262
351.5052609605181,66.06908416241404,68.29966219823302,180.25226330373442
352.33801519036683,65.9280268437404,68.17528976491808,181.3094583835103
350.2844122115822,63.67586253743707,68.08011363477982,182.16575886081728
350.8549550581639,63.240531876097975,68.36589447298844,183.5788210800447
349.00389998882343,66.5165003459327,68.09087610596255,185.22593313634692
348.46975506095407,66.39428338785123,68.1449390482492,187.2509501957441
348.575133557362,63.90698054407471,68.7610871271687,189.8820233210413
348.9262583515291,64.10966255585336,69.65315521347136,192.33705687476976
347.4972708514081,66.80086371060455,70.95619893071625,193.20399080794317
344.19716272427263,66.28630930288001,73.17898713017752,192.58643357343496
340.8385694651832,70.61432934680045,75.29892366361527,190.81892183260948
336.67193505109634,70.62866958750456,78.01770102908144,188.38338529117317
333.45241622080175,74.07668080856648,80.7129709513283,184.30372475319362
323.69720816460426,77.67040260492962,83.63348037121847,179.5160802689726
328.4666192548616,79.39236031595975,85.88060026834043,175.4489507212791
329.8456893254515,82.81746445548832,87.88659834890143,172.44783492574246
331.46514710889846,82.961674587741,89.36423599321958,169.67995036871085
332.88733866369995,84.86725549568384,90.33431578377835,166.94974346214983
337.5074090749643,85.43623093527076,91.54039249817595,164.48241898487723
341.10412065349607,84.38940458231556,92.59576103575348,162.26927657054836
346.6724585013889,83.45206274553199,92.13833510345657,160.71951866811148
348.22121340420114,83.96108324699698,92.6115266585347,159.70275390411936
346.87032095045174,83.20671294122981,91.98700498453621,159.1335461838208
349.57552206923043,85.26547632608754,88.87362008287057,159.63017899815077
341.06063361675785,78.06992153555657,85.80594673146814,159.0120169575086
344.666302304591,77.00314227502118,82.7003923414891,159.6896370201367
334.99698971592,78.9333343697435,81.26204188711728,160.76465236301016
338.56817870237796,78.36561477406427,80.36285134172208,161.62480386659016
338.93111369371775,78.08650046562215,79.9004529922384,161.3910260504643
341.61729445841536,77.80810551866175,78.19063738226143,162.1060016350265
342.92901506873267,79.51019972698218,76.11038079965022,163.02374124267763
344.7780891617258,78.27662262263452,75.19872639189273,163.51099795228848
339.5827638886702,77.60730872628903,73.68880606855812,163.03164176003224
335.0445237087334,76.49207176401183,72.9348001308243,161.88786646469225
329.46367897797825,74.11549214188317,72.31712977482974,160.89963738802672
327.0329299016168,74.22574006552553,72.10391088272226,160.12396569988735
323.3325089062157,77.31749652459634,71.2545487872207,159.22385331732923
320.496728534965,79.87970972182805,71.40084288238333,158.18656319148153
316.0891055008021,79.81122912931342,70.98153847463489,157.38603653585832
311.5315610779566,81.50419706566251,70.68361958411985,156.10237531945592
309.3720756276658,82.17562662815084,69.98550111778849,156.88731379808644
309.96615087440114,84.46263279189544,70.19140408348541,156.60599460871978
310.9004285918002,85.83060752961991,69.91027531113232,157.02731079641782
309.5582895731286,84.69843713468981,70.50484931176288,156.2731073891955
304.5807269665238,85.74023259190432,69.67806267499687,157.97159736351466
301.0993675145709,84.40661600143389,69.99426811683617,158.84445738981532
304.35724292803644,89.43828409163342,70.59761881425798,157.3482274563645
304.1313154645351,89.4590757097638,70.7064676668322,157.8154949734111
305.6690025790389,89.01268475579555,69.96576088205371,158.10457195199578
306.87377572021023,88.12842014010124,69.19216421137477,158.81052536627624
312.5822001482318,91.47953063993904,69.82949454692103,159.659590110314
317.4672731941954,94.49111711223594,71.37830006174426,159.02973295780396
319.1601267425551,94.33182675993274,71.6858486279429,159.49361221790372
322.55989182300436,100.46840254075272,73.24511172571144,158.52963710127108
327.017584623464,104.46122443362268,73.8563689241696,157.97598298533097
331.4831073143055,108.30986283650086,74.85798364533079,156.96221266837466
335.8391358675439,110.0874409185846,75.2621031440787,156.46820562453797
335.8890156419938,110.18123071202356,74.56476030126409,155.100013831201
334.72986310238684,111.65114406230977,73.84477011146552,154.0138146931515
335.3584656839429,113.48947105180147,72.73896818176236,153.0663777666278
336.37487978431506,115.01412882182649,71.74258834050747,152.2315416729889
334.35600362406177,113.87007266130186,70.9290738000522,151.3389129223371
332.6646587430462,116.67735230414644,70.95396927726284,149.3805185212152
330.79397959215476,115.2061613645163,70.52293664124045,147.00241910012147
325.87593903795016,115.08372589993354,71.85414161286988,143.1055482766625
322.9563982558566,117.39800050899643,73.58073872194839,140.47514010887545
321.58064937813,116.37088783155097,74.59756607678206,138.7751657204955
321.2099047012406,116.1066287955691,75.60595719185432,137.61915246139694
321.12238329669725,113.04733993696192,75.84576559584063,137.80797258354903
320.0249224277595,109.17905791159444,75.8720991722476,138.4275336702642
313.1941529441474,105.37514112037104,76.08170809339029,141.25936246145125
313.2997378869334,103.80779510058852,75.49563092284312,141.89980801816716
304.33258934706674,105.18937156990756,73.04404467127767,144.65089343707302
301.09371979321793,106.83020093958784,71.4135961034992,146.30993618239265
290.3861131747492,108.7292409040828,70.55718382163788,149.1070019557648
290.0164823066883,111.305267288412,70.89023641674366,150.1570075023835
287.01401376057726,113.06640665967939,72.07002778753024,150.12250098618233
285.289367286103,109.96432001429032,72.62939144189255,151.1671655718213
281.3433029225889,110.28918804880985,72.8058176351988,151.68556633788052
279.40274513543557,109.38448910383218,73.64229958256756,151.16024480835648
281.59454553504054,105.40548204977952,74.05339463754461,152.1896004310492
281.72951347092777,104.62899872417555,74.41429847123742,152.74189068874824
282.47268793822826,104.34309730336088,73.53002046425635,152.6620043585865
283.6100271259277,101.20257197957002,72.6008057223948,153.61154780020507
287.5158768454224,98.40124063720474,71.4005726911813,155.07502267213047
292.37850308435344,93.49178181850806,69.78785759735239,157.15574441337515
299.3644613961808,83.82711213825064,68.73603260272597,161.54168052987143
303.63692299107055,80.93277304548505,67.66637920741064,164.59619304691506
306.14012651624137,81.62572077296666,66.81238647896838,168.03120804574823
306.4113389141372,82.68617950273537,66.34979190500846,170.47940384075793
304.58661092966884,89.57934185061883,66.49343093745237,170.72347656015214
302.0748412250478,90.53876199972517,66.60239095521493,170.84108974742836
296.4387415061177,98.4537020313522,67.10479211426653,168.28652020053173
293.9108936162789,103.8255535927771,68.58299661052742,164.90935846333255
297.9019749238523,111.85005192079463,71.04296503786104,160.84033941502454
298.73458639841743,115.85776051111273,73.81004933207791,157.18194595036124
298.66402423249514,116.98504024441976,76.14656913358806,154.698494231898
299.9621140863623,118.90446318484162,77.90578474293133,153.232481841426
297.7129690860713,120.3589684969357,79.86606796098161,151.40191784390103
286.3354785929676,122.24342636815005,84.32050611576815,147.61386264025302
280.7021775690105,119.26161600932025,89.29139330848827,143.7315055747095
274.92764605811783,115.89705844514613,93.21833976456927,141.12334519799182
271.33251509481516,111.78128981102708,97.37533610050687,138.2460701340766
270.6541519866345,113.48407083665758,102.48644325825921,135.12934035987516
273.1946416271553,105.51450666643308,105.69070510423174,133.34810699072943
283.71593971729254,102.8409874446272,106.48087641052948,134.88945872207617
283.99826868484615,107.57501355435124,106.79983563812675,135.43636011590934
282.2112650897269,108.92897490373821,106.60153018722144,137.08879231749552
265.390208154882,111.42357155193807,106.00596171438195,140.26970972361045
263.44634705507735,111.30924295875795,105.60002041225181,142.4359911260504
265.33602084838134,110.93530317401944,106.28100998766158,143.8419747576078
267.8092799776238,111.43340426193656,107.7424049371845,143.42676438637332
270.44510208548115,111.32829686696712,103.78813197066876,146.60470421484064
270.5438966504967,103.89474138453772,99.82963685957375,150.14780814539768
263.6804484572256,107.77753818313815,97.72547379024432,153.15396690567974
258.03070147494793,106.31195608255649,95.7889562496728,155.5809658746615
262.182197035264,99.04916554598644,92.05095564951795,159.20316941484262
265.09201963126515,93.4630604710139,88.31574878149026,164.6427307153004
269.127980624083,87.74044803055372,84.222037960329,170.69093859411504
272.5113812067517,85.21234404069742,80.77204692606466,176.19989630298414
273.08280704437584,85.18838522521793,77.89414874488834,180.0669948993667
276.53872436276964,82.5991841542911,76.89295387097913,182.8735224703738
282.7811537394466,82.25278554401115,77.16585135084054,183.39080195306826
286.80543282164365,82.78441163114672,77.49625474955673,184.97485955891796
292.2641792486327,80.7584499248617,78.53986533490976,185.93899558173277
295.76172058662263,78.34742533502451,78.95649864327439,187.80790736364102
298.925364996768,87.78676732744572,78.95393306669696,189.35423405995095
300.3881048171313,85.37119686478141,78.85790164908445,190.79863143974734
293.1337451887627,90.7356897143296,78.45814026159553,192.1711166879166
297.6516860343958,88.61014158695701,78.67788810981907,193.542115315022
301.21513096926196,92.32149272541164,79.19882443484993,193.46348204217156
294.8662613151071,95.69548503276084,79.88188001970987,192.62759774256716
289.7075982381509,96.89906124403004,79.92745286246506,191.54514138402413
292.68972398491917,101.01218623437634,80.7228005777604,189.6304858895681
280.4570492859985,96.24045549835336,80.84583048707634,188.84607890000518
279.45159990605214,98.99851112227219,80.28247258841495,187.941803608741
269.48161910840975,98.01230999714383,79.6734343973228,188.2884702184719
271.88043338873155,97.10387974960423,78.28742955303358,189.7926293094564
271.1435625279264,95.98433228548004,77.0424715809641,191.26911594798617
270.56318897959216,97.18306115227094,77.71318224965782,193.26629818327643
269.70324651345004,98.07410017010305,78.63058582865915,194.5912302737261
268.3403181835503,101.41389433320465,80.45311097028534,194.65020977665498
267.78961241070283,101.84200672026694,82.73225176498084,194.32074152757008
270.3961341664855,104.62594525700787,84.44823819497438,193.97755059987068
271.2466362884048,105.5839190074867,86.44129785303711,193.72024372200568
270.9014128975608,109.47447844833317,88.14295328817501,192.53734089713646
270.3258141959943,111.47020743280254,89.46543463674922,191.7870027898005
270.5970849531897,108.72439664613512,89.43706794135105,191.2047665788641
267.57039450974963,101.67417933809823,89.29466950465334,192.77059616869278
265.47137651588105,96.56081937752764,87.87135949553391,195.22752877828
262.5342671913539,91.46283598458604,86.6260817990682,198.462072167099
261.03035719437077,86.77055533688292,85.07191868451389,202.71391680677402
261.11873236017504,81.83763051893416,84.11284028369522,206.85859220255924
262.45382875065667,82.08766217458587,83.82415179998854,210.01917103832002
263.8030134376148,76.06950930650791,83.86454790420636,212.437873472474
266.1242750533285,74.13043658216075,84.12013601616275,215.19971309307383
263.62447103601846,75.68730953253962,85.0037109735429,217.7568041178227
260.3401278194216,77.62178161929043,87.3539935905135,218.59301913163796
259.35860526165925,81.41148388054907,90.34404235193509,219.0787553333028
269.9897392028295,79.69071911074731,90.22209620116186,219.2071440037657
262.1458240663959,80.70293648393842,92.37620455020107,218.40960733153358
260.05800658859624,81.48600729804065,96.0783421448556,218.51629092057613
259.6630643536944,81.60497355046036,100.30500730580617,218.0817512581487
267.57519661530154,80.6892834211282,104.08907255554104,217.27979711854337
272.52318209892576,82.23218390618649,107.65347069839999,216.99654622586513
276.84356170663585,83.89293119417691,109.587560611703,216.19414277918727
279.6191996921574,83.58751944662328,111.00358457886176,216.2280817661616
284.94920718051276,78.90469690069283,109.80383380808371,218.6153380717066
286.99696453909814,77.04604519437379,108.02228131205854,220.69427788456744
292.3591388778415,69.42446936794674,106.67204667113191,223.9474259516061
297.40328821786693,70.51465650970593,105.75483334874713,225.95178935043026
304.5239707095721,70.72588016057672,104.26496658768785,228.3450909786661
308.06734828354104,72.80357621235399,102.81373332848284,228.9234401585283
311.7598217823684,73.68342266959738,101.4967575603813,229.01851635472116
313.1674593137678,74.4745574516811,100.32491571081653,229.26852182355086
312.458963314678,74.63651831412571,100.3940232924159,228.4748691254179
313.4663468493582,74.36016367996567,100.43094203314456,228.74903676919195
309.7464813257228,71.68884339451094,98.50659074398956,230.9257220350019
307.42502914517013,66.97188367369264,97.18604038173682,232.5311798296048
307.39846032022535,62.4928676276367,95.71866127842962,233.5501340675602
307.8211345207829,60.4465310953581,96.01143042911818,234.59576285492625
306.0897231675205,53.58691275028367,95.94627376171107,236.53128620431582
301.7008945200452,53.27346137163015,96.42219994704251,238.64651574957148
301.90935233495907,52.917699585793386,96.11904570498014,239.69914934212093
304.0502638742374,51.59876078602859,96.24157052299947,240.56444596039594
308.0643912251424,49.95718341095423,99.84898457576712,239.0078752161599
310.0698195619033,51.7553640409771,102.80163889238821,237.3819108324493
318.1012866470975,48.450926833777075,103.82039646394314,238.7487489042285
325.75389982148533,48.556179839261304,103.82289792888804,238.62670981321864
330.92010668540877,46.96617990941614,104.23621746214961,240.1357560415079
333.8872156491855,45.667033379171045,105.4089831962477,242.08260794513393
345.963246117273,46.381482473298945,106.04412128045853,242.70464502528023
351.68737832412944,46.83591213988781,105.56336899748288,242.48427560604293
359.15734567374494,46.53734177324314,106.90269302627925,241.4122676557843
366.6124758191186,48.128764922636975,108.16123690423325,240.52968547709855
371.16308190176716,51.76149145653601,108.02570200028856,239.85805393487422
376.65621071217225,54.43055829920766,108.05629389730066,238.72520103032315
390.61284962044135,56.53029581268224,106.83808825483466,236.35556523295773
395.98808253520417,63.78264978844405,105.47234036659324,233.3495545623179
404.0247069149001,71.41246271584114,106.02478397475517,228.47055347864188
402.3169125089375,73.42470200513144,106.38383301273932,223.05248850289027
406.5352250091799,78.59804600664734,109.56957110276963,219.23634191984138
409.0920188367068,81.49544961592048,113.17781858412934,215.88061780066033
398.09936405297185,84.5411962490427,118.11306978673105,211.71356813697784
393.1334305409778,86.74071137619237,122.49401489375745,208.2661740778613
378.05011261851905,81.63014678519379,120.21377039809889,207.5903792409986
378.0317188873149,81.73026809933893,117.40373845971976,207.66423027044033
377.21046234807005,80.00414854735757,112.83411336224518,208.47953342507748
378.24963559733027,73.98133759278655,107.51583861818028,211.80416229222735
378.76186512560844,69.62447477781615,101.51385242005293,213.65095553004778
378.42186645886534,68.35196117425528,95.60959215084746,216.6133093067267
380.4678473513443,70.5868002747504,90.42253854612633,218.33775151284095
382.555310557534,70.70480575530037,86.58348308516096,219.4893389470886
384.3423810394576,74.77016974877968,84.39797251148106,218.1385820828717
383.932336475802,76.74229709550347,82.71226878257579,216.72842458409573
385.49966445745565,79.58447183020823,81.93466395337799,213.88371239419672
385.14354850098164,79.92869958422904,80.93998084538342,212.31129598346422
383.6631912696936,79.83259179695648,80.12256477664843,211.33111036820526
381.6883361528718,79.32140110828833,78.98903688544459,211.69844260031985
378.2393743626228,69.75379202820562,75.4813131881105,215.9450146346918
378.61298711286173,75.89683438769916,72.88653050055233,218.77804860619545
379.8574944055665,73.57624927213072,71.76029398273162,220.48740249783953
380.3609462402562,75.32835002542075,71.59047860022878,221.60520788441744
381.3559324226908,80.20792394915672,71.57143132805683,220.53101944856658
380.62170434792483,81.8599256107785,72.60681547684683,218.44031349241897
376.6258389875513,80.52451919302355,72.66369502800772,215.51806535762248
374.87388368783934,86.45757363520966,73.50027846182803,211.61836138810622
374.0814166727924,85.84436606774184,75.6371525754256,210.3964148878337
374.24473621561566,87.5702935210314,76.63372980886324,209.00182502451327
366.71007074176475,81.62849598892589,76.29882014834968,209.11420178885857
369.9122857649517,88.9378107710625,76.58474158818186,207.0736476335209
363.82794602814016,77.19593797960005,76.81237434702221,208.84095492298877
364.7816818271664,78.50342386738915,76.05649393072483,209.2930440948288
361.8858163784358,75.6152766222021,75.80637330764775,210.0507471812417
361.3137534530208,77.78185911730205,76.80340726313585,210.19926639895806
358.0928828330937,88.63349070471855,79.86680086772078,206.98789889978423
355.5700492158468,89.10776315316238,81.56029477381497,203.2793506745732
350.77273036179594,95.658394101844,81.03643177238305,199.2431646515386
348.54165451840277,95.11369762673385,79.58908238342477,195.7375354002208
334.4200469660169,101.64764771826363,79.83036915872866,190.89622060534484
334.0112517783587,101.69536149811557,78.35284144055447,187.6574464975605
330.6220638317067,101.4974245555844,77.22837815005109,184.6197623954097
326.8774422768263,106.48414341600409,78.05869286549431,181.00955061145999
317.19962481385824,110.57168259841873,79.99420755217267,177.60571772621444
315.7254369042185,112.26467408168176,80.6010020268476,174.7400881961584
312.4202957779565,115.32679868793079,81.17817699864042,173.01451156437935
311.38107807591564,115.5387766651229,82.48890159778284,171.9215444939673
311.8101685311577,115.4203972353994,82.0974912766504,172.0685598137233
311.2040193910941,113.38822307006605,81.13768400601151,173.36911753693764
295.9492237959903,112.65737063330924,78.8981106149204,176.22048026548512
296.3831433876609,110.77149790333617,77.24132110752066,179.3994086573313
296.955583224621,111.37490850702619,75.78438364045995,182.85649354736336
300.27628362633055,105.28914710541457,74.79453694470696,186.6668217399909
298.81607321966567,103.82189566300765,73.72094468697648,192.05937225320744
296.71700001482,99.41994419317446,73.4381321580693,196.886713169711
295.3571077414273,94.52222889912159,74.05536977454159,200.2594876985516
298.2090014298336,91.88416112850291,74.62452494075869,204.45658521584028
301.7530912468527,91.62314731108071,75.51249677309016,209.31260771610215
304.75045216325077,89.35520734161821,76.49568879680027,212.00171665321136
308.21856963257,91.18683718014346,76.19324244382469,212.53606735442625
308.657224404865,92.46288336022472,77.10586693835062,212.37899333342082
311.34449391212394,93.79996908348868,77.5809811678513,212.49888164031088
311.62282823360886,94.44890128770099,78.57203212269798,212.56265232080685
312.8002087573211,91.7546910686768,80.5663978910693,213.0347104732412
