608.5,344.5,17.0,8.0
607.8097043082447,342.27352023124695,17.122447094255403,10
607.5369336592034,342.6373456048609,16.988278242572868,10.088396802019787
607.4113092484026,342.055660119059,16.586292939990958,10.170660991664105
606.5951678480064,342.1210070536019,16.492192769973418,10.13731121560306
605.6064614739732,342.36748051289464,16.416661096271678,10.127031892165643
604.7475117464522,342.48962278518667,16.39699276891157,10.095316241610293
603.9053867239983,342.2615695061033,16.413701905959766,10.1822619688024
602.6138099101181,342.45314572093076,16.386750257612242,10.182955822106416
602.6176453756323,342.6800772807326,16.21225358505448,10.144679203862747
601.8717686068992,342.57380548088423,16.13067660093712,10.184028410043927
601.3554037121743,342.49769112493476,15.999164480406096,10.19723755814868
601.5094945886281,342.4056570061094,15.74005156585648,10.153620850931395
600.3258227502208,342.836431961969,15.799326251963635,10.062540723948748
599.440056223678,343.2920776195824,15.771144739772108,10
599.7973890066119,343.0702259660541,15.598335224395635,10.001127584123736
599.8398719829328,342.7818428771308,15.29993818163728,10.014324216224532
600.3521768964185,343.0039607472718,15.21470447046471,10
600.2599106750918,343.1932577677071,15.275058309826928,10
600.5930633229783,343.28227238729596,15.167302358593371,10
601.2377377780455,343.4944076873362,15.086013832255786,10
601.8867273017138,343.2971753687077,15.025453317290648,10.038771416164764
602.1668482595167,342.9636945185986,14.766554187043342,10.114539321178931
602.8411558870381,342.6952414043087,14.611872061311137,10.117990595134431
602.8814779991327,343.3750022650014,14.525758930752827,10.055174954185759
603.8602924363388,343.77128621158744,14.678964178044627,10.06362649117421
603.7652531860572,343.8472597114742,14.530339552892746,10
604.6461856894309,343.56516917668483,14.341707673739265,10.015399555410943
604.8158837203541,343.44469473908566,14.252189511778013,10.051489307975292
605.0608388966918,344.12336350237183,14.301481193575952,10.05295529206886
605.9525143472366,344.0059255290519,14.303258170675523,10.075624547205193
606.0648464390796,343.92352279782466,14.464726257087339,10.06216464668168
606.5221532793585,343.8446177584485,14.512520642325343,10.0760379274575
606.3578851667278,343.8508118413928,14.718253440307876,10.119918494563812
607.0913736054448,344.1950272929115,14.774514864150927,10.113808305523161
607.4536794012098,343.8086630459037,15.047631083957508,10.256588064301738
607.2825020896432,343.9127390880701,15.225220989869257,10.1864563165968
606.9433912119474,344.0842447401046,15.424046700052877,10.122519800621404
607.5052449149325,343.9663139733808,15.414401722557091,10.122547868015989
608.2292104232586,343.78147824813635,15.44488941375275,10.171368260737074
608.5681452595927,343.95594680440405,15.525449327971806,10.141772628933582
608.3715817287111,343.1738384815773,15.44981649536385,10.253670248593755
608.5671924038971,343.2721861826305,15.378791088108894,10.304555598264127
608.8209099250528,343.217250381216,15.348725920513587,10.268585766495104
609.4675594496478,342.7655857610684,15.202907955193439,10.333433342132718
609.796191036904,342.6385459749034,15.138533731982616,10.310307328029266
610.2605620663271,342.6361730148216,15.141430509996962,10.243972198452514
610.3218723000869,342.5451734077422,14.946338394022892,10.146393531513578
610.7149001250978,342.66888024414305,15.000336600373835,10.16516532118669
611.048261025814,342.418137588329,15.101217719473595,10.10686014075701
610.7095869060947,342.7527388246381,15.15049435275299,10.033594622160345
611.7449221195885,341.65020268205353,15.187936976226215,10.220371857662009
611.8792981198657,341.5506289639424,15.411199085760163,10.177419442514395
611.2817769833639,341.53011024095224,15.5581092968054,10.19018474213565
611.095610505978,341.2120534506005,15.537353493585378,10.253839340371552
612.4318983016635,340.11818796724157,15.452936509697434,10.53373959190997
611.8814679528757,339.6226737181512,15.486527524388768,10.706602907023326
611.8523916636689,339.23559938552773,15.338794275261012,10.838074324746032
611.9392299496211,338.7561219369851,15.34913381186952,10.890224004565225
611.9904626111768,338.9244150956401,15.473790795581902,10.796835232664385
612.280824454731,338.6399753800794,15.64190207608652,10.862094814103893
612.2936858982438,337.63329816051106,15.810984051202658,10.876398874441156
612.3906345805428,336.8142862748058,15.884850062840476,10.926493277832659
612.5640340863388,336.7241213536386,15.900251907457449,10.936721045424683
612.7611190016235,336.31331853678864,15.77989785776627,10.971494763746023
612.9512473495704,336.3517495774837,15.786053245974955,10.867711952107808
613.4094426883948,335.9355014471351,15.828475043530485,10.89928379244824
612.738782664128,335.3131341522439,15.852977570015122,10.841584057012499
612.7737887059532,335.09858290084344,15.830021758990927,10.707367353575638
613.0974923629966,334.40183813115044,15.835302650146016,10.64054810275467
612.4409251695105,334.2057617359564,15.740566863664034,10.534469422557875
612.9131942990591,333.99076439757476,15.695687522947546,10.60315722337706
612.3309190804144,333.5695684072007,15.738553408997912,10.537854864373
612.5909185406889,332.84623475869364,15.820323816566223,10.573348817728608
611.8129264759152,332.70793958866943,15.77270589437887,10.54356684308554
611.989316453655,331.98651436797974,15.685904185826601,10.535450449442889
611.955813060505,331.67457307174044,15.692212101557118,10.581882587686422
611.6788218583449,331.0045127322506,15.58153136987165,10.655901191089335
612.0794386627889,330.84894245505717,15.646102492829531,10.659699335388572
611.3861211944397,330.3895781067909,15.706209834007904,10.688914837360173
611.9870349615176,329.4179020099535,15.845157312822195,10.752979072889843
611.8758059937658,329.4892180839314,15.975911617342005,10.71842825082268
611.2751917495824,328.9917861326719,16.06715272758835,10.814034851057329
610.5614026520021,328.34832491595654,16.071911904384976,10.805359612025637
610.7188011585682,328.3299217605549,15.944681216321168,10.656491806813527
610.9049909600698,327.96448989231357,15.864043699728715,10.616006470839798
610.8959042713778,327.48391632913507,15.926616569555145,10.671557281336046
610.1154156556291,327.7390779537277,16.090113194019743,10.597603063818468
609.7790554705819,326.9093580228892,16.077984421086132,10.673349897999179
610.1777049851133,326.85353373725656,16.074219670892653,10.609638549597172
609.6702907906563,326.69838084712006,16.180870326385588,10.578360243452016
610.1100063936866,327.10799921850685,16.162090076955494,10.46480494389289
609.3661611583644,326.68266744141243,16.115688121299815,10.442759700626898
609.080589742538,327.02842922886236,16.281244173835184,10.298051640291478
609.326645321107,326.40117309366036,16.193782393566366,10.34741080305236
608.8928069373266,326.80028668093047,16.341442979658165,10.206320247603207
608.4825911519588,327.15826107007246,16.473615187219387,10.095306936562483
609.2662502749614,326.60232286462065,16.234929772787638,10.193050013306268
609.6649482719907,326.56752860749776,16.120942754330162,10.213747534552954
608.8601507932917,326.67633922104926,16.26975601826953,10.16211205562169
609.2985246469234,326.834893041638,16.268890340539564,10.179576580648751
610.2891964763958,326.9940761539425,16.24895124359147,10.197721342129432
610.5974405418951,327.23398547554547,16.25925351691231,10.178680190254532
610.2670043719932,327.560493912838,16.236270442325804,10.057635485545614
611.3532541489993,326.79259930635754,16.09183394716659,10.146117827092334
611.7494411384012,327.0787001951591,16.124135707174354,10.100454659947601
611.5686838761385,327.3577943107399,16.133425285677642,10.070021331625625
611.7706974302224,327.6706892079626,16.02735485280102,10.063005653219532
612.3190564833832,327.16362891619735,15.9225429721608,10.223962994409906
613.1003461760245,327.43126510804643,15.846554925989413,10.253122158830408
613.7930741444578,326.974434290547,15.58679612504796,10.337156220339136
614.2922806364338,327.0307918394523,15.509849014814357,10.298883337792262
614.1160218821643,327.1482546112275,15.487285997478292,10.296758635573429
615.0024672079359,327.19312457804864,15.495882453212158,10.370354353090475
615.4153316743507,327.1926279862236,15.574957571304827,10.376322884520121
615.1338340890381,327.2652512657844,15.663492527553421,10.32089667312488
616.235689290787,327.17858953652524,15.66124606181516,10.410121822364808
616.3933799752931,327.44870104734076,15.750478843327155,10.418785576704213
616.9327867225968,326.7050433348815,15.78086213083189,10.490576042058494
616.9223548823043,326.94273015356714,15.771348583603753,10.394237907359402
617.3451580552497,327.2139999288769,15.816317110206608,10.3806173978967
618.1360433185082,327.30741091261325,15.92558078149699,10.412024098398419
618.5431399425225,326.4531959287109,15.929341894907106,10.48359286110216
618.2137305990508,326.57107080791184,15.972822733187275,10.391817690021576
619.3048004580913,326.48917263283806,15.964462741134687,10.392989740642905
620.2100365613641,326.5692440202271,15.90903618697881,10.384439503625547
620.6573053869504,326.69264852081767,15.868769947701765,10.333400646906934
620.537039073876,326.634901899141,15.889061399748677,10.286329269884675
621.841565623509,326.34771740180696,15.73748396271416,10.419581216289203
621.2768453464546,326.1558367708084,15.956783108379646,10.38364045501867
622.562701585364,326.51930819945585,15.833537646780762,10.472378399592158
623.2479892710644,326.29855661549055,15.651353603237979,10.478264478251177
623.233415526373,326.0372082349584,15.72225019002768,10.391159768082062
623.4438799683488,326.60030525181054,15.792715349044874,10.262579164401036
624.1158633148581,326.0597926394654,15.782918163052873,10.36854744281364
624.4220436833994,326.374300904014,15.878513203615457,10.387045018559622
625.0769242881637,325.6773297878301,15.81673437686112,10.488170492771538
624.9568739493631,325.89217680274726,15.94380541056918,10.490710362769029
625.5427207045205,326.00161165589066,16.168328411980557,10.53787895508917
626.3600347846889,325.55817809148334,16.180839324062184,10.630871581721706
627.0505239383081,325.91421881909434,16.34203189904892,10.655128741917242
627.2610221702244,326.0278429505947,16.380546357648267,10.593342779097947
627.8154752902644,325.94289417975716,16.448446567458156,10.61512267419797
628.2002913838123,325.5813638640751,16.46517977018621,10.694436095059439
628.8509870113927,325.26670778694955,16.37830849259521,10.710213619965627
628.8070986520609,324.87810378884416,16.395413876396137,10.73150299415949
629.5281489284877,325.24128548353593,16.34081241755196,10.761525825231201
629.4929861239292,324.6566912833755,16.211669339492097,10.824292635700658
629.9436014303873,324.76936675461724,16.122158561380445,10.813849205285868
631.1115453799625,324.7769015375936,15.95448474494781,10.797630982624169
631.2580627671817,324.3654281456993,15.905459301378187,10.811632408613157
631.6993269996937,324.50863653724826,15.93178836074934,10.762351259341433
632.7454351490323,324.6051401389726,15.922122110900007,10.849360448362123
632.9293954750029,323.84540727515383,16.002361600665374,10.853828693699985
633.6426008840607,324.0189394395649,16.107584278834445,10.936248464027504
633.6106977613672,324.7932368294242,16.226984741253638,10.943441962888597
634.1795508165359,324.4407290897384,16.359847716990963,11.045769248939013
634.6138921821105,324.523169601861,16.471209291166403,11.053666249963232
635.767111810545,323.7392928852408,16.51641455028849,11.21533240388396
634.9980929906269,323.9203420498143,16.825984844886943,11.143555216218365
636.9223858332688,324.2106416932392,16.85848837011352,11.12820871028285
637.3487380428686,323.63029821469036,16.84650007449488,11.153709591216248
637.2331012682898,323.9650352062406,16.88207388717646,11.096693837180789
637.3762627039886,323.3260610166737,16.763659520384273,11.187742435087474
638.3740819821493,323.2168332677011,16.64714369813256,11.292180662527201
638.9389924962856,323.20956174361675,16.587414275046537,11.34838891083993
639.8956486382313,323.2430524349223,16.658901853063075,11.411849670715464
640.2996071202732,323.2776920176942,16.693265932508655,11.468464545040879
639.7371854853799,323.6041117348357,16.771486925989066,11.348956385744152
640.897874421832,323.5991677749502,16.82590680165073,11.392579755872385
641.5081037934466,323.7379988651462,16.882752230937356,11.348124994995034
641.8894363652206,323.7488312177722,17.122004091974468,11.34921891146556
641.8960073664811,323.4021488088074,17.015211808024414,11.335907961496579
642.4699758480281,323.1282562755076,16.940566504285396,11.376075792912392
643.5651632897359,323.56132885729306,17.006794146580916,11.366371829121025
643.3278282762852,323.36447371573536,16.99444499223067,11.31799025980993
644.1339016115478,322.7614976687132,16.911790819149672,11.372405889163057
644.5872849440782,322.99664145932104,16.881705779931977,11.294374746679486
644.7505507386395,322.959817168332,16.81270899276937,11.231908925052146
645.2030257263265,322.94415478542663,16.758511371063626,11.146256230180514
645.4386096660157,322.7411777166725,16.624089409482096,11.168191827306389
645.8112304953372,323.29225225844283,16.47979268711478,11.20265050991713
646.0619862853185,323.64177745133946,16.27497291227622,11.185095134976686
646.7233130619197,323.0460485182306,16.204152559528715,11.272275867252858
647.8316667832057,323.22456355198625,16.162997246702265,11.42546084376305
648.4511754851717,323.12889749927376,16.131481850254637,11.448301123726669
648.2300911186749,323.10095107695656,16.150102957706668,11.388046569412392
648.1518649453127,322.9209315663675,16.15595294883147,11.330098541964494
648.1176325720313,322.9079756475204,16.2243023265953,11.197538571821301
648.1104803456146,322.8670012520381,16.297101950796886,11.104509821815988
648.1621384756728,322.6974011972051,16.459614180937777,11.116898319829556
648.4673327804866,322.4851158546588,16.607685973798784,11.13724857287928
649.2563750205768,322.2100475710649,16.698747792980726,11.204893617039618
648.8721594472439,322.53310336626635,16.874835549658336,11.038715288508019
649.9300783525999,322.4761021150993,16.874409497369218,11.081921099960834
650.2828219866701,322.4441833550527,17.076287312923306,11.055475360304627
650.3653923058718,322.61491584087355,17.175930295354334,11.024822742750704
651.0103023136874,322.5154633124423,17.362305257483598,11.151028811592813
651.4607285787547,321.6530529514565,17.416998033554545,11.32494919348417
651.8019619733997,321.90913669211403,17.41980310343356,11.458180507773772
651.7808262344903,321.4635230348104,17.45646846219717,11.552412003766118
652.053894923656,321.4574523834161,17.49400408420145,11.715012387489226
652.9790522134258,321.09903482931327,17.596392384567388,11.954129082818785
653.5536969448456,320.5531999649712,17.55384649587048,12.115147146768951
654.0159384069083,320.2555661156303,17.605266427141235,12.207319397433674
654.1514186616556,320.8578270181458,17.651149159099834,12.250328291178889
654.5615593892707,320.907557815353,17.72909819693832,12.239222781886125
655.0530906444413,321.06449623531904,17.801016083821345,12.230744137936039
655.5193722083586,320.67505737821295,17.743191530014794,12.282713704813256
655.2495250015584,321.1472740678929,17.664592479431505,12.397527938406496
655.6127634309372,320.9932163044322,17.605605983794998,12.492252846765174
656.0730571858566,321.19059003713477,17.650220924708414,12.481826415314632
656.7217551273677,321.5673901183134,17.813190694724227,12.521046766205803
657.03392268936,322.05378066281395,17.899681490844657,12.592248540630994
656.8226271528457,322.3680640149556,18.154816145597383,12.49542881987578
656.8440648011501,321.98548092257624,18.327116969388904,12.457264404372797
657.0254956317267,322.489110155284,18.438031648720322,12.537524750183264
656.1011471303483,322.95185986050825,18.765992076350585,12.391031522882109
656.6281076328645,322.4626467841316,18.587588022402315,12.415089561163956
656.5354320257495,323.05453851580427,18.62375539707267,12.318938992334662
656.697697052766,323.0482871130933,18.56819160061193,12.257353671335633
656.1891868182178,323.598663280881,18.732617813307396,12.105586912389903
655.8272498637634,323.45767983365755,18.759846581568116,12.051512088115391
656.1357973108186,324.06136170019107,18.8059565958288,12.060782270949572
656.1063737155397,323.8714339858327,18.747183064927295,12.031884125771736
656.5669906982184,323.6508739937805,18.60731151392976,12.038890041129592
656.1084740968222,323.528250519917,18.493342314416523,12.023957618214967
656.3690463837124,323.41134890345825,18.326298355422317,11.966029493557926
656.0684286650084,323.8321700606334,18.37050514159285,11.885033820462041
655.382612282396,324.1058961809786,18.39619028356467,11.8186694134146
654.7739303005213,323.5594098161531,18.29146052210963,11.788960525328788
654.9143219053743,324.1207814015231,18.192595814257615,11.70159616833229
654.1784737013162,323.93443513414405,18.09120536457816,11.721517629510682
653.7607283548424,324.2075252115914,18.16901903888324,11.658070336850127
653.6158991653197,324.76023623518734,18.078335083419937,11.54871778056776
652.6815631893853,324.44311150809347,18.119234656367123,11.562036682272904
651.9614908542742,325.1459316988887,18.250668393857655,11.467509300598525
652.0089226455057,324.99826536560374,18.217430511838813,11.4923320983082
651.6083153167716,324.6905829260745,18.159641804267117,11.53161683391499
650.4960567572024,325.52775408091105,18.202840401905885,11.454367748767384
649.513422558883,325.6151695392021,18.233681894820034,11.433604303808705
648.757996337779,325.668710736404,18.27007003973326,11.412438637186154
648.6118911648866,325.76910945284567,18.225033460879356,11.42969835991196
648.1809707048014,325.85771187271513,18.180876627906404,11.434676472934703
647.3838677798548,325.4441314485607,18.219251879922155,11.554186480961064
647.5290604080499,325.7182001768769,18.025440542589784,11.51816348956535
646.8824632840708,325.4740150854347,17.88501994050376,11.538275917408663
646.4621480430133,324.93515591771455,17.80749236826703,11.647508122611411
645.8264800975101,325.6632469687962,17.808220191760913,11.596970318047864
645.4671597550926,325.36964318972986,17.798310442483448,11.626235902971183
644.5205594968515,325.1841115796467,17.89254192858525,11.715411681263989
644.0494361984822,325.4789430229515,18.04785009644494,11.708995025733406
643.3696174364078,325.61433482218797,18.204604973079626,11.78622047715298
643.0516960663224,325.0491379945999,18.2168927086537,11.85364027540312
642.8033777232264,325.8510561317537,18.111722873429947,11.793518285992384
641.6214824540572,325.577095533351,18.261162711389968,11.787212786306586
640.7847743712679,325.59665460466505,18.32854483651753,11.844662736382276
640.6238999649285,325.75801832383735,18.365501911401363,11.858314438653059
639.9560316308834,325.9533074044301,18.51960451100235,11.92578012097534
639.1233904152705,325.91326114810886,18.591726074537185,12.036837144133132
638.7242155982667,325.60323205475356,18.556944872058125,12.10952549308286
637.7712073183652,325.12718229988684,18.664171453833674,12.180297492936203
638.0128947169578,325.53685513305004,18.568327847759022,12.138755128421007
637.3499803682914,325.18901744139725,18.480216115404275,12.104729767574526
636.4530947051453,325.73022153604796,18.460779338516666,11.963126834639866
635.9220035646649,325.40596063899915,18.358730676751232,12.027016828085943
635.1428426144462,325.23323161729496,18.373632143190754,11.981349371292108
634.6471842463327,324.88905221529143,18.378797780212608,12.026730401155998
634.4090571686098,325.3763497543131,18.5553810903882,12.069475387161486
633.1904778607501,325.3561353031266,18.835749211188947,12.173119217446182
632.8100027936033,324.90322436968773,18.917085814846487,12.24922875302887
631.9609432173792,324.4396064115067,18.890402711664294,12.306177072211527
631.7292529936723,324.8785826580879,18.902949093402373,12.29791034813029
631.2213566108603,324.19984380344385,18.78923026425402,12.349142015166818
630.7608387649585,324.47094468896364,18.810550711287604,12.360218273092237
629.9771105118832,324.6319136053549,18.72588007071717,12.432786090114773
629.3539703031804,324.8661429187094,18.852992921823468,12.411882826584034
629.4600881475161,324.3270517981863,18.83753414476848,12.421318381648419
629.2451076330925,324.6729369003368,18.88261600176724,12.483197650537658
627.8459481200512,324.6416619495887,19.04426610733289,12.543577449596047
627.9096958444296,324.5276132858561,19.05584198900428,12.575508217007336
627.1831895290081,324.5027508778923,19.180482141362102,12.630459328376295
626.7581488163796,325.2261518220771,19.29067179911724,12.524426254093642
625.943411930403,325.61242141369337,19.513606369333917,12.581955241885417
624.8655936821045,325.60107935097153,19.732352383028473,12.694385388063381
623.9650616215168,325.27613877228504,19.857065791427715,12.735554349086353
624.0303716128898,324.94221629837097,19.859187334450947,12.778335162316724
623.9649576732365,325.6192476043025,19.95992763471574,12.677122010101808
623.5858664013068,325.52457578341046,19.88044283257464,12.743029864029282
622.562580064661,325.54388266959813,19.949204765395255,12.844922135684142
622.7154472408856,326.0701776168597,19.899101055121825,12.839475581271742
621.8515490319247,326.1426982431514,19.85850944013031,12.818867808891492
621.2302609598586,326.07168955085587,19.75469819794059,12.883552160397707
620.4493991741632,326.4388192365806,19.944311283300703,12.904211602653623
620.1082412273591,327.31503876262667,19.986062854437222,12.882349304177824
619.192194440964,327.44983415460825,20.05753952869067,12.941221240132002
618.6402720452318,327.7616781151768,20.07413504113306,12.961488609312484
618.6205677724986,327.243220652419,20.134194249081155,13.002499625621725
618.2496958224569,327.6049188688995,20.20319727248982,13.022850546214388
617.6833897427349,327.75162106671326,20.331373773478973,13.131072201059132
616.3442747665405,327.88219917745647,20.54753445287289,13.231264638372842
616.2906566403473,327.60713520490384,20.424538615501376,13.270107576478207
615.8769563865359,327.3248935027271,20.350092237442993,13.360460260931474
614.7643561461236,327.32623566350463,20.279818189001197,13.370429865763885
615.1907381173816,327.0790638403701,20.128012796461736,13.381254404929601
614.5100456120482,327.2488012996629,20.2141303253244,13.417523024485266
613.7110579728234,327.80935703446175,20.246694155295398,13.404194395616273
612.9329179777909,327.5958845758965,20.216415803380404,13.370389775994095
611.4157956750919,327.41289042977326,20.36475919608619,13.434176260741626
611.2200999997815,327.015382712689,20.415129545367954,13.52958950823028
610.463309089975,327.49276011478094,20.461072991605946,13.612924575453036
609.0783599782601,327.43172584637597,20.69173419263605,13.676850629028575
608.9489169837535,327.3813011730596,20.783928327052898,13.743685258916788
607.750821230427,326.8997911504208,20.868156990764618,13.789417239237803
607.3695236135584,327.0825157307919,20.9633488841624,13.859267475010515
606.8918118585959,326.56793595679915,20.74406891527402,13.933121744694759
605.9390006356765,326.6348879135131,20.66170944563906,13.995397623551774
605.3565613023218,326.96082199659656,20.666125017637018,13.963510090643656
605.0906054861975,327.0902936243345,20.811104753675917,13.95415679991531
604.4469992125232,326.4287193999158,20.774702822913333,13.962921861187013
603.97541889909,326.8106655432313,20.812223562923712,14.008672545117982
603.0693020974593,327.21877606107086,20.835791752328575,13.999455841981362
602.0683542110055,326.91868115945255,20.935753139936338,13.985053152637544
601.4547831565694,327.0668020942751,20.943102763571453,13.958230059027708
601.5444873776579,326.7104644280903,21.113991563797487,14.01427499455443
600.9899707889476,327.19053132190874,21.22229494194735,13.981975836930026
599.6544923463384,327.66191687429506,21.390864541933396,13.964846149660758
600.512057260402,326.81924238947477,21.4216868431702,14.146215794006782
599.9387596553,327.6259795062935,21.56666664829138,14.11800779285986
600.187233179338,327.3516564037019,21.64241819335502,14.18177402749259
599.9596737665491,327.69843896767355,21.80488664714292,14.168339500478528
599.8469905202164,327.1729775673042,21.76890083916441,14.18838041950334
599.458650042398,327.7342413494197,21.999936438622978,14.1183165059758
600.1288692507616,327.1971924626268,21.972221181685804,14.253244693856843
599.8344511576887,327.32490653155406,22.12596217682962,14.31289013555207
599.875761372184,327.3308511604491,22.18823987932896,14.342130817020074
599.9325983586228,327.32500876356033,22.283702496812793,14.311275965811165
599.6005080403351,327.40377188004487,22.326126222110673,14.420271782746026
599.5856895637148,326.96338923223976,22.29293214605506,14.569225972151187
600.3924128279115,327.3700047227804,22.22172301867044,14.629514113670549
601.07749563998,326.8078553590296,22.029692789583343,14.694488934273597
601.836374023662,327.10361051988025,21.96653838294503,14.663595999867123
601.7590179166745,326.9892787769746,22.057074030021067,14.745624772863117
602.0514857891021,327.29483653462864,22.02207595062834,14.894546083688795
601.6812467767908,326.83763877446665,21.98088108029624,14.934354604596418
601.677340125689,327.4807133818746,22.13294297237308,14.90590619067617
601.6099760199035,327.04623103972267,22.240665854216036,14.91504687319096
601.8206648234465,327.0633678907148,22.31068667104023,14.988134197314928
601.9921504454223,327.135401538061,22.403779849219006,14.97224579714233
601.0229963077845,327.36821590410756,22.61089887354871,15.018155630208078
601.2862705817214,327.1044527386588,22.788445450873354,15.077921249197264
600.8539128878033,327.00970358649147,22.945743052588067,15.140311352147323
600.8807209723705,327.23731513190523,23.06937886316254,15.105449154330978
601.1087611640256,327.31108374938486,23.154585425195044,15.182695876376247
601.5053258610476,327.49822381199283,23.167340452023012,15.198424439133348
600.7254099275306,326.7347511776472,23.07305199301486,15.241975085021874
600.9162235365907,326.7606116653503,23.114426421890137,15.281622211152833
601.1678615141238,326.6623531238677,23.14274301471737,15.349277732700472
601.0010618535194,327.2729306222369,23.172336742864736,15.308616329177985
601.1520983941466,326.7747088298869,23.016233916746863,15.248107437376547
601.6519418071812,326.62304346208134,22.986955589918608,15.328681533864685
601.1746405966696,326.48805342572894,22.94613242900956,15.355161746402016
601.3580122821942,326.46309851827993,22.974057488050498,15.346792482846267
601.6449029497223,326.3057982779461,22.991614310647957,15.335593021497264
601.3166006935536,327.8617356718141,23.04054869463999,15.243055649456526
601.7725643062207,327.02426015593437,22.86718518571728,15.329022430193579
601.6785760682296,327.1139818350037,22.914940572574796,15.319984370526374
601.9077730492296,327.09783344284716,22.956930643301114,15.409286727903549
602.3197231330871,327.16325964172165,22.977058710068025,15.49309087686656
602.5428740430699,327.02356493575036,22.913965910001735,15.461585888927782
603.9414292880483,326.7616560114637,22.8601298703471,15.673794975952125
603.8911642292602,326.6461887464852,22.843181557652148,15.571122189891884
603.4113208014589,327.65290217427935,22.847032474801004,15.592228119719238
603.6124439965181,327.1442214038859,22.85491193631383,15.480973446707642
603.7122332264169,327.3170534792366,22.943477856370528,15.428869800919568
604.0850029635218,326.78714368514045,23.00963485194444,15.397557940366111
604.6674885816233,327.0248827392316,23.15300643018688,15.366485179292653
605.0879001911823,326.9667039463631,23.245522628049763,15.316691569265132
604.9961508763895,327.032754197806,23.410031143303986,15.301332425613147
605.1726069343345,327.18193816495193,23.54530273441292,15.26286512084178
605.518599417294,327.4690995249527,23.55382356158843,15.19656280184123
606.0936104826471,327.52581596798296,23.53637384337294,15.20331072378842
606.7131583978196,327.5359724232129,23.43203577021494,15.180009138417779
607.5687066376773,327.3822692837593,23.254055988764442,15.240739732276893
607.2448945998025,327.15245112313625,23.333247554615212,15.29642828292739
607.2121703902648,326.92972500090036,23.408229186210683,15.362550190351588
607.343543443879,326.75103335300895,23.43254271390632,15.475246122629075
607.5615456469377,327.6520523496925,23.405737962844807,15.484383237217955
607.548237172268,327.64263025058,23.48630393298715,15.54753655606814
607.3032157818185,327.34647899561014,23.53873203454963,15.48148949239562
607.2817893193186,327.19111662578536,23.525470960212566,15.405119138318076
607.8718332266749,327.3695195398895,23.53463671414913,15.49105133649037
607.7993577689383,327.2317295337493,23.540475455111295,15.518462820690871
607.9629984720628,327.95406769590494,23.53082103178964,15.491755723216693
608.0080266535301,327.83082626018995,23.567077505859814,15.549822545762275
607.8582975208,327.9666717891561,23.740470263788783,15.58280328200604
607.9731464594205,328.0055099044644,23.90390993094149,15.686242887294538
607.730776744905,327.73518803700034,24.024502352506858,15.735076598438024
607.4395176275964,327.5122834474007,24.15590000192101,15.834606096908415
607.6829066476762,327.6369230899665,24.280948202777928,15.931394478784263
607.7721833261455,327.82953939122893,24.460880514736736,15.994851128397478
607.5309142832416,327.8290454659274,24.621403762087617,16.01726991657392
607.2748720256014,327.8656867941339,24.742938856057478,16.052807542083606
608.328299226674,328.06949047374655,24.801566259713816,16.24952011293501
608.020106549985,327.7432953867895,24.893598228120066,16.215883832877267
608.1982412207378,327.90800995762635,24.944520818815786,16.28516550830215
608.2577550416817,327.95399365729395,24.933642705431456,16.371426934297723
608.1874103058512,327.9737086971021,25.12137741913373,16.54698349191606
608.2747262649448,327.91635297981384,25.28838516869617,16.65631830022088
608.8168813896284,328.038287320029,25.345723211870293,16.653838492056366
608.9141863852428,328.5595376363682,25.44640625376441,16.636875111804052
608.3672361250862,328.7511386034397,25.739193824229627,16.628951769770808
608.8386331951729,328.83990739312753,25.676294059857423,16.63405442999145
608.7759790762443,329.27629036155486,25.835671768775583,16.578698425750197
608.9669534002579,328.82126191661104,25.79330732232269,16.597066551542493
609.5102284036157,329.40991491951246,25.877232202501634,16.655391534814385
609.633526760992,329.5665331355114,26.002637165500293,16.671535346833174
609.5753140910537,329.94253018381966,26.221765361440863,16.630540917861094
610.0719753325873,329.2740705974007,26.131220252164344,16.711017663063927
609.3672995700056,329.8580951768779,26.396073309882446,16.640371791997048
609.4261595702869,329.84868437295916,26.393238192485168,16.591164078104356
609.4795575020826,329.8281434060253,26.46883482178429,16.52122639316287
610.3617740312417,329.14971190190533,26.46354714253251,16.718982073941618
610.183827797078,328.7766966423666,26.654144188782553,16.751387102353632
610.5824717488915,329.02209603938815,26.72804921728437,16.9525088867903
611.6653904720336,328.7171592341416,26.941465158451642,17.25630662629265
611.9183223244231,329.2660733986976,26.910932462106686,17.52667943376967
611.7326499035491,328.7252522139049,26.94778995505966,17.60166920974236
611.3740761243056,328.97953709012404,27.1327237660454,17.713191074411508
611.7646836669662,328.6151723194082,27.21117592229748,17.732629634550463
612.6723057167022,329.1454383292949,27.137935621310444,17.820429733765046
612.5637443525469,328.95581774468906,27.31083671743847,17.917831472644554
612.4315178993618,329.4582404147328,27.444475369524763,17.90974220936986
613.1129594371762,329.26008367748824,27.595810981907157,17.90151708222205
613.8995166020245,329.1434557213357,27.70987729052365,17.88884807468344
614.1761196390707,329.23755361424065,27.754021634998956,17.943089919765367
613.7508348624448,329.70509035729003,27.984045383750214,17.969689812610984
614.0939315995644,329.1871561978004,28.029299606196837,17.943993805304007
613.9221172579126,329.68204064915403,28.270974686173055,18.053766685929556
614.0171557402183,329.90144204821775,28.389138939890174,18.0163399861965
614.4555640786444,330.0166452165313,28.622320727622238,18.08491743209922
614.6673594261717,330.0011251202949,28.694153766755736,18.10760875541224
615.2437042692172,330.2424617896079,28.626135220381837,18.229448823539816
615.6887757475104,330.6281748178083,28.528288077356134,18.239175015521518
616.0224133803458,329.9878097665986,28.50921105864105,18.333574203443533
616.9019571188691,330.39008446535536,28.59904809922604,18.494164433386707
616.3347982935412,330.6132551204787,28.851175105140797,18.538318000240004
617.045764144058,330.6589411548022,29.02624948664199,18.635043125430133
616.7473061759624,330.1267856583536,29.22871115223193,18.627423590640273
617.3884280397474,330.77875383183994,29.619560743601113,18.730672202125533
617.3635474630506,330.11005538222787,29.79445211824241,18.754356742874954
617.7034357633997,330.6026646323751,30.03795116709178,18.910169984676514
617.9577345795982,329.7567338086725,30.026190465208266,19.101207657472234
618.624147655176,329.7908591707265,30.12130992791368,19.26681313453614
618.8105312488578,330.57813927974416,30.242018833365414,19.328442973301605
619.1339406187304,330.3493136956654,30.32508978449612,19.35830332086057
619.2583650990763,330.15668906006647,30.394552395879266,19.358428296108514
619.8136486132095,330.940159296297,30.291690698461665,19.464346419495573
620.8955030518333,330.9921672797411,30.263627926026736,19.694469650672133
619.9749686660714,331.07661519575674,30.617349809962022,19.793890981631407
620.612339198222,331.1966324829986,30.54945677098282,19.90783524964455
620.7743642276532,331.66153134067633,30.55226329547713,19.897456524901173
621.2456909388551,331.1061423608493,30.362022013442918,19.922918780209606
621.227020145529,331.9405118468503,30.529624812682385,19.940789553233135
622.2094991524481,331.9325989747488,30.560180118813268,20.030578410565205
622.0286850426122,332.7265890650994,30.82422847183728,19.920799976804705
621.918850213305,332.7295736500302,30.891167278086492,19.88883169675107
622.4016719273197,332.9032659700766,30.862603339287855,19.9216773046327
623.3885926819569,333.12727283443644,30.90190346209385,20.035887844826277
623.5529569204608,332.50700951568456,30.782503651415173,20.182939855788838
623.8327310217527,332.2510018084473,30.73114751120932,20.274170170995344
624.6124379181194,333.1405221714656,30.598263483605038,20.24826202666965
625.0219513640732,332.42349097077323,30.683311260581856,20.400458712073785
625.8934898961404,332.3700630700839,30.520567667745546,20.553882784225166
626.3439598598148,332.1904150586501,30.436148908151846,20.714241599632402
626.3246267753759,332.41976239249493,30.560616276108284,20.72470039578323
626.792929297531,332.6857185105478,30.615296794313267,20.777404939958473
627.3216840993293,332.56234466865885,30.555328618328886,20.701934116208083
628.0179702251064,333.1485421261786,30.503173990294673,20.659200045971442
629.0558334665244,333.36838420759807,30.47392172582719,20.73120077769436
629.7073031639588,332.95602480319917,30.290582030932484,20.774466930699816
630.4324532787099,333.75362353187575,30.23401124974884,20.71607248047252
630.7580024617102,333.65525846431643,30.220550498951923,20.789715984293103
631.2407699161809,333.4417611556926,30.09985861998676,20.810856614800784
631.4677117256457,333.0532508419753,30.188787825306328,20.82457223382392
631.9080317606839,333.2429275194595,30.10773947533402,21.131947237124244
632.4498947501045,333.02028670983657,30.096404648874746,21.09423948554723
633.5259172894059,332.5488434379333,30.02437165332543,21.332854712825487
634.0389426879832,332.8835765351555,29.81848005302452,21.302415100622056
634.5080732653988,332.5709328379969,29.66809556378559,21.3155984962782
635.4784154978262,333.336543024717,29.67613632247206,21.32372517541214
635.8670972843944,333.5569350825974,29.547184798152415,21.404658965649546
636.0565139201846,333.7145906020094,29.49504273684183,21.37165409132868
636.7767315607101,333.89227285674133,29.336485211909558,21.422600587218813
637.0844055457878,333.30680484678163,29.400532619390127,21.504623285643063
638.1527070909167,333.2158409620033,29.13424853795948,21.567106230444548
639.4008593005743,332.93388503357016,29.027868883277474,21.57636003200534
640.1836938535962,333.266922251192,28.986145824063026,21.569740955743796
640.7084878137937,332.5852006319851,28.853591933628728,21.820835876057604
641.0158213234806,333.13176387008247,28.757652991666404,21.878339873953458
641.7524470998659,332.5540457418288,28.51019563502468,21.992117252134378
641.6108091981532,333.95357273643134,28.580068824452653,21.945059541692117
642.5678545478745,334.22014272887594,28.658881119165915,21.94874867076322
643.2607321580333,334.0264972679362,28.462375772009587,22.064666499514527
643.3692337212542,333.8523337029251,28.305330153565592,22.111837287507132
644.1472374116635,334.9565251520513,28.166153193241037,22.16446837393477
644.2298280301704,334.76697074215315,28.067134505186402,22.291991590970845
644.5968119327848,335.3911402276371,28.079114478182753,22.327488746330488
644.8461162715313,335.6285752921161,28.17512233301541,22.29053337629302
645.2384038724167,335.99883538410995,28.35157791251377,22.370884545454814
644.5717244437636,336.5643160929732,28.55588782630018,22.37183023317421
645.5707306895467,336.6213956338077,28.522436320299114,22.487812880621647
644.9469130636834,336.8415300438347,28.807773715218126,22.493255524257364
644.7055369504168,336.4613794304866,28.83486053218636,22.510348104179393
644.6811603208839,336.8849208434278,28.90574946620567,22.503312697368173
644.381501567003,336.94999966510466,29.12664137582294,22.6035305227454
644.6506069578106,337.5437207146861,29.27437389970005,22.487732968183852
645.195794252838,337.3703975585083,29.402662286863844,22.521555657120775
645.307011044853,337.307751887379,29.508563511183645,22.474046249838903
645.3549717792592,337.80735796004456,29.661876793237916,22.391332765549095
645.6571266035292,338.5430833420146,29.646401132410944,22.3742173335258
646.2456052833963,338.5911059566107,29.262968157175226,22.66655540344593
645.9731656708243,339.34232629723135,29.1203522699003,22.71253288645791
645.7450558252848,339.25009364596815,28.762311239772604,22.966842911732062
646.3491843638736,339.098596962315,28.514638087842034,23.171360040489667
645.950429854439,339.0432797029528,28.282097425047823,23.15006779913653
645.6429741622785,340.065071020966,28.09046265773076,23.193870817559684
645.4623184813463,339.92440147742104,27.976940113898408,23.249057514407973
645.047563749621,340.09994525010245,27.90488187982399,23.430535979997106
644.6417975465486,340.0649721445566,27.70305533535376,23.569626454952413
644.1347024080604,340.35647317791944,27.775969956106902,23.708021013268628
642.4735387448245,340.0665982623326,28.23412506234847,23.769317544443066
641.4050446016186,340.3596737082989,28.355739403524126,23.98739609081541
641.3345123880815,340.51445844296575,28.442209596966155,24.098583617159623
640.8083482538116,340.97219570633337,28.759102439270976,23.995861039257854
640.5436784060246,341.30915276582385,28.908657699811116,24.214147032619692
640.7074397030212,342.08645825736056,29.143713903158268,24.366642401398686
640.4928672525162,343.04735874317043,29.22254490226693,24.37411551196286
640.3169046048711,343.3715254867779,29.127794479726504,24.369836735612957
639.9026557568691,343.6922267888476,29.11130603500262,24.299356208175585
640.320973157088,343.90066034014825,28.91963980384353,24.152947952858653
640.2414971215929,344.38698261982955,28.465270630116887,24.230814396036656
639.9858911706074,344.9556417127881,28.5176219559352,23.81902462913726
638.9671620896371,345.45303239723,27.96265000312983,23.70648647629126
638.075007263341,345.6502382857876,27.937163680036697,23.541833528054383
637.1073162346129,346.2737915725848,28.259316939580465,23.212163315772912
636.6432827874935,347.19685269811345,28.19326573937499,23.09315955684216
636.3922006306858,347.49787698044145,28.367955101246324,23.05761535143139
635.8612850975505,347.7273523535627,28.391284070386888,22.851849251556963
635.1492574729692,347.98237247753553,27.95840727552033,22.822280078192392
634.7701286483726,348.7506958338353,27.601676359268666,23.01698557563775
633.791520411754,349.246254621536,27.57260273526907,22.971630694118307
633.6893676056345,349.1825424776151,27.136691043278436,23.414171357644967
633.0676848879887,349.4357365487019,26.73184654910402,23.940050189920328
632.083270592105,349.76835907812034,26.90794540549685,24.07688874257189
630.5713194503467,349.8886417787122,26.90885078654769,24.41464426185549
629.668212835875,350.1268932333789,26.850948181254886,24.65304631649237
628.4420294540862,350.91325239838324,27.052773257820824,24.673406242137034
628.0379882577008,351.78112621554556,27.192262065100362,24.57349520906977
627.0610338005605,352.25563099155005,27.274597769618314,24.498772249067443
626.0399622866806,352.3253669472111,27.037421272613102,24.55897913129486
625.1137312492375,352.7770991585397,26.86163622950313,24.58241759884301
624.9009831966682,353.6318696202868,26.940189015797728,24.608744652491218
623.2221950747577,354.8135969004083,26.858659748907204,24.462865880746076
622.8804997717045,355.19227337189625,26.861965113218975,24.617902931437857
621.8020774671829,355.6998591920782,26.662131474810494,24.722188655156266
620.5934958121913,356.2850162521973,26.461957796344464,24.90229524834279
619.7267471787487,357.15273743685583,26.49790166700465,25.007667231061205
618.7196899415269,357.5550335811785,26.725310289893514,24.968103240316967
617.4908745242687,357.7625155459071,26.733908579320072,25.08544788935102
615.8020587670804,358.8842903668567,26.70801211861421,25.174579188079854
614.6711611361728,359.1334407047331,26.9023561417973,25.161420147268103
613.2628965449209,359.4740528568428,26.941546581091483,25.20650395042492
612.0092997663083,359.10123075901635,27.0308276551012,25.46067271296656
609.9318052428127,360.096825722334,27.276283439839425,25.365097887191858
607.9254130784967,360.22035259005764,27.433883451836415,25.502996339282717
607.096721357962,360.93399512791694,27.791807673926968,25.781772745993614
606.087797929554,361.081190904462,27.82892054007369,25.964947077493715
603.8399642153323,360.43329956972667,27.78806987159323,26.374482052472008
603.0558771749581,360.1930508681278,28.125215991564293,26.68443830331171
600.603269279431,360.49630555884096,28.56613734902489,26.77417149276248
599.494156336138,360.3933096930215,28.792352880615272,26.894645542266268
598.4602229238805,360.53893294887536,28.943889486815067,27.224165372244784
596.709552429228,360.75832156412025,29.06107305691539,27.515640467289785
595.3082098152657,361.5081287969804,29.283638436588518,27.747090678808007
593.7835344800933,362.91132626569106,29.53779424266026,28.089722850532784
592.0947225290839,363.2594265379696,29.925880428767226,28.016669495592872
590.2481656489299,363.22989578571924,30.353423071674072,27.93435718694124
589.1196009918503,364.0240308163605,30.77262456753487,28.29798450839491
586.8992574296703,365.1862977028959,31.070475597992186,28.301265552752746
584.8163864482178,365.5387458442638,31.5525746966701,28.28591442458847
583.1931853297025,365.93389154809176,32.05217245791641,28.18771364746386
582.2772390194275,367.00205461996916,32.5221895444088,28.13493032750062
580.6258732468058,368.2980043629356,32.924524504187644,28.171748264053043
579.3779952860418,368.54321106200246,33.412201850581475,28.167916668287518
578.2851577914001,368.879959712781,33.98666446708497,28.00026670159216
577.2120106203577,368.753207319574,34.36383346680071,28.298738446469287
575.9824154084658,369.2240545819562,34.745706652730306,28.209622084852008
575.079074353315,368.819289893686,34.74799988230228,28.488763821392965
574.3194480763548,369.50581436965274,35.13055132919775,28.381285390814124
572.268503368748,372.68826179136784,35.289934669505726,28.641432985891008
571.3190555376752,372.99385020182757,35.846765593377754,28.649385167065823
570.5001359969406,377.01750982248313,36.595027703316156,29.05172622696319
568.5724728392861,376.4877293526526,37.021132388528784,29.48035036519074
566.4756533573191,375.87122018310805,37.27101524894711,29.811925938090198
565.1206224897866,378.96995985757366,37.70863774260285,30.689217039751078
563.6680352018564,379.2178052006561,38.4950805813265,30.785708334196116
561.4581508821484,379.1382165699962,39.03550904892836,30.987206763402085
560.593171301744,383.68432344164995,39.99868842934937,31.372804833449067
558.5634015910058,383.6927674540106,41.13004810991983,31.81655735838747
557.1951385211052,384.1471467523311,42.46675165698599,31.8532012647602
553.8298630228516,384.59036246531304,43.04268105238832,32.57403411911551
551.4363554397407,384.91328822583336,44.13466719830057,32.80452757688417
548.7050373780379,384.8723509885737,44.904322555409834,33.082172285272996
547.0026070990084,384.58407758265275,45.78949784506683,33.27380559299132
545.1022231901658,389.44243615707967,46.86343565710623,33.90387303581226
543.5615453980786,389.24594525093175,47.86648051320747,34.43978826149443
541.1669810747522,394.1274763144306,48.93917563477481,35.026965888219834
537.7991651531863,393.45320127425236,49.818784643128694,35.72032198406782
535.9026481148917,394.04625517551244,50.84517567238529,36.409145278578286
533.4581646857398,394.6893010805807,52.012396324405486,37.02915743706205
530.6991551290907,394.4745461927145,52.76337327766944,37.65843553252043
527.1935956574201,395.6891076410323,53.61512179864731,38.174246527181246
524.2252754022348,396.5423704634385,54.37086554998479,38.718525783491884
521.2367236860181,397.93092003846584,55.221447395046354,39.265878079970456
517.8915218925831,398.3710231925031,55.78033786317242,40.10582248104808
514.9961800803562,400.0891298443032,57.003409793290245,40.68274747166783
511.15322403975705,400.75144724515616,57.9887741793287,41.57784495450788
507.5289448326795,402.1773375440568,58.9975178351831,42.525069626710874
504.7899565501083,403.8480996902165,60.516335741344186,43.496987564616106
499.97396743298,404.681883047328,61.98437449958766,44.41589908373059
496.1461423751508,406.0857588266316,64.04997296424499,45.18123807840695
492.34974870101644,407.58685501791456,66.0099096655411,45.937662381708364
488.3021071182036,409.0023532702977,68.16114299596171,46.46187904222527
484.48354138146726,409.5853528259051,69.95409817701483,47.139295429744024
480.4041830001051,411.2287179502358,71.60382131409835,47.70645488483321
476.57887007402945,413.4387926524221,73.21394986324059,48.486092620353205
473.0987290669645,415.1340428562243,74.4192079210717,49.51253194816136
468.0980716377011,415.95458384961796,76.2119456235316,50.08253337354444
463.4382980527819,417.2364628124855,78.12308701257783,50.99437712093563
457.89224928161565,419.552765354481,80.01371227250061,51.7361807588685
453.74316404995426,422.16657424817595,82.57642102393979,52.32281010282624
447.6567974743375,423.37768644861086,84.41129597510006,53.037951281561476
443.2198232685168,424.6390090420193,86.38622037703693,53.50832281456268
439.2974899943433,425.7576548991013,88.27022503726124,54.178713996059145
434.5241799833601,427.7609543378508,90.46945345385052,54.876071722564
430.208509579254,428.7261050370039,92.43229669965429,55.859034360436446
426.5513662247378,429.045878421588,94.64034075197885,56.95053104925317
422.99296642267615,430.7709444342695,96.73338623622918,57.73924103438825
418.8855470234438,430.83068777937245,98.35140754125516,59.02904096241498
415.5254438849908,432.3050785551359,100.46304467295853,60.024561254531356
411.01261435741725,431.48673675371845,101.86564397850236,61.335505771692
405.94097582449933,431.36967537438716,103.75414599703596,62.415454560132034
400.61283347499807,430.616229136183,105.41102674248624,63.62396067136511
395.8483221741388,436.6616718221309,111.30441015353094,61.47384830972317
390.0799689370479,439.5964286747836,115.09819909002351,60.65396047798349
389.6039845757653,441.3157346979227,116.02918382416954,59.842167565463754
381.7660468043784,442.56760641796086,118.26274331164555,59.589606204702704
374.30877062838,444.15775741840633,120.73471830158174,59.53997904283151
367.0187511399612,444.383800482912,123.03720562741836,59.602078580858134
361.7102427400771,445.111634537351,125.85321277218779,59.961124069277815
353.7707859391771,445.1688649734019,127.04690660927838,61.114392837182976
348.49473080667457,446.2269517875296,129.57486793324338,61.77492828867018
341.5512747144966,446.97796091329303,131.61562495097323,62.63170567999605
334.77570655261195,448.39440275425005,134.25037562410787,63.41558272882532
327.7211669413033,450.9186940098575,137.48518250022855,64.27079689043151
320.87717681296743,452.66489717952703,140.4076521978183,64.74733080911858
315.32831623139145,452.8031402954826,144.22541415915742,64.89659074987398
306.93591621960996,454.83068148035994,145.96166071592356,65.95122717971036
301.17487005428524,456.3653061190892,148.17559989410722,66.790142403442
292.47755287261356,457.5278816028854,148.11815257715273,67.8934730146766
287.6797619300454,458.5006119333775,150.53724987748066,67.93555391005066
273.8181378938115,462.87157675694675,150.97401418529998,68.00932765494096
265.10584916390565,465.6128623882154,153.19755423819032,68.05148182956803
258.5393616925482,465.85926446987895,153.15563389434524,68.3724213171541
248.55635704540225,468.486731428894,154.24085820023382,68.61029097273243
239.52463926364186,468.83625720090674,154.22105706941863,69.15281395454004
234.84633323355257,469.86680350822746,155.7515330173841,69.14703492708735
226.54030994916928,470.54910410993085,156.73344404995677,69.30452773498737
222.4684454319804,472.2991574293166,157.25066580207746,69.5965353540283
216.3384025416292,474.82044499127255,157.6909569279337,69.48914375520194
209.43133999675143,476.00931853017465,158.06104362657595,69.44719851722616
207.49108364684216,475.5497672386396,159.41774260187668,68.47531012777733
203.20349867991135,463.90676862868276,159.68015218264992,68.50186406461003
201.36114853783866,466.60683130438406,160.58608535787806,67.732693455639
