246.5,278.5,131.0,59.0
243.41364216664152,279.76357213283785,130.89635658544867,58.56187050292475
245.85181555623126,279.23967225901197,131.34916286718223,57.925463287991064
243.22290639365343,279.4198346682752,131.69931069444365,57.693480829722716
242.48865742669017,279.27783573789475,131.23286721735178,57.41588038954974
240.3758096376361,280.5673339949948,131.03139537984097,57.35635122917053
241.73529586986638,280.1616159478194,131.22097150890158,56.9667518239485
239.1763380491522,279.12230054731276,131.41166299108917,57.006236440040496
237.44297066586415,279.56182496673364,130.91352682794732,57.05348997460803
238.02001005098498,279.5935594651527,130.9271432223861,57.202649223123665
234.34131117266045,280.40777667138684,130.92731126940993,57.27031611852428
235.05131992242528,280.45626664917063,131.0896887274227,57.30307090261796
232.83893402405192,281.3454145035309,131.04836555346625,57.34628622409455
232.03162387283356,280.98371226601006,130.99847202953273,56.99900757745502
229.70551448311156,281.69972460977345,131.02920271464694,57.095676446713824
230.6108545327353,281.41800053128384,131.1070444059039,57.1807693449898
228.9671260429071,281.4359178504454,130.8014406536725,57.21705879298709
230.00472578448608,281.7497425883381,130.94651895676944,57.243643786138634
229.15057342252817,282.0333476149276,130.14649667339154,57.49678271100218
229.76523834811786,282.2267851409596,130.28498672749322,57.656130464915094
230.35338573008303,282.4288614815931,130.272714170823,57.77096508165983
231.11392056714337,283.5793522862767,130.46407676198402,57.83301581329613
230.59316902207576,283.5867963290879,130.5345756044538,57.80154999958094
233.55559782683378,284.1684509697524,130.7886506617164,57.96418776453189
231.32533464071327,283.6523112011066,130.98754554515736,58.099173197724156
234.97385523940773,284.73695644937953,131.52265576073228,58.101703818579466
235.37520656789562,285.02824476482436,131.19490884134729,58.35087126251135
238.4364299588167,284.35642024910703,130.87482688570756,58.780334054703395
237.23571058348116,284.58092381453616,130.6422560366929,58.80198489832678
243.13278476559745,286.822756443831,131.26843485904482,58.52742608504957
242.05972551690212,286.11248324900964,131.16570539500972,58.4133059364538
246.79160149185498,286.6847452956194,131.0350852352651,58.45494777207491
244.863465551118,287.5449941175383,131.1359257030886,58.75757673040988
250.81242396348003,287.6508247571742,131.32759799732202,59.03768056282293
250.42526871608945,287.39933604153146,130.9948902597576,59.60161292250651
255.9108184187515,289.4404298089218,130.90812637231684,59.566226954803525
256.0911051598599,288.9598641140378,130.29371464899958,60.012228897588045
260.5967498863239,289.84914625772495,129.9179756950341,60.0706528208919
263.409314864376,290.5695477209791,129.3807082305376,60.42335329804738
265.0159801223104,291.26455621574763,128.77427578405047,60.72108772090189
268.9040382098183,292.54591667636794,129.29619332332908,60.8593474629608
269.8143397186383,293.36797109501106,128.9504407218726,61.11574905601055
271.8188594023404,294.1053085747095,129.07676636377613,61.754262363367886
273.2214711936905,295.83254096461894,129.21691989251096,62.074128437964816
274.6043967348073,297.08410133746173,129.47201125984708,62.472462140979225
277.1552451165323,298.82015133098804,129.88828505837827,63.029894109645625
277.4842441868226,299.0905426310058,130.06049003373772,63.65247091322031
279.58287073008637,300.4715368451152,130.63794617191115,64.17052489489839
282.3540252155173,302.6629392298196,131.11597764370674,64.50349752264533
283.93249191190483,304.15884614989096,131.63459423491,65.05014655977615
286.3783960969349,306.47212662283636,132.30240481473987,65.65511723391106
287.2178103229917,307.9420386132267,132.94270654489264,66.29119070834575
291.24061281898935,310.63278683008275,133.3487750605878,66.19121988651113
293.6955773490327,312.2385753454988,133.8250387991155,66.53640984252598
295.4677591182141,314.24959488249044,134.36132845136552,66.96428331660789
299.2330902722295,317.4360732503458,135.1558137721189,67.42179237450667
301.3902279109014,319.57049480827277,135.9314928709958,68.2232512682353
304.76027690297286,321.65264707827583,136.50006445396107,68.60338985872241
305.6790171563498,324.2112167555978,137.01126015188862,69.74956379753552
307.78406014201266,327.6277210879257,137.57453967815198,70.52330895902104
310.07342385192567,330.986132059815,138.23664935549388,71.33643429612621
310.70445054859675,332.85428436782007,138.57176667271543,72.23693521447886
313.0246154991809,335.9673511871375,139.8243148271196,72.98697306937422
313.4133075529615,337.1815309110094,140.41089229697388,73.77662619296527
315.0380951943458,337.9449075499814,141.56962647389162,74.73589991735595
316.07061105876926,341.1242663316236,142.75959986627575,75.51520954523369
317.3887051727314,342.65268564488525,144.3731074162444,76.69665121503598
317.36136601927916,344.17030558642216,145.54832312339465,78.03180699236258
318.08608864456096,346.74865388884274,146.8708481448952,78.9073574540192
318.7575742242483,348.6761749626911,148.54821265980655,80.14400155510184
320.18970754574724,351.9994258358656,150.72843826152905,81.3182996363285
320.7851421232878,354.1040505978033,152.61137634598037,82.61715014525954
321.55652432400814,356.3157817380487,154.8693803199364,83.89798493050357
323.7472938936703,358.03802067444883,157.7552619493499,85.15349303869078
323.2553970867491,359.46252223264537,160.18263201830857,86.7851932761796
326.1343144853478,362.2385544020652,163.50331990330122,88.36446991786974
327.7568973738741,362.43155394733014,166.67666742428324,90.20434477448345
330.1077759252591,363.8230854274967,170.04712254075147,92.03467178302233
331.3838393260366,365.6970940285837,173.00205292913788,93.81380330445059
334.0630187435912,365.5018838631334,176.63177888711948,95.50817156091887
337.35836807934146,366.64242117192566,180.5965993196229,97.63838043637635
340.24535370350367,367.4521545992603,184.388384869089,99.84654100213247
343.7938754742779,369.1426637640839,189.0093426932022,102.3934124963988
345.9501111604394,370.257326753878,193.01860002723907,104.87914341302043
350.55744354982505,369.3531232432242,195.88557549199803,109.90610326216299
355.4152917906153,370.72100895839543,199.98876481364013,114.67237174118334
359.9949733527747,370.96896440594526,204.11618013933355,119.000149830001
362.9636458527077,371.65881383250337,207.43436358947974,123.09557581285276
367.2512736117752,372.405644054414,212.60110865117866,126.92341423988111
371.49806964366826,372.60388622025914,217.200104058401,130.73401694813828
375.031757524718,373.6982723733184,223.56957407572042,135.2983159501558
378.20091902998786,373.64605737360534,229.82392532055175,139.9342148178375
380.49916785734575,374.305251591179,235.9755222245518,144.40857817178326
383.88203583887304,375.1467494908371,241.7722834004743,148.52876115969838
386.4436690694788,376.3564126792311,247.50504644976075,153.3019511098148
391.0000115368265,380.09501805534694,253.68363272478223,157.41569990653323
393.84580262235164,381.93949001753407,260.0655979170132,161.48971736979334
395.6765920287738,383.4590492416081,265.434468017743,166.46278878675747
400.04581290915144,386.41191393525634,271.602713993499,171.4556819122785
402.2332990658789,390.23363757382475,277.9024128531398,175.73750280835938
410.46601939977955,398.4622814215925,284.34219030972815,180.32183155264332
415.9390762300864,406.05102712275846,291.80403563348943,184.1200901197937
419.7355430257854,414.05119525350744,299.49430230606856,187.20475675746573
425.48292504243216,421.39019564182064,306.67850288764316,190.19004791199166
430.22526216797576,430.1141297430483,313.31081014290356,192.43426688299826
437.9691546461416,439.51471658794406,319.10040899089324,193.3731272966003
445.21381214971007,448.57567732042605,323.8422989703286,194.074049383272
450.68679062645793,452.7828813553842,325.4977929369378,194.1182699678358
453.87437065324866,456.4845395073321,324.305279157923,192.93324065505925
456.83230873030686,463.76961907170875,321.72818698322243,186.56231172039782
468.55416925683033,468.51285408295064,315.6238652679441,183.00150659964743
480.1011484528408,473.97596574300906,309.71940196259317,180.15273975383474
497.15319260782127,478.8283785143005,306.17923272001497,178.29340466687938
512.0192472103463,480.7255433867632,303.2425317638662,177.4714407781246
525.641718165198,478.7629571975251,300.7352016247929,176.99511197785938
544.5263892470584,474.6385746072208,301.1054163458374,175.68655942470338
558.3204779808418,465.6560372293669,301.34886767770934,175.86340519176363
570.6689946909745,456.07825250781116,300.59293151696534,176.7313445536983
593.6074585876452,446.8808669145209,304.6462977604891,176.0192069420611
597.6771332196907,432.8707121012436,305.9107294335929,176.98835003419185
603.5902719761466,413.2709882871807,305.4561426708032,176.03488552242504
608.1030679899418,393.2797894484566,304.2702575409486,176.51279711588896
618.2842800883079,372.54093564525897,302.93720269846415,176.8265909954775
613.839798828292,350.2918799087522,298.1262512399194,178.94942399559062
612.2016263446244,331.4068252252142,291.5195061880287,180.6674169686237
610.8811051697687,306.744644694523,284.3719962534993,181.60825981101192
605.3991672445995,290.5188795977684,277.95494787898406,181.403910030156
599.7390912203749,275.76125665358154,271.0410701575359,179.2881153454095
597.6261025383599,260.4598684679669,262.66194021413196,178.15715567843083
597.1903109496275,247.51711369537495,253.08210642229744,176.10430691672997
594.143263199837,228.844997047136,242.82575903552575,174.40763139973132
594.0829048223187,218.9374579777005,232.92087249618982,171.68750941958373
596.5706419410342,212.01345811976364,222.5976080175173,169.51938631746432
600.9621899326851,203.18591477760526,213.33501409486746,166.72614879828984
603.4736926942086,196.15065331285268,204.75535793324002,164.23066602100792
606.7687528029057,188.0252281340634,198.02489644885605,160.01702358073487
615.1093800962176,188.0733288610706,192.60595856602868,154.8640494178277
622.645524165658,184.40216369876754,186.9406013506098,149.89430889587615
630.2024452767153,182.95900460891107,180.8364675330362,144.89667398110666
638.956689928581,176.58969486571985,171.14719829537532,143.96283672615613
649.650114152032,176.38691038768366,162.0243354823236,142.55313263573498
658.2448840777297,177.45291657619094,154.00094000196077,140.1341630841808
666.0535011136221,178.75521050989659,146.8297575277711,137.47217267304597
672.5877428537805,182.95896413508564,139.79744882162439,134.56883011840762
679.0641244844768,187.70830492972158,133.53157377815774,131.39423471840576
684.8236225301138,196.1996817091753,127.91375795421781,127.79426314192017
688.8327627913401,202.7089668677821,122.65619172429129,124.36792838989214
692.12589659646,212.4229719861057,117.67014908582271,120.91676484819125
694.1173852697834,218.13149562599006,113.22764099819963,117.29590878393762
696.138176660226,225.1641424188051,109.15620836208515,114.25999695032172
695.9741078390617,232.64555976415235,105.5820792636147,110.94928284983716
694.8286402234131,235.22483359714886,101.75696043683705,107.79356688130817
693.9186619677353,235.95235396788266,98.21938826166927,105.00732899723954
691.7556891996205,238.49972566702763,95.56455987211757,102.21028862667478
687.9444487148545,237.72577784470448,93.11210969693518,99.8909285836075
683.9708516789772,238.03847740227386,91.04810191016946,97.45468218605907
679.95419397521,237.68547671945925,89.22030090840182,95.02012387837895
676.2884493751723,236.49506957905825,87.64999376753508,92.7308126747144
671.7285775850911,236.95073842898256,85.99848090085912,90.57432846188058
667.2788826830556,235.71133791401377,84.66443888882907,88.51153641701958
661.510465404329,235.66428653359898,82.51661348839643,87.0341164651416
656.5240776874747,234.45526962806204,80.28800914610413,85.61072318843166
651.9355543464449,232.92222643911248,78.27615869529022,84.189532535386
647.3259677704698,230.97270322962737,76.83721359925441,82.75429894031814
642.4511320735669,229.45331270985753,75.39989425514533,81.36055815978943
633.8741600688492,226.64625371589273,75.16727019512271,79.52870322825494
628.672617134476,225.52627662398268,73.88213794710869,78.04045316173934
623.3838137639798,223.0965836871741,73.19580769164132,76.32160865434452
618.5210709840776,221.8964921811948,72.01928138010773,74.773487251554
612.691130517232,220.5527252775216,70.98678236232196,73.05552160058738
604.4153871264753,217.7009319413184,70.4648915345825,72.0446045078876
599.5097314202501,216.99845114944353,69.10211828364174,70.81111713800878
593.5016955665885,215.48038738306744,68.1783182029398,69.58187001026903
588.5036913548275,214.67722047102467,67.17565890948183,68.41947724705906
583.2215034239829,213.63919491581112,66.28068704625666,67.3608187608522
575.3646876980101,210.8882004200405,65.74614001614638,66.58603143861168
570.0411525423007,210.86357815461554,64.87986937755319,65.92268783803385
564.4790963961618,210.07809606084325,64.10499676077326,65.111757437108
558.7994171512905,209.39922710115064,63.5080020629548,64.26916700642609
553.0723465699829,208.37988092780424,62.45500306596328,63.519900969558684
546.8417842894207,207.73699813952098,61.48141330976559,62.652156690854824
541.22178092734,206.96534852244312,60.522067769522906,61.95277418329607
535.9843785673688,206.13495576163544,59.813806121362276,61.1419634639141
531.5056471945475,205.06884141796417,59.05519583081099,60.141333159633774
527.1967457414099,204.72661822115674,58.31778175710568,59.489519472911084
522.848804280168,202.93663347929197,57.81329961306119,58.87186999530639
519.8058871144858,201.7690529312368,57.224110865507,58.280912955964425
514.8319551992704,201.2652365696212,59.36672357441698,56.51327330981084
510.38875561362715,200.62159325844885,61.663785396765405,55.14182370321274
506.3931807966917,200.06307961381214,62.81354585140657,54.5248247988674
503.10108557616917,199.67813667681017,64.02203915652638,53.78291050292653
501.40974454249994,199.58177998019718,65.13753482059028,53.13218378070068
501.69878885364494,198.82205491250474,66.36821256335153,52.39547389525733
501.26252204056743,198.09339212142595,69.03819363251503,51.61789685709939
499.43138835648426,198.33713807017344,71.78617009568252,51.168623863891
497.99817455519866,197.60573552173736,74.24374527005588,50.68626261135218
497.46825794481174,197.34377116699673,76.72653138122581,50.469831299242216
497.3148154764955,197.19573971955066,79.11760287181349,50.32989879418243
496.3339452191729,196.86081152194666,81.69830120401309,50.19208489415194
495.63927384609474,196.1979135693846,83.16031959552079,50.204928280812915
496.4122410714847,195.28587299429165,84.01244737389746,50.192076533431106
496.64788862285155,194.8127393324307,84.74556318177004,49.96613745532801
496.38962213382104,194.19698176806432,85.50598637081731,49.812580829605224
497.56405654165127,193.35043661901108,86.70833010436635,49.733364447032386
498.1628535010484,192.58034289378372,87.58588047649624,49.86680276819177
500.2263416102861,191.81623769141618,88.79252289892041,50.7681542828702
501.96192079552105,191.0621580487168,90.44522298029378,51.423844481621956
502.04474828508364,190.21464437807055,91.4212087835249,51.6031313091129
502.9122536472737,187.44667402585264,92.19048840147566,51.859175754240816
503.26008777163105,186.38163558181398,92.54684439802318,51.7234297548975
505.35143737458236,184.7765878955729,93.48056260011008,51.3493738593743
506.9480290696479,183.18182883146937,94.20763487098974,50.99129314877517
509.1453456877698,182.4256407408581,94.68030834403547,50.78734559666791
511.23257368908787,180.9504145020043,95.01731693719398,50.65269480098386
512.2402593913073,180.2157476842349,95.36936191459102,50.482645716529035
515.4865622212926,178.90167740778168,95.9189682640503,50.65167457891423
517.7725832231237,177.85960433573518,96.50894360581681,50.78234429402165
519.3620554017641,176.57830964448087,97.16321639254818,50.82749502639906
521.9248357066834,175.80748193074666,97.73349566460658,50.812124425234366
523.3682542873848,174.18244352878344,98.45977166810549,50.89682194334843
526.2855330017575,172.05711327239985,99.04330410599839,51.06682688131703
529.1818987690182,171.03538623397571,99.37656248541751,51.08271333311952
532.5207270276491,170.56387852474052,99.86902906843638,51.06766687767706
535.2124809338459,169.49295356063806,100.26934045465116,51.19698743271308
537.5570433340368,168.17774192336753,100.7440282915983,51.16640139557806
541.8086638312191,167.63511954324392,101.2311713991017,51.333014661780055
545.9190860970361,166.74535333712154,101.71161604440843,51.42500999993574
549.3278040846014,166.88403248897762,102.22510410339657,51.471532368678425
553.6296551141542,165.87499092386264,102.32379080771881,51.433195411094076
557.9098347811671,165.88738548623786,102.79411785217195,51.517043507501164
563.8726837926894,166.18963848777008,103.1528827578993,51.658809591533895
569.0843588730056,166.26662354637642,103.7387336470714,51.75969519651018
573.7212508802448,165.93459031549833,103.85211851687038,51.725842527941055
580.1667098385343,166.7586972660464,104.31635845246424,51.90185560228588
585.9851469644648,167.40085758042596,104.83876497758096,52.14238307704998
592.9704427090436,168.26918870028413,105.31627262477589,52.390254624107335
598.8232557914024,169.04515873428892,105.98691770792205,52.65804400346257
604.8917066247631,169.75780374276437,106.64425031701856,52.88355945983932
610.6832997810777,170.53065408308868,107.20155262896185,53.247402412651695
616.5743773019188,171.45785457212511,108.06039928863478,53.5933808062219
622.998850073607,172.68600487988965,108.77790481795145,53.97240733913032
628.7249240174158,174.10343592554185,109.65768327615888,54.416111846718124
633.2062814200718,175.9469849409341,111.08574891976045,54.96575488191263
637.5687993291239,177.49313035808535,111.77409277084574,55.3783127662533
641.980535261279,178.4266925452313,112.18282820481429,55.64900267533237
647.999443617529,180.5493690786964,112.56004960114004,56.01273659875863
653.3236583258215,182.2791236711701,112.81930451072674,56.335748423256405
657.921413388409,183.97436116742927,113.21076090013928,56.557632716092684
662.9629966766989,185.32889688194,113.40614447156959,56.67436623587798
667.1883762318769,186.56176215641293,113.93268886615768,56.81567561536845
672.4319987710958,189.4454452288823,114.26419512286394,57.11520924688844
677.6326611188539,190.44985149576726,114.3891002857461,57.30611113534445
682.0522191260582,192.59027979796576,114.97085600595659,57.45529632095602
687.9626736414807,194.24046909838899,114.85570506989923,57.60499310806429
693.6683663260646,195.90174354606916,114.75830552531625,57.63910028722785
699.2112071267456,198.8243307253327,115.04124861114896,57.834530996907574
705.2892287282483,200.61000624576306,114.74596800427415,57.90073865470099
710.6266736129003,202.03314289157646,114.78223221904007,58.00866992240036
715.8673559689818,204.2981214248634,114.50306648911572,58.04984027052983
721.330966782296,206.19687553115776,113.82493314984099,58.133476104724586
727.7488415233215,208.65164664102767,113.4181845222819,58.22412843454532
734.1443359287487,209.95943506210097,113.11837613134952,58.32809552626714
739.1197958934504,211.71052277586136,112.1738439125175,58.282688134635
743.769264648308,213.96194980445227,111.5250929414986,58.21526174316361
748.1890540574283,215.45183845822646,110.80179277163447,58.15872748142215
754.3355563635824,217.71220068250733,109.7433529405151,58.105329673943174
759.5615619610752,220.05176548605144,108.53255363670375,57.9526249516511
763.916493957847,221.61590503310492,107.2480198052085,57.749961406631684
767.5088160975461,224.0899735993118,105.93340211425047,57.61393422142247
772.5629242147018,226.4963361215185,104.8189650623731,56.822454656592825
777.0049065251629,227.9333442798881,103.35889198579271,56.33686702790297
779.6662148250016,229.61368753801253,101.86253499915266,55.96732373827764
779.476923752867,230.54029080131215,101.44557263830244,55.583478397705925
783.942418771122,233.37059260295297,100.9360675489971,54.773202763021686
786.4561431921397,234.20259815905132,99.46051098754015,54.02352386184262
789.7399849819503,236.9811857704065,97.98958958824727,53.52422474920911
790.524885807603,237.5427552053574,96.6451888467234,53.068971898060404
791.958717095929,239.67866762446064,95.09108747116697,52.58729078811011
794.150834292811,241.4519976114311,93.62649791001391,51.994467970464996
795.9199920252977,242.47135601341472,92.12943768071273,51.33787582889706
797.1294405597051,244.27407542258607,90.82905967966204,50.779873724726706
798.2775005260522,243.97724808046598,87.19018359481485,51.968051481209606
800.2279232809337,245.34370981656042,84.09994200169686,53.038932168185156
800.5491812576698,246.05272132831382,81.38166902155247,53.494299342432264
801.4450184695402,246.15067490069384,79.2523597959472,53.56318082529671
801.3238318369549,247.18804474125045,77.16233512334304,53.68545118446675
800.7802795720329,248.17964794937436,75.35336178186438,53.5340082741546
799.669574695766,249.19853712391134,73.52759326596555,53.31004551880012
799.2258707397754,249.8252508818968,72.12925508038201,52.99981006759127
797.8703502376457,250.39655027437084,70.69137840962317,52.82758801260845
796.3260457342045,251.8286428281793,69.55231865429853,52.728356041435596
794.3125503316111,251.942048160982,68.6545228917973,52.57552026087665
792.8066957048844,253.36853955929575,67.81404713434068,52.52272815142872
790.5213469693044,252.99391069608842,67.27738090463396,52.38381289372017
787.3952799615154,253.72097898911144,66.63620866487149,52.121117962833104
783.8941168232768,254.2649080541919,66.30508128610563,51.90395274143611
780.4172064654836,254.41805456547618,65.91922323734889,51.70998013454315
776.5064545258921,254.75422121519074,65.71214931196646,51.44523856547025
771.5952918517405,254.0858824283771,65.51351385246927,51.440534827680935
766.7021328094311,254.78808122695452,65.33906705213938,51.28212607635129
761.7442660064937,254.69473951003366,64.94417462804574,51.05767866464627
756.4693334300039,254.32805569144682,64.6566240858352,50.869854251839776
750.9681154717173,254.6596675510731,64.50214338406103,50.59534666403596
746.2949405363324,255.39146298519017,64.40432134931324,50.204330292071035
743.1058809549254,254.86811567270678,64.17635568851884,50.024902180107034
737.3989869097068,254.91108089760064,63.83918724361694,49.96118727735936
733.1101461825136,254.03782730330218,63.89955950916027,49.90484624608477
728.5124572191487,254.13507900243,63.96837150266274,49.695053455506844
723.9743367362954,255.2737301311759,63.858727038986984,49.53695929547288
720.6360483273392,254.03224491226084,63.690778996517345,49.47048195841597
715.0539362147665,255.38974502090997,63.39070497337161,49.23896767823621
709.9385874599856,255.25509083613275,63.25792954439592,49.0601839447862
704.6727305943156,255.97319034286565,62.94957350492282,48.70375275453974
699.3813915902639,256.8139442146755,62.86467376949609,48.36597641427087
694.4955506385026,257.8575518679279,62.786622320357516,48.076255638443826
689.1007320039021,259.25547593621735,62.25085923708044,47.81350572269013
683.509817978584,258.6474059788195,61.80591440716233,47.86942513367882
678.138431081751,260.2348384486779,61.563492087241904,47.747725868171486
672.2372312377089,261.3322612275106,61.39707787914699,47.44189598509722
666.6035995517069,262.2775724532428,61.39292363335309,47.32896454029333
659.108853747307,263.45623295706554,61.44043869491183,47.04683669938064
653.2386835156697,264.6031954838501,61.35589951188501,46.82873066131451
647.7409096408319,264.6249481468751,61.45572010396779,46.84082989370241
642.3991851007535,265.674974339404,61.162914720929024,46.672137872604885
636.4181714618636,267.4514628224538,61.10225408672146,46.4497237364767
630.1503675224282,268.64258752806234,61.15659212916655,46.27768655594201
624.1544313249331,269.947217112276,61.34122213066311,46.15635983113344
618.6077327143992,269.3193343444319,61.77100698600812,46.75801922668481
613.0853441536148,270.38180535974493,62.15654147757203,47.29742699044659
607.9805974655055,271.4595376544155,62.60017143521145,47.403771273328374
600.491076830682,272.54515538635553,63.58279661293959,47.38879820721439
595.6212044877766,273.61801327119406,64.71853643882615,47.3958825206978
590.4810861642468,275.2208955478487,66.06787728052682,47.30112494256245
585.2684304289529,276.035374013346,67.30976475514284,47.24718117227351
580.7599900931334,277.4708414901421,68.78484111312216,47.40946770191184
574.9187966102628,278.9946673063855,70.52240862848495,47.512929579556825
571.4799871580768,280.9623634701811,71.82337786702446,47.44697041656223
567.8192383221025,282.8674480340607,73.2938618785422,47.34691624470506
565.0252953827619,283.27850705466926,74.96461824062179,47.30049281217632
562.1428639756384,286.25652521692393,76.55772764834413,47.37756567574682
560.0494389122416,288.6348080237823,78.38898075594227,47.48426509956674
557.9917387772798,288.8539101710355,80.40016063554587,47.694980327822634
556.4132654406944,290.9641704117633,82.02360031923752,47.68859406267562
553.9020182971759,292.0026760246384,83.42023534571564,47.727152428447596
552.1885144367221,293.4524535339908,84.48502420981171,47.73417261268467
551.0871712572438,293.8348618851415,85.43064670310675,47.922899156175745
551.8997903218161,295.0467738739828,86.77830133519257,48.228996281016926
550.763804353398,295.4292275141985,87.70321080350001,48.41294535434529
551.5952148073494,296.7291153709946,88.88362491146641,48.8327490513061
550.9382668329238,297.808427985961,89.98213594484646,49.44914036762276
552.9377298240225,301.38159965587516,91.74554001788577,50.03655500051156
553.2899093832712,302.68361797548727,92.49258678222384,50.7632895690969
554.6822780333258,300.91446628932016,93.36054585319319,51.71708690657998
556.343198484512,301.960935569832,94.26124628306579,51.772951818075256
558.9131486572473,301.00016896875877,95.01986259256309,51.65491659599688
562.224857442798,301.28007977923573,95.6354415271991,51.51695441823062
565.455269220552,300.816927646513,96.28159781864548,51.53185377597262
568.6195594234923,301.0579515534595,96.73495358143549,51.427769534820285
571.5990508035397,301.02955672073716,97.36187112804227,51.44959908307389
574.8831066390658,301.357581229485,98.1900316394549,51.55614017588014
579.3848003969046,301.41034644885946,98.54076247094524,51.79918821999751
583.2699428514119,302.0067491682907,99.18665435789013,51.9080217419734
587.1632005426404,302.942159830427,100.04681980734232,52.067954268637635
591.3587369307795,303.4554135040336,100.87592563519013,52.25946223457299
595.7097001110926,304.6566478847417,101.55175539333821,52.375849044903575
601.6258577812655,305.2355572977212,102.01524407673514,52.46256757246024
605.4960987672808,305.7927214902553,102.57091994161841,52.51595592895388
609.5414709359413,305.5785588173208,102.72294866032782,52.24572789147248
614.671640902811,306.36973426587247,102.44576969918376,52.13900548958559
619.2422682202732,307.0730328721749,102.58968752672273,52.15514098781895
622.4846906887229,306.8084744215685,103.33733217569971,52.34652164006168
627.8317525938091,306.79304286204433,104.40182958134757,52.78160092942107
630.7820357308752,305.8476515221632,105.13457410204562,53.19141811407387
636.8652856624368,306.4466036697961,105.11560097995037,53.506088610716226
640.6531937059234,304.1573234664403,105.55347107309197,53.59600966272211
646.5733497944652,303.58014239314724,104.80476694349353,53.57738816291529
651.634915509426,302.90408258530596,104.48985351589141,53.42426459641558
656.4814439360882,301.41794826948,104.23403058743264,53.2660290967504
659.8877023347662,300.23900924214433,104.22979044336651,53.14313656350049
663.97821005725,298.7108859999672,103.87799052497977,53.23029759291402
669.6549350473013,297.2091849774581,103.44650900496026,53.53820737032353
672.8040117218659,296.37658624535567,102.84976070420142,53.46719055439997
677.0073105156886,294.8129932948699,102.54871292887287,53.56751121145974
680.8157284661289,293.51448496689983,102.39283980036147,53.790518019758885
683.6826121210308,292.6578993674235,101.77425155244732,53.74661188240015
687.6653639259257,289.88368754912307,101.59204691192633,53.850402511951515
691.6939765060707,288.272228231129,101.08035493187327,53.932903810522
693.667593752361,286.90739121238005,100.39397873664065,53.92352769810234
695.8400717132085,285.01398534485855,99.95373811455198,54.05358875412922
698.2491519306819,282.8596755757905,99.40758466813055,54.11365501620333
700.7066625635148,281.02098779713907,99.13503900747588,54.079771446843
701.1673788232057,279.2281118699834,98.65700257955524,53.90363098242866
703.9835982136561,278.4999639696842,98.00971652005938,53.94715388912155
705.2255194359595,276.70808828098603,97.78586858228851,53.918626089805805
705.1289030251759,274.70084593036967,97.63041163911772,53.81916006166841
706.1158842582746,272.36341279784716,97.25519618791955,53.77771868663777
707.1019659412009,271.07041723331406,96.8024421209639,53.9159249150386
706.8819720680227,269.846667074916,96.46978493028169,53.91699001874581
707.3573059802318,268.5384434174877,96.12585150089086,53.87618812133737
707.2832881055456,267.0050586201164,95.91850370510303,53.819620924087786
706.3194547994187,265.05883020280527,95.51019776982545,53.86687650481911
705.5639065213783,264.2899579894905,95.29255399139561,53.88160435945002
705.1908872222843,262.8789431154065,94.82860137292397,53.81343826106033
704.580259353889,261.7270864063471,94.29512211673358,53.655988396784736
704.2035966069111,260.65319706319036,94.08891213114374,53.53771936695752
703.7143202447821,260.55630866373474,93.4736650259188,53.26335681545443
703.4457802880412,260.07233752893495,93.23179120834062,53.13694350186314
702.6986067555573,259.98768932815756,92.8860898409582,52.94595333978308
701.6351834179478,259.2398984426285,92.67050926245398,52.98140143908068
701.6682909359881,259.10446649596906,92.56935760831347,53.19548989286889
701.274639326682,258.392029988484,92.07235418153245,53.319563299608376
699.0238517704674,256.9459175203274,91.46671055159099,53.49363046767213
697.7521810196963,257.8113227717075,91.02991732756263,53.2169441771769
697.0879663690133,258.5883293558694,90.73770313241512,52.96598677209775
696.5708055704895,257.95484841282826,90.27359185478338,52.87492584915134
694.3793600240153,259.2871134442679,89.47738434162191,52.827900382982286
693.2681192953811,259.18019556378596,89.04563305848812,52.894667524218086
692.4379134079578,260.2756417272835,88.24172155109295,53.08760598297432
689.9113344731185,261.10781889080636,87.48470638610375,53.013054278723715
687.6729829360089,261.37432009090355,86.99721945406668,53.03408187969286
684.19187858146,263.47957834666596,86.87034830629203,53.0786937518045
684.4327243924503,262.83513152756876,86.03476143732885,53.22950440888925
683.058991134279,264.18560445785806,84.89635558962702,53.40936809382768
679.4671925572874,262.71456241738406,84.11454012688075,53.69551426469574
678.167230601828,264.1582832234912,83.26938328065832,53.97581109013404
673.918317940541,263.237829793481,82.6733994754247,54.040472356129676
671.6205117925898,264.81124661851453,82.09588650429819,54.13013110146364
667.8149871301224,264.3751020675167,81.45540327460671,54.33339210010778
663.1782692565654,263.34739594182633,80.97652159313182,54.386018191973115
661.022145647267,264.6802664226524,80.60613302757923,54.49457065301995
655.5642914272928,265.0687580589574,80.00521892419272,54.550278215409016
651.2383497029257,264.6648024878265,79.67918947009512,54.346952928456396
646.3845447337173,264.915002546878,79.63314588220554,54.20321392146982
643.5977757091393,264.60629659277305,79.62510233880174,54.161629188043726
639.8325193378694,263.66418072574373,79.69863723710343,54.31795123792118
633.0375579860603,263.0424506255781,80.06242277946671,54.291818914677656
628.7568534700495,263.17590473752205,80.3341808944351,54.060073199277454
625.5333131109279,262.7053988484851,80.39535014798707,54.02216851111521
621.3723583994293,262.88271611519275,80.69640462103311,54.03492645807335
616.0163330674279,261.02588978893135,81.16575470825376,53.70108612963905
611.8997930145782,260.8271490191813,81.77629863154951,53.610157881722664
608.3144362061126,260.3848853858226,82.52576190515794,53.49988189860418
604.557561494411,258.4772387665959,83.35194409452185,53.57237776233217
601.1016707055556,258.38718020852014,83.98122874306395,53.400681323719965
598.1836062260285,258.2780273867432,84.71327130303979,53.032065513797875
593.2719847421894,256.85664889949845,85.98596667092565,53.18044172809445
590.024859211892,257.594531711814,87.34484318546932,53.04030473219419
587.3901775033048,258.4555025536527,88.25964908845292,52.677830197297546
584.2251661438964,258.0799481876547,89.12683506486862,52.6691346804838
582.2229652439125,258.11063122967596,90.02473433187747,52.65085447329347
578.8563445336907,258.92675642413565,91.01287096258716,52.742838903786435
577.1649357613057,258.39918527889705,92.09263703564686,52.95859669805159
574.7595855752525,260.47787394267743,92.31194632117516,52.6099351908033
573.2475746095776,261.1200400264774,92.84531020770987,52.626530781420186
572.5311494042182,260.94759026716196,93.85917838085098,52.81752648788106
570.6942733133409,262.1034576807005,94.96297044526558,53.106660839575966
570.1488767134026,264.2455311010346,96.18096521720278,53.42999786273835
568.7946848237772,267.06903965971804,97.2309786208204,54.56805450254313
567.0976450983046,266.84685766837504,98.4492691923711,55.252773768250975
565.4311656872584,266.2341594125752,99.41941597222709,55.52869087873915
567.0236218582229,267.0547918386863,99.871651772159,55.25497175043199
566.5687613132172,267.498842101745,100.41434513242085,55.0160789355343
565.9124446628433,268.7652204412563,101.25231872204618,54.7163487610284
565.84173034507,269.9636882907941,102.30232158111117,54.60713255009673
567.0344173515257,271.13358456480154,103.15770837142229,54.68311649324698
568.1154178085427,273.07713460326164,104.16712517055365,54.910304269567725
568.5473170277169,274.57364927266923,104.85249925284268,55.103584745205666
569.1865514520913,276.19692408617595,105.53462851524661,55.21902628526077
569.378398228501,277.348400629074,106.2411567250843,55.40138542289914
570.2570344410109,278.9155541727259,106.8786794794317,55.67153757364767
570.2416844121608,280.34995125105615,107.6847873878742,55.92043946381632
570.9911134701533,282.5795823306188,108.41257497997324,56.255087331241384
570.6191994264061,283.00762206177296,108.88840052759463,56.5535271884674
572.3458958081014,285.6987075048572,109.62681598792813,56.96808729747701
571.7757484827706,286.9978417607982,109.86249088522912,57.30694065372857
572.4374987709436,289.6323531106137,110.46424179280041,57.68492160476301
572.4463488017824,292.3072268829071,110.83888486481088,58.14040181667637
572.9343964557843,293.88426607693674,111.19108359557956,58.49316699551166
571.8984837813342,295.59246231175825,111.16896439491926,58.691829610097145
572.6071371208317,297.31475567861446,111.5489513789492,59.08019132265855
571.7332936056584,299.7506718152395,111.30333654085696,59.35675458773849
571.1877984082793,302.61265675119563,111.8115093811414,59.7212785398314
570.2624408306832,304.1599688263027,112.00676477471399,59.937168839690415
569.4968308030764,305.5600689817115,112.25721667387594,59.680466568118504
569.1996652613049,307.88463759752165,112.09600202205985,59.570059004161735
568.6141161768186,310.0225047880867,111.64500424853503,59.68690179435735
568.0322591784177,312.1098354216464,110.90671269209128,60.02170526799112
567.6938191477125,312.50767403550344,110.46265576371745,60.5045601876846
568.1531766565321,314.5115835395355,109.82334791947343,60.93601262966324
566.8745466148275,315.35304113046885,109.38930813525265,61.55790749494608
566.0451230560027,315.8584158523547,109.00775069472043,62.0632840878184
565.0428824402121,315.8814772588002,108.5477851432358,62.62493237354109
565.2441525855286,316.33335847494226,108.18936403557706,62.93843662006712
563.6856274848126,315.1478155328528,108.12362634180643,63.119250888263984
559.4668299486357,317.32091734191306,109.13409929807139,63.12620240625188
560.7074904190662,317.03115467872743,108.65791079396253,63.31213513656901
561.1960820332403,315.6834716747166,107.76776107582263,63.50327517527613
560.1626055292967,316.03753523359404,107.33751740936282,63.84776453453393
560.0001963671205,316.56658553496015,106.77482984477626,64.12769069381034
559.6850901020649,314.7888668461146,106.22761401013382,64.28362126417417
558.0749245682576,315.5220930081182,105.41326900276668,64.7536710392042
556.8677548315156,314.8948129595016,105.0658305984429,64.95739206993187
554.8876033785399,313.6534053649032,104.57764860678088,65.1625399751168
553.9374728161772,314.01750784773515,104.28289477789295,65.40056379258357
551.7564573493806,312.7453882193139,104.14055454525692,65.50006418452749
549.5385286981635,312.5886067902986,103.99855053863965,65.74343866178009
547.7122942471802,311.51110765910084,104.07025371642413,65.6336776220364
546.1092537979898,310.7337346605465,103.90570840363841,65.48699258314971
543.8838525183124,309.5076152146246,104.0451839824024,65.29953058540605
543.20983218414,308.95999291132875,104.23603742731288,65.06962291405127
540.6333907332673,308.2610908386031,104.22961952492011,64.8208132232142
538.7053351165943,307.19662469118555,104.31352993543604,64.50695953973198
537.1483567451909,307.1847408270359,104.78667618858825,64.11440935807524
535.1731382088763,305.7120298544263,105.26493313311991,63.61054508083656
533.7059734884558,304.18243620267054,105.99093051219313,63.27143650498408
532.1651687274959,303.1706741572281,106.51528190499317,62.92685399224648
531.2225806524706,303.18160540658204,106.86929865410397,62.54779632480506
530.7668504645093,302.27509930966727,107.23041796032813,62.290194419131986
530.3257954477141,301.8957138600323,107.57879730820757,61.91706345816489
529.5119891972159,301.95696770039496,108.33101933917607,61.709520729014365
528.8795430095493,300.70079349686006,109.51304428584893,61.573755170095964
528.9435898357274,300.80888851917894,110.66362916990772,61.47427376919273
529.7771722643262,299.4838477474244,112.04392486874048,61.59363579404018
530.4347406643606,299.0269498342154,113.55419318952137,61.63545071492544
527.8066847972821,299.81550136639055,114.0141861874113,61.47508985619498
529.9153232471616,299.505998862232,114.92205186196253,61.626886508846894
529.5592571187456,299.01367989047463,115.21027263669876,61.592385043296275
530.834532054434,299.33007883619666,115.59237380826019,61.90932058795993
530.4566203002521,300.6110419144029,116.47837482938884,62.259896720365745
531.2526986658792,301.59283035650407,117.50356986853578,63.334254616284255
531.9621378020635,300.87987849926657,117.91632802500018,63.65963020976476
534.8955179519515,299.46690108176153,118.07186367706731,63.41752703085875
535.7040241828742,299.9960471555858,118.06487614426874,63.08550281705577
536.7608033985682,300.2268476974215,118.19656936845914,62.87120848260901
539.8263066880895,301.3007346825525,119.36973339793713,62.60670274946092
540.7656908959972,302.58013482717894,120.5822535487112,62.540949936022926
542.3918180445564,303.7685032594824,121.19303349994476,62.43547905499757
544.4836479352881,305.26317943716873,122.2162128031066,62.54651331919269
544.7010222881648,306.69343772210016,122.7655740354978,62.6991777204755
546.0400554530127,307.7066454946834,123.41752861034327,62.931283016907564
548.4038192049842,309.20910457276096,124.52210435881112,63.371675930240954
549.2029932088105,310.73868053724266,125.17768453566771,63.56504551617016
550.855439383463,312.1779474573011,126.00146144829498,63.98636762354769
552.9651631459989,313.8128749126048,126.90533116489199,64.40297177742404
553.6403706794263,315.8732699492018,127.04270000688109,64.47266765851461
556.3070746983841,318.08873090741633,127.6206121784688,64.6837902863056
557.5094041758662,320.41123800236886,127.94528137902206,64.80683725744177
558.1520444227258,322.3593669160141,127.91575201826788,64.98705838828116
559.5874795184806,323.96098287803625,128.2690568031073,65.22970187050215
560.6621859885992,324.84598141346146,128.07783943000123,65.37054078102076
561.5489915328246,327.217491425684,128.51746419665287,65.64661331639019
563.5336528213671,329.429845299829,129.33884443939198,66.15046153352358
562.2823483359723,330.87147827779927,128.66836414435824,66.00856363292675
565.5368246344883,331.86712678379115,129.30174886956144,66.24560128624154
564.4516476263065,333.8299939347441,129.45401096888716,66.50397905632656
566.4774651789808,334.62234541274034,129.65359227512903,66.71956501596824
567.7336500243518,336.6815038548766,129.71184312119107,67.05482898801893
567.4843391614348,337.64809480671266,129.45711917870923,67.53612634002312
568.5573247615667,337.75822115554155,129.54765563263547,67.88743140260394
570.4867134235088,338.0677776507289,129.03084064624517,68.00674700491123
571.5995679578709,339.03668767918623,128.61107637789792,68.06232930986624
573.0038581826275,340.16263109060213,128.32109114704318,68.14138011101214
574.2834007245049,340.73149016581135,127.86235525113942,68.23520621680409
574.75596631148,341.0457801662929,127.2302713074327,68.33190220918809
577.6522389445918,341.3211551123698,126.75181486262039,68.45325393389376
578.5430737434722,341.7400339605263,126.2581990158514,68.51741345674266
578.8570039745333,341.5049611215628,125.57663938069602,68.49504520983254
580.6037503949815,341.86256231038215,124.62878033267678,68.41121188651137
581.9724547532301,342.1737858410155,124.24814093952864,67.79844994299611
583.3235999439736,342.61019668001495,123.81725315546889,67.39584775790948
583.8910302819028,342.60324282970066,123.30894124670046,67.27786897629929
582.0688388704526,341.5429784864089,122.87553190193725,67.20287702346322
579.6796503713331,339.8805658752058,123.2088228978264,67.58248940483548
583.9401048634777,340.0753842104425,122.04830266933561,67.65807554010057
583.5334285847983,339.3138664939744,120.4364089879858,67.65311979738519
583.3450294531589,337.8240505503143,119.14632211370676,67.38055680326617
583.7185558881868,336.35109985340574,118.04332046764416,67.11695764585954
582.9737254351953,334.8189784120844,117.29988358195521,67.3886654618976
582.5304589687651,333.10764450966036,116.61923695415445,67.38004621649853
581.64932439637,332.4122794395926,115.83773530884456,67.47391578095804
580.9275218136735,330.4348515639642,115.04731881057177,67.2847237950933
580.2136297877545,328.3751505350779,114.55787797837652,67.16399447469198
579.3441269966931,327.3248299746886,114.08131358750722,66.98777821937202
577.5423431326515,326.42798897046123,113.94423090017025,66.8575080059563
576.1158243239925,324.53081663538046,113.41615451144561,66.49745375796596
574.3787951201152,322.8668303873262,113.14779915996868,66.26871958712806
573.4757587430265,320.9091444214359,113.02841097950714,65.98490757802135
570.8634961863347,319.5762466803944,113.33844396261102,65.72643076129148
569.0305755502718,318.42208869222407,113.44724955015127,65.43408665195395
567.034799328819,317.0062724189603,113.6535923372953,65.16984941889476
566.1363848838129,314.54921644923274,113.89864124187969,65.02533136872586
564.3870478191686,312.8351926419752,114.49529014838981,64.85707695077016
562.7402083153705,311.17095152351453,115.06990277453153,64.62489834861074
562.2530440044391,309.8477407765543,115.65717796631412,64.45687220115849
562.0629369591016,309.2339693193685,116.3495728145115,64.33245350282868
561.6257831133752,306.98729937586023,117.75388321916779,64.3362590117935
559.964315254149,306.4925008179561,118.31183409150502,64.10181907640086
559.8954908333549,305.2971383399896,118.59085480909462,63.89606747746323
560.6223170728533,304.12585506415155,118.92078406380143,63.68128100942494
560.4372573044305,303.9032913943603,119.25520451997113,63.73344565483941
562.7066546774731,303.36623401631226,120.64171800142503,64.42244529410083
560.4963834329009,303.410856789686,121.62631903282117,65.46596694782329
559.8803937272285,302.3973475831925,122.61871188224777,66.14678429860786
559.2404517998647,300.67264816707205,122.99085472678621,65.63459713231366
560.3603421421923,300.0596439986622,123.02114840965419,64.872833362009
559.8590716743305,299.72295591945505,122.94461210157293,64.33386213215582
559.9693022516014,299.7709253213926,123.17602207392109,64.1295460504295
559.8975965681427,299.8466498247882,123.56771599260408,64.04548919171589
559.8380031533914,298.86987489946057,123.6968207928534,63.716267693417905
561.1012564128451,298.85193410773167,124.55152627002448,63.7544240844182
560.4782671334272,299.00909744227005,125.72759100197763,63.82234158505351
560.8747070679892,298.9222569979765,126.72667232593804,64.02579934857037
561.19403911682,299.1476347250209,127.6503815088017,64.2506356613158
560.3898337864454,299.45367004877943,128.31808156536027,64.32957417765523
559.9903884081061,299.9226401004023,128.70585014896784,64.62000795956425
561.0327199476994,301.5339640886191,129.3247688797788,64.99138297240374
560.904109609355,302.40442450643627,129.61104765898585,65.23766537716398
561.2489882120169,302.81397641522904,129.82149582742613,65.52453754510537
561.5460359533168,304.1541627971504,130.2252619089857,65.754097156217
561.5776084738075,305.7204947712122,130.6701882309768,65.84416050682987
561.6303960463372,307.890923912439,131.045247834853,66.13448584864383
561.0995323947167,310.22733907618635,131.63390758624277,66.34778585409592
560.2435735570623,312.02613597799495,132.38185650773664,66.72933662369037
559.3644164027271,313.297221817506,133.36813426397788,67.21675674345067
558.3368675791082,315.0684616506497,134.29912645772455,67.64527035757409
557.1364953453432,318.2679197041697,135.22819123775454,68.09493270359803
556.0248931973543,319.478954949329,136.1479492408551,68.33238426985895
555.9206307047037,321.01407849869946,136.63067260924907,68.40848683962089
554.5276818265104,322.91605169582334,137.1990568043871,68.62021980480917
553.396255432782,324.78725806859194,137.5870024558804,68.90599767206496
551.9921786328152,326.53604230061256,138.1031910480319,69.2638850834204
550.1471620364239,327.99083490483844,137.9222899928441,69.73039803094404
549.5790523514063,329.6854617724571,138.1789229642778,70.2685031614447
547.0318034189128,330.2171033865808,137.98546459147173,70.85858685652937
545.7599622052007,331.0954977824091,137.99501930664618,71.32068801657877
543.223648513362,331.1917991965176,137.47421712489376,71.75132214257391
542.3894296870229,331.38415601723733,137.45580399136287,72.0658354169708
537.7705990369612,332.49030743584524,138.2005291571479,72.40817263445769
535.7332968221328,332.75633065208393,138.2990240821049,72.82195553385517
534.5808026970548,332.7322621623661,137.94029744654944,73.05213339838164
532.6019940361562,333.841275056144,137.5805605660761,73.27849671566898
530.4175919272274,334.03097864586397,137.49471199767896,73.54283740238279
528.3974086414219,334.1326019213279,137.229074045059,73.3128964474937
525.4055311574571,334.7455554453289,136.66664065849628,73.39927637249124
522.372262812565,334.6143957456466,136.25714938273472,73.6643408882181
518.7717511318364,334.42248094208253,135.84408516255752,73.81454964311436
516.3368917685696,333.74367885766634,134.40546143227357,73.76340935756284
513.5018671277867,332.86343295933654,133.59314081408948,73.55584900540353
511.66811455427296,331.9950773030576,132.57364568645886,73.51001761242547
507.86695213483074,331.41999252677044,131.6277804084609,73.35487667725263
503.57274741893616,331.1081171088481,131.2842116145421,73.14566500012738
500.33172820242663,330.1308475332249,130.31615725505011,72.9677356893834
497.8386376401271,328.3879599107636,129.30506731870565,73.09937613625611
494.2206746817114,327.8239851387099,128.45110180182124,73.18354654561318
491.47994348056693,327.8680345633752,127.714760249032,73.09307457856181
486.84456745131985,327.4215889858277,127.27997451150566,72.80634344113811
483.56887193105115,325.39907555183277,126.80877157697591,72.8798057778017
479.0534256505582,323.80972535926117,126.99894491493939,72.90363088447204
476.1992031297374,322.6189072396897,126.30066264258565,72.88230682316942
472.1909874327092,321.4618287746255,126.0630609479579,72.67078941018866
466.33869606396246,320.7798111770532,126.34392332564917,72.52691447292516
461.88527173319665,321.1969725280602,126.18183850024232,72.11255006434904
459.08151904491285,320.18199987181754,125.6590161752413,71.80142019487329
455.07290673885683,319.6508315971954,125.33659158691387,71.3571499268721
451.2216715225962,320.015873716515,125.47342586144569,71.0113917289777
446.31633424419647,319.62351135015575,125.22693145767384,70.59464429849581
442.6673012242648,320.14018140637387,125.11822965238335,70.09894809551398
438.86638206837415,319.13960689809824,125.13835476454918,69.93377869546975
435.23693274498635,318.29776819044315,125.13851346305206,69.65453532582964
432.61363826026076,318.4243841074316,124.94708315683795,69.12412273075387
427.7529632916499,318.83302722507176,124.4035967827193,68.62201182015198
425.7791765727573,317.40638654576424,123.94371096147131,68.20310856840025
423.2003509132539,317.5136081962236,123.73096375905484,67.68426938320616
420.33557229614223,317.03017378093955,123.6841890917278,67.29839995255129
418.6341091182288,316.17262515982964,123.53707615617282,67.00207146120492
415.0087224656452,315.6408502277143,123.3758569114439,66.62209684556956
412.83303710617173,315.1418014122294,123.08750766731703,66.29991523593105
411.33933509344456,314.8838278631682,122.92624960246991,65.94533637789957
408.933253142389,314.28834330381693,122.81624143503147,65.55132965794097
407.5053023145647,313.35492261996126,122.99470197053233,65.35746059550704
405.8975948919593,312.5039969112424,122.91013808268039,65.12876119926989
403.8089402287045,311.3636869548391,122.67450881437189,64.78649946115169
402.9738427682744,311.0294906705994,122.77726072204092,64.5231093667627
401.53317386975215,310.8331424771972,122.73872242045252,64.19879108319503
401.18087409858106,309.4906344402481,123.74765409990259,64.28708002429605
398.86124333246096,308.6326357411976,124.16472906674358,64.68381336809867
399.6857931329058,308.51647944904795,125.79150932577815,64.70285174170651
396.68031537200295,308.4413502226185,125.64475477220554,64.80793750322012
396.7856326754261,308.38755264486815,126.12669991160556,64.83392795445997
395.71639976040854,308.8544372607196,126.7796532465998,64.96943720137955
394.8518161792707,308.8453475760848,127.34130381971072,65.45089543050284
393.6753118320619,310.1684575011435,128.14644760018794,66.13325119150001
393.81856923025214,310.9677060208265,128.7674217459537,66.86947881682212
395.0866012797055,309.4868415873686,128.74356515513404,66.81505220239944
394.00678441736403,307.9556877256176,128.11093465671829,66.07361775556745
395.40003615683315,307.51965411792145,128.6651866404266,65.8723903313725
394.65347781612655,307.83709311580895,129.24074590349332,65.66241081100603
394.59578698574603,308.0099627013085,129.44927330726676,65.47509291800685
395.0440195976779,308.52421394564675,130.33877126108405,65.43979412891909
393.3916293206312,309.3111958162942,130.26059101882123,65.2154357095084
395.0895281146676,310.0280988393233,131.19223273891504,65.38431821439914
394.32662793853797,311.4797945076214,131.08074726258383,65.25968182737267
393.7061526462825,311.63922072668316,131.4733476798204,65.28820931211602
394.30693558329443,311.69617583062904,131.95561004046894,65.55963106275652
393.9247913030449,313.4551884207482,132.4086265460573,65.72352021204712
394.3418394588165,314.89164835459405,132.48296802300072,65.51096902530935
393.5974557635793,315.37226136631546,132.5938081101608,65.32061040918842
393.70515736267873,316.9142501933728,132.5408890809683,65.30139582422657
393.3367432127576,317.8368519652772,132.68624290733413,65.40794434703007
393.2977012112872,319.2711368554693,132.66233789433812,65.5218815570786
392.7930615538577,321.8444351142549,133.08925425934896,65.78813208159119
392.7795066377872,323.50486440429967,133.1846932767374,66.06375029479082
392.3476222453329,325.44697006873076,133.54039105630162,66.27860283921959
392.28458908746836,327.62004198775395,133.78309340240662,66.51936400376722
392.42435537488353,330.49957153975646,134.105919049584,66.91161915833767
392.42917498806816,333.6734908367807,134.35858544054722,67.16106774232874
392.582124497376,336.7810685735295,134.4845750916608,67.41582861251999
392.0577365244393,339.67766240606005,134.99257514241546,67.74132857715873
391.5810017975127,342.3943087910242,135.349967392518,68.23813767872089
391.7957232707938,344.6504493869124,135.7624733724046,68.45832175412588
391.4847117169443,348.7924063231123,136.00703218567017,69.06837074183349
391.2841486963134,352.023876994923,136.7506889543183,69.92201064744918
390.86433053717354,355.0489637468489,137.56728462218564,70.51878595798938
390.67600247968,358.1214828920612,138.5711765073983,71.21910270143944
390.23610680223067,361.12967875558996,139.64635281174267,71.85678182856881
389.8075636900205,364.7018923879723,140.27730783537248,72.55876197728682
389.7193631358033,368.23293770233835,141.2798463077177,73.37570348356454
389.71038775520134,371.3741689720522,142.37411878999856,74.07759114860458
389.102098632785,374.5886721378597,143.16839443110968,74.71461531930889
388.76203685988764,377.64513225821315,144.39303305020368,75.3365297496225
388.789119320003,380.61959916230336,145.7360001690431,75.82185535611491
388.7656673266348,383.0474212493216,147.32805348210394,76.18252072950276
388.8946680849849,385.4655782361189,148.76570182769325,76.52918538597406
389.32774038879296,387.2710227066974,150.0440701118465,76.91428314487506
390.14836500881427,389.7135873408234,151.4581740364768,77.4852953484859
391.1039145408121,392.4838602268773,152.89500826486994,77.8803441350939
391.33021231477505,394.50626868284627,153.94636867721783,78.28255204539111
392.70343934141556,396.2390209800246,154.8638488547413,78.69149408151233
394.52224193495834,397.49932384064897,156.17429893498968,79.32370918584036
395.85614811904867,399.6312325915577,156.88189378574214,79.95645569082828
397.257744509805,400.9443156164308,158.01752017422763,80.4782429129479
397.67155298432283,401.6529789284564,158.7562243597593,80.86188886980659
398.78155059002836,402.3963361387558,159.3690672068199,81.37370734048113
400.8253215858419,404.51704863899977,160.05372007755855,81.8610635632904
399.0787356435417,404.8347373937112,159.13347462283406,82.20925424539585
400.58226783849966,406.7451297547899,159.5916862358019,82.66902810935908
400.94200735598406,406.3427130057276,159.9217256668289,83.15092250960235
401.2417587117034,406.6343399165845,160.29586751000525,83.67950988967073
401.67576517990966,407.3150125746195,161.19301227317774,84.07882081120295
401.7886461018468,406.9152398759727,161.14156944325674,84.64051983398485
402.220922940364,406.07843700283604,161.08818992050385,85.16965929932104
402.0815631162015,406.21353956448326,160.63143849901613,85.43685281236763
401.87117612714013,405.96741617782635,160.07789909880478,85.54856609907674
402.1430682003479,404.02620324094534,159.64757404774812,86.03320678607123
401.29439336081083,403.8447777323834,159.613413683678,86.0992780216151
401.3835383299439,401.9201448845545,159.46360238647483,86.47139971435857
400.4161922194077,400.2081582867802,159.14468828811974,86.86263899267075
400.03044722023685,400.54696918978834,159.03377032318554,86.91034914876306
399.1885461294821,398.6499880463613,158.89036946934033,87.11207062522294
398.18986185522584,397.08681180647795,158.5416474626619,87.12094020437011
396.6676110263066,395.31007756593834,158.2253469468859,87.09695030379649
394.8573637680856,393.87971820537166,157.61148744416286,87.04340887592781
393.267590778418,392.8461027739355,156.50283876712595,86.85019986605835
393.69131496015746,391.3859105757279,155.56174714066472,86.54420057640789
392.7340705635569,389.8217973157383,154.488247461881,86.19183055402871
393.18986062699895,387.8926138780266,153.5246625581018,85.77584869364279
392.10786071935064,385.7035363107305,152.3969579571234,85.0729133779481
391.88162167034886,383.3653075993169,151.12998581976007,84.52400516204244
392.7069451976524,380.5587591711842,149.5127127617685,84.00205076785005
392.2552461433629,378.4393466123732,148.92035650919476,83.58402602432707
392.64744042739784,375.13488482831417,147.09589633448888,82.90465575394407
392.30381012560076,372.3931470719195,145.9130465455126,82.26575196375491
392.64441421994667,369.7112041547524,144.43481672939458,81.54860981346994
392.8295491166052,367.1688069237406,143.20510678820068,80.990643521862
392.841155882593,365.20189773823967,142.25668242267565,80.37931781174812
392.51744052115515,361.7713009316534,140.86824092455834,79.51321793355717
391.99938465175546,358.68268805639315,139.5399386866884,78.66304652831592
392.5312564237711,355.95090855836963,138.41443089866698,77.82647754126964
392.22216560319066,353.79051022123116,137.72041103988886,77.1825096205149
391.39383785301357,350.913106236868,136.9712638134975,76.47309754224415
390.4250689162427,346.9042690691003,136.35617650774833,75.84796105624642
389.99451968075584,343.1221479680382,135.59260793026777,75.2067293585293
389.6402915545592,340.01811476186566,135.12790362968263,74.56355036758454
389.72135240354874,337.4102697718524,134.8110706554107,74.03378317521722
388.66745213382455,334.6856632534531,134.36148980333388,73.4722516403301
387.2771511435881,330.5484627496505,133.9524281352013,72.52260975547921
387.1246255967702,326.6738033473945,133.75039521680557,71.93446613475932
386.9240709388324,323.71312994658365,133.4371457260711,71.42357101972453
385.4050441558414,320.938519157133,132.85467393194574,70.90631243886631
384.8056538260671,318.3520837232254,132.4657971398647,70.54178496836354
383.7642300553453,313.72419009452426,132.06468548331017,69.71189889355156
383.53862916033574,310.82205390259224,131.22734428741316,68.9166815885422
384.0315360922503,308.30477727668097,130.853288119259,68.41581823727647
383.76471884007253,305.02646400896117,130.3507194776337,67.658956289287
383.7142562407724,303.1570909914219,129.98712678482696,67.44065271613496
381.3565272229033,299.0488708737207,129.2972436721887,66.76799955248957
382.4327028656186,297.01460943868966,128.92666690763207,66.36475404334024
382.41519706424464,293.55919364936483,128.6236182803633,65.84692665974006
382.7938236727072,292.34970761600505,128.29750903273552,65.58412768649691
383.31870732917355,289.4145019600516,127.92200942905808,65.34793251494433
383.7119168833801,287.7530534226237,127.1871050765794,65.08996206088473
383.9716026839126,286.17293161445383,126.61561268935435,64.90740553684364
384.1702346902296,284.0435456668235,126.39195137695367,64.8527566595518
384.7420245067276,283.54105921131486,125.91467901448453,64.55170037001523
384.5614769524358,282.13732562549126,125.57126110970538,64.47749420563328
383.787921231622,280.767433216435,125.15937530172965,64.31091935119944
383.865551377007,279.5791902482099,125.09160095022389,63.95451444330459
382.3065193197057,278.1884257099418,124.49370813848063,63.72150570856153
380.9948278338601,276.23056824035336,124.31559984964338,63.7488599089841
381.1593146047831,276.1158177157481,125.2529174493073,63.802099101042586
378.6702305750264,276.07328883124086,125.44570896005372,63.727183382799076
375.926759477528,276.5902394418011,125.62175380473927,63.60815021845278
374.4573887220565,275.4182583954569,125.96214455236122,63.70754205586166
374.14019822618127,275.408252371851,126.1469448747086,63.78808773839168
372.3005516225654,276.48168860386164,126.57459227848886,64.12947840455845
368.6792220696184,273.54551163313766,126.82620209467956,64.40834842114063
368.76913684748666,272.3885663801546,126.87004026486366,64.07914319537153
367.5532458125943,271.3818894720022,126.9558157027972,63.67597236301002
366.4352497940232,271.7779962212873,127.08145927688082,63.395903847254516
366.34811756742533,271.45123960641246,127.01252386008622,63.118319390713495
365.54552661687165,271.24326248268227,127.13218611359537,63.01316530887779
363.30769360371295,271.632386962003,127.49292818590277,62.71886267363105
363.02349035673393,271.9349782261996,127.77117336823437,62.677027008030954
363.06215329202166,271.7451526809424,127.90968461866868,62.7442045928099
361.85677909933304,271.757866647877,128.26979242100768,62.66513893457089
360.6778203830999,272.3161171062107,128.53429936153054,62.65964713884463
360.47770935165244,272.5341808650222,128.81813403482522,62.55983274969298
359.8259678006948,272.5797772490566,128.85840540959822,62.509569690254175
359.359129052683,273.09780387169036,129.01703405365495,62.50324151975464
359.62041667484266,272.84781135792014,128.9753938464716,62.50660750156071
358.8941576544508,273.00938268386807,129.21812141903945,62.420791203453135
358.41246736640414,273.42127801790224,129.23701573471863,62.499310549155936
357.8737217249395,273.50740081972657,129.43432773164471,62.468827068019145
357.35808254316316,273.8851938228978,129.51598817289144,62.505427619923225
356.7696898836306,274.54611311323606,129.49547925672707,62.58584910432549
356.18973405411475,274.655317027808,129.60088592518105,62.67866475230672
356.2796707719559,275.23371766914227,129.62086304873327,63.00945032552657
356.62416040294374,274.96877653876436,129.62491175993267,63.35121372615689
356.91750890118817,275.53831827778345,129.80746998433398,63.55540817933206
357.2932361944744,275.75873508865004,129.92250212595286,63.77422851925739
358.541401384098,275.65577310649337,130.0681080488908,64.09329491435298
359.5570697262019,275.9726605484722,130.51331097649933,64.4898827556532
360.1182885199788,276.11027632011474,130.7205616995687,64.63653661337867
361.0785203756878,277.0822866348213,130.93292455484684,64.7677799610163
360.7510503513635,276.9083060423534,131.24643408844452,65.03060657267132
362.2302949754346,277.6066210883716,131.59539441954115,65.24785139289695
361.4395515366229,277.47123173028757,131.85847602658816,65.4132058092288
362.6088218545992,278.16042946034565,132.40532543389418,65.64143078005893
362.27953687567253,278.41982266469955,132.58177770905223,65.74671537335773
362.5021410273853,278.2358456975265,132.74537494285048,65.90014620089038
362.2313060218121,279.59205167443224,132.71885908811785,65.92941415392391
361.75170167120183,279.6380238662308,132.90653501536679,65.91198029251356
361.59131469346687,280.1607455919533,132.91041041627312,65.88027845350308
361.4573280253355,281.06515031571456,132.87095589918997,65.93752306405544
360.7177225181539,281.6498724365255,133.39748042492488,65.9717061703797
359.30418850964645,282.920712227864,133.8085466452173,65.95137315676396
358.0303621304181,283.55767584604445,134.14495505896272,66.0592382273031
355.99955925465565,284.8061797580151,134.53237982599055,66.08346920722529
354.32640942286963,285.58271160139077,134.78289959378014,66.2633844604841
352.697260008061,286.9748916324633,134.8906504421352,66.25732182265543
350.5703928199755,287.7971262974378,135.19616694950133,66.27391592539999
348.9460098016332,289.346744096163,135.31944136707585,66.37834653812416
347.2358418068861,290.3725022444878,135.58271411079653,66.51251420715744
345.70197738506965,293.0062453653464,135.45271765840909,66.63317198170614
344.64956602515224,294.8302257789865,135.49924798932778,66.8025703634866
342.13350723711983,298.31705689107764,135.3560544768307,66.85639017208014
340.3617481640923,300.05585726789576,135.56630755673888,66.81473731349404
331.0372271194153,302.7626489184618,134.8483032898917,66.62919232336652
335.03973122849436,303.6429424887399,135.5577058535939,66.45748703305298
334.8438130911552,306.56632810389647,135.33637734574813,66.48537581784608
328.3031155492024,308.94939949155645,135.42977632827436,66.53615141563395
321.76187449208464,310.94036656815217,135.5357579313404,66.82235471742906
323.4886081475176,312.2405492721346,135.9662542053744,67.27681175438002
321.7094223634948,313.71202525047124,136.60845827578507,67.37533151744857
318.43019340145645,315.5869117535595,137.3031075679648,67.27093042518197
314.96550253801945,317.7036830851093,137.48781175119873,67.06448117257438
311.38068984943254,318.5588960311262,137.71663836891213,67.0187185953598
308.8089668423824,318.60785838283266,137.43980201912078,66.93868311593977
301.2003943781665,319.14582917183225,137.9902914070863,67.34223873223075
300.4882682837756,318.71149672073363,137.7575513988313,67.44161920726192
293.2333972704581,319.26938477582365,138.2264961918848,67.94376480709627
291.4587547926461,318.64872517135865,137.9822854924489,67.92544105738526
284.01340156962556,318.50955294327605,138.19643535127074,68.14650984203853
283.42529219325485,318.0893118911414,138.19380953289863,68.11342466315433
276.0474503106389,318.5296557968659,138.91820610483217,68.4448334236277
275.6921805086454,317.85217389779666,138.8298470119198,68.54415933762604
274.37295967794387,316.9222629647804,138.60406185523814,68.35925054035911
267.55197419123,317.6897248392243,139.43959628996964,68.67218128651977
267.746356370702,317.5415193911072,139.38057752171233,68.98090147508525
267.63124465568774,316.66694018837785,139.34435865285178,68.94964208059432
261.2521012182056,317.2716131740825,140.4655853624107,69.20376942919233
262.29553400277433,317.31801808501467,140.4788098201287,69.3713084935795
262.1586196503464,316.914305174806,140.56643041095668,69.4294356818519
261.88425865575607,316.8656084055694,140.85013131439808,69.35313559320608
261.7832395905638,317.00490098836616,141.03979370444827,69.3643789963095
261.6958598466658,316.8833283456072,141.04374569653098,69.3428519428648
255.86804911321065,317.58063666801115,141.62948000218648,69.41493465985806
258.48794759308555,317.3438202358839,141.54810837355237,69.6329216231478
259.37810653356223,316.87167517281443,141.56025272232773,69.79503281089801
260.2520435992947,316.56681126682986,141.88560313538792,69.89916219700197
260.3095277958259,316.7537843263708,142.002549426502,69.98633534228435
261.56263129493186,317.86430690447185,141.95129490669882,69.947535917436
263.01997211379125,318.26908049572654,141.82811026109135,69.85787301131666
263.4910402700015,317.95935976208995,141.96641280098098,69.80610865993671
264.3353098191182,317.7657736533752,142.27877993176676,69.81274300982008
264.68890134878495,318.14045803714623,142.42706603966582,69.90091749140839
264.7582949526897,317.8161183378803,142.37307048471453,70.02136836859316
264.6645292024037,317.7601651660643,142.2265109179724,70.07095379810556
264.7836070974928,318.06020807518365,142.02689542777597,69.88517473970126
265.424504073211,317.9421709857762,141.7435457355063,69.89929084752268
265.8419527195552,318.96001499621184,141.87819642980216,69.87312073474772
266.2546198120246,319.15171237104903,141.92910112740503,69.73165290846762
266.3815212320701,319.1333733410508,141.97152893130163,69.48056364759273
266.2211220259948,318.87585639546427,141.86586466335086,69.22298621874695
266.28277211935665,319.09072266569154,141.82504361827984,69.09090818783682
266.4235771705114,318.78772131809774,141.64068382108644,68.9075959573538
261.78624048598385,320.3042336897911,141.7667985735033,69.03358686948471
263.23537521617584,319.74380652977777,141.51149419147325,68.92893881772332
264.73104297206555,319.3781956163349,140.92250862857696,68.74011812980798
260.1310444983528,320.4423960344616,141.3043550556776,68.76096470146786
262.56643252157454,320.48995236868154,141.26858286207846,68.85572051299499
264.3218404372766,320.53332597735596,141.02492768474232,68.95749339933928
267.4059939635385,320.0256984864058,140.92562469105644,68.88876162205369
270.4614627950212,321.31066752291036,140.44200445667994,68.76366874862957
274.6586982786157,320.68084821061416,140.07457397105833,68.64210896700253
278.8493996276094,320.2993447116387,139.46523548205525,68.43553906971646
283.2871920823492,319.8540663627631,138.8384956729785,68.31678039595435
288.0543055484285,320.1619512624176,138.31681337277786,68.18316520441819
292.8357220048236,320.26376185051873,137.78692323189932,67.88309583025502
298.6844820308362,320.46017785811864,136.97453024744,67.66808983219654
306.89365787718987,321.38013230561336,136.7046770898889,67.28408768597879
314.5208498914677,321.1814480842313,136.23244619091082,66.94639913239735
321.9083203549437,321.31905356406503,135.48742965665912,66.73868123147096
330.344583650436,321.5701768286358,135.33036288928298,66.44262351518137
339.3097933375142,321.08151611203635,135.2751247132466,66.12069804114608
349.5318810592236,320.7546465248912,134.60338541179556,66.13842937003464
359.5222911804286,320.88590333021625,134.120812315992,65.9274579818844
369.00332249761715,321.07070288895795,133.45728216757686,65.59858020264323
379.2184681692178,320.81224758900095,132.81943123880433,65.25326038244467
388.77107002161677,321.61748581953486,132.04489502973394,65.02365867437518
398.99618601256935,320.95585716106,131.228320503273,65.01364186527205
409.3612273739845,321.80208172893185,130.62677019011073,64.94324754482062
418.7066004637402,321.3316928590357,129.54384261411502,64.34395463165123
428.4348613188772,321.8012476396776,128.68904934317192,64.11620320034555
437.68561682503605,322.15312778956377,127.39268130570785,63.479389973317645
448.58551353122886,321.34522701988135,126.30426599085636,63.48464110908755
459.3148908569697,321.55338875891846,125.6745480520211,63.38798720551249
469.3029106481968,322.2990726791905,125.54169389437165,63.05621521209822
477.24196748897276,322.7412147695844,125.29018333934559,62.5712731212018
483.98479194270175,323.09191264827723,124.70138311047656,62.03235587038124
490.49898077338526,322.80839033630883,123.85989605122128,61.503422830324176
497.1125244019349,323.05595086698395,123.18988238726176,61.11438403703329
503.1761881055289,323.1478314746432,122.52715268210005,60.87856384557102
508.43359009298496,323.21937179759607,122.02701526449997,60.70896153741523
513.5010666997149,323.5904631991126,121.40926633570808,60.52214250868183
515.7200614293675,324.1372785644336,120.88337480731093,60.01214251868237
515.5672700161227,324.393741274595,120.62892621976866,59.59205166042271
514.2841216714836,325.06142298169766,120.25222569186847,59.153877982583694
512.1583270127347,324.84743241847343,119.87037070013164,58.80620699845558
510.1309665491294,324.70200929094955,119.61746919463349,58.55237551912826
508.7609979936641,325.70843636725897,118.82701103617022,58.21368828431036
507.27254331853396,326.64010361781345,118.03438198387309,57.85953945500771
506.01726748995156,326.77930167868476,117.84009846457002,57.589171284498235
504.86812225559083,326.2222051458488,118.04572564517503,57.17971954521556
504.2616922430372,327.76832854834345,117.76124403743931,57.074774566703354
498.5707828889725,327.47236964411377,118.43344799184555,57.02286893031942
497.8618294423652,327.34460603235266,118.25369613166498,56.74969991484704
493.9244182512213,326.54368165440206,118.8502187054506,56.789041160563
494.0759762240607,327.16378267620496,117.81205100863512,56.37236251917125
494.02839032140685,327.5855833252789,116.71772081313404,56.321282042117886
492.9995064125145,328.32093323120574,115.74714495339796,56.24588953273913
489.40511565967194,329.2742465503284,115.65759947086295,56.34849112401653
490.10412820676845,328.98872416539547,115.29439207228755,56.187301475490194
489.63980316504626,328.22606312598214,114.49464919709087,55.98339863404407
490.6618109917864,327.72477153621503,114.26552190172673,55.86600410094711
490.7978067592354,327.78950506406227,113.93367281209498,55.654249621939925
491.39971441108014,328.9588333329474,113.57776719735517,55.516174634767786
492.22754411490314,329.18100562975377,113.06353566427418,55.221147186502705
493.9747590833305,328.76201468618103,112.46576295588929,54.83247430565802
495.6612021198468,329.3671516745577,112.0204941943344,54.701659400064074
498.4844426765865,329.44061147098927,111.52193035151538,54.39650029356528
501.1937066535586,329.7611435415822,110.9309656833989,54.22642645255789
502.86515631671557,330.0974412546336,110.26979042858764,54.03059800018895
504.56616305923706,329.27865713116836,109.76300008426114,53.81671270441015
506.2501507494276,329.11843853247274,109.38195769681528,53.69881707590235
508.4459069458203,329.2091986267993,109.02044789802409,53.58232744714659
510.6868504163323,328.7071112210609,108.72343215374687,53.50974089368647
512.0928473010473,330.0072404667164,108.29034606482823,53.268481177857815
513.4169701193581,329.54592437571,107.84095201359494,53.01584208721121
515.8869426610773,328.96569467006873,107.49484848289075,52.82836236484967
518.2896066661835,329.58267414465627,106.8294321242897,52.65579631900249
520.2140867116905,329.1372031601329,106.23191279674938,52.415051600579744
522.3026891203691,329.19486621282437,105.89509484691526,52.41053412101418
522.8904050142637,329.16853041346917,105.40130690277692,52.23196577502815
522.9401659844534,328.8771710631822,104.84708470104302,52.117599810303616
523.3197693783259,329.1990260459796,104.00030055540986,51.86276845841911
523.8009988183634,328.91928642326855,103.41514813666913,51.636034901908026
522.129467556733,328.31500333020796,102.8861792096584,51.453401976090774
522.4975726599289,327.7957459176338,102.42877321607521,51.342612530494705
520.9629835477034,329.77744183788866,101.62066333742254,51.08486839697053
519.662532889209,328.6836863110582,101.21670377642043,50.84123759729887
518.0092480784726,328.998554722819,100.65558164259848,50.775594780792495
515.4228642809351,328.6135735076803,100.19787800812027,50.64991278472405
513.5467766760206,329.7083660645944,99.51187181765026,50.52982430251822
511.4199164712882,329.9731845942741,98.90487969888628,50.20345673971896
508.9174919181557,329.58980499077893,98.37810544165643,49.88127306131036
505.8099799642053,329.94367442924477,97.78373737415437,49.555566668194885
503.02135114413755,330.45135179795983,97.56629820642858,49.50211818505624
501.5353894622848,330.2175900171491,97.04137465584269,49.22285515228684
500.1041932956396,330.7772915527811,96.7359908813449,49.20526503974025
501.450798090218,331.09549434924156,96.48151367782364,48.91831078010359
502.3575430098196,331.44384990445,96.07325316868324,48.63630572103636
503.4766303485326,331.35383352358633,95.6801823511587,48.37450838413477
504.65148381873837,331.18984853703614,95.50345214300113,48.21145770756357
507.80775423880834,331.70577664421893,95.20756293326282,48.108022692519704
512.752937751206,332.3805906999745,94.57517434779861,47.95666788213319
515.6760637044871,332.5321875371814,94.17228420042214,47.75176875640967
520.256827597959,333.15725531865854,93.60467616750668,47.64594187971176
523.2155704526372,333.37622295751754,93.22057621178186,47.51103458947396
527.2238172550831,333.4682624862131,92.7767096744561,47.38986222202472
531.822652109331,334.1157616871621,92.1813158143488,47.352923440983986
535.9296407319488,334.22004117372353,91.8359017443148,47.308799660803714
540.328194686205,335.24427701602394,91.47163609044071,47.38408653066153
542.5475936371133,335.979269377531,91.39350160262572,47.22478458123751
547.1444016172142,334.9740715880374,91.2935212015062,47.40540852230813
552.2410309132837,336.20784117697804,91.05276962841008,47.31923774309328
556.0158168733761,336.69319454665157,90.68515972146982,47.266928370746804
560.3291088120432,336.5627135631568,90.41213247713132,47.45909605744566
564.7354198680173,337.36447025684146,90.08114355152337,47.41090519796178
569.0623095264682,338.23972624758363,89.98988903015375,47.36073622928719
574.1336117837506,338.94173448265593,89.7254240114386,47.27643215957905
578.6726841596908,339.46105183878603,89.61889123618174,47.17445511447885
583.1346673204365,340.14423528833544,89.40503367170936,47.06170979359657
585.8624500506403,340.8454345315915,89.00577600396548,46.77517892183065
590.7488966597994,342.0560210359162,88.82704668030067,46.607221464557526
594.9569459233356,342.26717071732224,88.55735718795691,46.609703930864185
599.0998600565715,343.4022858787178,88.26087161099949,46.54006517225145
603.4520996932677,343.7269669275903,87.91848530940898,46.41365819411634
607.1845262193314,345.14238351174674,87.40744294911492,46.397217354065766
610.679494031424,345.60003119240525,87.01860252451453,46.26591708466389
615.743442252366,346.69249940746334,87.13673784380009,46.29898416597656
619.3994410118306,347.88614357892055,86.74145451630758,46.10833846031497
622.7254793289703,348.30675203626373,86.28717279627371,45.8277872126856
627.6540423327745,349.7280870062569,86.01185964724704,45.70796926435272
631.1299569249527,349.61617712297897,85.83764076486194,45.65316980111509
636.0006141256554,350.69455608547975,85.8190207604294,45.800213174254964
640.3533762920856,351.7599552241478,85.73411620143366,45.95876612181819
642.6820132971543,352.3510919577046,85.54502427824079,45.98598271551083
646.3876576652696,353.1021725164166,85.68108976335438,46.083556977305875
648.6707879593706,353.5472759080107,85.48186837879597,46.11999130072316
652.4703810795098,355.34575070193927,85.39592581374941,46.09326862059618
654.8847787853557,355.51065018559973,85.20789177748503,46.362208919670785
657.5782483447099,357.0481442691612,85.02461696160265,46.36140159399381
659.0833506323517,357.30741090126924,85.15255377998061,46.38690573145386
661.8063665659589,358.57700097125604,84.92870370979357,46.359634837925014
664.1832218670247,360.05286043666365,84.8353372315023,46.29520137807233
664.9233744927504,362.0869061699386,84.76008380748155,45.97514319666342
665.4315390195189,361.94077696332783,84.746668109772,45.79954281853364
667.1903447996192,362.41495657814926,84.57797927906368,46.05387776651829
668.1561689136278,363.2998708193952,84.55065176790438,45.93872536377651
669.7757858990321,364.0749688752176,84.38897512245869,46.02733523758242
670.3289244052543,364.27088629096284,84.41439254608785,46.001536672180436
670.6718771405841,364.9506642375184,84.43398243294146,46.022675049203286
672.2631863652155,366.2086307808347,84.19965290122042,46.102498254913776
672.3489293130081,367.4041724616544,84.38529106602753,45.897221167688514
672.7341919828629,368.2732021884361,84.27265974163006,45.672604349661405
674.7460746268564,367.3134258077102,83.99392962515196,45.62472055906537
674.6446665833407,367.9556282529856,84.02908420922579,45.598726003101625
675.6912841272073,368.77465610341454,84.17034285394517,45.79786927494585
676.3103628329202,369.14087627563526,84.35060659177319,45.98001714347127
677.4333054126733,370.02289864304964,84.14941061073354,45.82121430336456
677.5680477073608,370.5765433047726,83.89170501861601,45.61801764940563
678.5878030230938,371.22969883718383,83.75284572286625,45.50462738860692
679.1512359035032,370.85042766968684,83.53190762012851,45.54386510238119
677.6202152105677,371.36519386460805,83.52621977130417,45.403142453082154
676.8984126406091,371.0468573534181,83.7087849389162,45.580274065254365
676.5557149506546,371.7643142902185,83.69725289057946,45.63994177181551
676.3732072764944,372.15518888823436,83.6641132947184,45.60590286335484
675.8343440451413,373.1301728113276,83.66146694706084,45.53586730152345
674.4297430071564,373.16118472159593,83.62332867764796,45.54570234898976
674.4896999853279,374.23984776201456,83.5797557095835,45.47748521209165
673.3120817352802,374.68283168785666,83.7881575977861,45.69794717569986
673.5879855776814,374.64987363030036,83.71384412298858,45.71482898589562
672.9248611873053,374.7368061341204,83.6821777407005,45.832686037505376
672.1684943265196,375.0982483564941,84.05846343656835,46.210779609611286
671.3699441928369,376.00652681093476,84.26288591996783,46.274588191643424
670.495218368287,375.8473538698364,84.29591119653954,46.452338324819536
670.8337634369492,376.24555320983643,84.32313588713411,46.7333640518248
669.9533388373475,377.11337365275335,84.45276724900397,46.82137436056338
669.1720877617186,377.76780181553625,84.66882121720221,46.97732757193144
669.137138836921,378.18814765630515,84.85890431535091,47.20054101028956
668.0227787344886,379.2530048788957,85.06010219469991,47.30248693116684
668.6923086984684,380.2333210487589,84.90371679390863,47.46666337974005
667.8491122073266,381.02778599043677,85.16784734600122,47.694712785439194
669.2120601247598,381.71207153435677,84.9908165910147,47.66004775209594
668.2106432208266,382.7779327121965,85.03706773343755,47.618033963082084
668.432498101413,383.7116400483643,85.15106873905701,47.538151858724405
669.1189027080577,384.74427948360204,85.40409947442193,47.798856989408606
670.6359259347545,385.3733424208923,85.34139653833174,47.82701067396354
670.2698561745487,385.92010543501874,85.5137908066107,47.99817885957783
671.6730554226627,386.2878818163818,85.50759873318853,48.30778770173299
672.6303245032727,387.9747510684307,85.67496736747042,48.51377541681247
671.5103557571339,388.55073004794406,85.69518854924704,48.60249958287731
672.6570658132879,388.79287981659826,85.87736820271647,48.68558327530143
672.1976086340455,390.10818220377706,86.086080046076,48.74131144199908
672.5239382851224,390.4984742120439,86.20875891683487,48.842418166050706
673.161676126678,391.21124793405164,86.48571815498838,49.13510549948577
672.9596472855089,392.1932295707987,86.49611952390703,49.14184976173547
672.6550861133934,392.7157906838036,86.63127404773226,49.18053965330216
674.0179245506201,392.85421795241496,86.6834952464751,49.10445431700052
673.6075328471924,393.7080721326527,87.04698326534736,49.19231370745582
674.3201537634001,394.0218505090995,87.417996067789,49.41482611979198
674.195397876052,394.25286250158206,87.58281844884573,49.662861002758284
674.4082597212017,394.524001144,87.98979316333511,49.84045583496498
674.8307702571382,394.9584449528689,88.12856111819961,50.02136289114683
675.1335686378063,394.9102095603968,88.61123049112527,50.400010587921834
676.202159709693,395.3306284267634,88.91571709620757,50.85076855259175
675.3510832023077,395.7271055393602,89.30808140705969,51.007702437558926
675.6484936079564,395.9649171866851,89.54135710474202,51.37925581393723
677.1824419946407,397.4967857949425,89.99391783755328,51.337908009348645
676.8233237393433,398.2314642514704,90.19713457371117,51.34764727053296
677.239567681329,398.02052235880365,90.44089259370841,51.62800827580571
678.1726563945388,399.3255012187747,90.87117484212419,51.727318410554155
678.1300323806274,400.02179874096345,91.14097589709995,51.80681063023767
679.6907574039024,401.24228626299504,91.43845709635394,51.765832820518995
679.4501282048426,401.4238172212087,91.65452811177539,51.835450408247766
680.6662181232609,402.1899824320625,91.99348932718485,52.31958112049709
681.1099947766567,403.2819238340251,92.09930613615033,52.57854175376671
681.0509666340058,404.19594668688063,92.48632277816428,52.49995936783412
682.7040764492847,405.16814338776544,92.83744534311735,52.6086622604676
682.7433355495571,405.9869770413249,93.26911524529481,52.94781434936759
685.0002593645643,408.0783926308671,93.75630616661101,53.09446906353272
684.2950890548931,407.97499982825684,94.30247116825846,53.390309230904734
687.3898972994023,410.21904218207027,94.5180112916365,53.41283748790791
686.504107731468,411.1635528732994,94.57491273604529,53.856388088787014
690.2729570237054,412.64733054224604,95.1424616491291,54.154207172967205
690.9141968413488,414.7087755126886,95.81805658354429,54.48134469790234
691.8321375770548,415.5325427037737,96.46896004713004,54.931466088895036
692.6363604230942,416.12655950064743,97.04405517612665,55.42346343711078
694.9801504171242,417.16569438148616,97.43112690620629,55.80821233121024
696.1010871548574,418.50718357282506,98.30629406489511,56.31911283761639
698.5552176180429,419.82270559494987,98.92618035913583,56.54876272494628
699.424455865998,420.093768385434,99.30028153999869,56.78560845840835
702.584247031367,422.072624165331,99.71645989804233,57.10327560268537
704.2021017248733,421.67621698391065,100.1449210146461,57.31014310759673
707.8395405257852,424.22841864986117,100.69887746967645,57.3796356115722
707.7456912510655,423.76057791386285,101.20515339810419,57.98554967758205
711.7193681488066,425.6292836310522,101.99166057216553,58.078317934518026
713.3204978509812,425.15612682452735,102.73494088072219,58.77183361613503
716.1416357925866,426.451774580804,103.62587527506876,58.917686388493905
720.3488748018575,428.7759183002396,104.29086502996442,58.91211249637558
722.1752660617561,428.0450913699035,104.68384361856566,59.68414747153065
724.9050344937893,428.81386204005713,105.29594581547329,60.324333353665985
726.8726092222955,428.84158982796214,105.67672767865142,60.87647804955784
730.3082883581801,430.66062862241785,106.54906228179064,61.03890562193178
734.2500351723598,432.1453753983449,107.39291888841653,61.263981419366615
738.2150732985099,433.5254613806528,107.9952656555256,61.23492837221602
740.9922558116465,433.9853920936465,108.7812674696149,61.438416851242714
744.5782816963618,435.053787853273,109.49767347530013,61.70558842097902
747.9722675748418,435.9592223229097,110.20571488286045,62.209418177842075
751.9862767604546,437.7048420006802,111.10009603250889,62.45266587903322
755.7265945556607,439.9878631223284,111.81713614705289,62.71978689715033
759.7229263273874,440.8559856767976,112.54133146742993,63.246462883106304
763.1272384126411,442.4783388004799,113.4306066385058,63.741608348922334
767.5574703330552,443.11007443608753,114.27720647260432,64.03227156581289
771.646723095757,446.183295938343,115.30448669854356,64.2562690443951
776.2180326320674,447.38781942807867,116.44307089588108,64.60802028078989
780.2450980913674,448.76453660135576,117.28837597429062,65.01907091195784
784.4310963509172,450.5251316875865,118.24124384270316,65.3989072268468
788.32407298404,452.1194379441501,119.09922864103274,66.29389380429583
794.617305987102,454.96499198165617,119.94187793031887,66.98892750632228
798.3400281217354,456.64378119710364,121.15759699113029,67.62823723613288
804.1769146702984,458.4537798629063,122.20685207698762,68.54624191868777
808.2070203239131,460.2882979056509,123.29741095713612,69.00714634299464
812.6392460273521,462.49071588179555,124.51388835274844,69.8785359575694
818.7884253349315,465.45777883550835,125.67395335209162,70.52902528070406
822.9775102291459,466.5304178448142,126.7535710773956,71.5693744841535
828.3849280649032,468.9527444011805,127.90054933257784,72.1933760039893
833.2892232776479,470.53351576465803,128.96489515586777,72.98510991125055
837.8798118291618,472.6762807561985,130.24529165360894,73.72967550540966
844.5586005671297,475.14426380263507,131.34187296063206,74.76329053970323
848.5962725408853,476.935552012818,132.42195027014014,75.57357357826069
852.0841832901715,479.9494758693061,133.67233745839633,76.15988687984138
856.2604601928247,481.3813666750844,135.07110926038973,76.9397667673082
859.1397636130195,483.02110555508426,136.18724588160904,77.87186689961197
862.5451452673466,485.7655187976937,137.52027949373104,78.65244434887188
864.186654584906,486.66249786999913,138.4864507122804,79.70610025417245
865.3947816769246,488.2062123258983,139.42852081756507,80.58459274435162
866.3942417594008,490.6665048793121,140.65843957320615,81.55712172748993
868.041631014807,491.23878605410556,141.590459596787,82.69771109795003
865.4504132805403,492.92882315656817,142.9784485969671,83.92418186449086
865.2700048006584,495.3306965940356,143.97778287688686,84.64595102272855
863.4276443822448,496.5748162445219,145.3623402062527,85.43639657626346
861.6746129940364,498.4364172778793,146.64102556796624,85.97066654781767
860.1037899579862,499.2227489946001,147.70198411717809,86.77003551832199
858.2769290309534,500.6397897158467,148.7968137211828,87.42329118825559
856.1052405214622,502.94994162326867,149.60808410221057,87.69087628179786
855.8768175058545,503.98900650928675,150.27752741416663,87.76069310590731
853.5199109390082,504.84725170441544,151.48413625365453,88.30379453350575
851.7321974194949,506.47972095656746,152.2248407737603,88.5999014374506
849.3498478059712,508.0296007726041,153.0391777953022,89.09573978778397
848.243376772308,509.75626223633026,153.56686993796882,89.60554614232933
847.4003484283531,510.3008500991706,154.59223745074982,90.09240067101274
844.8983630115597,512.1246340166772,155.25866527362484,90.58911946853722
844.979783206573,513.8077117484813,155.9033974272194,90.84435649340878
843.2494563704354,514.7610070284425,156.68812799044005,91.54570565364017
844.9688792727608,516.5104117309717,157.62976533627153,91.66206052851958
