597.5,395.5,27.0,44.0
596.3524870687605,394.69542799052357,26.72927979352454,44.05144582874061
593.7833477076733,393.75920865740676,26.078580415875855,44.211765869333355
591.9926281011443,394.17962179914946,25.703146212033186,43.885321352167225
591.2722951366834,392.74499526198446,25.30800314856916,43.22224915870552
589.0259131947298,393.13649304668667,25.11797198471629,42.58362158217902
587.2208172687782,394.1332034811424,25.2072287780259,42.47987990676428
585.5915502686057,395.09329008331486,25.49147503003397,43.10392881888974
583.5288522703574,395.26801180801795,25.76962843276538,43.30355310515546
582.1797361324127,395.1487599224799,26.27434159320672,43.860852646638335
581.3938708580866,395.7705030585099,26.3830315515726,44.43956309660895
580.0917505680873,395.66602263598975,25.91193186057524,44.020628049982896
578.877331827675,395.74979847043943,25.42697410862706,43.314460081454314
577.1870012283393,394.3183090446005,25.180707216249115,42.55613656687551
577.4869691096044,394.9533989120121,24.722436182241335,41.17899106669513
576.6826675043482,393.84630124696463,24.430752360626393,39.83114630622919
575.6136788256445,394.3259838462448,23.977923949067208,39.84653532195567
574.3050482876545,394.220463107817,23.795682890724127,40.32790841998138
574.4551124357757,393.59800388666986,24.006585924113377,41.39288197451833
574.2212432353756,393.27797913135754,24.579436989315113,43.53332880970505
573.4298254997134,391.523336680819,25.529487080752887,44.70198294105246
571.9539392115161,391.6942688451834,26.23376376748398,45.12826745179749
569.4513132217014,390.581543479413,26.396448303265487,44.60664763241955
567.2553049232876,390.0165412217679,26.403127070503498,44.64685083621686
567.0587377102206,388.8981656892831,26.082480676267465,43.59685396875251
565.200221224269,387.5690294103617,25.953957389015557,42.62008338236919
563.2402578423215,387.22487138393006,25.649270486376015,42.164502855490056
561.7358263441005,387.12974018478474,25.854669546966143,42.10633790743191
561.0897141708409,386.7157065702419,26.02791801572338,43.21552740376383
559.000022769977,386.0108661483309,26.24934211917854,44.24805866567668
555.7720732524018,383.67002659971445,26.50834650863797,44.532355980377844
553.7665555009785,384.797715668648,26.88974047858668,44.92223722285137
551.4052620564861,384.44782733720814,26.82205846956128,45.06033726429393
548.6544954163019,382.93339741215084,26.848644774221636,44.483715489805235
545.5911712658491,382.2206540064307,26.96129695085953,43.343974554282
541.8169850212304,380.3565997866826,26.641257899111928,42.41779756287011
538.7505420770209,378.05598947422226,26.025369735864547,41.8187022354897
536.4343689698566,377.4113901394297,25.660894546689907,41.01414494461028
534.2841511525514,377.08436318702,25.420317417323112,41.267528946866584
532.9717284400518,376.9176771757953,25.967281744528762,41.63727668564469
530.754031924996,374.05677804288996,26.26391420792894,41.73265588407254
528.8310751295573,371.1296303622639,26.612754625283177,41.79306935216663
527.4074999790913,372.27062423470085,26.63303806105736,42.076628358315105
528.9500258890699,371.96457904387773,26.56921288561609,41.63757092139596
528.1930993705288,371.1248903022241,26.16704684062884,40.70169924775135
528.8824925763943,368.7088655269601,25.84616038083282,40.097294025330186
530.0912048861043,366.74104327105374,26.03472450233388,39.387235221407956
530.6089923791372,364.464153141885,25.96481259171499,38.77390599030459
531.9843310619839,362.9197052181441,25.83711868167968,38.38471727357744
534.9781889531416,360.8912743543015,25.646224493602418,38.655987875774294
539.50430832392,359.3467527603583,25.502877429902075,40.00187415371806
544.2223416804053,357.41314140805713,25.54084216529584,40.951606852827226
548.127394102428,355.01817603652603,25.698238961570173,41.38701727499715
554.8989059138854,354.13657505973555,25.374511794038675,41.334928777528226
561.6403516408761,352.649134817119,25.296816529937672,40.768661077031425
568.819465303716,349.486984573875,24.926930535739668,40.50104834025274
576.2375624918081,347.1612729967237,24.595695266000885,40.506511163592236
582.3123570499312,344.2669657133605,24.771506502232715,39.7691361978479
588.9195924554286,341.4592736638161,24.48785520265138,38.950508837586206
594.2640712806228,340.46206719430563,24.83024101234596,39.00194530184507
601.0188564757295,336.7429960760816,24.78354408099493,39.57776902251557
607.5695041977842,334.28289994494173,24.712308451338597,40.21508908478309
613.4974557466296,332.6623740788814,24.510364627940003,40.64987522432871
619.144035498073,331.58497212605226,24.402811127860726,40.923730824856946
621.6257761958902,328.498237042227,24.10338031129743,40.37124645988422
627.5402877167891,326.08252316626044,23.47464604208274,40.76476413186124
632.7358328067393,324.1803594743648,23.293114349120852,40.748371796719454
635.7660160142075,322.81131980146966,22.83245553763885,41.052349560936236
638.872746820248,322.67717904080246,23.531431364522643,40.18763082763968
642.0317749814074,321.2736753535451,23.938948581937844,40.28922509905071
644.9636556513016,319.4552443961983,24.313077008842654,40.29394852306742
647.5600803694111,318.13566409196613,24.504450080100142,40.487510767655415
649.8693873582424,315.92951203125546,24.03438899702998,40.50128440583087
652.1865820322699,315.31060511865326,23.951163322375763,40.06302134199723
653.9015038590211,313.7107908366762,23.559323113545037,39.46160019663131
654.5567227774966,311.37423203375704,23.50971126822462,38.97493443912733
655.2204684993887,308.9968775159849,23.073956927902536,39.72410691842768
654.0395348507627,304.57919699054463,22.646493742671694,39.502726254830684
655.8186435337179,303.6240270127453,22.527628650702432,39.817598046939125
654.5231544575245,301.23217416151124,22.874991652637537,39.78521841081464
655.3791231606102,299.91429652703215,22.989163178961167,40.105770728341525
654.6568332930661,298.1996614664476,22.930768403856515,40.32922195798539
654.3557479982417,296.7034210157148,23.005745328001083,40.14433421855132
655.5940642151963,295.27721221029776,23.40029128268717,39.66067795395814
656.0666617894841,293.9919292203639,23.179597028658247,40.00719150462664
656.8992621511728,291.4065589800176,23.1111589624463,40.081908902586015
656.4648859075951,288.6677896999337,23.119547966172902,40.433060343460774
654.8782331528014,287.1881866533842,23.146343828390865,41.303231402379986
654.0502755616556,285.3046953061393,23.736021561036527,41.436953369941044
653.2802274579252,282.9815663016763,23.86653241178492,41.63858123284045
652.545922187459,281.08468110624403,24.187747937954367,41.86251500718896
652.1590982612737,278.53810865287716,23.941402961955895,41.97569613447322
651.9338046647164,276.6720419253491,23.555959969847933,41.6175066181853
653.9049765857101,277.330147071466,23.66924728859658,41.07970580700008
652.3258137523007,275.1543812881656,23.938933028504735,40.96480146432968
653.757233899767,271.1626364876707,23.600919021795512,41.77414775095788
654.6968437033305,267.57735242917636,22.55348127883496,42.1279896602134
656.6247159467696,267.077092401258,22.149347118723767,42.28456468965239
657.6305638119172,263.4090642412531,21.042537276528034,43.43974380095259
659.4798002034471,262.79530837420435,20.176393289855056,44.270524873657784
662.2181277670454,260.6264645210655,18.93942798962371,45.01246916219568
664.9048859832001,259.3814791383886,18.18048122131578,45.51898105093962
666.9265189462424,259.0379442399851,18.562959828769984,45.84829706428218
671.4158320720593,259.02277815237437,18.5431405687135,46.22645384282279
673.4312449996225,257.21562971669795,19.022298253168124,45.70007230841399
676.0830636482494,254.2860100694394,19.04730904627698,45.46853658996105
679.0436967742756,252.31324650689857,18.97241682910623,45.23182227522342
684.028520421419,251.6309421914352,19.003294055693377,45.34455550560691
686.9399140814927,250.2301546974562,18.860485583049766,45.27253263322864
689.6103711068323,249.89729146947315,18.540095080496815,45.613941633902954
695.7745472700445,249.33684541100888,17.819408769697326,45.93318948517984
698.3979837583869,249.29385950466138,17.31240586442361,45.78731796045816
702.7040381246193,247.56638923061377,17.164685979310065,46.26449890886771
704.6236325811881,247.38255550155284,17.58426610151166,46.00219420712703
708.2815621014382,245.12581274122226,18.27711029282305,45.971797357793086
710.2883620742572,241.69052774241848,18.08499658184997,45.55706233220728
712.7569459118824,241.2761907433446,18.4453476367631,45.00773773988567
718.2799581465965,241.96629850584048,18.363368691932013,45.32399426365336
720.8513584319536,240.40266060159163,18.188056410097364,45.76848885266868
723.8200344965694,241.6557064045337,17.989242546093916,46.30049057526049
729.6945233121011,241.22747046022837,17.362650893729345,46.70403812290777
731.9796951659794,240.74128130562187,17.120362090910472,46.82239905522109
733.1225229831804,242.15376225990636,17.498843819942273,47.03113785122668
735.5756842194266,241.7187104720802,17.855069317267972,47.9594502687095
736.1166412783867,240.27070494625457,18.459499226866924,47.543441733797614
737.2289138312744,238.60448272746925,18.686124803998567,46.462585657147095
737.7075643490589,238.541731884781,19.257681237988535,45.47731520965003
738.2448096921327,238.85098567972557,19.630791274153818,45.254768546770485
737.4857836391915,238.70964429242156,20.02879175764549,45.35343269456936
737.4849305167294,239.4088157721181,20.045511841687897,45.59465806403375
740.1264216974838,238.69199686294104,19.10291205616775,46.44857925955843
739.1466866710476,239.03589564967177,18.651483900421812,47.1600550816353
739.4899370151322,238.70967836740138,19.095309602519176,48.461425321797094
740.0058494589533,238.76646712889286,19.889889524828803,49.750822762002294
740.8241229470513,237.62659574829468,20.200974384570276,50.31774821191176
742.6997895554118,236.07379285728737,19.836729466646787,51.10120996240171
743.8469418313848,234.43938408709587,19.76043343291984,50.71740504146572
744.198557457569,232.48900951131185,19.98764266602887,49.90665545569857
744.220021928136,232.75572705552528,20.47533906821755,49.272728523154065
745.2777462268369,234.12522672781336,21.047267446828894,48.72924648013737
747.4902119620567,235.83277741868918,20.39833623769625,49.00642324512948
749.6921807776383,235.5340053180612,19.72663642238981,49.890393424330796
753.081536154617,235.56981353456536,19.93999157495729,50.609570112183505
752.6546081783929,237.1834615760954,19.380717482468388,51.48238980518546
752.6171133157712,238.18004547744346,19.454679802333146,52.71741719291904
755.9333782041607,236.46071217223488,19.641859803386257,52.857640485922836
755.9607567216195,236.21375717500428,19.770528671789037,52.780476590651716
758.4772324461239,234.0598661483729,20.976616167024556,51.79786958294033
758.9316764742389,234.6214358643748,21.91360647345033,50.31058683895914
758.7821617213368,234.95220963827407,22.549511686165594,49.26740720154573
760.34689682049,234.58944574203184,22.174133465932368,49.18477766923924
761.9105770111934,235.04399538248404,21.051522144202714,49.625114433027825
765.4218759570964,237.77851056700376,20.530966545945084,50.93050814006871
765.3927995047288,236.23471526841217,20.43898010396144,51.097871924889176
768.5701833286222,238.93963656032432,20.712901268430723,52.005772165619376
768.7757102740497,235.88610241613983,20.50788555458897,53.08476142109036
769.2701742532018,232.41520392733992,20.74760804699121,52.11101245829107
771.7380282264758,232.08344552826662,21.314746818277868,51.525210537527414
773.4632924032866,231.54422318755115,21.839135876460347,51.90099841344305
772.571653165863,232.6076169093684,22.351956368290512,52.02546219051169
774.7394957766461,231.63390102802396,22.162475141475323,52.820580482360114
777.7341796244344,231.51393505787814,21.56681567496377,53.66065883550119
780.8383097969598,232.49731836018836,21.51517821657048,54.678569307220485
780.8496956052616,237.24478318485254,21.17780067846013,56.807000291742206
779.5454705968185,237.65666879528933,21.507373437045565,58.488730341162785
779.223520370654,235.08508291287893,22.1734603456228,60.26711667316808
781.3439885280492,236.3559668782853,22.539851968912146,61.932782919753976
781.3869098120153,234.42075959809117,23.13887243189033,63.03341684430852
782.2210886406556,232.3597244577054,23.629523992825824,64.03903562323376
781.4812501087036,232.36702014699938,24.289136512051936,64.60066273047804
781.1689843504524,231.44875874209603,24.646396420440247,65.77154941805797
784.0122201999814,232.2924095208209,25.193817162178245,67.59983042210115
783.4878159684877,232.29244465933044,25.360328884156914,68.64300438775022
787.2062858941956,253.35542912808572,26.65438230361506,66.60347649027877
785.9780631108454,254.9194784645711,27.71813363546743,64.50534464851526
790.1414468941206,258.43542376553626,29.277629916268133,63.310715246536134
789.3563823327568,258.4188074081987,29.525342375825947,62.334790542006495
788.7988760054993,257.9627243222225,30.03761390809486,61.871716388031146
781.2755498050022,257.890141672941,29.210884694404033,63.18127546920988
775.1088456642183,256.16562662150983,28.65018706471709,64.97439019254796
773.103930168134,256.9178935942356,28.742622465149925,64.7899051753572
769.6114073278737,254.40216445690857,29.771484712137593,65.08630943389801
761.7544347732961,252.13083167405605,31.01545816449361,64.92276629370092
755.7647552628051,249.96921933898406,31.557855057790004,63.587079735665
749.6353792706716,242.64085680332101,30.833460374576667,63.694103116317244
742.8863222165003,242.55636787406038,29.696196599008058,65.08350646140316
742.0530046763438,247.93925879605433,29.59136888120254,64.38772621958807
736.4187321138262,247.27404116909048,29.530875386242492,64.21550239110312
731.2273840406075,246.90717384616437,29.54422205300468,64.32748745704886
731.1791581192978,251.29735766294118,29.450919275429683,63.85093661884436
724.6494988010135,254.76040495474666,30.097353199779022,63.461766397416014
718.2484469991668,252.5443599703446,30.780500237615303,62.46164258295596
714.2414216243095,252.13858567692043,31.779494377222694,61.603237823551886
705.0804382953353,248.41509717951624,32.653697592177984,59.978138020874866
701.4038831707194,248.84106300629293,32.915229834665354,58.35886773378424
694.4130320871176,248.9938325269138,32.47086178855093,57.563558458911366
692.7699195534199,255.30831208581046,31.54378424364173,57.927797735893435
688.6546181141296,255.36312174313244,30.459367514678526,58.169564282884664
683.7553428151977,255.26283942402222,29.916142218377196,57.48533981187504
677.1528622564048,252.8289368702361,30.438779880152467,57.577081477217064
669.4454177654195,249.06645445270772,30.9485813911147,58.03395921129119
661.1656471989019,249.89115984159318,31.676238139994698,57.844344742991396
652.5190398833306,247.12919262074348,33.11588850874696,56.122521128050124
649.2846606810315,248.72306137912184,33.04477188282773,56.03044262885629
652.5486219153288,252.74479711127094,32.72706545961273,55.51501157364625
650.2871654984193,255.2265959298111,32.143848647130476,56.15790407175876
647.2557863294275,255.56021069807502,31.978797079108325,55.73796605546889
646.0792464180729,255.08703548722093,31.482960132789636,56.387039235231754
645.3171315875159,255.0519077892235,30.9145396188092,57.0112056019145
646.5812295688172,255.78512222250848,30.464039025926965,58.751024541893614
647.2668116617325,255.46211717053922,30.467310622528924,59.57357302383238
649.9103164765082,256.1128848794054,31.147593301784713,61.22023139462847
650.1826831556008,254.22424753163904,31.993356078357678,60.29084105109871
649.443209183035,248.5315032937948,32.70554844258702,58.71508589733165
651.8641090664518,249.36960523319595,33.13652146475516,58.130796791516644
651.8968557012262,247.98799809206218,32.53171654779112,58.68729787416873
657.0023850855956,249.67405982824732,31.632989932372617,58.62794047693275
661.8835702599696,251.896261201745,30.074270058172957,59.16228557463339
664.3632367274546,251.35121614710613,29.320434864902175,59.835645697243514
671.1630123637676,252.74910583648776,28.88808654180005,60.47404228665045
678.391152430051,253.40365970352957,28.73708423363526,59.91049925173982
684.7172610577708,254.0014212354676,28.5816130414281,59.50589036575835
688.1685332947347,250.3872482446301,28.90800523971084,59.657986747976544
690.5254625035944,249.3260219907992,29.855241010681574,58.879111407203865
693.8327534215797,249.94398071366322,30.302589831144125,58.568901003693114
701.1523161094501,251.91461377430127,29.857097534932212,58.63124358603029
707.8640190803469,253.3982321880356,28.609641643492555,59.75732379042202
713.9936867789875,256.7677450690421,27.60089275591593,60.92410075515449
720.4411304132709,259.60669880333785,27.261484537031635,61.294285174990875
726.4233178413933,262.8617192317803,27.386122780457235,61.45793940553885
733.5282940048228,268.4530828086299,26.964795217087122,63.03824421137327
738.33988971815,267.52353186537897,27.164413963467513,63.379917342114936
743.1803750019154,265.9589082205196,27.185511724794065,63.44236809061965
745.8473023499607,265.17252431990636,27.585978146104573,63.00528586666916
747.813900547038,264.5280861057438,28.58778932412396,62.12043716682049
750.6714158330917,265.4854943400403,28.842381364016134,61.67189102579546
750.309061933068,266.8306361874992,28.8310800431223,61.43495596750495
751.0990864659213,268.47286669687236,27.798204656290537,62.708822623624314
752.0645055419604,267.5747413484883,26.42840154125308,64.65345155847434
751.657033439007,262.35437812006666,25.83089960591712,65.314448172178
752.6131078082268,270.0040282813759,25.513914928070164,65.04850737714737
751.8251691463406,270.6140260343727,26.363504767673376,65.06013814335527
749.4088784276975,270.687060576316,28.142145431949537,65.2990645795836
742.9746100629959,262.67838670760943,29.63845926096201,64.50114856882782
737.2269834900223,260.6170621911964,30.53364622191148,64.90621537585432
740.8148122775859,268.6759673280988,31.37825327233375,65.14394251660033
737.8900583526878,270.89992219017955,30.972177359007485,66.09046867500716
734.9485419522226,273.3226626511876,30.264220093409445,66.01020553405799
727.302905110127,273.7545402146749,29.93244594892643,66.33032048421663
724.858857466922,276.8633225240585,29.794102045425362,67.11339959561292
718.7850143343829,276.7409935069772,30.57420122096505,66.59741098852113
715.4917734743198,275.4388935142506,30.93375327647962,67.62760417809119
711.9384114906183,275.03092519682536,31.39864107750069,67.90972566744908
707.334875421378,274.55640245275936,31.965918866310908,68.7397181345077
703.4343716780122,275.76635977480606,32.57878071553014,68.55628205753769
696.4986896581975,272.5005724516501,32.203886019503045,68.99880641088092
696.3453165894387,278.3456562314404,30.89165699451443,71.23341588224511
694.5832231537745,278.0613323400186,29.570798299283894,73.54361613720319
688.0199418167409,275.4145654467335,28.83270452498693,74.96090251776758
681.9840269712064,271.48797708166865,29.093905325064704,75.28674980301201
679.0932059880869,273.4132390810489,29.69766938831905,75.62213889018902
676.7073337439075,273.2965630181311,30.534529090072056,75.85541889659456
674.0731626163205,274.3232221934873,32.29943048831247,75.96716345024004
669.5280757629765,276.90438577659336,32.82814942205126,74.95280505310149
668.1763930314459,275.70006610622346,33.700013758823175,73.34436980888024
665.0146330412052,272.66288178058886,33.57330933973771,73.20834503134697
663.4660609585763,276.4634670735776,33.31042142339142,73.50344090578828
662.3460935324053,273.75975681015757,33.12074220865584,73.63326543577163
662.0815846488629,276.5439325425193,33.15285357601391,74.24677203379218
661.2179651530547,276.17686303281346,32.798375076480426,74.17601308920331
661.8991910289398,276.1121903670072,32.97591935265667,73.83770681520969
663.6490722892771,279.0324650748076,32.830595136883176,73.43509084458569
663.3790680912637,280.59063767662906,32.79871282112576,73.27050688667029
663.2184108351764,281.4957777621495,33.0944359561312,73.77793902260584
662.344217019605,281.74699762488734,33.66799684605563,73.51409622822996
660.5109333930633,278.16301567925683,33.4682084415614,72.94903027711423
660.5196858925117,278.54677310969316,33.391950253965106,72.08184242073393
660.469280455145,283.55730029894795,32.599399381433585,73.27147377220477
660.3774787240185,279.8701040915706,31.522415747472433,74.8215473011562
659.713020915445,271.7364897951647,31.37390054415433,74.94019915751785
660.3795636188789,273.14088016050033,31.628492258448873,74.35782214007293
661.6722154134713,276.5990524983833,31.54101929861286,74.84506575928992
662.9442496745131,278.3917059625,31.672798783731494,76.15789878466977
664.262507916862,282.1233024095415,32.03199267195855,76.54836456673426
664.9686085469718,282.7620865411487,32.44380297599349,76.54103827930417
666.3085755079231,287.86834528218367,31.977642543089424,76.36594869945591
666.8768997964396,288.4600128722836,31.641324426128033,76.03495254856816
667.7446124135344,290.23251872478113,31.742110277257943,75.27768465041214
667.8203267451496,290.70666045681156,31.678603822038713,75.74513142431206
667.8518242644486,294.27106422818827,31.66796965338477,78.1238579086583
666.133043504099,290.1492625717289,32.11632581367152,78.71858360087991
666.6531581472442,288.76393213254556,32.19888281087394,78.74164678484962
665.6161868803814,289.78707874377176,32.1166063390149,78.15525131897377
665.1230908530003,290.15580340857036,32.104367605259995,78.16118962889912
663.768289864951,291.455909568745,32.06108495497014,78.33316168049807
661.9933701903675,293.6534068404882,31.806199134001616,78.83511881242683
662.6377614341808,297.73485729368093,31.03856163252778,81.71020942978392
660.3995376896456,299.1078895133975,31.442500786484487,82.68439845791072
657.3770187378058,301.67865826598467,31.49174200971386,84.10247179639474
656.0065763391675,296.86818900736586,31.087159525648737,85.21982163717976
654.5134681905627,293.4156399734044,31.070134760694184,85.941751770685
654.3277976990242,293.5788949742308,31.51671875488792,86.97623813457925
651.8058928994628,291.16609921499696,32.66272290166396,86.30329401995976
650.2986355974484,291.36218438791093,33.61232757069522,85.4663848092332
649.2538301362952,294.5125607745116,34.20350895618222,85.30091598302289
649.1325850815554,293.89067057886024,34.75651038649128,85.10878650703891
649.021809328569,300.21044558245165,35.135784425213096,85.52471459586432
647.689481012284,300.5735153954462,35.31795504818553,85.32784061204143
647.4297764983547,302.94906862950364,34.7934619173067,86.67035444421946
647.796577409714,303.16192706877314,34.90239195446292,87.7973991203985
646.4764788162772,300.912536953354,35.9359660877859,87.10104614200827
646.6614884044151,297.7705992361197,36.25632992857313,87.03182604501322
645.0378697002711,295.75178148298534,36.52764904386174,87.56098505553912
646.005011725184,295.8181552351524,36.996390859590946,87.83687698220479
648.4501413389751,297.9749859552172,36.69272382942705,89.22882486366942
651.020643380746,299.0660776018441,35.23861821580996,91.55863211759585
651.6406541321425,299.87867456105977,33.84678040451866,92.05363120377265
652.7793785473789,301.0365853354697,33.47213475664791,91.81801342654404
653.5154154029472,301.9707567800067,32.82499666057399,92.32499287938892
655.8896682645185,298.07087193655696,32.813092766960125,91.78644469519459
661.6738464124819,297.73061870689054,32.97271327004462,92.07489683514576
662.3606260137399,294.7344008088713,33.83078272391586,91.39241779430057
665.6493070062636,294.6459734073511,33.97775259464241,92.21289022734592
668.3957207122323,294.7614984490556,34.73808041418074,92.10316948874609
671.0988571935441,295.1461672758155,34.55655463249595,92.31462012572689
678.108586272101,299.3524318424746,34.793398355265026,92.40473553128807
683.038033729152,307.21087838685986,34.79660785705654,92.63229186726119
685.4331362133765,312.89747032804826,35.07480136425444,91.90907994685948
688.618116346114,310.45272353592225,34.85960098266018,91.55740741630443
692.8291396521681,308.9760429831177,34.54181576886738,91.16389929164316
701.1219589083887,309.9336606005278,34.44738628657748,90.71839669899673
705.5452489684228,307.98494300877985,34.659314085820924,90.40393307878168
711.5663875125409,306.9841769697409,34.96315687826076,88.94694545967026
715.4959662501739,308.1216010361959,34.77434566306578,88.51552534246913
721.3912813353038,307.98959418158694,34.81218476923419,88.61917682293588
726.7576018425739,308.6168440717238,34.84294192516512,88.41831001728681
731.3532243371047,315.02742855633136,34.575732008430094,88.47891308939244
734.0481996010816,314.2500010882527,33.436962606117234,90.39999952665225
739.7001445170083,313.8402936160922,32.53419105276727,91.97498446542286
741.9663702516042,313.3240132381473,31.568625054919504,93.04025007383403
744.9040964014391,311.9405406726588,31.26058322430485,92.29467989833825
748.2630965283461,310.32073705631234,31.138483982911527,91.7645928027231
751.7391290956446,310.2491966597505,31.274550276079477,90.77715074867109
756.5150949803821,304.8223132647808,31.841886923962836,89.93788336655248
760.2632063197207,306.42718941933504,32.75093577543693,89.88153648537671
763.8576816454981,308.8013310076445,33.52657948804837,89.94738123081594
765.4865236538587,312.4255636655121,33.89145764135572,88.58135076005152
767.7708411584489,313.4492462915647,33.45801598010637,88.47589815900827
768.6184823970872,315.7624863688209,33.072476072753204,88.48463900898193
769.6966997179557,318.13473729306156,32.85388737637465,88.20835405655775
771.9593287860225,313.1573664182458,32.25471447392918,88.28679404074737
772.6291988511871,317.31676043613226,32.12449015361293,87.61304413287363
772.1305205479922,320.08146956833946,31.786661709038267,86.64131362785861
771.4390105903291,322.04796677364004,31.479451016378114,86.59497669368261
770.5585376465094,323.1464733826356,31.271460460688484,86.4933814520709
769.6031715251577,323.0944140589219,31.072101970817634,87.61558093007228
767.8151478273129,323.7154550275378,31.16380178464368,87.61134274474787
765.8106532994391,326.3993775527058,31.240433529142482,89.57912715760762
765.0792370951102,324.7764016060072,30.839936169619573,91.76967259977965
764.5567578477046,319.63502578115805,29.9862346006872,91.78519516927774
761.4956580351934,319.1959827702302,29.404349829347122,90.11634682490713
759.7578720755986,320.3850406701796,28.762517287629784,89.08517595317767
757.3982102872117,316.74889844675914,28.708581224663813,89.55237712517722
754.4709150077041,320.368792088473,29.82534305214199,89.29429073896625
751.8241129463223,323.75814565518067,31.235911276696932,88.55531510808399
749.3675261694223,324.1746854922668,32.6898541691049,86.8923188971037
747.7829981481448,323.7943305750506,33.25908316049718,85.318064456176
746.0576677193206,321.82241816612037,33.18233994824483,83.76116114369582
744.6857365032484,323.8326131343225,32.79288061830431,82.08448282190038
738.3120039332302,328.7369088948854,32.23204574003023,81.1384773221979
735.2835475282519,326.2432619884248,31.374677181731116,78.88036450746404
729.7510340852501,329.94230857937123,30.453195698288923,79.39348138569085
726.1873013441681,329.97741774648773,30.309986474947692,80.07127839560076
722.1215866742544,331.033853840742,30.39790251674021,80.58986663533013
717.1673704444918,330.98872174442965,30.93376112372647,81.84579550080636
712.604647393504,331.35271841806104,31.434671665094136,82.29232991786394
708.5414930799762,331.1214228254697,31.29216239053843,81.80453702263665
705.5600118371027,330.8072403561889,31.12853653171138,80.6174909895567
702.1957344789894,330.5182881226124,31.538996040723724,78.95395969048965
696.3475555981652,332.0704531642881,30.813520764042167,77.7879146003099
692.6053397544744,331.7473967218804,30.00295142145556,77.21051769661206
688.6424466345132,330.7916339430495,29.79810716821371,77.19048834075319
684.5535371616062,330.7789805037826,29.962425900404586,77.22035392221781
679.9668796630946,332.09973031035906,30.768724105130513,77.24459360693159
675.185063563887,333.50834799671844,32.099766581866085,77.25584944515036
670.7992893263302,331.6695799387393,33.38484578818093,75.38748330891147
668.7505197671046,331.90870229579417,33.608255372864164,73.41272129419585
665.5608570734743,332.96479721687695,33.188011630181194,72.1355187943879
662.6525893193264,333.87413263458933,32.48735286738938,71.24634293596056
660.7863657965673,335.0597041379757,31.57474032733613,70.8784691247445
658.2216979863596,337.289357815951,30.75359262560795,71.7724461277721
655.0874358645985,334.20374494334527,30.209051340260338,72.18076675213402
649.7816279223017,335.50834197704376,29.85791774365288,75.06630983302192
649.9050517970874,333.8636167934683,29.32724835168274,76.11340556874893
648.4093176319792,334.0268848874207,28.832729257048587,77.04664370812225
646.9450096442803,333.2633301726775,28.147289122064347,78.74810502352342
647.0996783362147,332.7124011642441,28.0242532825044,78.92319998268144
647.1079937113434,334.9111977377709,28.492597393391968,78.91322871520549
647.7545553343429,333.72792625608383,28.582190803124156,77.55721914066157
648.7535836382042,335.91479954650794,28.707652900769617,77.54651491439711
648.9937175063318,333.45363635181764,28.835917176023248,74.97904514212604
651.194067942952,333.2925943348844,28.17917835226723,73.03629906353527
652.725932803165,334.4701076722017,28.02378479440808,72.09991002222438
653.5074075758789,334.1012778590915,27.78361859992488,71.93012052220121
653.2753353495509,336.883017791718,28.4053575098497,72.46643504476565
655.0931383425809,335.3865222609563,28.55464265232966,72.33931130297469
657.0890639345579,333.9493094821837,28.33985626863812,70.99619516587876
658.8977694124006,336.5339166866638,28.09544903418985,70.07492749611541
660.1579110109165,337.12111588427217,28.12472948347485,69.558654978279
661.1620011096024,339.2283351746335,27.970085891937853,69.42662625625994
663.2398235100492,339.4166153974207,27.626259690745194,69.51281266928241
664.1099969634935,337.7048892824223,26.96968091320539,70.77977361967717
665.0653319134267,336.65078887685286,26.74450913173939,70.33656470944157
668.4944963635878,335.91987772418867,26.55896074518065,71.76424827566083
667.513049771145,335.3120287807552,26.63676667840308,74.28831269962194
667.3821404792109,333.90824647353384,26.509312602254447,75.86746540114649
666.4695234983604,334.6546901675174,27.001870510908066,77.11664487337842
667.9701396323809,332.3692229491341,26.56728219619054,76.79386774321993
668.2980911062323,330.4510389923982,26.23782569228397,74.38685606379629
668.8830701719,332.82559626724236,26.016827149952974,72.4077472170803
669.4201601211179,334.33208274216196,26.184692534834785,70.15787739472073
667.0955647042639,335.059256113223,25.876985632946916,70.36128185518191
666.0008689116551,334.37499213131207,25.815537746347747,70.95404964520623
664.3640284916969,333.9223261654842,25.79721614676514,71.11213012584639
662.4688365117786,334.8820321950678,25.760533923511474,71.60993293713217
656.6321508602857,333.9515291558511,26.488929373530993,72.66829804104381
655.214170582793,333.5700097999519,26.99962046783829,73.47470908961732
651.1771178788309,335.03918217222406,27.194277938750638,73.83200076055462
650.089478023673,334.5734119385035,26.989918977191543,72.50939679783514
646.0035608289837,335.69572614942183,26.984556863884485,71.4830083986578
643.821290612027,336.9202017430765,26.74497608960707,70.9165333027334
640.7227245999902,334.3258185669181,25.867506940279863,71.1191284094752
638.7601836389102,333.6663985586596,25.27455345060497,70.63133447671242
637.246051731062,332.83748374119824,24.81193916113785,71.24192647697633
634.2903978182451,332.0807003203539,24.627720768357438,71.55975190364126
631.3713353497899,330.1846310190988,24.283030153510126,71.2907885926993
629.7167319865927,329.9462622311372,23.9692512784793,70.62664045790626
628.064017222256,329.85030369010434,23.8668972988519,70.42099855283134
627.2546578758405,328.70680954244773,24.540314995379276,70.34996868827814
626.1179005555294,329.31694412151825,25.21925244274119,69.97696602536497
625.0750663596306,329.42907882717384,25.840442937848664,69.62387637355614
625.1715610202091,328.31460511049096,26.307976673675547,69.55332644097041
625.1911297219505,328.4928983420142,27.160329848844263,70.42929500970033
625.1029124775114,327.370563701005,27.710604222718718,71.16048470130279
624.9205668621804,327.04113995886416,28.52285254509365,71.68728314657824
625.7551726442954,326.2504699501077,28.596251435423117,73.79899429360404
627.4090135023588,324.981032614465,28.930634529095407,75.22691038868693
630.1099534043442,322.1557428229645,28.715685381557655,74.03318445639871
631.475642330897,324.12488122774795,28.860897780374614,72.97994959896495
633.5497161297086,325.281858019847,28.57705496371166,72.29215317934056
638.4847486573336,327.845044001758,28.53769841218461,71.84839458832116
639.6703988617826,325.0416690467717,28.26594085950311,71.72345838302896
640.7373755179743,324.54328213433416,28.190616821487986,71.65576132071988
642.8097661416195,322.92314086997277,27.80458148293469,70.80649240062064
644.4222326251792,321.62642863179286,27.17855312549558,70.29111741943038
645.9590363100799,319.7527647296628,26.0892830855587,69.37938856017743
647.4730018321803,317.8835898763907,25.338002708548384,69.3172185619028
649.2592395395353,317.77578468694117,25.018173501647833,68.91416241114645
652.9480162356396,317.85194147236524,24.809171077609456,68.25245514828168
652.7219606602738,317.3611915551439,24.556429587712216,66.92310698505898
653.2970518154115,317.32776223040514,24.467463154969835,66.12096192140554
653.1172098175829,317.4098793606794,24.774576360574713,65.6063083183392
653.3183555755821,316.06746442790364,25.122823551355612,64.99700595122466
654.409746271511,315.2765201232033,25.893443009793778,64.63914806156374
654.7523591172858,315.9213026520059,26.70186477441355,66.07500920101047
654.7454072186645,313.4125261516124,27.445376213353143,67.27507186251839
653.9331104295318,312.65219688310714,27.43225099488826,68.96019988004343
653.0206479906303,310.4121899463044,27.334406087763817,68.77341420836083
652.504266462705,309.66256188127153,27.297612668928867,68.95815307882876
651.1808153919714,307.85458792938914,27.134113609147953,69.2455928439369
649.6220215653668,311.7231391353643,26.338286545636393,69.95312677689633
649.4130734340451,308.7956974629798,25.389865893721538,69.20941354878937
644.9644864757627,306.6061784632859,24.706932121382682,69.46137682970172
644.7188454914019,307.0929722657632,23.753918683762656,69.36008549845553
643.2880969500644,303.3399359244926,23.113005831439978,68.37088077621162
638.061327687418,301.8438409433238,22.81806642094173,67.37796546244135
636.1233935251252,300.5530213386079,22.66588050816173,66.41852658120551
633.2774821328965,298.0247203226375,22.883661353837326,66.13585277620162
629.9601103354773,298.38545554483534,23.291351306402753,65.46118297501165
626.5293570319681,297.82169759542654,23.84307493154861,64.28549719841419
623.6261454528924,299.1179829352202,23.967593773751574,64.07256995907352
621.4732503726257,298.037206277008,24.00938113429714,62.753919646957826
620.1158208353156,298.79477700215847,23.681966925912647,62.34116598256848
614.3075597217587,297.8413092992899,24.008120119212858,62.27546754965206
612.4480146773791,298.8811347713526,24.241000338587344,62.19466897769606
612.2365728057323,297.09066342023647,24.06998179201352,62.74858264245283
611.8190391072442,295.83761717795954,24.359557135957893,63.47321007344827
609.4894211321604,293.83203268118933,24.750803450657866,62.92145420508074
607.4374012316437,292.87243261337073,25.274570338712188,63.15994986626884
606.8850285779886,289.9848168939481,25.378619344562047,62.181983158293974
606.356348128989,288.3870019715253,25.296039980720536,60.30855983007444
606.5158387883255,288.47516457063574,24.64648522244952,59.973881183939355
606.5971211558459,291.53860367917105,23.980787190442115,59.875950797068924
606.974357153019,289.98069589863144,23.379590790211086,59.89881672931819
608.419226245842,289.4429147057444,22.706882891354176,60.98466742532958
612.0312391383949,288.66469032195187,22.015323517838794,61.81094028053439
612.2411389638662,285.83859699214287,21.518535996858564,61.9907758659336
615.7286279525258,282.7547692439597,21.757840055367055,62.421366523890526
615.0763733195979,281.2799836912012,22.23345792470036,62.071490092939
617.7333093677294,280.42798016405817,23.003891114844897,62.07798404374001
620.4395509095381,279.4262040727537,24.1236193349384,61.21021430976873
618.3194247825506,277.7852830729429,25.929749264923473,59.946539818454106
620.9493993696569,279.3066456735637,26.509013938824758,59.09912783246824
620.9223434143605,279.8879039545468,27.142038286379915,58.373681044176024
625.9397535797913,279.34019399740356,26.651352095532886,58.09946334993434
627.7037603716749,278.512525329859,26.324832251847596,57.728840716456574
629.4293129170665,278.6984473989757,26.049298125877527,57.51755055511664
631.690508265317,277.47573084118466,25.513690933862545,58.46134454296735
636.6904176117932,275.7368807819842,24.62300691498238,60.60945815547841
636.9698697724465,276.28821214783414,24.33371869088768,61.111985581668804
638.9036326711991,275.8612055565225,24.478712252971082,61.033670718923894
640.4165656658269,276.0984778948007,24.71450731641938,62.19723691845091
641.187390523334,277.3030902514386,24.697952110530032,63.266309200338014
645.9330200475504,281.0157786191941,24.632109054833965,65.21581039451452
646.1149582885919,279.72784432737,24.504736024813525,66.90428431149103
649.8902628813925,273.50249890750376,24.587189678720414,67.58244745652127
649.3743099417053,269.8304491373873,24.800487810540137,67.97929663054333
653.991099570855,266.5795888294864,24.64364881713332,67.58489288339959
658.6591426720103,266.67118326403875,24.035313393021013,67.20507702326128
658.9251335481317,265.7817612817749,24.13067058664368,66.37501519555265
663.4459598473604,263.3222964249766,23.961855054836597,64.92718370156867
664.7825340029162,262.8610069450949,24.2065660595972,63.15228818165677
665.7021396741716,262.523549494983,24.325774636100494,61.89077107790574
667.4584969963169,262.0646312888125,25.04318255803301,60.4170734002046
668.4190235323811,262.76632438472484,25.387582109271975,59.054468989457305
670.3773601413324,264.74688226661664,25.74980140845915,57.500009252513856
671.9737802721185,264.9360011134085,25.447741834219226,56.62459041159321
676.9158277893398,264.0430779420919,24.763498789522654,56.1932154941556
678.2694964080923,263.60820712811733,24.381695180481398,55.52079911448299
682.4324000194908,264.51107182750934,23.934370299450677,55.45022267552257
684.9829016507332,262.3590559193041,23.32868020453803,55.47894063771544
689.0262296292408,262.5406060777102,22.836855714197533,55.750640099364794
690.7132431907984,261.9628104113289,22.453286125872516,55.67977002160488
695.0655241688058,259.49707282234397,22.237154193050763,56.79461364401757
695.9799258129141,257.7195408846133,22.15905519331711,58.521333889641866
699.8419261026083,256.5119796356586,22.319332911352937,59.15851718714999
704.5420060309372,255.86259789192837,22.158097081184458,58.63264135423688
708.801527244115,252.8184709605802,21.677273153058685,58.59068863200277
710.3161916633983,255.42321693384994,21.016633136284874,59.789240070015275
715.5564562300235,254.14657439100006,20.496189871869834,60.52618435161506
721.6139970544884,239.4539530982273,20.229333816506877,61.68424836355217
726.4433389772782,236.14518911901212,20.38867937461373,62.067552002524536
731.4858332394239,231.07842848940078,20.50743383127944,62.56628093386631
736.0565451433773,227.9184237647085,20.99419243456648,62.632758927257214
740.6116437611582,230.26918928234335,21.558585309783382,62.542025297230474
746.2234169045479,228.16560804499807,22.455432776055922,62.53767806733117
751.7275728729753,230.62023267821615,23.38175409420586,62.32958160240864
756.6316073464266,227.90892744474044,24.537104107874733,61.987376738854735
760.7986907713153,226.83634905580467,25.84472860178623,60.69595810397599
767.6353917591813,229.99310651379335,26.966095913163613,60.549880264567236
778.3137177491446,232.50596924061082,27.508508950937166,61.73831239226166
783.9147802960051,232.7746227396003,28.201546439613523,62.899594123187434
790.6197673213857,234.38100577880977,28.749124345029223,62.92417183291545
802.5180473723781,236.86791586604502,28.682331088747674,62.85381168423229
808.9676414960189,237.14273522283506,28.638245380528446,63.235363759398126
814.79639224842,232.87784285030634,29.13959740660993,63.518896444519044
819.3127141789506,218.0849240493548,29.335298462846236,63.12752495523557
825.1737375489442,214.80410241576163,29.412392653034736,61.97492147254402
834.3923107752887,216.78513453577017,29.59745002724995,61.793562207655114
840.151455109286,214.86007754380296,29.52816076416282,60.986683756134184
850.6339131495629,217.41477612512233,29.518988473281688,60.00480477052794
856.9187482523831,217.82875767715544,29.41572604352021,59.75822346425225
862.8045296583556,217.03097529409544,29.459313492500495,59.130899283839035
871.0704683473504,221.63334375643112,31.33781361695242,56.979586717535575
874.4871234460322,221.9302107371896,32.91205995340219,55.22183305215358
879.0158620393261,220.9054086072164,32.28724477700737,55.30087378117805
882.9119758908388,221.86409510579944,31.999742530219635,55.337935536476294
883.2811790011416,220.996677212987,31.633481694164065,54.99934078392363
883.284487540732,220.77870916718038,31.33857697536552,54.65930456880854
883.6406556704856,220.6105048899841,30.854483843323596,54.61366240036361
882.8508100325829,220.9677018937013,30.56451831790506,54.28762883366026
881.4504077952527,221.20758382640463,30.443766081368647,54.097386751843956
877.5903217175927,220.89171287200833,29.898168278192443,53.95429152436794
876.542787843897,221.7952597646851,29.453575810206075,53.77176024092168
872.263160926316,220.9412870035248,29.12742505857611,53.25225133933792
868.3975236029378,220.8495821555333,28.527542974680816,53.11916424586549
864.1425656797007,220.4399570043537,28.103596134997627,53.44440338451318
858.7068571929783,219.1522780205272,27.81486258048834,52.98369553528688
854.080756512273,219.79996854200604,27.495345725956582,52.660298997982565
848.9232243360475,219.51848957514838,27.1690850814594,52.46450494328695
843.1806742685757,219.91023871821977,26.861133496737477,52.79290352966464
837.2595505206415,218.680403098848,26.70121615190761,52.74932750736082
830.3536428284907,218.960203943827,26.982299381362946,52.675466955861054
825.1429268709437,217.95268533447887,26.755371997750913,52.214746337261744
818.0501221695263,218.51945181593902,27.01962806043693,52.488595743382945
808.032627042435,217.34362864695058,27.06169457804714,52.48671763487238
801.9910955344258,216.78907799175713,27.362152422862042,52.152646013588146
795.9149150351236,217.14754646453684,27.442884850909643,52.1511522619412
789.5305133316328,216.30594238060672,27.602523066240735,52.08342475608776
782.7760454763915,216.796876261719,27.92225837541737,52.007831908604736
775.591200633513,216.9541663865636,28.193383913224984,52.14734037661461
769.6810444569527,216.53034188993453,28.57942826860411,51.70642587995879
764.411717887129,216.44143977759748,28.727751093615016,51.523650226541065
759.2857912961297,215.69770797067508,28.64393285074819,51.32831390504498
754.3406194552012,215.62115801009057,28.60661368317871,51.082477882372054
749.2031975315322,215.69835960285673,28.497517787474894,50.7600927295098
747.9290685662211,216.5551148444664,28.31770498216561,50.800533199773994
742.209449522323,216.1497595767954,28.403990112808522,50.709417353432706
740.7183601591628,217.11230592141666,28.37150943437419,50.90594150455267
738.8393670236323,217.53970761620624,28.25449737436513,51.606696915670845
733.5640018082125,217.65481074791046,28.393027831144757,51.29678188979554
732.1316080358868,217.89091765540778,28.51914645718664,51.206824880697624
727.3799511779459,218.22242058192472,28.490182112155356,51.02609719586521
726.1849632966978,219.5524165693794,28.505622552462217,51.084252737206434
724.7270067040746,220.18381200721933,28.614933498099912,51.43088156501018
719.7920632392286,219.76575706874098,28.571877541439285,51.336536949397896
719.0404943585374,221.27853886217912,28.527526374980347,51.3794173761172
717.8764094985717,222.57922470175347,28.482930315416812,51.58053879236643
716.4886563035974,222.8984785383654,28.7086472766544,51.74153992918596
714.8101056889484,223.37302787951046,28.8368349603439,51.78143816986563
713.2571229271134,224.82379050889307,28.611728630376025,52.161249933881784
711.5309043169816,226.11722545781626,28.50198032474553,52.452488775888284
707.8793280519302,230.31534033222192,29.55963467445902,51.54027401502256
707.5320731638313,226.51829113396292,29.34871407412704,51.60979479389529
710.7750165303904,228.11174329560635,28.97520689194257,52.22830681620474
709.1667704730422,223.9640780273089,28.52980993040611,52.6995425804608
706.8642622256757,231.2001163626286,28.45732522350943,52.98377732644737
704.6622846085335,232.4675199732569,28.50978566867054,52.9616549272732
703.3546100694327,234.77523551894808,28.532920639358405,52.982279305403836
700.4487384486921,236.06917813827098,28.816722653880564,52.69536795896993
698.6495462249916,237.38817684847822,28.82814702399578,52.71623169883381
696.8026646519348,237.36933976933437,28.813343266041354,52.7028649357612
695.4157843868041,238.3795462877032,28.776819420158237,52.7314867329317
693.7721805239906,239.35998944875755,28.764079168719224,52.75863883150017
692.5361600630703,241.10912319316063,28.723737106398605,52.820123806988406
686.9022829936871,246.0744042227846,28.7611140478994,52.878619288634
686.1501848016027,242.08235053301138,28.741821076027147,52.921646097959545
685.7824643283334,243.41875042839285,28.719138922761818,52.98959709683888
685.1267666524288,244.622638990128,28.714676268093537,53.03085180320259
684.152571635502,245.14737704451932,28.716392551069934,53.07100832476817
737.0714667688919,297.02816898366325,27.876626271106428,54.552802132027196
735.2873057789702,294.8187336399401,28.299338156879422,54.44203929743984
732.5054530800411,292.544605623208,28.90267539830469,56.12518588723947
729.4804082787696,291.3607432444379,28.98156882622607,57.75377549863852
723.6453248978434,291.305696344998,29.468933387761105,59.19313596488438
718.3397196357423,296.47435170220484,29.88053320181908,59.261945550763684
713.5757691327001,295.708488585343,30.3340495185726,60.001076934424034
708.7912402389707,304.1633542357403,30.6876694169324,58.49284824288238
706.4278593449229,304.9332997113772,31.181763282054035,57.173825208550284
701.3738231771857,306.78604372028497,31.43896071671066,56.395773780929375
690.2599628697807,319.6349807365569,30.52224544895237,56.45622151047057
689.6630874813743,316.6537903832978,32.10045801608831,53.6434738524257
684.404927421352,319.10973737138124,33.16341185653098,51.24024186165618
680.1612581641433,321.56040865715903,33.76429531189686,49.620183145538824
674.4208200781372,321.65756155275216,34.059918340598365,48.2441857077766
669.4429336246728,323.35187409158044,34.0834278731987,47.35826381996992
664.6093148939626,325.41259717981336,33.70661034957276,46.588860795359516
663.5689282287027,323.9665575198885,34.09834003900201,45.29243684982844
657.4807011025277,325.02134271627096,33.99195356259229,44.477892878610476
653.0515576468955,328.49591416548486,33.50117278586849,43.76846794054025
647.4466167293733,329.5892177560565,32.55083352105919,43.50872049583961
642.9934250039545,330.5145124368071,31.664548629306637,43.27649725658415
642.0895826346759,330.73940222245665,31.10286195367919,42.79981292349384
638.1617812312346,331.73052787501257,30.4904128501614,42.56604658752105
636.9936706908454,331.98923932688695,29.842613697785563,42.22155232997921
632.5144536173632,332.59741933626464,29.178992791039125,41.934553833421546
631.9369926140154,334.3136850575098,28.801060598325144,41.76998127040202
628.3615553142777,334.31875847243134,28.309081937760293,41.37011808356619
628.1278397656649,334.74542292671214,27.63907843320203,41.615724540681484
627.6708708045907,335.22124531816405,27.284712484195747,41.7125982962527
627.2319451445493,336.0201404895103,26.825759295115603,41.74962841483341
627.2453385988107,336.56345845927467,26.59368265020261,41.414651093754884
627.123065225198,337.3192095162212,26.405366370570587,41.6164201209141
628.1096213387788,337.6178414026854,26.65512878482775,41.86509205030947
628.4366154244492,337.49325167068827,26.910677034785774,42.25637116301793
629.7847527878063,338.36900754840246,27.211067070568493,42.18584378545057
631.5360062517647,339.11003560517406,27.30193916334277,41.9787329310016
633.0382163955778,339.0379373586514,27.344414379714145,41.99880081415124
636.5486919920373,338.55840169177844,26.98278592544258,41.86645161662423
636.7072344294064,340.1179982533068,26.963394213860983,41.749579021597896
638.5835879364372,340.28887170812686,27.114340583054492,41.65967362726044
640.088074850196,340.5701874847882,27.31403904061667,41.34460484001279
641.8388965273372,339.4085427688599,27.420642012780945,41.11970439340581
642.7302556165383,341.51949701652904,27.560662386472096,41.78490136300269
644.0297256019346,339.27186440764297,27.523056071990585,42.307311489679975
644.4580757423664,340.66048881459926,27.557792069946956,43.43271970778023
645.609031147727,340.58077345196233,27.636911818765533,43.87152157544152
646.4059696570714,338.51082093169265,27.60897136547606,43.958033728865374
646.7660064732055,340.26115464866325,27.622488514896425,44.25683290487909
646.7047848875048,339.7429221880001,27.771404776350526,44.37442529097669
646.7930454913347,340.71892843069423,27.78268461685023,44.629933528931225
645.8566621059475,338.99747293243115,27.56290969298358,44.47179295647248
645.8388315113248,339.6878949731758,27.684753267912157,44.19134681943357
644.6059579399058,339.6805341575126,27.580527418806653,44.09768484736577
644.4530422498611,339.7259586789674,27.74782741204374,43.851850853437
642.4256477610917,340.851454448255,27.939195426295317,43.582737833919936
640.9550706294128,341.19797041821187,28.221175485780442,43.08616178990705
638.1868017035399,341.83157225221163,28.415865440950327,42.747021454941965
635.3839511823875,341.9945436178176,28.54623565363478,42.37669915786523
631.3719229833453,340.9255201717943,28.611956175254413,42.310315708191254
626.2961547485982,341.87003511266016,28.938578666171992,42.11322279621666
621.6937637598372,342.32025948768637,29.10043576271237,42.33082629035056
617.3576117561225,342.1022769330818,29.31959760400395,42.39917489512897
613.026759579934,341.7381050811387,29.525404625143125,42.544271175843164
610.3670997862727,341.7174772274495,29.687398467837085,42.44183920285803
604.7307409075738,342.797630052018,29.90165408229047,42.39681775820394
600.567289279095,341.4954078230579,30.111548176345153,42.507209090742606
597.0388385870394,341.71024165147526,30.125169435792042,42.692578815556985
593.5012567113766,341.14514236090093,30.030989715590565,43.106555408504455
592.0755871249648,341.8253458073732,30.07601394319315,43.06338982663326
588.4435862979483,341.88864417007494,29.94416875350683,43.31695241967686
588.9627153573003,341.9086841110736,30.13529708366284,43.18523654306633
586.093413298038,341.4769154531065,29.9196246404505,43.39107701585327
586.1046624838651,343.0541925706845,30.004962716452283,43.32667957429167
586.2903377628624,342.9475454954206,30.075756254355554,43.27380870673775
586.7179352950924,343.06591915412366,30.29960350537873,43.13473651165241
586.8652198297498,342.63299112672115,30.18920694716468,43.1267537841469
587.4378232780213,343.0597175807795,30.194365284043016,42.98105215013911
588.5457237772399,341.4648903693497,30.288173221915493,43.31172639416571
590.0647831014462,340.4573708347903,30.119202827897432,43.89546041243456
591.989718507507,339.74322505801933,29.812453592085085,44.3984501757391
594.4767010248231,338.76924174519564,29.53176973115891,44.58503815548956
599.0141029483656,340.24014274096794,29.827475985392212,44.243133787007025
600.7060533629186,339.298179128584,29.649574530675807,44.52228117225928
604.7390129182505,339.5495729582941,29.788661065764124,44.28620242330432
610.6366134121395,338.3520433890444,29.65557898972938,44.548792384557565
615.8332850169224,338.5309315069849,29.686668534680035,44.41274766241522
620.1151827790006,338.96911486393725,29.91099900234487,44.143410028901535
624.7277088321352,338.6682388472959,30.022114231585824,44.14260052873308
629.6206618745776,337.94829300860624,30.310234254489185,44.162691328541335
635.9628808694557,336.1796668675071,30.072894043053303,44.690620013785306
641.2957354726475,335.99585031289575,30.17338108758534,44.91959556802383
645.5906832727098,336.69900387790085,30.23683631753867,44.97766810624943
649.7449871897181,336.22487386138687,30.695546255433776,45.466926717349054
653.8381135121775,335.9100080711215,31.014280373515504,45.74307284603838
659.1494373389472,334.8116962585074,31.16873042200248,45.89712158875919
663.5955144993912,334.457781039891,31.777101575662645,46.45501110313572
667.0689786674678,333.509358192769,31.651230559150584,46.831756919068596
670.1616737022067,333.0565738766381,31.67391982774662,47.07997924309901
673.2076445579229,332.0804117182409,31.515502724926286,47.36731015455129
676.8931171598232,332.1136693142734,31.548737094184943,47.31569269734437
679.2999651169117,331.9451498273287,31.439285316818143,47.44634398748458
682.4538750465796,331.94457981692307,31.37052156786441,47.54441696338206
684.7787328173011,331.49899081810327,31.27734174724661,47.59761296210124
687.3957628752155,332.3467727692713,31.071703033395334,47.53699254502522
689.8148950533181,331.368483528094,31.56198186337786,47.365525230031814
690.7006100054164,331.02482736398093,31.620612083578585,47.192847915161025
691.7497743919354,330.50233607642224,31.29417538131096,47.07597574632084
694.7405773113494,330.3848159160538,31.29368392999515,47.52134504833801
697.2239195595067,330.5488642289177,31.307296522303478,47.95961257981012
697.5717553032882,330.3172860449147,31.14937641136934,47.78693109486128
699.0164093726585,330.60156274722647,30.933776711502162,47.783199171942385
699.2919605274867,330.5630337702352,30.869179522838337,47.81059011770381
699.0915471932151,330.03207169568674,30.85439426864066,48.14191987020953
699.5979229158788,329.7621858620182,31.03255650052867,48.364686111855036
699.8991724635922,329.86214136483557,30.972560762035464,48.369219529538185
700.1114106928329,329.34617397256386,30.983523174937826,48.72707084278346
700.1214987231716,329.1733657874715,31.14212959223534,48.860135842705034
699.9387207830332,329.7692231232961,31.35144313170901,48.81545450483421
699.1090681716452,329.00944324170064,31.2322415986562,48.907065554722486
698.9559609085708,329.8118174379675,31.431127732239723,48.54842366758285
697.6799252721398,329.7904914017509,31.416432743047125,48.63333740384026
697.6321128937345,330.09740281343943,31.549206999959512,48.6243848998297
697.112092565624,329.4464117752271,29.799391699149282,50.28413932656567
697.4407312929088,328.1153098381007,28.1524322854275,51.72358860315454
696.847307656562,327.81260919755897,26.972849513946926,52.8058757394359
697.2041071513833,326.63466933040644,25.97189021374982,54.00674191249216
696.5932893497243,327.7382713249628,25.131299998433843,53.70299222712097
697.2833546117594,327.09401929335957,24.704970569849266,53.503290142179765
698.0421165830703,328.0230200021952,24.35268989524041,53.964148540106095
697.7573622984443,328.0988866771685,24.400158514598544,52.989004917561275
698.6643570223267,328.1811716033101,24.108331623481984,52.70066351700689
698.7398758837319,329.598257996021,24.417702618065398,52.81191099678276
699.2294064769018,329.71105746925855,24.59917772094091,52.22834270664541
698.8501374756502,330.45018621466903,24.527074870992678,51.42812983300051
699.4065108215444,330.4910660918996,24.29355069144925,51.06358558676194
699.5153875203229,329.41719041307323,24.194282074084807,51.09288296492257
699.7848872025902,330.7150227843882,24.493499073933833,50.23791751352178
699.5138547874399,330.44373621598453,24.528663593718175,50.450120939406894
700.6235127117043,329.64897685322325,24.69499289632767,50.6021376383716
701.0362905258098,330.7543576903007,24.780593088009507,50.66893691354222
700.7916340707574,326.8930097190176,24.773116751316827,51.35907918331795
701.0101652061973,325.3606541071036,24.64597541726001,52.78951926227897
700.7980942389983,329.1643897217687,23.97878944600303,54.6904451353047
700.7927080396048,330.1707412099459,23.586767483675406,55.79499736982674
700.6185838172344,336.17494763957365,23.390398096709227,56.49948848701169
699.5345117699326,338.9135295785867,23.299806296156063,56.81282858771489
698.6792071706172,336.95526626026634,23.155610621320154,57.25997055409803
697.5410286169968,332.6364299695931,23.070595972961236,57.69729046668228
696.0130135780075,334.7082686834175,23.04584482954981,57.8735154590774
694.6307084064714,336.0503226967218,23.031336634719217,57.98871167937122
693.441242904434,338.73559912368535,23.025211381546196,58.03702307562726
693.3758302853977,342.06411395376733,23.01521704025591,58.085335231411776
688.8454104602531,350.00264149512145,22.957457752556795,58.29118305702883
689.0151127372783,362.215304430462,22.81949794357031,58.97259050849121
688.3263374296023,366.39880640090774,22.891274227829314,58.99469808645959
683.6161755837603,370.30061501807353,22.815857982684665,58.994764609910035
678.2241267649756,364.54399671328594,22.39872271009779,60.13495720550813
673.6154931466408,361.58307784207847,22.11715629045647,61.32390815669383
673.1826606493237,364.5476125237989,21.968000947795097,61.72915552375225
668.2346847762061,363.24446346941346,21.65950208673057,62.3497327596441
662.9625522448113,360.3860608619406,21.455274908614488,63.211477397197186
658.5627474158357,361.56477779859017,21.120764579077882,64.33118299685955
657.4489347257123,359.23744337566643,20.901485538471807,65.64599068815076
651.8994318622529,360.021618397731,20.728611115549533,66.74020849794917
650.9977639592261,359.79253723126016,20.80970051314068,67.03257998990753
645.4569085571611,356.6718182450432,20.602196229379935,68.02582183731089
644.5253262174231,358.0783231840647,20.687723546375686,68.27409125614288
639.2361909674651,358.5061246176602,20.622533772549186,68.64663398831716
638.5906497794784,359.75587600046634,20.761153904488648,68.7957551660337
633.1805133530316,356.8232332796935,20.666775840328985,69.25196439374272
631.9508380196344,358.8437282312905,20.70356295426705,69.36983660450129
626.8036566238367,359.2686908653611,20.653883921521505,69.60744457190998
627.2381910826272,355.841070218533,20.620314052173597,70.06732873360832
626.546566327357,356.66670241879007,20.621188918434324,70.3571323863397
626.0855402925025,357.3254774159282,20.64904555071216,70.51142062791848
625.4845763584462,358.5192311218889,20.67124657975911,70.58163731038799
624.6399459338904,359.1219539057462,20.695571005569093,70.65608454491192
625.0536548166862,356.4719566188526,20.693987037432482,70.72644340321447
625.6567671784821,355.55770899951375,20.693357091901312,70.74575051437446
625.6319995770059,356.50998104761754,20.698601133853053,70.80314897168711
625.7141088162921,358.44757425696224,20.700033186930288,70.8317496890755
626.3711931074,356.19565631836366,20.69796537280374,70.87932488512033
627.3170359506203,355.25022891545984,20.697408464820903,70.88575583896112
628.4207636143876,355.52637246459557,20.69728789413741,70.888446813333
629.3632147717913,354.9351617248241,20.697057625037864,70.88972536665969
630.2896654422427,355.33383687377,20.696696538727817,70.89745274077266
631.6158314492155,354.734018464242,20.696421457231455,70.89956572750745
632.9074472457835,353.7957528655387,20.69636886113534,70.89986251272082
634.2159990460817,354.34696522942914,20.696203374705274,70.90126299646484
635.7722291259485,353.4475741146967,20.69601929224212,70.90293860228022
636.9763400225748,353.7032893387147,20.695481109905685,70.90696733412247
638.3437496494623,353.6735372326727,20.6952578701534,70.90891541248912
639.5567363064268,353.0293871992863,20.69514043123977,70.91023163164377
640.2446824932236,353.98302508716085,20.694621659559587,70.92693287329737
640.8046190364444,354.5899610934239,20.69454163055971,70.92948902143877
641.5913725673046,355.85040837081317,20.694596594863157,70.93285713336235
642.012662422772,356.6147237924567,20.6951464591809,70.93545805105411
642.0205030221377,357.0335864924918,20.695549883041267,70.93809978936964
636.2484431780249,365.0193081076519,20.735501060829925,70.91478049093419
635.008175432712,365.8824953791855,20.76186847017187,70.90282543200546
634.5386346519355,363.6007179676764,20.769440298525137,70.93034090260664
628.9161373499061,366.0003179483687,20.79209908715417,70.87945150717049
627.6969436489184,367.17519451607745,20.840851403070122,70.81046175943314
622.5414016781965,363.73840192657894,20.843026881989214,70.86053343058708
621.7479364665736,362.04413411890806,20.843649183553868,70.86607248678584
615.2058214370736,366.6773682245822,20.90347280944836,70.87616887352095
609.6678053284068,364.0327910330812,20.90448137565917,70.93371772673787
608.99133867321,361.61615144555543,20.905069219438957,70.93865923241685
603.3908941212042,364.0389886301369,20.91679034707118,71.01380128476275
596.4136263071234,366.0113244212025,20.95751238422913,71.09246992785114
590.1375627552472,366.9618243407442,20.98324178290336,71.11015600185371
583.8083713566152,368.01635732181455,21.01156915261607,71.1337509054968
577.6919207013415,368.3089573944285,21.029770717985368,71.16935369920705
571.8882696041063,368.7604385299752,21.078873029948475,71.1947466450936
565.5249616496518,369.4040874955156,21.14754521327145,71.19172210001429
558.9802774917488,369.46540020336323,21.280899849573228,71.13843455897003
552.40162103628,370.0982177083252,21.348558791699798,71.15153518671089
545.94948936053,370.4682828109495,21.441100341441757,71.16573990806751
539.8961404085649,369.976778976229,21.491986363353128,71.20278407557826
533.3294902234576,371.2485410360909,21.57386747545002,71.23098174807559
526.7778908925781,372.5026425574968,21.66318731488235,71.2488333260065
521.0619870525284,371.75827575112385,21.71867224870501,71.24253462826668
519.2204404349446,372.63331692413766,21.81855787660316,71.22615351133446
513.2506495259747,372.81743986236967,21.863754356713386,71.21268804063027
507.4203724869487,372.62063528528563,21.902471772472904,71.225781857808
506.7205039076266,372.47577759098533,21.9605897971678,71.21572942438142
500.9493736415627,372.3845723738356,22.006626879588516,71.22837334318737
499.80219058059436,373.8199224529548,22.063230311934774,71.18320943601715
497.74483316300166,373.5839932895173,22.124351988398296,71.15329506115184
492.54025887912314,372.25395316780407,22.171748999758844,71.15139276826248
492.47275629085783,371.72825628049395,22.2911401891789,71.15003965090729
492.107345272619,371.6575382008066,22.44556379340181,71.02869848179074
491.47509594011507,371.253597115097,22.58891065348564,70.9045838904574
491.76452564065784,368.30221982088904,22.633668305432007,70.97387481005016
486.6674473062907,367.8752047116722,22.642070198165385,71.07436427416552
487.4660317351097,366.9525685184851,22.651779263539133,71.11514478298382
487.86029336443767,367.3740936181932,22.70937916381492,71.1160852671233
488.3632284955682,364.42685272172594,22.74050407405444,71.18846308285443
488.43197564426424,366.1406026332281,22.822230698059542,71.12326484790854
489.041301237454,364.0808908771427,22.895703663863653,71.14368504510759
489.50459649656113,362.41821493006154,22.941062782585544,71.20663535845928
489.44625251069124,360.46691568944453,22.976564362912086,71.27574799794213
489.1001301863361,363.29207080331025,23.028075471564176,71.23193267377513
488.37498523232483,364.8769722966619,23.119373637452664,71.09970111727816
488.19180902395453,361.89605524074864,23.17388593721562,71.0433100360811
487.89068803161115,359.8680589418976,23.26664607461616,71.00502334453753
486.58935494361947,361.48248700538807,23.43071266411262,70.83757263785996
485.52892878063676,359.41550275319736,23.509564696346345,70.79479572750745
483.95065256227093,360.8032652627156,23.79093212026066,70.43102436295088
482.5710047693541,357.8971454613313,23.979304854531897,70.18247914897752
480.9995833522212,357.2561228417659,24.041515479019857,70.10562551001085
475.41192140968616,355.0197882764062,24.08209185890192,70.07404268379065
475.1728025049837,352.67267641775004,24.117334298872503,70.13673277836115
473.8645965239796,356.7615912231706,24.509500712632267,69.51173195627732
467.94605967985876,353.73353614663586,24.715933417292476,69.21807156338745
467.7214728036895,351.38614389296947,24.750787326577157,69.16157385560182
466.27197937359045,353.63381311439787,25.123181932136646,68.60742803969805
465.19910804388206,350.33323557278874,25.326019880783747,68.35975051564704
464.68587353601055,348.32535135509414,25.31052520004696,68.41535201988393
462.71850408146736,348.04441632716805,25.312946375368696,68.28938566712102
457.69674954787365,349.33071502442573,25.746635076650367,67.51098809693883
457.85221447536196,346.2454440477153,25.910801059982116,67.24314647110549
457.6307720079801,342.98967429922385,25.878446866871354,67.27004012458258
457.4242167825264,339.63885641365914,25.82133228163452,67.56856253053867
457.27429695798656,336.58047295470044,25.787428567095407,68.13386679815703
457.3780871264667,334.6471137991491,25.75588047529429,68.55278757240961
457.56215310728317,332.4004976623246,25.700247083149865,68.95607643709268
457.9743130987067,334.846266816966,25.67740924132072,68.93285716238617
458.38487616588554,330.29852642036536,25.662989177862986,68.99690580379311
458.80284176947845,327.0063257143836,25.601373089466897,69.36783008105198
458.82458704825143,324.2187580084578,25.605046655426264,69.60504625767402
459.47028142245875,325.9356818406008,25.68411257601032,69.61536430002268
459.96890628750225,321.98666722389856,25.7239533858556,70.01415885706606
464.30261903773527,325.83351019260226,25.78281000514046,69.80464764805224
463.9351601445429,321.56153319334726,25.843347608305265,70.14240676893765
463.438518137887,317.42924342328445,26.034626747864536,70.43443114854088
463.4865901110634,323.83683408133464,26.40890170176319,70.1185813067447
463.6418746869617,323.02470091534934,26.629607643521872,69.81630940972664
464.1138111502019,321.63310292414644,26.8561205545965,69.51460954290452
463.8064502747634,317.2720421147526,26.953239861778496,69.61599599323512
463.9596988766758,316.95759713871024,27.095583335691767,69.59306927919363
463.66331095323426,316.1448510179779,27.219107222058938,69.36330210217075
