801.5,248.5,22.0,58.0
800.7543402596275,248.93935034406013,21.51818919500503,57.61353890633927
801.4054693568681,250.67224649182603,20.9815806768467,57.07057147042661
802.5209657541445,251.08048012064074,20.675630034698784,56.89856793073467
802.2836483400631,252.50973106521607,20.60033691295612,56.61594084703443
802.0874217766013,253.66879856833916,20.43880962978076,56.22183161479035
801.5210163479877,254.0758583459154,20.491387985978065,56.05077655853921
801.9818520555684,253.56298727542787,20.695479033432626,56.33593820034206
802.0925665205425,254.18575827116976,20.97351843005288,57.068603201007626
801.8358409119066,254.51160623482158,21.315781382239585,57.88962050574442
801.9292983641076,253.34848019292778,21.583946838011826,58.51444250721085
801.9977855378086,253.7976136104351,21.706602544845268,59.092759629868326
801.9361561823924,253.4337066224964,21.76823125252327,59.58879929050774
800.7360126195828,254.94253832702125,21.85278542221007,60.06325018695422
801.167838246702,255.27441656342984,21.765379881205533,60.16562231378077
799.9354722296831,255.5242369868406,21.627913314474267,60.164971943090656
800.2050802931693,257.13988016766257,21.530058227378756,60.35257915711505
799.8843853688697,256.70200919081947,21.5462914349715,59.783016597823654
798.1693932734617,257.19001437921236,21.515016737543043,59.15123612783533
798.034615227678,258.0167758111826,21.197294045788833,58.475540038015176
797.2649144624477,258.58163824264,21.038529682694833,58.36277794174767
796.7969897585028,258.4824601268494,20.852452067650596,58.21748520320181
795.6135478950226,258.4454700119359,20.779195070428933,58.14040000894411
794.7777920367868,257.6753427664735,20.55369324186433,58.19370040688958
794.1428544391325,258.65623460241255,20.665799830033244,58.26852233155378
793.7398373959454,259.1089326034382,20.752257617216742,58.26322054060408
792.3871563747559,260.23463880025264,20.742462627582768,58.20121478035222
791.195377490144,261.1228808200015,20.74577161178782,57.97691925651761
790.0208013335717,262.2947781365307,20.773225020894955,57.421852026146325
789.5051142967409,263.0403569646296,20.83772026317004,57.05587616411498
788.3117635923663,263.6300270568804,20.973946742109632,57.19401117931278
787.8116306836753,263.97168294866464,21.201650651723348,57.32928854664996
787.1754810821832,264.4413316299574,21.440656488275312,57.60748567182686
786.1317157457968,264.09575293538427,21.612006073554415,57.87099114899922
785.0631347994912,264.42420442344786,21.80864124230374,58.523295612294646
784.7165845863497,264.00399917346175,21.89501985013976,59.40375062114131
783.7335660714944,263.8647062607467,21.91281648048975,60.2000310390473
783.1314351572655,265.4055754935662,22.033480410464186,60.458579066709724
782.6531835843216,265.04050747796754,22.104972658238715,60.3150401091604
781.3798717006764,267.4942529292217,22.016942857261338,60.41279441539221
781.0583798342253,267.2750724992982,21.975516852576376,60.18395935906345
779.7984470141623,268.6391055109741,22.091595833461724,59.834974346530075
779.5533479993687,268.75876155662377,21.927677768936476,59.13632916325648
778.5425309447429,268.61195153878316,21.868853713972975,58.46982762692008
778.2706835662889,268.9588013844148,21.697287011530648,58.3618179571716
776.5095968641224,268.2403922754865,21.657757449173566,58.3070703514733
776.3390758356285,268.5246814426883,21.344457868073107,58.068735932389096
776.1709838623775,268.410664673919,21.12627015958762,58.028728395651854
775.4198697076819,269.2873203752351,21.013398442848146,57.752933524963865
774.0411603780782,270.4830762590608,21.010598004918098,57.6912073427159
773.099231277323,272.2103161774236,21.03681653605636,57.67184069759491
772.1495792098685,272.98084485886613,21.103243869474582,57.654173627831156
771.1705414007562,273.40556137762684,21.043222802289904,57.58250592396228
769.5860198031378,274.9907055124967,21.10005286276096,57.56716827296646
769.2297587042656,274.98077071870034,21.15882899202778,57.66731771002873
768.2452934328521,275.52130828194845,21.476897437114438,58.10857620551127
768.1091796636119,275.4706574624307,21.842643962892957,58.446194808577005
767.3392005025502,275.6415092492265,22.29276831017813,58.561425508228496
766.7916031158018,276.52953259279275,22.42727705567126,59.278072483739365
765.4771912235749,275.01352000633256,22.55987834409235,59.61952777903531
765.1926675129939,276.75714436515665,22.64765047500351,60.38921418101599
764.4530344531593,277.16532961137955,22.75810212628894,60.68350042685138
764.584847043291,278.1087987606283,22.83455258789595,60.852360420513975
762.3500208439671,279.8268215993268,22.908492610902957,61.048506162718404
762.1849051275349,281.35438679030085,22.73147379438159,61.17732429761604
761.7689214609362,281.0600162593267,22.603731840889075,60.469850302191276
761.3156873141418,281.44589251934894,22.228978029451746,59.59747855545264
760.6862794782186,281.151260318836,21.914767640240044,58.98518329365959
760.0375352569891,282.6945001736709,21.37375033776489,58.49909664085932
759.3789787605041,282.1191101898138,21.03206463612448,58.2570395609966
759.1728425961356,281.41251509015,20.854023589865097,57.99985882393045
757.4349337886406,283.10932616202047,20.752163001272518,57.79981778446811
756.8459712140912,282.69161655204203,20.7699311851156,57.59164908137509
755.5162433946562,284.2375896058037,20.9505762752033,56.718514962682306
754.865982224278,285.4167440518814,21.254310948685138,56.10554331837542
753.682941296564,287.06056372734406,21.48493719574525,55.485483618329
752.5021782404995,288.62113916179703,21.76504527045964,55.15044791894824
751.4765366434318,289.28870331327363,21.683685480204698,54.91102691332012
750.5451107370956,289.9158341681953,21.59387613622294,54.75936148643579
749.4566629244263,290.6749141846187,21.883202572489747,55.44379215755328
748.6704296362542,291.60862487257265,22.093757494361643,55.933425253614956
746.5261123796181,291.22832907016254,22.535299379154715,56.56880313108013
745.234593127713,291.0137228791429,22.9961447848968,56.882156727311354
745.0252120705514,291.1171889998486,23.152424375301663,55.81913745691968
742.9875086195946,292.34853314330593,23.39892855581051,54.8658810089943
741.7515117219981,293.89153522882435,23.795419478536402,54.39739240192223
740.9380524764787,296.1322752853166,23.960581620965364,54.408881325040085
740.3133783288843,297.83420860616087,23.974794599305277,54.202152277574555
739.2158983623463,299.0387938445224,23.792480495973987,53.7333250616166
737.6181057586431,301.55834388131416,23.401405318248305,52.86928526024988
736.5481734706877,303.19487070632965,22.785076494729697,52.594182164112866
735.3167003127362,305.2843985742467,22.039519325906888,52.76378165212525
735.8651044618392,304.4089314855169,21.801996382315057,52.670389810297756
733.1723266775356,306.01526923365896,20.925233339777435,52.40389418080436
732.4695267547023,307.4651621566697,20.23261927438741,52.15461435437518
731.0457112158397,308.36781242467447,20.14478573152251,51.85226389065419
729.628275028039,310.177791507406,20.569303492866137,51.54095669565007
727.7903205907018,311.3977985120132,21.57749443388577,51.44744594418717
726.9827779758235,313.22615646729827,21.96251658285457,51.439424787263846
726.8021602920387,316.09585665846106,22.111583271782923,51.762568273956816
725.6579210822948,317.62521357521655,22.84127768324438,51.07658851027012
723.9469392092171,318.6933340530985,23.287993092607937,50.19354057532676
722.7086190562126,320.5606274376295,23.232887487972405,49.54426879535477
721.8811161117687,323.15870501521687,22.967367349180574,49.05778036915342
721.2026155522152,326.0203992094389,22.216261855128547,49.40810528332169
720.9628541907437,327.2285328370676,21.41300154660809,49.5396862527042
720.1915964755882,329.6588827922697,20.38989178618408,50.3715327099452
719.7332949549341,330.09602897761346,19.552804942352836,50.19982704971072
718.9942952913638,331.3820934012673,19.202810161293538,49.87900998142526
717.6010803864086,334.109871849663,19.42694668011175,50.48772167365364
717.0982269003789,335.50494830400964,20.06553058479218,51.13353001145079
716.4413573471581,338.17016850138543,20.72843370032797,52.15661525527955
713.7546929979615,340.09156226516336,21.99514304065867,51.998316024232565
713.5527985279498,343.0609414903396,22.600572303486473,52.40715326556098
712.3378891470246,344.77168982730353,23.32370444939273,52.19650253889875
711.2401596006342,347.9035716974296,23.930901222608753,52.131120699433936
710.1527979222521,349.63318933905,24.202679299297852,51.88929884163876
709.4748832974087,351.2437967050387,23.72736946130773,52.07412763917178
708.2871294677271,353.9838931703922,22.9656121537061,52.24375694357222
708.185907084413,355.91610336202325,22.19006903485922,52.1741141920697
708.5691519830694,358.17901603482903,21.4884820721406,52.132863164390315
707.8307166097081,360.69916940549194,21.220518991844433,52.64550728213425
707.1722609818197,363.2505223935679,21.36576732094757,52.945322439405246
706.1480228428718,367.57271221781826,21.904026170636,54.19236601630737
704.415403063654,369.8967353465243,22.324060612799517,55.54000867414803
704.1907715225951,371.66433458610123,22.83003466829929,56.09869227888693
703.6619728421568,374.1386263381305,23.16816480648516,56.372397383379415
702.0894173997327,376.9590940892873,23.672611829105172,56.95154940929453
702.6002528331757,380.2983823020649,23.883593149566682,57.42982952060454
701.0786177351215,382.23772213543225,24.05552044825972,57.991957196399156
700.7785157239531,385.09904527078106,24.247306947689257,58.41294619868127
700.2954626905259,387.5366488288853,24.12235487951113,58.40477685560518
699.7462432380701,389.63390240702216,24.21968728379724,58.29547239327066
699.3055430929412,392.2852226600693,24.216439370205162,58.39881056683339
698.4426175086976,394.4976203807184,24.268222683811118,58.1202343790752
697.920742126192,396.9438263579006,24.236278053352695,58.22752392464972
696.6857969017619,398.53277288743243,24.62734231317156,58.166596159470366
696.774810197942,400.3167853275935,24.831565880790354,57.67083571205539
695.9702739037863,404.42736098992714,25.307863281609286,57.22251535052285
695.4376402451365,406.8301831736854,25.35461906517157,57.25892344272317
695.7215810873174,410.2260654847441,25.34643059808738,57.44546034572167
695.1926432453956,413.33306637438767,25.407741655237352,58.150966069944076
694.5451588130531,415.4777459520682,25.729165922296396,59.05046017843803
694.1202618435528,417.74534131696487,26.055243411559502,59.85742109049038
692.582914627265,420.699153354783,26.248318867542057,60.39453063454397
690.5709641996651,423.28096156131465,26.787302558893064,60.99367390699711
687.7654932592807,425.0744153051025,27.36785942226702,61.24869132519832
684.7104816209767,426.4506232696083,28.148701981406766,61.415448875266975
678.4185833004741,430.26733173306985,28.285054660314653,61.474737579599946
674.9247511074528,431.21870256198747,28.51107134509381,61.27121038023034
671.3052112483525,432.70548199840556,28.3965205205393,60.9192833681271
667.5214500291747,434.69005017796013,28.137262639681122,60.366311645629885
663.5212241162068,437.06294506187845,27.57863052701831,59.65393862584014
659.2154460716499,440.58561523114355,26.927813645550856,59.90132003566204
654.2744303612276,442.1457717417235,26.46760282548988,60.11626168369166
647.2129850538907,447.44984853554297,25.76549744559569,61.58977885716105
642.518502810527,448.825943716476,25.56752593531384,62.33830184368372
634.5734044802726,452.10742270080766,25.363026550900617,62.152557353108705
625.957811883068,456.04588072486865,25.547384429025943,62.494613511102415
617.5677785744188,459.7296906266186,25.866269405699207,62.86880259889897
610.1334758085609,462.45738278069365,25.93004629361613,63.52982711566949
603.830227945943,465.36200112747554,26.08000286479928,64.14071972126956
596.0717186617983,468.4379470539939,26.52825674650419,64.29048220706943
587.8843941050385,471.4706809252294,26.57812825687443,63.90047623370255
580.1521258796498,475.05843181272337,26.562928379526795,63.57241660883056
576.0249116084119,477.2436224453994,26.47904381928039,62.70294920189217
567.8138135742549,479.42353640110474,26.058510319112965,61.90591859844957
560.8115006536292,483.97752146933436,26.2443409562018,61.42646942756653
553.4936309345969,486.63502914939824,26.07744901609253,60.80155950567122
547.3331821397016,489.16112399452396,25.94983738957451,60.186139777730546
541.8925556076234,493.4242871297625,25.91535139428258,60.22545204942875
535.5530423955605,497.280139374281,26.13591128856233,59.15002857388045
529.5507265661516,501.8842846486825,26.917056047050544,59.50516976488459
522.9910112398398,506.307679520577,27.964732244107537,59.94696663761181
516.9194703298142,511.0195781427868,28.32532810224493,60.79477869952754
511.35926371719347,514.3594698932168,28.524515779695804,60.37979622405835
505.1738243096612,518.3575168592977,28.2678387475923,60.10959340517782
501.36645299629726,519.6506116456179,27.985565802726043,59.47324974260955
495.88322572989745,525.4703862315835,28.205019641250757,58.90325489959694
493.51195983353733,528.6662954890136,28.56345242731807,58.014355581819146
488.7929064892056,532.0256658220305,28.494682170485977,57.59549685090502
486.32217901321303,534.835407575009,28.54764596875406,57.025998276894
482.5137360665033,539.6243741656688,28.54332414809268,56.92689161840141
479.86059115486785,543.5591859640294,28.815589255940075,58.10507190046417
476.53730562426057,546.6769428061639,28.288754669876795,60.23717868433507
473.6222066133292,550.2798905280132,27.994452893918535,62.56311879666676
471.2046844623475,552.5078318360017,28.131075240773317,63.99250057735698
467.86327465376957,555.6753067502515,28.506269564197353,65.25032180217175
464.0889727767371,560.294256299414,28.839704365320422,66.99239458952803
460.6436546485385,563.9869188163622,29.081088683851533,68.3256450332316
456.84235386254755,565.5163290962001,29.35269946451246,68.49728869360268
453.62707475077246,569.3575106166426,29.649808610456517,68.8729939281695
451.88834196144126,574.1278510277873,29.701555643205175,69.31776957255491
449.2515906939433,577.7451071710153,30.025965313210936,70.0881114883694
446.5608346229111,579.0496003218252,30.738039569990903,69.75579492742655
443.8374910951169,580.014952919578,31.142936140197193,68.44541327070107
442.4491583125287,584.561999250231,31.352358367742355,69.01599632198054
439.1995237793173,588.124510516918,31.70415266838752,69.5600197137469
436.79406942186506,593.2502275107428,32.45808363442118,70.87063463814562
435.2315884787199,595.9347693320905,32.67056206696091,71.76369508419553
434.6825096220661,599.1689528045963,32.73545752746088,72.28880119216221
433.9597452472481,601.8426766555389,32.766944400303984,72.33928315870367
432.1171896718366,604.6324264843563,33.054411746576804,71.12912678186106
432.07312617236363,607.4154431465303,33.234048259079714,70.50960901766322
432.82611467357685,608.7369530406974,33.491454287544705,69.53541282914436
430.3999186238406,609.4818269931254,33.8678398791436,67.83717347970064
431.6287445941478,613.2431514427318,33.57206032546158,66.94540350581138
431.54423849043854,615.972029986517,33.748277924182794,67.81743557992303
431.26278862682443,620.9202613129107,33.973868380313924,71.48758803181089
430.06450525021216,620.7293464858788,34.15417207773705,74.94473316133872
429.04010640950276,621.4361114346416,34.159077613998946,77.76146077495191
429.2895201135559,623.0318836120477,34.007130552429345,79.66851394668996
430.8742287736027,625.1327161770329,33.698031654653334,80.65479895099699
431.35759204022656,627.4742591056008,33.534266709311424,79.94626167212337
431.40842641645605,629.9336770955088,33.466052747563836,78.88545839570733
431.9863327561618,631.581299892877,33.3429718396214,78.0500383167178
431.4271920204408,634.028058929158,32.77843001070179,77.10526120332337
431.5480326724631,637.3036975885603,32.339011087376484,76.51739044732378
430.75824071818556,637.7669810286128,32.61729303975471,75.6233207459821
429.262483985862,636.9370072343455,32.5953704253766,73.24238574708372
428.6498943489436,638.7328605508774,32.388584228899376,71.12003815428034
428.00171881529224,642.9744328777384,32.35323044123687,70.44061397480137
425.4341052260219,642.7988854359967,32.82071536742763,70.5521928831671
424.23385360302314,645.4540033323431,32.57066491011714,71.90709914980057
422.30535278966505,646.3010516285226,32.815740696455485,72.50837265937018
421.65982678837895,647.6801815148742,32.955270301032684,72.05719410920116
421.9998734239185,650.461567658259,33.05404385744162,71.90614543617052
418.3107518279698,649.9555304205549,33.47526724343075,70.48664365959523
418.06109350394775,650.2904279611698,33.59508570774754,68.22543233862694
417.659079795172,649.9430521650728,33.64197958180773,66.12385705513435
416.365273601002,649.1583878309066,32.99132502526244,64.09129134480453
414.83962102565613,651.2143733739058,32.80928299844864,63.174882144639994
413.3696282453499,653.6208054016446,33.32623722895256,63.56718347536236
411.7821171907468,654.116784530572,33.34170199562935,64.36102758185689
411.77406794338555,654.3484773461386,32.782985813113484,65.19738143074235
410.5421759070216,653.7299385206368,32.182045678916836,65.86844199047164
410.7517889753588,654.3843456999925,31.768714974327317,65.88064823494001
410.17943456033925,655.2374361607253,31.25574913414699,65.99150084275603
410.6300494837535,655.4694549047257,31.027181545466597,65.867586799551
409.8338528169552,655.8302365517588,30.90115389670248,65.38283602253158
409.34831299109305,655.646961269408,31.181773104929988,64.7432557726809
408.85820258741757,655.2317054207357,31.179072013915935,63.402172850274525
408.93775707974123,653.5879204685409,31.286759856584972,61.13847799178566
407.93049948290053,652.9333087512724,31.271956002338477,60.14963814812441
407.1149586910238,653.5099620810801,31.47681204306985,60.83279470147609
407.36585689974714,653.7965374939612,32.030798897412595,62.1238232485013
405.9836537218613,653.0179848008285,32.458590882838315,63.93462880170749
406.4616942661281,652.151149601661,32.05952461726447,66.21137321184494
407.110369918931,650.8833417875269,32.29454769367779,67.9215760898692
406.89360582120224,649.111468908546,32.69070149325822,69.21087939444655
407.5958904198893,648.0682004257135,33.23724349335564,69.12905755731612
404.9360071017473,646.9833209096851,33.67106242532452,67.82756462480401
405.1359670803571,645.9926083649539,33.729367628942114,66.00345272886887
403.6921836294425,644.177637872974,33.72278928045077,63.80231518347081
403.2095834308646,642.3359793591136,33.56608125132185,62.18366840503932
403.2031540067999,640.5787251952635,33.62384264391995,60.69980990000637
403.1929307784883,641.4362860014436,33.50939645804513,61.25925779905968
403.5145057762521,640.654398116346,33.67725133960795,62.921081123747875
402.7919697028665,638.2168632249865,33.104046794942384,64.98272774972861
403.3623552630994,636.6065977027873,32.5012310181998,66.93904463606863
403.0754046846832,636.1022033427415,32.23806623989742,67.97745855217015
403.15141864350227,635.5598643879139,32.4508910487187,68.38688241490851
401.47736293705805,634.1565819224181,32.70132833021379,68.12450360696256
401.504563383349,631.6462500324005,32.4665411327765,66.77699760245204
399.20324637105483,630.6906109231442,32.39689389210607,64.61719513630285
398.30755442828064,629.8149754194379,32.08769398592169,62.85982847701299
397.49374887447493,626.8660529719506,32.06001901984834,60.59445487375766
395.3829336224521,627.6237630473454,31.80840056530644,60.41700354926215
394.27987584268635,626.7222764002651,31.506404409521156,61.37858563763514
394.8554287779465,625.6078322264159,31.566708584624667,63.523554564495136
394.0109122861825,624.0934506868168,31.173036070410916,66.49007434227187
393.4714037113016,622.507891396843,30.93445499648651,69.07577785693093
393.87916255767885,619.0944078643186,31.25252168388183,69.72221675806986
392.549873075706,618.8365927443483,31.42079784669534,70.53010988000456
391.91225990607614,616.7001314246339,31.5382719104881,70.29669439992654
391.4481038947588,614.9379720160254,31.582195069082502,68.35986590879409
390.9165961177525,611.4603561977857,31.654943823168285,65.97404358256587
390.31413729620004,609.9525737254994,31.663843247278994,63.42591071219698
390.07642458849364,607.0727512416811,31.557275202036646,61.42667268041349
390.3719733181888,606.6704409778459,31.692953090832837,60.9486728973005
391.3393747995382,607.2502534802801,31.782640722997947,62.42779296193592
392.07891183803986,604.1660652600036,31.58756322802581,64.85859816301735
393.4950560599115,600.8033890339035,31.027950060085107,67.82461080579994
394.3668988186004,596.485089901535,30.893597938665252,69.80042768702234
395.1668690530657,595.8514901958013,31.168406176552416,70.8578705751192
396.91480638566344,593.4058662726616,31.3287879486585,71.2553630808225
398.3494401039968,592.2149706680448,31.364861183531083,69.52378387150736
399.6727025422633,591.0895162329773,31.580679618307855,67.89809533716232
401.01241390348446,588.1903630280166,31.21900758823312,65.43767371974023
401.5318130735779,586.2749886606157,30.606907068471248,64.01429447526331
404.1279829461312,583.331085424792,30.888379903473222,61.428872492320835
405.3963759207772,583.0965747754395,30.661999923801044,60.32663977605692
405.8437614169699,581.260945476875,30.901117056835204,60.652032646715114
407.7283133876019,579.7559271292682,30.345814261124886,63.56657494494405
409.3742500029479,575.4476514505003,29.67081691735,66.5551780183307
411.36005706029556,574.4550557402413,29.817061212536238,68.62185489656721
412.45005043074565,572.1769842231886,29.997545005007026,70.72372208419125
413.7957123912173,569.206114438031,29.75896914429022,72.54336511596259
414.7370222712177,568.4776472472038,29.96137445638714,73.18449513532002
415.75619804341363,565.3809028094894,30.28827588364449,72.19254871564394
416.8103211084678,564.8584216197911,30.42268193134681,69.83567946814826
415.6404677858958,563.0353610985111,30.574685205442876,67.13385195953042
415.1389974027981,560.3184397204989,30.44509957393312,64.1508293667388
414.6518754023133,556.9603052108495,30.302515967747976,61.21958976482179
415.70055536751227,555.8962825269853,30.111946651478135,58.8946565215578
415.65268147192177,556.7946434155972,30.04600514629435,58.025548062300366
413.9970970844044,555.5268176538068,30.31724548504979,58.72669080921639
414.54319041361526,552.0380272179202,30.242251071157753,58.74557626930756
414.11558806200117,551.3150444208078,30.218548630316207,60.34834219321753
413.6378990375413,548.0658189772017,30.731026766640262,61.29842653379896
413.23465391076195,547.7701641435635,31.169759997818176,62.571094121245096
411.7187039615893,546.5497850879021,31.330301501540582,63.486216990105675
411.05601963168294,546.3291336462466,31.313208217726974,64.04322007361674
409.4299662228151,543.574197311842,32.869424966454766,63.26533057735662
405.1736049808908,543.4457910820977,32.685134548997226,62.145326883318766
404.6631797307328,542.3651286349753,32.223206857746746,61.04073519164126
399.50388220312016,541.3306210668806,31.481053812691297,59.56341606116828
398.6849545215106,540.1715571103732,31.15952425769754,57.50896010806361
395.75951917654197,539.6263606242688,31.562125103579532,57.512676721095616
393.0824028123385,538.9557423207979,32.05153925898843,58.080414018021
391.3859435647139,538.922911505908,32.2729341832232,59.520198029011034
389.7272724690117,536.7340287742562,32.27266086559443,61.22844144527184
384.56304134833175,535.0724605825252,33.46060873317501,62.86109974226235
383.54818267552105,532.5164056523931,34.39773813095098,64.05672262399558
379.51510668473287,531.684366175853,35.100837267526146,64.93668447445278
376.1541158405882,530.5779943802314,35.687243661320814,65.46684807149431
376.0149404830117,529.9651775779988,36.64161315098333,65.95699326119508
371.8731657151493,529.6485775160977,36.76979292810215,66.44698985826196
367.5237992396495,529.9449215257487,36.44437693806163,66.56276246794644
364.8088012171411,529.2896722739375,36.04887583265734,65.71220826771135
361.8940841375209,528.0406849457754,35.45612933927931,64.39911248183576
359.6021159267803,526.7535980369972,35.08607148662106,62.552191881820235
359.8578166053895,524.3913194028678,35.7548338705145,60.03996373824437
355.19255700785266,524.2148327697629,34.419779945470935,58.27944713819747
354.6752439077657,523.2657368907029,33.76638198239871,57.29285372099393
354.4277758514084,522.513813917063,34.698574163104595,57.222040916786
353.66074423286705,520.9853566918059,35.58728783801919,57.87410559961529
353.35187773081725,520.6871482969358,35.96717707531027,59.3741552686127
352.67647312540964,517.4582494464959,36.180598056755315,61.1568750543009
351.07633081582657,516.2346315411698,36.84843366888724,62.74405476267698
349.75825618864417,515.0857969341279,36.94569136937317,64.18995691362011
343.7237666264204,513.5277814299284,37.31963551304686,65.02857073909678
343.9744964307348,512.6566272477569,37.99079107489689,65.19535000492908
343.4041861401911,511.03673321957785,37.87273548468151,65.20879085326402
341.2214952590428,509.20576090651946,37.390723257415026,64.1108058223983
340.4466056740047,509.08141480877265,36.78640820828357,62.54570543156537
339.24991265558293,506.81113343621837,35.94635146177131,60.94755720102694
336.94670937593725,506.2545002912398,35.38049153775579,59.12577133453563
338.4780110062637,505.53978850093415,34.19229556851525,57.826761306138174
339.57851481943004,506.36372100307483,33.76527177835654,57.583318942657364
340.7033570924965,504.5389981422825,33.853747985473774,58.106319132397
341.824879581947,502.1670986424891,33.93756605703362,59.48794910465522
341.14966433227045,500.4011545702598,34.55319192610712,60.510485041930025
342.0051241690133,498.48604967280227,34.69412085491634,61.72931092189755
339.5981591020442,497.1362854078475,35.298743795098574,62.583626157777914
340.19269986828607,497.7876187910735,35.21129175823544,63.69361498329061
338.6830556938063,495.3928210462564,35.40537048958032,64.1646098183227
339.3162494904391,494.77335944849824,35.36627543400395,63.654801281470554
337.05301927399444,492.46487046333596,34.89871492801987,62.57125730584171
336.9311960571167,491.00978819721945,34.203424830231626,60.99603975799664
336.2063610102488,488.60169949064453,33.35024443911939,59.122304375126
333.7955196972115,487.7700558167723,32.86137875968256,57.7049568904882
335.14566956164384,485.38229031443217,31.947018724268833,56.14992148891852
334.00566137262564,486.85168596420004,31.366998967585367,55.414649295294
331.43634866961264,486.4155340712849,31.672575076278612,55.17861234092035
328.51947828744096,485.1577142228667,31.651186121841363,55.668425106757084
327.32848860373457,484.9603461192018,31.430256401119387,56.4919531350898
323.54558740406895,484.65223991176777,31.429781296483412,56.905868011439026
320.22288981896287,483.31474073271755,31.500435580007366,57.0738966792165
318.17265798552035,483.4277688757384,31.7213502204031,56.83790342158486
314.3461055007001,482.4249538902109,32.009239888529926,56.2978876788338
311.1084652220355,481.3879808450269,31.848576079404047,54.96972223889785
306.97518133610555,481.04270615782957,31.83698089502615,53.70168015211083
300.94141475561776,480.0843987038578,30.972209673677575,52.702294217006234
296.6203719847148,480.2779522141332,30.955640048857468,52.22931304874226
289.94849697520937,480.41049840156114,30.91721843700894,52.80035880312076
286.34558989999005,482.0820491101223,31.045137899794973,55.14453184202266
279.724093935913,480.9223049802573,31.129413626166894,57.611411629643726
272.8900104508372,482.3862833493457,31.27572047363776,60.08173980357631
268.0369977781441,480.91099500854006,31.266350845269123,61.69822148396687
263.71554381654295,480.5979274127213,31.103631899269786,62.76668378756396
259.1001103657659,481.62785493661033,31.161858000347852,63.1109768415925
253.45453476206103,482.5849827164327,31.063240607293665,62.75901504987673
247.12561099788212,481.9770478956618,30.572987282685197,61.51610273379216
244.4504424676929,481.7533692818747,30.245976206161757,61.047724120568994
239.79887483959303,480.96817528121954,30.04041967464176,60.31899264937567
238.02488351257023,478.22112308300547,29.574483928876578,58.837279365444914
233.8091217233315,477.9731337482433,29.187285736113864,57.553334834362026
231.08422439327356,477.75768072760354,29.12977095943157,57.197516487042066
227.5300863621843,477.23834878002384,29.40205897687135,57.20660563034758
225.22876184099223,476.48334482658925,29.84917470550424,57.41387713565877
222.035546886394,476.02959006954165,29.845611900772482,57.438821568634445
219.46232274938964,475.6699399951481,29.609820356208203,56.789322030989595
217.77589234425372,475.20670325912357,29.497993599722847,55.9073603013938
215.79550310313493,475.88854933261183,29.402216333974614,55.42482650631556
215.2702883853378,474.14676371377664,29.201791992637105,54.498040745542276
212.95387207371934,474.6265223288919,28.94262394067258,53.99184151515155
210.81952395245096,472.93600968879304,28.802709839276236,53.36834637908956
206.71388314506228,473.16719722738975,28.50017175953455,53.60909892450047
204.27424399232245,471.52633297051517,28.41695759904132,54.84653045834549
201.83339904175074,471.2834270137004,28.749322510865923,56.491295681034075
200.16716341234297,469.0685989788554,28.950886949384177,57.997620013205804
198.694152664373,468.2397863476496,29.367150707210712,58.9458052827127
197.63023434174036,467.38968510925986,29.47993765650739,59.50598667375313
196.79293882566597,466.8740211066389,29.453181933628414,60.07421767291247
196.72459255368406,466.6981020336184,28.86255940934729,59.97508540765287
197.1209395987829,466.5304145198055,28.5757650464941,59.18494747770565
199.18315455594873,464.8568556749465,28.777973353903153,59.202638401981844
200.7818240767537,462.07126903379043,28.946137861869047,58.08570419375444
201.92599784076708,460.18384545692953,28.732342154597273,57.72084044430845
203.3677048938309,458.40284909422525,28.611950471260187,57.14479024292876
203.93013940842158,456.56247048877293,28.899219784936186,56.92155527777747
204.87268283710227,455.34805505288404,29.319903563179626,57.585656888156876
204.85290201702068,452.5606712879454,30.105129799900446,57.74498767334417
203.43319139577184,451.8345194507781,31.12823396094671,58.244462403949406
202.11455255525198,451.95888323216815,32.07292057085761,58.392598480524086
199.42788789059517,450.9788070038097,32.5851663926334,58.399554411667225
197.9389213874987,450.38646972025344,32.343878522132584,58.150030360844525
195.62421152225187,450.81917567659696,31.984610737367454,57.93888367309117
193.49960312536652,450.74171113202186,31.964739739695283,57.33978980634683
191.61460772589123,449.7114447990354,32.06678586892235,56.542632853255455
189.39419263303805,449.6377813343224,32.16771460733258,56.41086124213692
186.47799476816198,449.0584991241,32.01482886964696,56.58624090773324
184.24853802660817,446.7803180567813,32.04093538406564,57.29366529250794
181.54522811336534,445.67517755626966,32.283299591502185,57.820505250631136
179.87734419644622,446.6021154632632,32.335957522004904,59.157849004896605
173.5742552769301,446.3076858301363,33.22222950776563,59.94059686089034
171.72318758718362,445.6466462957167,33.76141198732573,59.91996865338514
168.8946953756543,446.6789957410055,33.355849680342885,60.469829890065824
163.7883116988605,448.39847605896153,33.25404279229228,60.90448022751193
160.8171775707216,446.7312000594942,32.91896539122145,60.841473775747815
158.267782741714,446.6908662554892,32.712786692150495,60.70735370682732
154.490163072985,445.9188044736448,33.25435749246858,60.06055286446453
149.20596512172517,443.31390401561185,34.195139373686985,58.57381628587095
148.6256764906653,443.5713897034477,33.9473766585423,58.323051796490745
145.57368723707785,442.26227341519655,34.468290609595385,57.47008199948849
144.49840999980324,442.5013683946126,34.52701006217196,57.96015566675503
141.68757903977556,441.56056755851716,35.24862229579543,58.08685378402946
140.51790887357149,439.83521459952624,36.02898490508191,57.80238576135278
139.24623612885344,438.3200348918503,36.212919870149754,57.36880217209652
139.03559948790033,439.1572785470346,36.04021617756866,57.28081181092372
137.55424813076328,439.76561100962124,35.897347145016575,56.826418409226164
137.81505098434053,437.66521123312634,35.70098395724075,56.44363603777744
136.0356939174915,436.30778662320387,35.94666713276315,55.54057272672337
135.68678077412753,435.4629107392618,36.835198033415125,54.30373858190293
135.77349307980248,433.63017661421105,36.89300448566955,54.433217309070486
135.88699272466172,432.59025547863666,37.04065123376809,54.781121337306985
135.78760524766486,430.63586429930467,37.3465325083218,54.962792594820534
136.06096541711457,428.25120299976476,38.593022556652244,54.90022508769914
135.7435467264235,426.96111205777777,39.860344850906756,54.887860985497525
136.7420294778986,425.23183641194044,40.41878496471679,54.7235749721033
138.07598402184232,424.1620645074961,40.84339444486831,55.26668657197709
139.85943563252397,423.9261488844268,41.63185220830725,54.71477001633492
139.9421507630213,423.40438198046814,41.2894288901808,54.76960438806455
142.01270402772585,420.4648154936698,40.271581905144274,55.607878616086325
145.69197332671368,417.8645257393956,39.46674327741399,55.921796595093646
147.2766365598603,419.21663510342637,39.378649597299315,55.75848596525294
148.85547334637934,416.7879984830667,39.10269322930885,55.77000410572202
150.80471943525907,414.6766469146801,38.80142290289825,55.07582854223897
151.90578187909188,413.53918976250424,39.26315118372021,54.130028992754504
152.51534969599606,412.12881857813073,39.91877772737916,54.08007290950575
152.9676818087279,410.43537319693945,40.75259097040613,54.027941607679324
152.977651371121,408.87606872177724,41.26019568841241,54.35435261526989
152.88804651607126,407.42995463768983,41.875131892108904,53.82948011549125
152.1268558282589,406.9044909559451,41.766196725108244,53.335217263869964
150.82726643219257,406.33056688810234,41.23294091068873,52.90719846191817
149.97475792804448,406.2176862341467,40.50869861875299,52.30858819352026
150.3950247242688,406.1430681792804,39.74202257960755,51.867567135436616
150.84296945151291,405.32352002097974,39.15046815305248,51.823446999439355
147.17340578032838,405.0954727405306,39.29074772473066,51.76953411929377
145.91500152870725,403.78616933439224,39.334615306189455,52.07772518678906
146.1845861711921,402.7259680735779,39.33243410076762,52.33358415125067
145.95359453705763,400.7034980506367,39.4444937583493,52.79491938451098
146.24511684069148,397.89383721724994,38.95457084361988,53.12004873713653
143.63884264690324,398.31013407686874,38.92764207360355,53.16858094487045
140.85449852849072,398.4905099915444,39.315146495426156,52.74371282381726
137.32506522422443,398.44865933325394,39.62101952027953,52.499749020034976
135.10756093317133,399.09135584497653,39.761619781005166,52.193182280998386
134.20039898161812,399.0927518522445,39.17509458018395,51.930307008310464
129.95896382651028,399.133120711154,39.08463496486253,51.78062541744365
131.76022576652588,399.68131543762314,38.741640913856614,51.66982827016559
133.3835874502522,396.0905103044691,37.960537110460336,51.61727143747463
136.2182830152973,394.8685523695852,36.715450465691234,51.85932902515322
135.49890457372442,391.69577096274946,35.384751915945145,51.91745630720845
135.86321099831605,390.68890281709884,34.584820485061556,52.227665386366795
136.8737861192196,389.26177297774166,33.951857890120266,52.450770051043094
138.5137229325132,388.6841412447013,32.07359201537942,53.35922582268853
139.9676951000531,386.99943729471505,30.376866156595064,53.973020395634734
141.37843215531686,385.9138192947735,29.159984846207927,54.294188422381055
142.7807323595494,384.8979170178393,27.911321489515917,54.59057787519808
144.7426731746407,384.6153104914245,26.796085823002176,55.43241358103515
146.11641019325586,383.91533057784903,26.46965422809358,55.99292155872543
148.13527565677364,380.45978267310886,26.099389464693278,57.075753608592734
151.424801445755,377.7553463761841,26.044236488262555,57.39119806752412
153.68163223126567,375.85877464585604,26.287207245274637,57.865268089535796
155.525308577213,373.339886320455,26.49849661652089,57.99669794239486
158.41457894609832,370.8114658680541,27.232129054561984,57.93823199294859
160.9676238152493,369.0943005448897,27.679041196905757,57.56754469112678
165.49597249145054,367.8173208465378,27.90422136220346,56.64359523811428
167.90943506554174,365.5100732264299,27.971150355256416,55.85734127178719
172.52308466064284,365.2655281352076,27.605912665603558,54.93153115134478
174.6095707612597,364.26924454817345,27.09359477078156,54.17396647993877
178.54754923747367,363.01678201461436,26.175857346551886,53.459079392287066
185.07958454797568,361.69889627768606,24.92065036537941,52.71425351316218
188.3239410512493,360.20851586307117,24.360004566168588,52.170227393234235
193.83743957247725,357.0223375334077,23.721754738983673,51.57675181913213
196.3010156802898,354.78552396645216,23.48179067185716,51.490943585459036
199.23324811944573,352.6795466070435,23.77006865624669,51.834651987366584
205.3705247779828,348.93085026009874,23.72049760083024,52.18780191773678
208.8539487522958,346.30996156081017,23.93471473475433,52.23197990530326
213.88575473917336,346.01966914799294,23.8349365698981,51.82763904362458
218.58290370342522,344.3375356951756,23.955145935095562,51.90896460785913
220.56028401232768,342.73831505658063,23.804913792098382,51.82751820881004
226.00654716955967,341.493248527898,23.847369777439077,51.74044727714638
228.6924867836509,339.65152590924276,23.553683736970267,51.74627949451362
234.1165801296833,339.33856120605196,22.821822423323407,52.382563525025056
237.96980869271468,336.61665433223084,22.241081506672295,53.23094356066164
240.20713023278554,334.9833790217765,22.309608878648476,53.51333781140735
245.75998263526895,332.013034460682,22.390978734936542,53.58744978515892
248.93023871881053,330.50554949730946,23.19770863709776,54.019713022069375
251.0464044177217,327.6222349687154,24.070411113787138,53.65845387659019
254.9256355917974,327.0654061415383,24.607056607127426,53.0480986792294
259.02698738947646,325.1401198528282,24.99071775786307,52.50520192300092
263.3269628208609,324.7042203578589,24.835533893385247,51.828570827757304
265.1615451908972,322.98004246817857,24.411925984672536,51.105289072022785
267.69220493861695,321.66820802601757,23.25840001111406,50.74238044551098
269.8571663910023,321.76206648735086,22.32385903383365,50.2940599459458
272.36310588412505,321.06905980233347,21.68934754407863,49.47856121766824
273.6922071570578,319.4612383579094,21.545481822630176,49.21903110999539
274.9646503093293,317.85741897051497,21.57254786107438,49.47227935896634
274.0075348661546,315.8163223469575,21.627455245836856,49.75330702533175
272.440231198171,315.0749396805158,22.321825536515973,50.361646470153644
270.54479621714734,313.6442012508143,23.157972378827523,50.804323929227046
268.62202592010044,311.49081464067797,23.81615483197578,50.936217598565946
266.01754723637754,312.3595750360336,24.149900006886213,50.51123412036226
263.06300896931003,312.75402777703755,24.21072615192218,50.6449641340171
259.9863941537207,313.4732683669876,23.794534014912255,50.59733588227856
256.47087188369636,313.57889667621066,23.067051276060887,50.778015059378006
250.41954882252085,315.2635946980687,22.04366361545286,51.68140801712684
244.85612546865917,315.18842408491724,21.54150489104731,51.256349129370236
238.3708683659222,314.78398152657593,21.48818486800566,51.12008995036051
232.48207421994218,315.6996880880061,21.82625613878652,51.55644091899184
225.56159972700678,315.1136555212556,22.307652741234428,52.60631512254345
217.75218648316084,315.68919955900725,22.95784557719294,52.92799749953964
210.5302106375484,315.58108025259804,23.820570919540813,53.05191177350466
206.2378850719558,316.0820037491234,24.547679059087873,52.564008750657415
198.52434647597707,317.7412140506001,25.224398623176683,52.195902431074984
192.5582517412767,318.985694519163,25.407269969713642,52.04395497699658
186.9419473800206,319.20509663164717,24.50355380971856,51.57962318535698
183.84562065297033,320.5753722407927,23.892804839960455,51.165407397211055
177.93405043174053,321.748788870017,22.92949108167542,50.993287035109546
175.58365038619095,320.60407317826264,22.33062810591053,51.24998450138201
171.0004109172875,320.81441693797444,22.10949756190592,51.85644296374695
167.87947354617958,319.10711944211835,22.234401288191595,52.25548018949853
165.14259394195267,317.92719262265825,22.731229401522135,52.706165108173366
163.46835863266645,316.53104323119663,23.92544224574153,53.05820228869485
163.82114539252646,315.3693582128893,24.83891672540351,53.24941380747188
163.9542973314916,315.30266339434866,25.600334967758265,53.0467778190859
165.23776120484803,313.8087184651391,25.851277361121078,53.145263619048535
166.58603492241735,313.81837511088037,25.51742013632484,52.80567689841077
168.728657246152,313.0248437806877,24.68419446506709,52.62176265774168
170.75024302370718,312.3303650433469,23.506652821379497,52.514208792281984
173.2643223769542,310.855659606631,22.899811215410363,52.42259617290076
176.45356803117699,309.07491157886824,23.00238327290104,52.36448311091825
180.04657388849697,308.07788982314554,22.736142752719118,53.18832174451033
183.1408797938869,305.6034065828429,22.987006478285657,53.90037215989952
185.91903911338358,303.93386273311086,24.014526302121933,54.07315717839436
188.6443759610669,301.9105633333346,25.037287531834586,53.99253391678958
191.60825004183232,300.4032308267516,26.276054243808396,53.13366425054281
194.4165246878952,299.4805559287325,26.741774143424593,52.68664778033037
197.2835496470246,298.6912817474125,26.92412942612399,52.09344631272437
200.47201767954877,297.89910133779375,26.35065825060205,51.442908564762206
203.43789332469808,296.7017177974009,25.030869755560992,51.44805009623161
209.75940753461117,296.1030740834094,23.65211688657714,51.41096407393529
212.55028467534544,294.1243654663163,22.96689657117303,50.9620435700844
215.45482322930462,292.795137641104,22.48261661672756,50.812311258930585
217.97257074713139,290.56639464346017,22.417031725879927,51.144549775733104
220.2998742587381,288.83517284219715,22.979614968322057,51.48849457607413
224.80930728928266,285.8034131068813,23.581688161993654,51.59506815055717
227.25923159511458,284.448977518157,24.22938259918846,51.4704398963957
230.03449648429623,283.66155410324023,24.65565898461301,51.2295457832742
232.97791258367266,283.3100871323746,24.889984908876517,50.57651589882598
235.9954442735471,282.9684409958397,24.226132104231425,50.06391154637688
239.79157749484392,282.258486282363,23.140452213303988,49.640969572955036
242.70396551835896,281.1495414677428,22.22922797367748,49.25045289688225
245.54595116454388,280.05609780925187,21.7369819353665,49.20058126649166
249.0850149214222,278.7983964024282,21.811892446512243,49.44573685914598
251.88152402807657,277.69195219408823,22.145256774859963,50.26854673120923
254.42214735499488,273.98731741752516,22.88093135515418,50.78842963043521
256.6729046661938,273.36928866455935,24.05316904064823,51.73909705734533
258.83470649964636,270.8137008575938,24.88883232244298,51.61236430793414
259.9292858269871,270.6898102020108,25.643842235418962,51.05160330790865
262.015306197684,269.8413711461494,25.72994873371026,50.39043774897708
263.2478010196896,269.70882864231,25.980277292671538,50.62348004095747
265.2833144064818,269.21271357486273,24.900702974607732,50.33853534541532
267.5864889250843,269.7187411244097,23.359177564874592,50.45739266945523
268.16287506104095,269.7898640084429,22.064033325526466,50.21716158904613
269.0941090444791,268.1767264859234,21.246229383956816,49.99728990747684
269.42212758678966,266.1657326043205,20.81176833435852,50.002272227109614
267.78948749141443,265.6361122413047,21.206697925819924,50.365205949643155
266.37415758170107,264.1848560144983,21.98216813571908,50.45979151002181
265.66530255571104,263.1576174947292,22.69011430315476,50.73172131407105
263.55733294459793,261.42877541824646,23.51238034384722,50.67953660679174
263.17545506750525,261.1475138749686,23.94038441551261,50.44130949736749
262.1427464514444,262.20547923972106,23.931637733907547,50.10465573491116
260.909674632245,262.1638206776726,23.379733324286907,50.124159597320244
257.1318739720349,262.1308304594141,22.97771307030534,50.16738413716473
256.96021281371696,261.21489626402473,22.47241628350943,49.94948288797461
256.5749216506314,262.1895766910276,22.1706036426015,50.65568371953104
255.24377974193084,260.0957835949367,21.92287068487134,51.931958762115656
254.11863532980414,260.26701856232813,21.92752209228512,52.61563142453122
251.86153480916965,258.001196923348,22.268833900918565,52.82465431064581
250.1337426876706,258.43474936166166,22.804029922175964,53.08929727585347
247.6816986755742,258.12719358141635,23.74134825108677,52.65184516904668
245.76320111770764,257.92859578942955,24.561718677717728,51.99738748706727
243.95822543265817,257.9875688768344,25.143084137019592,51.689830354158225
242.66670865935384,257.9286397917308,25.39404637930694,51.836848450243465
241.21335381431427,259.3460750836301,25.398433777058194,51.854666417393844
240.12846581064707,259.01150934958457,24.784817355040797,51.39500905663523
239.26983401071084,259.39434206693875,23.925730265978917,50.918680750327624
238.78860408687768,259.03263765571694,22.766533695798564,50.42290565095735
238.291409566982,257.2621375390177,22.206911271470958,50.21798260363987
239.13256873208326,256.8020432460324,21.89958018587444,50.514756792370775
237.39024940225585,255.12655157460645,22.46330562607736,50.988617733031504
237.69324620401332,252.81395197149823,23.20950764309923,51.101367674721565
238.5362158547776,251.95489802918868,24.036556908922982,51.118568805800635
238.6442226745952,251.51258514582327,24.59185562528296,51.02509457071949
240.07514509271354,250.6806611481629,24.632644694457028,50.97956444275686
239.95217031905608,252.50634053951381,24.12365796390562,50.74191601581364
240.83460464387002,253.43055022677274,23.028730024345435,50.829795607703616
241.84767593663634,252.9063855265716,22.235961676827035,50.64729529237711
243.7231466224393,250.81348795149725,21.606732513015373,49.79933132539934
245.02409832390927,252.81556309123425,21.32007926838532,50.3740747074244
246.28698479663362,249.85826402348488,21.180115506057373,51.07653657430742
246.70628747849827,248.88780002503074,21.447131718637245,51.6364872982283
245.73802770379064,248.06470578247243,22.197768699693125,51.930176655956906
245.93735175635584,245.69739099161643,23.232555438579794,52.27342115923873
244.7531356838921,245.77599479180893,24.42639437328686,52.28934489065517
245.21037218227124,245.47544450235438,25.472164959254144,52.04026627416021
244.28767615282186,246.0082951421811,26.02839259421035,51.82221939676277
243.81980358242842,246.01042122374463,26.005659939873176,52.089683470703925
243.19680689345006,245.13189077120148,25.715209726712043,51.5084987455259
242.38701166261149,246.8613198191552,24.84974140390429,51.29726147061761
243.46824139556986,245.2791643762695,24.150305004508233,50.988444514439536
241.70683279696928,245.8427290932609,23.11300495698894,50.46096141033649
242.4131833503357,244.57330391612683,23.130665001951396,50.156263466722585
239.6238568903479,243.39158544295532,23.041441678335694,50.32982147248336
237.61480455207828,243.05770259755064,23.049644831284787,50.54985692008665
236.0254172065074,242.61889013377697,23.717217663906062,50.9423676606318
234.86851938859843,240.6539277216359,24.5304452674593,51.20456167665588
232.5285612565846,240.7501348364684,25.37893848728224,51.100410787285284
231.28132366935083,240.95792446626302,25.75160990122124,50.8104776420454
230.34644537733197,241.86345749572988,25.848958834311375,50.66767060773175
227.6250568979415,242.44099270046914,25.794459963777104,50.86569990204196
226.92903317669018,242.40682766136877,24.49040097241137,51.098349316657064
224.8677192635539,242.84107324496907,23.566190515145085,50.99560080902525
223.09883862241637,242.5665257366963,23.29439316743056,50.89889642714852
224.17316985482174,243.52717325610305,22.130038826208363,51.59716544473152
223.05350002253243,241.42158750962673,21.44530312572046,52.43627520825301
220.9572397161626,239.9525959205664,21.511286415462063,52.672392713308476
219.0349443424504,239.6249135561723,22.30686283297619,52.71513535986329
216.81786103114868,239.97342268720445,23.404058649457802,52.51309746283688
215.88508284152988,238.82062411018057,24.41380385001115,52.27526643428271
213.29769006145938,239.4002343112661,25.293599347438523,51.60114338080168
212.93590035181256,239.84408572141496,25.728651933674772,51.67732735793207
211.9467756085175,240.15744699422584,25.78623746743746,51.5179487685424
211.79196665171744,240.93220050686972,25.074604179407938,51.26092364251608
211.24907913176645,240.62474844388868,23.992316293971157,51.16050241294839
211.13195304966072,241.41058021900292,22.63437628517845,50.92138259345571
211.6786737113084,240.30802014805346,21.755239617673457,50.844629986025986
211.29525237840636,239.8341637093359,21.611074581126886,50.74022575416238
211.21516802632468,238.48607753073904,21.304647128931542,50.996787391675376
212.49112678777146,238.26579734108046,21.588791083699107,51.09135368591907
213.0388332163489,235.97599779189125,22.455446665074213,51.34191940951111
213.12290597357998,235.37317499604325,23.404962507538002,51.44063033457347
214.07233780254396,234.3505403424893,24.139028413132394,51.67801232593128
214.4976168852383,234.03363157897064,24.415790537355498,51.63416432133326
215.3221730056444,233.9063034350253,24.357630454517587,51.496748497855755
216.70140012144137,234.65044161322626,23.143651420715667,52.12274497432437
219.1161952015523,234.25333701200665,22.006187773021278,51.95456792626764
221.10996259851532,234.28081836438665,20.977446380813394,52.094815991280186
223.0244502512436,233.7905769963501,20.47566815024696,52.394782484372335
225.24041309205455,232.16203921649216,20.21487503316971,52.68143363040718
227.1324916397432,230.00290507320767,20.70994424089304,52.9892868397667
228.51180721965775,230.690588604061,21.529122414865178,52.90908376712712
229.19539939926,228.37178199462784,22.41087232461211,52.999581183228514
231.5568562622901,228.21627333395168,23.38337028068081,52.616912794150736
232.69930531763507,227.4626839550007,24.188024095650047,52.17889146641274
235.1362354382911,227.85447093183672,24.394845178343154,51.642376455654706
236.8170416595936,227.60453450316177,24.267787503346764,51.19621571601209
239.20032582997612,227.5653609939199,23.882376560805582,50.62018175734205
240.47124144156595,228.5118591481902,23.219752710291335,50.20024534145584
243.41392606258654,227.50124990658676,22.379092673877615,49.94289221898037
246.1423327230534,226.34539871345163,21.610073561470475,50.0182018688157
248.97990589318584,225.8791489228523,21.418781038191668,50.134666358137416
250.85756101785432,224.75511613005983,21.371884628194948,50.74957433282908
252.96378534041796,222.43926540782346,21.74526762521858,51.04423916765217
254.7691039144501,221.80704860197721,22.52573803635832,51.04261206939132
257.35081332165566,221.01931109649945,23.314200630638595,51.140773800241305
259.783929377685,219.6008966907546,23.79054502233356,51.057657371710235
262.03347140525096,219.76704390239433,23.88942716135456,50.84117893810389
264.4200149786151,220.12816486511846,23.695015761543978,51.01104670475237
266.6586188754846,220.78733880040767,22.562169511460418,51.246388314001805
269.2852232923054,219.34648585230482,21.346293212608916,50.974946035921604
272.47005026173014,220.37182123919308,20.52075195610186,51.06812558868319
274.9706327119637,218.8300348076435,19.952220455598177,51.27373896195994
277.29760065098276,218.17827544882377,19.648008393478033,51.55358641018261
278.8465783336247,215.92378769390928,20.076372531978297,52.195885589445226
281.0817475335146,214.5845871769451,21.058355184749733,52.31040951766065
283.23911861021844,214.23437492227296,22.130916383698064,52.231430221272205
284.92067585011245,213.8634034787983,23.11147274894176,52.01768594296122
286.91769185707926,213.18939922836412,23.795959030296267,51.630836288579005
287.5980524593873,212.80888824086034,24.15053266363185,51.421586914633345
289.91008677321076,213.58557542997204,24.10738330173191,50.96826238973481
290.9949284626973,213.89647983257692,23.960371145445595,50.29483572373098
293.4564222856663,214.14936022608265,23.03432053602189,50.12189624628603
295.4083601648368,213.58320016244673,22.050939095689362,50.038242877120815
295.8378597723822,214.06810041714138,21.237247919190864,49.68279364031452
297.0927134122339,212.64752302122852,21.075082448569553,50.04369568937289
296.50992129376664,211.66096118097863,21.174564299983135,50.37674916990627
296.41565117404934,211.30941468879425,21.6742489509816,50.716247622262095
296.8816530173167,210.20904268785938,22.360064692890766,50.81169167448581
296.530823949046,209.95746496315377,23.30400493690454,50.765564394271344
296.6436731864788,209.39358327589008,23.854026283492086,50.54261725759114
296.44536698715723,208.949878753745,23.804842222222003,50.33358479454182
296.3618593135553,210.8149533843155,23.563296667545472,50.35773803507931
296.17079589905916,211.72348873232448,22.525273812585493,50.49775259086945
296.2696380388127,212.2785018171988,21.206577322232476,50.30247091746642
296.6992717850621,212.5345836655409,20.29423113360198,50.08511486348046
295.36032749002635,211.55779261778864,19.76995006691992,50.366292788948655
294.8199737462753,212.22200260839696,19.65376791552123,50.7742338344959
293.07097977793495,211.07443344959722,19.975770277479647,50.7410657155567
290.5437845106842,211.12162060667976,20.687066463073744,50.72441933759988
288.82448686841786,210.04104767882836,22.033465521486434,50.633752020008615
287.10497042714604,210.33694145630372,23.26762913370531,50.22838089731936
285.78874409722243,210.85306137311852,23.971985618358733,49.651947617053544
283.9395813310639,211.3706175486933,24.489202675944423,49.430053561478196
282.8380748142688,212.18813909952118,24.451584606018983,49.43802560607794
281.3018985556608,212.2113068587096,24.06521000188182,49.19458923974154
281.306804877432,212.18578070094452,23.372375753324576,49.131278503320786
280.73954598647975,212.7481728273882,22.78754462775839,49.19192883028269
280.0188150981942,212.32757377323242,22.316462988306238,49.30392824436511
279.7848448747136,212.02390952497367,22.604362524427426,49.8152172892239
280.02972676600797,210.06616519453422,22.581635078499076,50.08426449044701
280.7559448424766,208.83391017299041,22.92805482632631,50.56297343280375
281.2253016107222,208.26377231128944,23.53133037789347,50.45846897336726
282.7994563752727,208.10509063750473,24.135674685996516,50.93449464012004
284.10236920634156,207.39985742269553,24.216772527734523,50.59562744966701
286.28636936372703,208.73714546957103,23.615631505947555,50.63983688028429
288.64539426555194,208.8768024422547,22.842392092770147,51.30220628691055
290.68520510103644,209.54608089423422,21.864526279268773,52.3803559449937
292.77327064265427,208.35390650636924,21.013298684192392,51.58111693118818
294.81928460511017,207.3597256565465,20.573440702136352,51.28806555252553
297.83468089593066,206.95793955811047,20.531342788311562,51.5485311338542
300.40478911399316,205.76361158171562,20.514929490919442,51.56382454544516
301.4776649282852,205.0806794717398,20.851175113846036,51.714845373024666
302.7254847094845,204.91458418066844,21.745883032221453,51.85570915815888
302.8882591014559,204.12252584114492,22.79467287514009,51.991190616678324
303.99642980450733,203.23071225315405,23.857761143185797,51.97700246978407
304.0098087989577,203.96501156513477,24.62985911465421,51.67481608012896
303.95759062477657,205.51844617519143,24.978194227269142,52.03446526211523
304.4084307290971,204.88209839234125,25.025395883175797,51.69061526983985
305.26332597580677,205.10264663772105,24.462409484071078,51.32394243494779
307.85318269707153,205.9050774851278,23.333927902655994,51.07145767800049
307.6394185175852,206.79458879875665,22.402460466378663,51.45409119202398
308.0206245487974,204.81816289129722,22.21860219976881,51.225279493759245
306.86234747614,205.05371295720454,22.172726249411117,51.341450813894625
306.17336963153843,203.37327989097204,22.303636064018477,51.32492894587138
305.19312735696997,202.78074756438673,22.869426523265933,51.36730949698356
303.830102181398,203.56343581818132,23.468930491505844,50.94146436337206
302.3016414092107,202.83246907335874,23.953637909293505,50.79669981682339
302.47499846749173,203.25486298015568,23.762579310905583,50.48065342254484
302.68929295571854,205.37664245725335,23.02726158398468,50.47144038128286
301.9726619876827,205.82210654983788,22.09321728760392,50.4698857965967
301.6246117292931,207.3672976093888,20.80480726342091,50.49617738545689
301.31790611535024,207.57233350512072,19.79551994585077,50.24185659880816
301.4156793282168,207.65421138905486,19.254153540211487,50.636764676002144
300.60808845104856,207.27827351424213,18.902496934715217,51.01468213600436
298.52895581096857,206.70535977914201,19.57712965033057,51.400802036128574
297.19543893501276,205.72754376908492,20.492530711812496,51.41928333946119
296.5768479770615,205.89341661914696,21.638181954509122,51.18196727384854
296.0500612405519,206.26188547170557,22.763042090941425,50.93607191449361
295.2889098087919,205.72398103129902,23.73022710892613,50.80560414010954
293.6232472419473,206.83606389834588,24.202940897324254,50.63867865374226
293.11578618860204,207.98773165892877,24.427354733751006,50.916061411461364
293.1463390098558,208.32314531165025,24.219142145728778,50.63257804913748
294.359584621702,209.07204519239187,23.33964310476798,50.6329998042634
295.17950927702,208.595043888023,22.3890726351508,50.95002736302858
295.40314622105194,209.58195060647415,21.72153578748741,51.244425052453856
295.6557852611897,208.56557634590223,21.584768281314297,51.94241326533202
296.06275609647855,207.61535842227323,21.525295528583207,52.1645979653198
295.67096914743195,207.055516380454,21.737661664911872,52.77544780613751
295.49475611725126,207.1348490837605,22.50738818799602,52.655262238044756
297.32208997824756,206.89084724866464,23.299264636383107,52.63493633794309
298.08006034822745,206.81422012583465,23.772557509437554,52.65221705557551
299.49106196427874,207.64958269139424,23.673227693472708,52.415422440699324
300.3398417311035,208.2166310013433,23.139698234896397,52.28523898494002
301.41990580054164,209.88511139163236,22.152039235119222,52.32402135507292
303.43346151681516,210.0530957433447,21.417125268468812,51.77659963107561
304.8855614133676,210.7830649668264,20.740007489447766,51.65566272048151
307.1710540219765,209.62728468304712,20.584945867658476,51.903793217163035
309.09488097771333,209.64488873400626,20.440129661796988,52.46143788652691
310.3825834134345,208.72672353871215,20.7514902703962,52.84989361185484
310.85389099704446,208.0331271235878,21.903180856884056,53.22600009738463
311.7952658688932,208.02202923483762,23.141313147488397,53.61489601750698
312.2812540511483,208.50345820311065,24.26000260023888,53.644091887742654
313.72054732872414,208.5716636801821,24.594617806332923,53.92147464645413
313.1012097741179,209.38235760566295,24.789015247546185,55.005623161001466
313.7547875638001,209.6611272945449,25.20558403341611,55.580053950397605
315.77279081907716,211.5713149345645,24.450139446842734,56.47488720078442
318.08815801128014,212.76379116660027,23.71185658717125,58.21152392052028
319.4782555921983,213.34265044375928,23.223523197872147,60.1428377777776
319.6780717656011,212.58507667778503,22.82267013210912,62.54377941287167
321.02650456666385,209.71411648195516,22.785214529830984,63.35335965942036
321.98349872714823,208.86029335626006,22.843803542312582,63.89236589330105
321.3994920644131,208.48992271430143,22.979406007721188,63.8221897997464
322.70631814072135,209.31122364370142,23.23380395352392,63.92451403595528
323.8183091620343,208.27105648285752,23.79623105053108,63.77574312349695
324.77183064108635,209.6085758837626,23.99593500442965,63.88680137139996
325.78174950712867,209.64374074977195,23.90922205299995,63.67159262608132
326.5267532436273,212.12452060781828,23.087895963135555,64.27042576658656
327.81781284361165,209.9855207174059,22.12219762822575,63.75809227638467
328.79390643903463,211.88663165785582,21.335606803308437,63.09980035382838
329.8883103722723,212.7601935850695,20.817666141499178,63.281207192455206
329.98221093963355,210.18597445837568,21.040623174282032,61.99870863248831
330.37422695886266,210.14937115541625,21.714546377027126,60.551510303524054
330.55693515432984,210.82109122240877,22.663531970307517,58.79105300769288
330.0426662101974,210.425181882659,23.540420204660766,57.65423573233559
330.316320168104,210.42443220034906,24.536321007147468,57.357562950873486
331.34326468572937,210.2116721654093,24.926254355777367,56.830934881276235
331.69839790699336,211.72559430740134,25.124316446422014,57.16296818365691
332.7549212244209,212.46291398524892,24.419371608670723,57.03201934252627
333.20496854767214,215.07635655593924,23.715669096000315,57.68415441522646
334.51780518360454,215.38837918341326,22.833755098618205,57.79928614888009
336.30078006390886,214.98908020588,22.072393179043523,57.89251117437354
337.0020976199343,214.60584899412248,21.601115450720574,57.19331052244148
337.26226270146145,213.36290956889886,21.580204231786723,56.62633483492487
337.7726259254377,213.81206067403906,21.657610632573842,56.52169946424406
338.80946335812797,211.0352755302567,21.961320906658628,56.38604360129608
339.3343358860584,212.33283888756915,22.50329011376013,56.08105703864875
339.4914577502784,212.42051957939236,23.482002975972605,56.209781654729575
340.3217358794153,212.73106271725771,24.322557509858836,56.183782072762625
341.9102540230641,214.7027412850345,24.610000668972372,56.419450587233406
343.312075992728,217.0244670282454,23.734229983466893,57.4876923877074
344.08904107381653,216.30707530044253,23.49887699166181,58.04429122674739
345.8205045425831,218.36289566827298,23.119520772894077,59.30606786855846
347.73776387857566,217.57100022170334,22.68913351341495,60.963485458761184
347.98783827038795,216.2229503528177,22.320577986979167,61.89703520015645
349.02841285757574,216.0266257053242,22.110187346081347,61.926595708541434
348.9704845337412,216.5079087186034,22.106250235954178,62.38083149224758
348.27193360044015,214.885388078568,22.082997378625933,61.9750413113656
349.1613054714865,213.7713262455216,22.827060757810003,60.958129805949625
348.4207784842797,215.03657585199585,24.081107581573637,59.44564252060582
348.5464261383576,216.54030755911435,24.84377430382855,57.89842841114022
348.38640621901936,219.13040690617692,24.781384274522168,57.87627119421845
348.36108614633775,218.000949581471,24.45881455598426,57.456174021883484
348.47364012630857,219.3890978484893,24.01801041021543,57.22463056249282
349.4906814780846,219.1624418001402,23.571177343313487,56.33257236652753
350.14687407275164,220.26768352327113,22.94618820347886,55.28442073979996
349.90644621113785,221.21576284406646,22.400806438913527,55.20017594613258
350.6268331378431,220.57395443574922,22.002573016525627,55.82077483416673
350.33397528430856,219.70150829589608,21.875400661594373,56.01653512439398
349.9900564475589,219.49467773640959,22.138875824651052,55.9684725283
350.02842262278426,218.8698055712727,22.83511093197164,55.67067237920365
351.03712635012175,219.1880775095268,23.469024173173665,55.79167671570055
350.26697694784707,219.6878328400898,23.948281384171423,55.868584335176024
349.89282233372575,221.3914538492179,23.820380936148304,56.30971215372712
351.21582896118736,221.19375886555554,23.946424260814968,56.49523832422166
350.29162046356095,224.85187854160392,23.087410893366414,57.99838545436364
350.0711307124691,222.97953481313903,22.686749207882237,57.4941939554524
351.0892890141795,223.49510487308348,22.132736343055527,57.567976368598764
351.0345251532617,223.8913463987929,21.624843391520717,57.643742137484786
351.513298994485,223.74313342052957,20.983538999975284,57.44183097419371
350.97990087907283,223.42215192722983,20.989310088129937,57.4954771029784
350.9083754986864,222.8295383412253,21.30287973892613,57.006453553056005
350.3652596507246,223.3977017499546,22.18118832054978,56.56339211407257
350.1959543423588,224.2928354890098,23.07524466796766,55.99228185489527
349.16567262328704,225.61244487763832,23.957131858514423,55.57590362519991
348.00856303446005,226.89707563676754,24.592198905087745,55.5291674174578
346.7020511572186,228.20378345619253,24.82293992565351,55.70429643345404
346.90025449079127,229.01887134665006,24.701980090688117,55.60057486282035
347.01123580457374,229.7841080762229,24.452021234115364,55.326125406703525
347.963015063451,230.82594277043336,23.828481403609118,55.66863566572832
348.81936745845337,231.26975479293026,22.84585072125131,56.69293216821983
348.6961446164677,230.71105027061893,22.18405274906418,57.16527590522532
348.74896398475386,230.48601012967103,21.713510622084286,57.55079054345292
349.7114176829344,228.36143988844336,21.73587302304843,58.15457007925299
349.85569245538426,229.67063505774064,22.154503084109464,57.99825759672227
350.34346021198587,229.74565447677702,22.84152862990431,57.881617334730294
351.4466673497663,230.57690089981537,23.386845988483554,57.35306959611367
351.9797435853459,231.6293538775033,23.663368011114066,57.470877826452515
352.6470250709818,233.64784433401522,23.632395456750437,57.67216958035981
354.2317551812415,233.91902679274182,23.430403736368376,57.649071685516304
355.39612823270835,234.3154753385257,22.575051192890516,57.29086098649427
356.5166946801757,235.80727214314317,22.05474623508205,57.60579271066385
357.02449390152645,234.243760687506,21.559920547526517,57.79033315047211
357.7009256274812,235.41901478032207,21.231266118139,57.26194396241384
359.24501959278876,235.34518200472306,21.009721377907795,56.81583138021957
359.6925938152755,236.23525523608353,21.42216890118088,56.8239947300444
360.23239199423534,236.81081598147284,22.230839464304513,56.70200405572538
360.14479543268016,236.7030424064772,23.146414483910647,55.87117366608196
359.5138736183043,238.50496306922307,24.16672779857454,55.398716236464296
359.82652524876687,239.10475585702162,24.983787322988753,55.27672541794726
359.74717593127855,241.79982672983272,25.47268400751073,54.936516152183486
360.1647394062442,241.97213283923176,25.504246501167536,54.93802148948051
360.5937214638403,243.55777128260567,25.69217545905739,55.04417752128126
361.2903826388128,243.15892759545915,25.259770999184294,55.21775449489757
362.32701677365105,244.07904605831266,24.4066722737277,55.048932063704996
361.0146009208228,243.5767415432843,23.755921665846746,55.443658798630054
362.77922851465803,246.4853123331257,22.738025931377503,56.22422258317455
362.535724365337,245.58347352608018,21.597513907219838,56.903808452842654
363.0968415269491,246.9065247777302,20.759745850627777,56.80915167212258
363.29376370364855,247.5016628517255,20.720358905418635,56.63024892482016
362.63911748895003,248.74394550560072,21.507357886367423,56.249905914738186
360.828529113549,248.5795566464463,22.832118116097178,56.02242829247084
357.97691710751087,250.06690586031158,24.04744759310875,55.72481574120516
357.1557562055261,251.7226222078176,25.080625245867473,55.36790470222947
354.93066161780024,253.01505253383866,25.945630085610507,55.37052840992855
353.68673256606485,252.52689096525907,26.501977859834795,55.38579972537907
354.11904442956626,254.25149180069423,26.49886148899885,55.65740679893929
353.85896905146876,254.02963841273458,25.845458063141276,55.35753216063584
353.56637585673644,255.90572033854562,25.04420751336641,55.51674287795299
353.2655890754474,256.1991735399656,24.26819518803551,55.78710868284992
351.99907284816084,255.87918077299074,23.626025988174447,55.912875826811806
353.64676324437204,259.265035630798,22.70440541914067,56.5203150713107
354.5776634305989,257.52368526798034,21.89873915141574,56.540770332621115
353.8479320782457,257.9495767308419,21.612414831624015,56.50985005776934
353.48759772919635,258.39779355795116,21.672167797339014,56.7059764564225
352.85833778504787,259.252384145959,22.529636998799802,56.836528642604605
352.25489541414777,259.04009602159385,23.585174222632773,57.245443074290996
351.678184016884,260.09384116210714,24.51542879306397,56.60249184432027
351.4211525550146,262.1166631972569,25.253664413274063,56.02594491147197
349.93183143121905,262.29630074886336,26.0654215233071,55.63420834385392
350.9653262610409,263.59676857777856,26.329313459274978,55.04114002229678
350.9243899340224,264.37374139293945,26.145188405468268,54.95273027111008
350.7524223083147,265.2166021413129,26.079610242977505,55.122391455256185
350.4259611740479,263.94243803243955,25.70705712870623,55.57551198181022
351.0433911802263,265.2214519879752,25.32424181792569,55.66883266158982
352.1711005982689,264.49512442944416,25.165783526426686,55.96005968474162
350.3379693969247,265.8534668869404,24.50646485535413,56.92982787376834
349.6547177102661,264.6096488843147,23.625696690890578,57.75506411019031
349.06936510365153,265.9160198184278,23.190238402380192,58.205099045934446
348.6120555478596,265.5722554207931,23.45820833212125,58.05805892345258
346.9039103005336,267.1263744213335,24.535725576193386,57.35665409421634
346.81158859825024,267.49467885060227,25.465370118016722,57.313031425997785
345.7319626246948,267.7231862157589,26.358908373416206,56.953439869171675
344.9094601970723,268.0273990229752,26.81566447511355,57.313139538457214
345.0365827868277,267.9482005971299,26.9857051246699,57.2680483382565
344.7207085036979,267.8923702568342,26.430730339451,58.08785898842563
345.569503178032,269.44872792559136,25.668118462611265,58.43493221177872
345.26489411634566,269.46956666061186,24.775818813309343,58.72526539833296
345.9672290748849,269.05691255957277,23.964567673219822,58.977160705208505
347.08777876356555,269.18866061803675,23.368706456945617,60.60093503887249
346.88053826178407,269.7969262334452,23.05853975972201,61.29683659785816
346.739144357283,268.4829523468248,22.90637504143945,61.4625544039817
346.36743781012393,269.42514964898345,22.774974340667846,61.268875827877885
346.91085600206645,270.2204771598262,23.101235576793204,61.903643903802795
347.5762227443793,270.4832840435828,24.13551879100477,61.085313871565
346.6566545492956,270.17379275540407,25.42180338502203,60.62518141477265
345.5326186574139,271.81734207933124,26.734848999962217,60.648316121486786
345.73270011690204,271.8738312456762,27.433644334846324,60.27380017731245
344.9329420534785,273.59836495540156,27.877661361008382,60.42559645300628
344.7702674022325,274.6369997239869,28.044810146203545,61.14066171083378
344.89569783998905,274.22029261411024,27.47597267671917,61.34408159779675
344.70802892997824,274.9713377303245,27.275953655653417,60.61975681822998
344.9787924128129,275.5465597052502,26.85567566538032,60.11976041581435
345.5127598554764,275.5771396053607,26.597680104909063,59.28133077535287
345.7328561330148,277.28313380579925,25.735478171160644,59.56552009549938
346.00802458966507,276.3561167719366,25.128683850087505,60.139851499802994
345.3722107215797,276.58902142140795,24.414048311111873,60.49832675438812
345.3949039402474,276.8198227428341,23.515724652249332,60.24903903017312
345.683209867606,277.0199529932973,23.242318943295484,60.36106411941857
344.94903838329833,276.12413960360385,23.43903210157758,60.57876444998335
343.88421132171555,277.1095495319141,23.78080544643045,60.67982445710182
343.86559679079977,276.3149383952324,24.213004865680087,60.76468951172292
343.51392316459805,277.21716696497947,24.686229611464967,60.827543849889906
343.248378173437,276.5547833259664,24.35218422210204,60.07500938726974
343.2640177320291,275.94101510623807,23.75716413621364,59.381423633389915
343.1290490717658,277.39578428394884,22.99289864263813,59.79386456225485
343.5512520352191,276.35802692026203,22.240472040549186,59.639703996659726
343.8344917260488,276.5420418805965,21.62548252839497,60.7072965296803
344.15200698521807,275.13701543161983,21.505619365593848,60.53264040320437
344.671136760078,276.1476059624249,21.730769788064748,61.46861909920837
344.375547940744,274.6797370947382,21.88552457207089,62.320516464403596
344.3791288661272,274.5304775142549,22.034445947508416,63.18808796397021
343.28739221324946,274.27982804199553,22.659509681616175,63.78063375182709
342.3374801247451,273.2769929827343,23.857492802277974,63.23849927630958
341.34562460884257,274.50775976105615,25.111514116790296,62.91488180777017
341.4520391180165,274.31026977076766,26.247318745407515,62.91413644869604
339.83613159938665,274.5253211572607,27.20214813737298,63.29203751854057
339.71020793391943,275.680819371005,27.159009935546813,63.101621049014106
339.9742093569279,276.61946496228904,26.748999356542488,63.47365394977419
340.961030526582,277.4554333990907,26.823051938727733,62.701391312945304
341.06943989846343,278.1717184257644,26.530706428485882,61.76852594838532
340.72171852908673,278.25070675307563,26.10885318678582,60.41750129342728
340.34411262917877,279.87299966770115,25.37155264128778,59.26402593208691
338.9259280001948,279.9698992420736,24.792429126199586,59.23785908002343
337.69355948542443,279.9778799835044,24.636970051690724,59.30615134790335
335.8191055365961,279.0848017481073,24.86774240170938,60.74155707435476
336.0481518142598,275.8793750632003,24.930283543891747,61.90813201322996
335.3019645784023,274.7156212317939,25.300925303814815,61.98373280424724
334.44254408910786,274.0226620073711,25.662889551484753,61.90913027035049
334.23999038263634,275.1754012396712,25.887156531783948,61.804907604090104
333.28389442509894,273.9042480638098,26.120267722142565,62.10691067784355
332.8994412576239,274.4714865680382,26.547043574895785,62.06888900500387
332.49330643771253,275.4101926002103,26.875173355042243,62.4154518838206
334.46733740640457,275.1160217499457,26.91398957432013,62.63860584998444
335.5176846825589,276.46522230024436,26.35492791271268,62.618679414075075
335.8282648625256,273.12087914894465,25.955530031130937,61.66092139599587
337.3324646353215,275.3491939144242,25.260374351505867,61.762252852127816
337.5383686640784,273.63810316847196,24.939933434404484,61.279572416999855
336.5640105501829,273.8545446796443,24.861545761286056,61.23867189043995
336.7946296596689,273.24523222433845,25.035353428353798,61.391481948337116
337.2160995953039,272.5185719901664,25.596373665840805,60.92386845481295
336.7781479517188,272.62853764811933,26.933851388245152,59.59670957504895
336.3513389949513,274.6731260753888,28.313181374629394,58.57160962099225
337.24775459751595,274.3925009311606,29.075354289373085,57.98584731808659
338.44723861555246,275.75137526809317,29.70184315866509,56.95142059704133
337.391484676216,278.0941956919885,30.24664759857911,56.084226862287785
337.59497107720466,278.0804832117901,30.2871545810905,55.63991437828378
337.5508775520645,279.14211181867745,30.167863331633836,55.028074911052975
337.3638575224015,278.6787616046784,29.874039962367192,54.63753116695482
337.0964817567306,278.5958890010324,28.99799497061478,55.30085177650669
336.6134747915141,276.7112633038033,28.173325035500607,56.63092231998216
335.8709124128303,275.1659384840556,28.165695571905616,56.5783317460834
336.6959973818665,274.67903084948085,27.130135769388517,58.67167435516819
337.30539524679733,273.5809541322154,26.547375303065273,59.655635850345135
337.67992221168356,271.69269500870075,25.38437894684967,61.15302602272849
337.71283671214866,270.9101960859935,24.45359952744719,61.491821737825305
337.52531275891084,269.6765819471032,23.84003400723752,62.509834245838114
337.68078045252474,268.90373433557755,23.096812178683486,63.161927693720074
337.45788792769014,268.97841381058055,22.730349236790893,62.646437438019504
337.41298942485776,269.1285073349439,22.610822791532694,62.47567075915632
336.0554539840499,270.0341105700826,22.8779878942635,62.54375665776774
335.8098622031677,269.27330859568735,23.314671818692368,63.22089976156465
335.4538449164525,269.1712804595561,23.543827021671785,63.83697099506975
335.42349575549076,267.0985772065629,23.99421759050914,64.19960853628876
335.376420842318,267.0326977285406,24.186662420030405,64.81990373100368
336.2625800078303,264.3320958729076,24.604420678590095,65.8743114065031
337.93862922475097,262.6804765012477,25.310553121671425,67.51415999021594
339.3998777805364,259.7816606460573,25.86467859158245,69.51345829414845
343.81941506551465,257.9171988646104,26.87538601167726,71.64719860375399
350.0727749444194,253.41585047271997,27.34946878987854,74.0990969713971
356.29114516765037,250.62404320445182,27.534336123873132,75.80854883398318
362.80293104768333,251.5462884869507,27.884388211768623,77.24761759134263
368.87786033331986,253.98794697705097,28.076329376518522,77.95429075014965
375.1961466396812,255.08925456201675,28.274046314577056,78.37412044830585
382.45756626211903,254.14817781987824,28.232658104247307,78.52889008057784
394.07308298339075,254.9019751200818,27.899957257529064,78.3853871149211
399.4409597244068,253.69893797803087,27.421509874434996,77.71999972147168
405.67993160970997,253.39481479312875,26.87739445771048,77.48669377413349
412.8314788536384,251.14372138018047,26.85998264807632,76.8402390137263
420.9521036316265,249.93135804126672,26.90423647955114,75.26058880327864
433.9101811235569,248.21536530435287,26.463093321251932,72.57853485602479
440.63703913606145,248.35897619637515,26.13617115763197,70.20142473770596
448.61647505135625,248.18388980612198,25.472220248368046,67.98551718640995
456.4805679228133,247.8782612434791,24.70331738051499,66.2671947199446
464.5755409551553,247.31505415930087,23.99506267630471,64.97706588140412
476.6699074665749,248.39382613540613,23.315729067527943,63.08561077253921
484.21653891670184,248.08534154299983,22.918574985328306,62.181372505531456
491.73610224263325,247.70045830826245,22.465116897308214,61.757121087890695
499.63687610290367,246.12074511838497,22.060073578928048,61.23301999801066
506.811788151072,245.9358377483565,22.036680757005453,60.897981262973744
514.1669381626384,245.0637859180237,22.660346989060564,61.16845842923167
520.0599484916493,245.94755707998422,23.518459898849027,60.385739689867236
522.9612493928668,245.2024581434808,24.65193569117107,60.19008110134911
528.3015259795626,246.08488732251408,25.645773310626016,59.434201944599415
530.7803882960175,246.67128077142206,26.071138220105137,59.09493283662415
536.5836314448093,246.36155654819913,26.250018934545494,58.545023387218855
539.1954018160371,246.999203789131,26.67310943293466,58.54872179666677
542.3866851265238,246.07019589823116,26.680467815012978,58.51367129142572
545.6718116954921,245.84722124541085,26.53831717036248,58.23576742619461
548.9869506251079,246.33461871407235,25.802384594639225,58.24819563721759
552.1828610658549,245.3997401226764,25.21446014029979,58.41865706080843
554.198220573094,245.78110050935413,24.71684125399546,57.94261469106888
556.7494936084465,246.81489971033122,23.96254700290084,58.297007875799935
558.979710911611,246.84510074027634,23.685021408412624,57.43508213045439
558.7851015470812,246.8071282676448,23.993600022628463,57.73631630129573
557.9930500841853,247.34385249278643,24.698897191851465,57.615142829173365
557.4290763861665,247.9786586502657,25.522245034542443,57.50279581973396
556.9594310919218,248.86209294461298,26.066424270826392,57.25076223107746
557.0109650074431,249.23689473616824,26.545320813372527,56.58453356547417
557.9668033697991,247.97563386044104,26.581718071852887,56.101951013568545
558.7374855014326,249.2241131101702,26.217728767577896,55.760831003642664
559.6951569451022,249.4744288452931,25.279094292409034,55.62325020282863
559.8181612289087,249.26489909958968,24.380344054187596,55.45259623998888
559.7856619560528,250.54161410981914,23.993855803758763,56.284908407030024
561.1981939849653,250.4784146705906,23.586802457603703,57.03752059763609
562.5942467377452,251.82144617868562,23.490919495760387,58.38190649502033
562.623361381575,250.26508391514872,23.37227373316224,58.530134647963855
562.6801287166718,250.99373578203517,23.765110561076735,58.66245603435394
561.9735261580588,251.97847508504364,24.135491171542924,59.12930035581195
560.9080170460572,252.11830210055538,25.135988217300635,58.768660435949684
559.819041940813,253.10676251983045,26.24968509755832,58.18284620292934
559.4068074587707,253.96764328260065,27.40905798730016,58.098628594091196
557.9523584327279,254.11523858650645,28.47289354510781,57.99053201904407
559.0787286732153,255.33598500144504,28.88011309564233,57.85967332536685
558.4554361403904,256.3963705089056,29.361832107234157,57.5804313221721
559.3061368157574,256.1200147298959,29.305115071227966,57.54576962350815
560.0243322275311,257.6136964485435,29.087528011070155,57.77901179801401
560.6604966363849,257.61208799885856,28.643345114592925,57.36021353706174
561.6619907647482,257.6640264546923,27.774386842340423,56.9518226941199
561.4927235123869,258.78212648046264,26.151214827936187,56.962090232911265
561.7922148841798,259.95521355544753,24.671636877136088,56.68072802790299
562.1962313703744,259.40006435582177,23.544281080268465,56.95143903673174
563.2803215134836,260.7020591396996,22.523825303289453,56.997654842740054
562.5828294991168,261.23893603066347,21.97937861836958,57.34792623876799
561.5123152681729,261.09134267708185,22.34084758719245,57.38931466974521
561.8385446676118,263.2302422936456,22.792368375869533,57.76129475638099
561.0747341503165,262.4450478811947,23.917424616634946,57.58785218517977
559.03307000627,264.08943373918197,25.19575450690073,57.7024715920232
