520.5,315.5,21.0,12.0
520.1767086414164,315.1009834197587,21.077372664676886,11.708852549408675
519.6555526474025,316.16384565101725,21.26904954137287,11.47609864887273
520.4655513508148,316.28430592364674,21.28374802211372,11.251068627405099
519.7775813860936,317.33423938173655,21.354259327402943,11.052510843801402
518.2323163054734,317.99684124132153,21.28771765980135,10.937128587262638
519.3703525603322,318.2987973550943,21.024448704618628,10.779650708538794
519.2171436596808,318.7021046948186,20.903108646691408,10.733779527892407
519.123395851158,319.09228791682153,20.77804686446406,10.679915383195276
518.6952281499156,319.4077167265057,20.465172667454095,10.621234875929385
519.2223881148112,319.8108741680199,20.46557421231019,10.527126356579062
519.1581718948776,320.71843622247695,20.284645939410797,10.433198541495766
518.7892726149717,321.2332249420481,20.267367852418026,10.37201633550782
519.1876488777401,321.3387710740171,20.239073812484406,10.325442800422149
517.6644160540451,321.66308958464174,20.178177189519168,10.260065421297005
516.9343927209801,322.50523387595774,19.92571398511998,10.256055974368996
517.042762616954,322.36019802189395,19.825283269719975,10.211112534572141
516.6177349772136,323.2216393653968,19.736062628809684,10.173839426652709
517.0466179300794,323.5572655680466,19.619427373121532,10.081614495279766
516.829881020133,323.7178827887361,19.778258189073583,10.071653986357644
516.150374881803,324.00614070776567,19.65347482288072,10.027484873762393
516.9419696431972,323.7940714076651,18.92185745604479,10.556564663252626
517.2996381275052,324.0991612452274,18.515935321213068,10.882512352763571
517.6038686838602,324.450383769038,18.216565240054155,11.11521500783629
516.1337916337759,324.5940619524469,17.78259529008251,11.222121014465921
515.1810699699014,325.35208691879154,17.43893316434037,11.320891800541869
514.044474954434,325.5173575516565,17.443822900399027,11.30645268191427
513.091894242628,326.3251098887317,17.23523076680584,11.283377526463596
513.451335169617,326.61073376457955,17.017484858147913,11.359878960329928
513.8214305229908,326.48156173472466,16.78886961183443,11.366712697945795
513.4674856612222,327.1566901950615,16.644462863775765,11.223250396832288
513.7034112722845,327.2823953113679,16.397225948935485,11.147737226044335
512.7991751022777,327.60706533484586,16.54725889113719,10.953097231826657
512.3777656596128,327.5526474878479,16.431374139344015,10.841197718622514
510.9810809633129,328.055168138118,16.63437120795392,10.553735961672851
510.00867154506005,327.9753928089726,16.82518914228368,10.493733194055617
510.1478038210872,329.1697832327929,16.890087097048067,10.608835946649998
509.77094043065773,329.10866574145973,16.898502081241887,10.62390066787364
509.39279167277004,329.04834372778015,16.908832626096725,10.63728022119845
509.9143461332345,329.2756531511111,16.957230901594155,10.623794665065855
510.46901054230057,330.84149603060774,16.635380947655033,10.665630663198407
511.3478187676055,331.62882594065513,16.569614801648722,10.946450321939691
512.0638968430665,331.7266706466595,16.735647289413812,10.683634322897603
512.1931665695541,331.7804832707974,16.775480730964063,10.52196020858827
510.9782770123662,332.4751547505668,16.623207852923546,10.525613679446613
511.81286512008205,332.96652065694866,16.05211596805062,10.81064786552319
511.8225432476144,333.2278949822005,16.14451349710596,10.609624404705286
512.7451475401094,334.94246036958344,15.734187910582556,10.856528080470358
513.8615090876064,334.76403080142836,15.683829279394807,11.042273472402432
519.0247437806827,335.6618670560023,15.597785003105509,11.549370385785787
520.8316559207373,337.40084287409053,15.655499791218297,11.98313640288382
521.1836629182058,337.519231206277,16.102970166513046,11.926934543055228
521.5324850999317,338.2788259272589,16.75014832903906,11.875921585199574
522.3292887617977,338.21077709684585,17.20815457456681,11.880227445765023
520.6007094339525,338.70108989657024,17.57403467724812,11.835335641482274
520.4343389739255,339.2827335200166,17.6367644107025,12.059219424634112
519.9013085010192,340.1389528454577,17.82147227624239,12.251237866037085
521.3011978988003,340.56836814770753,17.93954564399505,12.186548792527962
520.6138406287885,341.2595303872326,17.914087592809143,12.097638787011563
520.9725078419799,341.37946892117793,17.702942810762945,11.932603762341845
519.9307519814587,342.3977220704039,17.775179240362558,11.875569505019989
519.7838617186021,343.17667147202644,17.44714116399056,11.827721713814089
520.538832558294,343.36262975161065,17.306040894290096,11.754467548930881
520.9419449661694,343.96485915724355,17.26610269009611,11.72320576868614
519.8269857291745,344.46568632631374,17.220003498223083,11.787709486804916
520.0901734876464,345.33801006574674,17.303521422479328,11.931550062214505
520.0861119241423,345.34116211748056,17.42210064363349,12.041018526436245
519.9576529797397,346.11205670023054,17.73187076072267,12.105143000004931
519.4334985367583,346.39807422081503,17.796065417006346,12.123548053306862
519.1594675976768,347.47856759839584,18.06751388088172,12.116130519641853
518.752317318747,347.9901426163933,18.215563733022233,12.104762295361057
519.4332844971995,347.98570122030657,18.118733908359193,12.092488186040908
518.7196636452284,348.63885589161083,18.22818128933377,12.165854470187107
519.2162831479125,349.1092672325575,18.17862763676798,12.311989362184445
518.3630722223312,349.8488872718754,18.196568037849573,12.344073331590936
518.1826868924212,350.0914538844753,18.303387416360376,12.31809349036144
518.2196444432636,350.9710644061304,18.68611890610062,12.310919151343585
516.6641007688982,350.8823639579039,18.99603471361752,12.461995363996154
517.4556262920979,351.21212594343416,19.063017975651466,12.603746765440905
516.1811570696469,351.0698219721205,19.887674871099673,12.798152890615265
516.6092435673651,352.40571162177304,20.325926051879684,13.023609700090104
516.0904104222294,352.7366012355913,20.85901703001332,13.211818754180442
515.2888646262737,353.5453859122476,21.21492649111103,13.274642143024824
516.2066953963587,353.2824029494994,21.435524344633297,13.39828962069295
515.5767204831477,354.20249227638453,21.78194703997453,13.461088075877985
516.5725793648664,353.64712174988057,22.156013683199106,13.744550038004567
514.8353639960292,354.4923984698809,22.46383584886744,13.674398338078078
516.351115061913,355.3173118153764,22.457623729459364,13.796697248855585
515.0288071979744,355.52396853074725,22.477710095611574,13.84612784549011
516.0444375114486,355.41771203587945,22.52168316655457,13.887196672499313
515.6573957248975,355.99713856288054,22.44463857870317,13.776316893681724
516.8743773352005,356.8042157608233,22.32683126858921,13.76571686581536
516.7043527648196,357.429416192159,22.187388072839262,13.437860661327916
516.6633408580913,357.5319774573894,21.888947451672365,13.165458151280571
517.5375259890081,358.3997530923851,21.757151715671604,13.35234824462384
517.6507251154342,359.28132057137714,21.461147598235055,13.537528787852844
518.6104972720683,359.93632377331767,21.479927617204186,13.650063763900345
518.3480046348939,360.5514088555409,21.31036172168065,13.693012572232245
518.0718706226136,361.1775532760777,21.170378779215472,13.709626509784115
517.4613848963164,360.80705095071977,20.78857000891716,13.605261821510725
518.8917421265811,361.3409956485786,20.91102534247044,13.702809408901512
518.0314361091296,362.3803500674839,20.78439335309679,13.74600494425988
518.0885222667852,362.8682773913792,20.3578481446905,13.62029796101625
518.3320346282982,363.4604262172059,20.154197641797275,13.562041602507016
518.5125419153837,363.67968437600524,19.946129644102164,13.56566559591112
519.0647166364184,365.02329315922185,19.64343096459088,13.452326079328344
518.5818172116961,365.4032229458094,19.269310485345898,13.188632526785096
518.3768068121383,365.98644564491997,18.825775903163464,12.982070341607097
519.0021804450621,366.4088475446137,18.529370585348296,12.72044190337611
518.4081456707204,366.89081685475753,18.131740337355083,12.825043975417934
518.6870183611029,367.17914251008995,17.771180323935916,12.68669178422555
518.6371412192677,367.30209352792036,17.45743927560356,12.641169552341506
519.3768692532055,368.14335863132993,17.309891552950447,12.512996635790229
519.7226094106294,368.43370064175156,17.159589643387633,12.336747504501995
519.8417727515351,369.0170263437232,17.087467682311676,12.374082626094298
519.8405876132806,369.39988798607175,16.75415619254901,12.274267856850573
520.1858095666479,369.94574388272434,16.478848950920256,12.279266626251353
520.3143205059815,371.0737646421299,16.212130523448376,12.270737924823006
520.0846204509133,371.2229092791593,16.001080423013462,12.215090353058631
520.3287706939184,371.417564248161,15.740915150259275,12.113145464178972
520.8765488406062,372.5763183051446,15.593506392207647,11.964551668296554
521.8158324768609,372.7896701852544,15.629226448418525,11.822068633374814
522.6627428357776,373.2457127025647,15.386451601365822,11.838848018214591
523.107572866012,373.3144835483599,15.239222347057149,11.847400306102033
522.1238831431544,373.51335991313897,14.954253131349589,12.047004432413129
521.5807600119095,373.31610672577193,14.443337147135251,12.251415233483447
522.930863057465,374.00363832540427,14.038027897073508,12.389237247117093
523.9364795331534,374.4245271995287,13.892024075488093,12.513624445424243
524.1681129049717,375.1474513057787,13.801671884539818,12.663527399268
523.2441384297504,375.2446167665454,13.681904617941585,12.886694172226989
523.1558956456855,375.5678321220968,13.440220628023189,13.11221015359088
524.4443428554205,375.05339583005514,13.65496577497478,12.784353945483694
524.1935330326145,375.3369015985275,13.558509017445676,12.737798186184067
524.1121075413943,375.0094743974651,13.67484161820103,12.79366441291664
525.0452046057538,375.8378726345829,13.97014961236103,12.611241875334205
524.701076883901,376.1913997415146,14.054573228426191,12.581203800501214
524.4780061197068,377.8843821730379,13.939911164609464,12.942609895782855
525.0484571000121,378.88782239094377,13.751914262859627,13.35560102865097
524.5034293507991,377.40185204410443,13.645527872476295,13.639896525415034
524.1187380963183,379.11334373543133,13.78125769436517,13.694071689208943
535.7493527921818,381.5826152117169,14.796960065333792,13.417940903233191
536.3547600970539,381.4358236150543,15.161656315078766,13.310095993111524
536.867691179091,381.7312718584805,15.521429288562487,13.316246537184824
536.4810003975873,382.73654657212256,15.809648295398581,13.354052212439814
537.8727841125184,382.7243221466792,16.33116008726183,13.370152899177901
537.3632582648884,383.41838575047336,16.873458964891093,13.506131121238962
537.3354211518596,383.6061701311145,17.3010930262396,13.67097734895125
537.7706437236153,383.9276802181584,17.708648595122877,13.895375821675891
536.2763077912678,383.990904416778,18.108305691217495,14.050203084236234
536.8105152425281,384.1939868883171,18.313411496780937,14.303204656031536
535.565121488238,384.42488076448825,18.68630292534408,14.321847417309591
536.6422292467856,384.9373368900284,18.803757749740438,14.55946716200269
536.0314969321397,385.3415190201237,19.37176586991894,14.647587276812072
536.1388186264259,385.38296627988757,19.443402010679815,14.714034936582731
536.7804432016584,385.9055765700508,19.613895125916095,14.720787103105259
535.5177762593909,385.2043337766523,20.370663355696443,15.02232972058019
534.8008335096297,386.3460835293378,21.109490926656708,14.946704513304791
535.8471572588767,386.75083181066896,21.892950405625363,15.00292017607963
534.4473120132349,387.398465387467,22.80456244575237,15.025473333076212
533.6290370613201,387.15444717279763,23.47722501571203,14.990425717958495
535.0275851461239,387.90829114958535,23.64258602612765,14.946265086198515
534.4256287655338,388.6923996526205,24.089061200523503,14.962480801266183
534.163557415588,388.2338599339081,24.370937811690894,14.911047584386536
534.4089979988863,388.73946926963754,24.56344130200053,14.886417808248575
534.6229129020057,389.01352736333723,24.83718892076477,14.909883222945737
535.212469590408,389.9826579795481,24.829001876433907,14.986371040664405
534.1495002396281,390.5470520198804,25.50912835265199,15.146029028763477
535.9122771464458,390.4065986160739,25.435316472839048,15.265980034770294
534.732266991586,390.33279430914877,25.692307293041463,15.380023313644845
535.7664239563308,390.4488557681575,26.08890792387006,15.477782629962402
536.2172875925481,391.61130115057426,26.027214242228972,15.609785070771576
537.1069124865227,392.6854000969304,26.089901042567213,15.642333733387712
535.8917357023395,392.0109846689092,26.220016955293886,15.617823744321942
537.0357430380767,392.48943192895746,26.09578273464027,15.645517370435222
537.6813313651032,392.5012290720865,26.053131223256937,15.626879992235438
537.510839363643,393.65450986435565,26.17963741889403,15.775885052365757
539.2740468326504,393.9834448613511,26.432485023603846,15.919208891726043
539.4452374470967,393.9626447624923,26.257490505354962,15.946646027467168
538.4956529950317,394.250043125426,26.347191616973916,15.915754321359962
539.7931275082882,395.0377231004654,26.52261712697539,15.871095531711902
540.9825328048726,395.4898707899345,26.481995420449007,16.00253540229317
541.7571399035714,396.21355940105923,26.699857476942373,16.02129475478885
540.4901193313822,395.5995588821509,27.019634705305222,16.10189088347155
541.3265336132982,396.05257329029973,26.76937052879453,16.08697147412201
542.4361557787964,396.63593226893903,26.87518942640535,16.07777905624169
543.7643738781262,397.7461486826501,26.830166229759847,16.11838310168334
542.6757642452578,398.23561551056076,27.28261113483995,16.1643445178453
542.9197326568795,398.3944468612751,27.41104415507957,16.152139736252536
544.206538613779,398.8352577665052,27.414474105675776,16.165896694236544
544.318535164238,399.41641970164244,27.485137907309372,16.223604204615462
543.9771587097785,399.5807531374654,27.53105488349693,16.19637351880629
545.1595137996402,400.21527572296486,27.791011394599867,16.183929919844054
544.6277961423157,400.3605855815125,27.664408981892755,16.16629631677398
545.7749622589116,400.32676889001016,27.70414004025062,16.160874097168474
545.7737046318115,400.8923474493177,28.107075691970955,16.201780925277383
546.4729223480967,401.2952239570369,27.952387970582052,16.238322960459936
548.1439664371154,402.2468642369427,28.05110451246979,16.31328885107258
547.4910696491619,402.3393408903164,28.18502177707449,16.36927182362209
547.8919379440719,402.5277208853374,28.460065506468442,16.43993433800513
548.1834849260888,402.8945853413554,28.462711751060375,16.438864050618086
549.6499803536574,403.67348758679714,28.421146267093274,16.494581135662376
550.0047923639081,404.1899116353484,28.250567818872806,16.54155343307595
549.8977362984155,404.50192868576966,28.271681898214588,16.601632357898698
551.0889462826412,404.98111608320835,28.3920328304894,16.7307398962046
551.4794811815458,405.788767114891,28.62997119231777,16.95166286564567
552.227162191015,405.88623923357926,28.621437262139544,17.026019595724026
552.4072680600161,406.21782683467313,28.86504203338436,17.11286799697563
552.451774425983,406.1561986693714,28.97763883845596,17.13543087075049
553.3779384972861,406.63888396977484,28.85778526135578,17.19952809106482
554.0886166083865,407.60206655775903,29.130440369759505,17.355734660015234
554.7231792010176,407.98002597834153,29.07118898000663,17.413857492987354
555.0965294697955,408.49421992184966,29.452958386450995,17.471275856543315
554.8586966200618,408.7869795326435,29.684953398839117,17.464243196730898
556.0522698075889,409.13535923476167,29.632496164104538,17.484518013189994
556.7401396160293,409.62632945017805,29.497710111867683,17.512380758283435
557.5629945760971,410.36483105376146,29.52342315010609,17.53061239818549
558.5641075952875,411.0139181087073,29.427271874069675,17.675782762132634
557.6965806907131,411.36223614018303,29.487800422293382,17.748103300800782
559.0122992871859,411.1969804205629,29.358601979805382,17.51854601350142
559.1235128278698,412.14941416432464,29.418672393850244,17.547368001037462
559.59014165179,412.6716634444511,29.309278669559752,17.502911402454515
561.330361367586,413.54751270472786,29.481073792258456,17.505308436252825
561.0273450694689,413.62817006727903,29.620292108936304,17.49107019869161
561.7366556976136,413.51119957175837,29.499000993714485,17.410687943253976
563.3052383500245,414.34069335155385,29.770033568683772,17.505600792407762
562.8890240779398,414.35534903585466,29.476195871779638,17.424387092394287
563.8362331469998,415.29818535273176,29.317139905786384,17.241485168631634
563.9948401438022,415.8309442935042,29.282669962207684,17.14694673921989
565.0744714716362,416.06638748146065,28.984779777395193,16.99366776610855
565.1535510765794,416.1026003446527,29.05596372849568,16.977218404485953
566.2288947354723,416.59996614724554,28.803265802990552,16.98621197038944
567.099876090398,417.21003285501496,28.910368873778925,17.200882159930295
566.9965626870669,417.30442936821026,28.990492272485824,17.08421446410709
568.5878320069987,417.73931059924644,29.23426584079798,17.150073859677818
568.3327270476906,418.4831954679206,29.338953472522128,17.24213178861211
568.9502902202968,418.94792465915776,29.36433006176572,17.340345696939828
570.1824705751822,419.6992214737572,29.263656390416507,17.366284095939243
570.2028063070259,420.41778590539207,28.995796428947408,17.388527514697724
571.72092270009,420.1141857322166,28.926745563824497,17.321331346156114
571.4136480253952,421.21238254632226,29.135383616607854,17.491291706592108
572.9397253569156,421.38582816366113,28.862564929214074,17.338317850697635
573.5647921035786,422.08832865728465,28.79818025142447,17.332294023904463
573.34450899548,422.36165223766847,28.609208944828886,17.36462879911472
574.957880739828,423.20086678156554,28.769453619127255,17.187095926759373
575.9544488226389,423.41033926300156,29.03222665798863,17.09161923180497
576.265967162198,424.2179577509692,29.325323978694918,17.143614173250945
576.9281822997901,425.0423755274822,29.708746782352755,17.229063140374205
576.439403126985,424.3024401604197,29.808965705260412,17.282285019289933
577.3411484099139,425.18753944689956,30.228769874357383,17.380502278849654
578.337555998977,425.7723944490279,30.320096904330626,17.386831493495652
578.5550000344101,426.635107659004,30.52679322982668,17.54479943408566
580.0613030226676,427.24076866978675,30.569178498581266,17.595950280485873
579.3508784046563,426.89232007970554,30.71557564434054,17.70705104484254
580.9283035127385,427.6945364788815,30.67874739320324,17.869721322471694
581.266042530452,428.0656081061946,30.786894304847237,17.86707048422733
581.3036969335304,428.9044915664411,30.99894881927938,17.897942708631795
583.0096029703504,429.6415212173185,31.195087194629167,17.936849086045786
582.5398679535422,429.7587328183159,31.199082653679962,17.952273147148755
583.3783514815403,430.11586906422065,31.342781791645667,17.9898561479311
584.2932809521308,430.0042801558705,31.411915627335517,18.067502265569964
585.3928546476614,430.8323011490447,31.552302042121568,18.08511245131015
585.9756379453115,431.39596060797527,31.377068229089716,18.05836552346214
585.2766034206271,431.9012850348177,31.22207543554007,18.04285245392644
587.5215042551654,432.08471024025846,31.621340462630464,18.141863929784698
588.6417344731918,432.57112908099737,31.84099927401418,18.136819057316465
588.9957714496112,433.11405963711053,32.166272331787894,18.062849429350656
589.3652172604471,433.7391509542917,32.18536069916794,18.182206651899065
590.1556454719354,433.81775472596036,32.3386019953839,18.32935607100412
591.9846915351142,434.2652890373091,32.55209738390366,18.54834296264216
591.9326698067213,435.1717739001718,32.57558520052844,18.566857554696405
592.5314449211323,435.84221857447795,32.65073981141277,18.615475261366694
593.3816516942791,436.7587271772199,33.1500363958108,18.6345956214956
593.6216316951546,436.45647338323585,33.34040048120255,18.723281990973053
593.6185294690956,437.2101216157502,33.04929788905294,18.853011597492863
595.230007164288,437.61506769983345,33.219142591365284,18.95601898310218
596.8579902285984,438.2799485639859,33.33591863880051,19.004987194258003
597.0083787367779,438.7998240303157,33.23088734390088,19.0313317329806
597.1496700062656,439.3267753130846,33.14378479397713,19.042077318840406
598.8644466242577,439.58936762414885,33.27897507682244,19.012191618773812
598.8155186573445,440.3035338666282,33.20951260692794,19.096835661029175
601.0968465079089,440.7464489803135,33.5027037876655,19.11676989422223
601.7829141140734,441.3930916952789,33.46617824979025,19.159700556401113
601.6375378358769,442.2037146443812,33.3553337235685,19.140356070206785
602.3600056682136,442.4683745137099,33.12827270508188,19.125036747351366
603.4011939997382,443.43721556406734,32.92505596940077,19.111405693007917
604.2290164356718,443.7203424503119,32.47611511803359,19.147292704782473
605.0868914751668,443.86041133658705,32.0725598632626,19.13417861482634
605.594218978877,444.46578500341,31.94694323980264,19.147017721266824
606.1396528503942,444.8883845212285,31.596174032782976,19.049437599280445
607.9583371564527,445.31966414929855,31.570745089321573,18.855437596356058
607.9649367382549,445.8352994353693,31.497048328857066,18.784290563185593
608.3064334103524,446.96231584824284,31.236477036091884,18.59567288140513
608.9785332470242,446.7012802485316,30.863317253991177,18.407722227380702
610.2993746190483,447.81558497037673,30.51255095281399,18.371132723113007
611.3263525917114,447.7052084776605,30.4494832454411,18.387554921482753
612.2786177807309,449.16444236313777,30.22572278775119,18.444900777771274
613.6791652559434,449.79096252089073,30.449664410736215,18.498127604561233
613.0719449910633,448.90693062412635,29.99934530457108,18.415662681048993
614.5524002219234,450.04206095733196,30.357000926758992,18.435812533283983
615.4311132011701,450.8474648113462,30.528953358577944,18.636946210524666
617.4355299741268,450.86924856450094,30.72354665058554,18.5813921663787
617.4509639464076,451.9437244566865,30.885808588240536,18.894823890689842
618.9805329347968,451.71360926622754,31.15331550892307,18.73477138319526
618.7489774785793,452.4486505862404,31.724447218730003,19.070770038183035
619.7396768900007,453.5553377651487,32.06205555416632,19.27777221959677
620.7565839612001,454.10989852467327,32.30116845758975,19.36777312944166
622.3447863567537,454.4110699910454,32.4641804088074,19.61186979668818
622.4642260583387,454.4020396624082,32.98014769772279,19.730243566102367
623.430931667501,454.86318270876984,33.80050373136636,19.96929651795
624.8510974801897,455.8231148623367,34.866025139055,19.584401302231694
625.149364145569,456.9230654243911,35.14147861468872,19.8666979396585
625.5035141079386,457.1682410669946,35.55243840503005,20.093241757906114
625.9971816254821,457.4714070867764,35.89658303856036,20.25080195171411
626.9889835375741,457.73036141915804,36.160910694784036,20.412659047849445
628.4414332291726,458.66419207225425,36.12405354219291,20.48510246463379
628.2634916815127,459.1957139236246,36.22056493960999,20.69683092909886
630.0023645788899,459.1194891320723,36.163543059955764,20.902169401069212
629.2304043237945,460.0304464669711,36.003999419717886,21.08733576307086
630.269953424032,460.57308814006785,36.220777245396434,21.033962478713622
632.2747718767371,460.41405361425274,36.11334628404764,21.04418033500847
632.7604855414228,462.0435790425624,35.924171385591904,20.98707597535269
634.0138868754893,461.7286471747009,35.89510685947233,20.8744866723832
634.1257306876724,462.56626084918383,35.81898746096682,20.715605420409833
635.8104837702084,463.3884676954695,35.646167563747746,20.706822454652755
636.751737837937,464.3457984009213,35.564109872512034,20.6550046764472
638.7318897966115,464.6670858443431,35.23099749874193,20.500297353566594
639.0897078842586,465.469947413889,35.30183269033033,20.48423867370333
639.3472394311989,465.49062598591956,34.95280599366826,20.46548089892964
641.2938098760263,465.9389060599359,35.04600801096526,20.40984698085076
642.0651357055535,466.3375588698045,35.0005933189978,20.409067554732193
644.2668561311071,467.3355428095639,34.515522953196246,20.39975944045702
644.2712420710901,467.81325695915,34.36878111742831,20.373209627441316
645.3445543840567,468.1694216196619,34.19729253313644,20.29446403091628
646.5977352984129,468.7681819080384,33.83788857872219,20.262855367081322
647.1698932227434,469.2423209875176,33.74355563544891,20.19843028601148
648.3149181725144,470.5925594388011,33.90453455975967,20.157784192083888
649.1817678702196,470.37485575700146,34.220378068249474,20.174762926046483
649.365348636924,471.0403959058042,34.42639977334696,20.121320110130437
650.1896979590746,471.3387619199663,34.46348570736912,20.154662582843795
651.1298290249825,472.50314484747383,34.4828497113793,20.09835957267742
652.5607745138652,473.17783819836563,34.98236839776803,20.176149465628043
653.1006873518295,473.54537406750325,35.02911139688068,20.267347353970234
653.5432516188894,473.95588249754377,35.119810139467575,20.344720548591873
653.6704757966538,474.0330496664642,35.18850368662369,20.49603638536887
654.3414272131324,475.01048309550055,35.53603407071524,20.484241011861858
655.1688406739743,476.01396760515536,36.09999195814396,20.61040731130837
656.195541985927,476.90635300978744,36.54341979764812,20.604363079803008
655.9807867444885,476.458382089116,36.81119833703691,20.67521075772803
656.9334015992765,477.3736356460674,36.97312327338066,20.676984160449653
657.6296648478802,477.95798513893294,37.29036173360117,20.76015950237818
657.582074954063,478.63786596072913,37.664015047475075,20.88587876336495
658.720714721879,479.45772732969294,37.97380740744247,21.019340324906405
658.8246207520785,480.0817085825966,38.12223758651858,21.154606955566052
660.4346640830674,479.32261897940884,37.97841172967073,21.301344320816064
661.2726216898043,480.5632978504033,38.07114382931512,21.37490057647735
662.564888333888,481.89915958506407,38.028861412805966,21.485242260277715
662.7483542055793,482.1301792436138,38.09696999434992,21.526063727708895
662.8835151381893,482.35809646524456,38.17897234668761,21.581036381405532
664.8312887569041,482.6265593661965,38.20772649513758,21.612739009868147
665.1808263701649,483.8969774618507,38.37685848487868,21.61732799518022
665.6637009024055,484.8430687436857,38.56792566452306,21.574747773162162
667.1678446013894,485.0876448989921,38.74065757273796,21.592117820013232
666.8645134211912,485.4110814762838,38.83173963661805,21.600259418771394
668.0519993380786,486.45261786354513,38.7176683002797,21.495463731460447
669.3718532802698,487.26596544831017,38.888757153568314,21.477239955515508
670.5446602976328,488.3930158640397,39.175903166754665,21.543410377642342
671.0269396105431,488.5269819547934,39.23963123641467,21.654887390127456
671.5109626688226,488.647098846923,39.31926370967659,21.75143394534784
672.3564483166385,489.1588339926444,39.30848309645583,21.920810428959825
672.9752963199873,490.361743758534,39.41074075072337,21.988680214884
673.7716226062573,491.34966597916724,39.60867584183373,21.935961636692696
675.540554445227,491.61568816368356,40.06874936634786,21.956073596814978
675.2002447947905,491.39416315485573,40.12778478822709,22.016349321048036
676.6497059320317,492.3492533080319,40.11099814339861,22.026510625604125
677.0343536786575,493.4715513204481,40.21530384834339,22.042339691561583
678.6292429685742,494.41173849257746,40.4271923865825,22.072214222920827
679.8498932543874,494.48346901710704,40.31620597434917,22.068803078446567
679.7530733963852,494.04143619947774,40.23257409177634,22.153323127595982
680.3315201150307,495.18543780731096,40.377516191442,22.338997547122414
681.9297851685884,495.7216921322635,40.4465164321506,22.332547652138217
682.2694637828267,496.7249114232346,40.520662883903164,22.480820555105236
683.7128483707652,497.3464127324633,40.78820560339688,22.506923251856218
683.7367503747429,497.6361961214855,40.750867134501874,22.53094350517618
684.5158529014709,498.62175577663146,40.89102180890542,22.663872685408585
687.0246453376839,499.20547958390523,41.276750096422106,22.895220913985405
687.6806400320011,499.933776747507,41.35600345032622,22.775957762585964
688.6121711203928,501.0439080666452,41.53715742954873,22.779677696865175
688.3264159440781,500.95943550201883,41.659040293326385,22.761988255757732
689.1871292446199,501.62532007542245,41.922164525944844,22.877111132037015
690.9766613951313,502.2075765317043,42.05310431618503,22.689861670095897
691.9817839143175,502.8959710362667,42.10474558838989,22.968420008230574
693.0551463476683,504.0618708403723,42.02493504168052,23.040312168665643
693.6221868132458,503.1616938832286,42.02826332073061,23.086426046942307
694.2267116829084,504.6223948255573,42.01148052247569,23.18569052313997
695.2446357436829,504.8602621636364,42.130248518404194,23.19709852905739
696.2231545250487,505.65414367427866,42.06108865838573,23.199749078176826
697.9340118517699,506.0191891017913,41.967337357146654,23.12517788743912
698.4538531273415,506.5668699223065,42.01629609189979,23.075191712755437
699.0156349075507,507.234323633704,42.033080369883066,23.075952019338217
699.9010411259469,508.24955307035486,42.05225275536393,23.121876975153324
702.4998496198633,508.8463892656148,42.06221871812328,23.165102291618947
703.1190916279146,509.4967332559517,42.17502874270052,23.230060196412648
703.1204137847046,509.3618006755825,42.10078833564473,23.267237168598175
704.682922813,510.7424194463116,42.18399958241388,23.300858559635103
705.9675735942369,511.0202937601037,42.474370566326705,23.405737416372542
706.9661647262537,511.61318458324695,42.535397244706516,23.4731202998864
707.6705406300537,512.5670881410459,42.53459714971494,23.557221496132247
708.6321962001564,512.8315141903417,42.469727123935144,23.639113575835818
709.7674933323609,513.5371435917654,42.50605863314664,23.647963210526697
709.8847296993714,514.3249481317309,42.65047087026757,23.696578197329966
711.8071485152896,514.8621825880709,42.966864279385916,23.752708187352262
713.984009459877,515.8232476693835,43.37256278510845,23.804303582054338
713.6623106292276,516.4996611714882,43.47529076676548,23.96768200787576
714.964839669815,517.532510942895,43.47894154408062,23.998958983693296
715.6453009850296,517.769064089442,43.51490311660864,24.0476921900727
717.1801943981848,518.4310139708862,43.97208381578051,24.038936489226693
717.6892080949779,519.6112507806906,43.97436312862273,24.0165003604626
718.3514381795715,519.8484809205983,44.037739892571516,24.068203599076078
719.6524861112346,520.908897776945,44.21969234810828,24.218751264556417
720.3300995769525,521.2437769716676,44.27862507224347,24.158517184746525
722.4228650493295,522.1563799822014,44.564816253496524,24.125862561955973
723.7874327289232,523.0554797941016,44.75472896521657,24.08895396522461
723.5538745247212,523.3224335518152,44.9475737662216,24.19519228805825
723.9429188899005,524.2765393293217,45.02394157978543,24.366921528943564
726.0986949077235,525.3455760356837,45.31158931602059,24.38687791091241
727.7095301460926,526.2036446792666,45.34083651239344,24.443321247373362
727.5635306965212,526.2445842701409,45.251756214606345,24.556231788186803
728.1899773115227,526.9764090866254,45.27795613092735,24.556129146566043
730.7758596703537,527.6057390423298,45.27141691909428,24.48795960018556
731.1674955589275,528.9699323962151,45.29375919614971,24.61613550685601
733.7051403000364,528.9780353830387,45.45893154025625,24.631308249439236
733.420814590857,529.8027101995413,45.62307526198661,24.82821308439818
734.8448269596597,530.7543473005487,45.799031141904464,24.86616357663528
736.5223546608468,531.3981433339571,45.869949393323544,24.84231014202046
737.3386903928313,533.2960883896137,46.380683128405444,24.55198448192509
738.4257936618163,533.9783975862764,46.19583644608732,24.695615848273718
738.8152964041587,533.7912524533282,46.092010860141286,24.838103143999273
740.208917785737,534.6058856439886,46.12983537870795,24.88219973303069
740.9917421069363,535.8463953628406,46.31170003052929,24.922896890022752
741.807904577304,536.8255252557401,46.523423589854794,24.985339943121318
743.4673952313441,537.5895243257831,46.47841598515907,24.926445735415943
744.2533707331726,537.4495580611199,46.31278543419222,24.953135652857426
745.0311261671395,538.6384524048688,46.644299207295305,25.043441314266985
746.28002624236,539.4796064707397,46.57325901512145,25.061605060577058
748.0472232288707,540.0513174367911,46.821283769974755,25.0725404425838
749.5393821962322,540.9456829257201,47.13561323896903,25.15934864834251
749.1894814580203,541.2071134874261,47.29889125405097,25.277288001004806
751.5832805139953,543.041768525706,47.610390870830074,25.13517337808884
752.1674967175492,544.2069408325754,47.75949267202007,24.943364025504277
753.0399984643434,544.9338322279843,47.878622417224136,24.698345549337688
755.4953153012132,544.7239254394593,47.9238269469146,24.66775734339825
754.4266030810539,545.0909638717261,48.04272840940407,24.563444558912323
756.1047378420086,546.0937810435694,48.07421976510418,24.472397593727685
757.541385988304,547.595409304932,48.23139956580543,24.51518184439411
760.1051994528541,548.8860341219433,48.86035442000011,24.44706597463852
760.0997486297964,550.3850628922143,48.86363632241434,24.475991456786506
760.4576339689662,550.009231829105,48.651105752564675,24.474847694352075
762.0450353279604,550.7764813582002,48.666754179748466,24.342337023269586
764.999265793664,551.7986792418668,49.192720986531064,24.26242713964906
765.437985465615,553.6184362792582,49.07481314058424,24.2053379439406
766.8558307930637,553.7481832828495,49.06988081889324,24.15240764792434
767.2283943312788,554.020617168764,48.912725727803114,24.160444839588575
768.7416602013858,555.3199904777392,48.724373099069744,24.035401844456118
769.8753358625243,556.1387927581944,48.70989996587973,24.070312914267785
771.6202898567577,556.6287612360211,48.751713807780845,24.019666849308045
774.6154411386686,557.995396770157,48.85242944387952,24.033898346420415
773.5877125582145,557.6312964027093,48.516494373800306,24.021182948388724
776.079228892037,558.8022066910273,48.57213892173143,24.087538317034696
776.8755888160472,560.0123729167356,48.66885741675935,24.17213564657812
778.6032160289083,560.005672830907,48.62415167801831,24.14297410462928
781.294449792238,561.0670381300239,48.884180260367565,24.261190514528437
780.1412852134183,562.1847209735375,48.867940524574436,24.123032135316734
782.1213617275502,563.123959640372,49.09941118405491,24.173502131168785
783.6820977001568,563.8727095265508,49.1197227147175,24.077143287079686
786.1658394177092,564.4073570309904,49.25622840391058,24.11202181926964
787.416804713364,565.9476893757204,49.65403159441575,24.179580529925545
787.3689755992184,565.5372001648341,49.63063775530777,24.292837003074407
789.3503322962474,565.8650670427588,50.15695138456526,24.562860059320577
789.912219464353,567.4295606619864,50.26199117341511,24.53149593068297
792.2320236187813,568.2194908530724,50.23963616808628,24.469240495601092
793.2169168378246,569.446956947791,50.451175880893906,24.481034370845812
793.943967503262,569.3358033283364,50.33533174358444,24.492824575820663
795.4798920718594,569.8144743607563,50.464322602727705,24.6248669475881
796.7891709122368,571.1329265163884,50.48062400705578,24.699498328538898
799.2386264681415,572.7660372199016,50.46422689518532,24.786053687335972
800.862350099769,572.8857311265986,50.13474504407022,24.76143192928738
800.7114528109746,573.8240363065546,49.96816283614227,24.8178687447829
802.6965968881249,574.484079397892,50.025066797625435,24.798354361386334
804.2580346186768,575.0646502719233,50.34118169105959,24.639577844837813
806.7068893202785,576.4662829988556,50.74537982722377,24.70582995574665
807.2711197228039,577.491261755552,50.54882292088911,24.680090047944585
807.0539695987322,576.8735213725487,50.46107749709248,24.578183967408847
810.7553701904242,577.8438276618818,50.89218153374039,24.560685450098127
811.239093124672,578.661615013063,51.158054113311344,24.710063507478477
814.4272743168033,579.7481977997962,51.718328653792376,24.852365768484752
815.7093811503332,580.6559921373349,51.93725731499482,24.881707265373976
815.2410920984802,581.4136562886822,52.095083210944885,24.92126888005301
819.0325522794212,581.3352621083693,52.62913958703899,25.082845380513795
819.7652062288828,582.3123579255993,52.93084738368764,25.321663122579785
820.5686786673779,583.9539484716809,53.256644506323795,25.346623977209273
823.6854724054721,583.9016992210283,53.39247183650129,25.519719549387208
822.8329520136407,584.8204332914589,53.48540713138695,25.57556040568013
824.7844040734419,585.4068513670563,53.67528312500474,25.60775707995518
827.1505293992528,585.6697841741407,53.92250511055921,25.623017717007205
828.6377193061091,587.760526455496,54.22875993849394,25.688409870910313
830.9326169832782,588.4211794298103,54.06825487880321,25.763322222147433
831.5922366029092,588.2113659832211,54.19040984940279,25.67489742188644
833.8238932312148,588.632052561976,54.0298891419249,25.606060601752294
834.7160470239563,590.464191963837,54.26053540814171,25.809156456614886
837.92481722337,590.9450170562628,54.169791064154495,25.85711561338455
838.3932170319875,592.3561383631693,54.24740444607266,25.9140894321431
839.594423347967,591.5917323312666,54.18126810691455,25.866123918548226
840.9447046581632,592.90298236725,54.25835965751206,26.014231318047557
842.3031058042292,593.3870504428256,54.186575942955855,25.85361049005835
844.4230845783358,593.7973539781755,54.26394923199249,25.80856195064301
846.3814140490119,594.9633567392362,54.555441154287536,25.936246760934228
846.2620951323852,595.1602374651624,54.58018360704415,25.846929115491708
848.0885106134568,596.0990235825433,54.59659908006611,25.991206512993113
851.6964930378028,596.7885152623983,54.776927394673734,26.26625764863688
851.9681209116075,597.9182309162911,54.86168370818369,26.377353846725857
854.8036955512425,597.9022208237589,54.76982911046253,26.408827395439342
854.6926602626133,598.4192581816992,54.456763703300155,26.203462043496042
856.5781752838201,598.5557534122909,54.35685525817663,26.260747654338026
857.3884592873378,599.5201717564455,54.20960082116386,26.35460936843345
860.5972865320514,600.2297929169376,54.02568856882783,26.347493469377714
861.2965142314592,601.7946806913349,54.04670538757193,26.32471064214092
862.380809017042,601.5946069253489,53.94395486860667,26.218525299814786
863.8450266780961,602.6502451170143,53.97458212279224,26.278273477412203
866.183086670815,603.0926896353631,54.08271478093983,26.314048810774704
868.3569843181232,604.4063722809867,53.9103502610122,26.223335607692665
869.8238764636016,605.6343558297721,54.12278999196707,26.2496008423516
870.0775485288826,605.5709750645414,54.159619817322124,26.247800354537834
871.9568247286696,606.1014606359921,54.0433606325461,26.21664786569656
873.5240170107955,607.2250048676179,54.12779807070526,26.247703523614916
874.9583214185624,607.9285039848249,54.09187496417131,26.263992204026373
877.7796567620211,608.1358242200192,54.29341871664598,26.446477681113183
877.9885993074951,608.577035257405,54.442988381004255,26.54394201896229
879.2823821290023,609.6931384642112,54.668826105986035,26.59097597514659
880.8258363669369,609.7314247887776,54.57298265544647,26.46825405354208
882.857296514368,611.138992978127,54.823196077167154,26.621184605614218
884.963722003606,611.7392090850561,55.115106794553284,26.732326612413218
885.2269537889829,611.2051166935383,55.201882929362114,26.64698616218007
886.8359460951735,611.873365844765,55.5459388843787,26.84584068584547
887.6497584214352,612.8485352039447,56.388745798093865,26.93771278482285
889.9409606034629,613.4861012519966,56.497609401262444,26.721765597586057
892.8630280925717,614.1122155472086,56.82738361036198,26.583945977041218
893.1263353542561,615.1077441459247,56.82453560463229,26.569041676490055
894.8353307673639,615.7347365502065,56.57161149747189,26.528191752760705
898.1067572409736,616.058387668641,56.41141893919885,26.335661779657105
899.1029270845909,616.9185730769605,56.51296181269426,26.582894884908487
902.3687503007486,617.7191370109705,56.90929866437537,26.822819429875047
902.2377074108786,617.1063992426474,57.03548589873121,26.93640608102332
903.8258692127436,618.2340350543702,57.10590931190795,27.091150517453023
907.0815511814566,619.3432017713557,57.53062535342471,27.328518434648036
908.2961580461808,620.15914000211,57.408456368467725,27.376295379282467
910.9808358288951,621.0856949925613,57.21658293118252,27.455371882716726
910.9800782388683,621.7395874505245,57.166296917730705,27.42585494641235
913.1629429564335,621.4389895003414,57.38122019637577,27.53621574636609
915.0265375831762,622.3360069306369,57.38779225346808,27.565832199556777
917.2337046366683,623.061179645485,57.577566003234125,27.656426100915212
918.5369133014802,624.2217500705992,57.801669065074485,27.939072672867052
919.236495962793,624.3302785266216,57.94312335418897,28.15978162734037
921.0630059135214,624.5174313220845,58.25268627934677,28.310794957027007
923.3623482418025,624.3420141691358,58.510110765088,28.252544078588386
924.4766040219265,626.3687903975415,58.88813130170279,28.47674116019889
928.5669512280214,625.9543418262076,59.31374582658568,28.664004911486288
926.6513975684406,626.2663214687497,59.09941390243058,28.567649193048762
930.9570351027683,626.7109269460133,59.3094431550645,28.70436077537158
930.5417783955531,626.8848661974455,59.641806608261476,28.874508386017265
934.8485677943002,628.5644067704241,59.81959629526457,29.00931371085464
936.0808884488438,627.9104166291058,59.94538572271903,28.990901104468353
934.9021130752101,628.4751220099183,59.86183658786068,29.0200249888777
939.6410616268421,630.0121940115986,60.214279870033664,28.975955820340666
941.4118563946801,629.9251811294586,60.47545379642435,28.752185370993764
944.700155349761,630.5970518669739,60.36987181643835,28.78515347638483
947.7132382172248,632.3256048974164,60.25835699856374,28.803117653612965
946.8775225199927,632.1410184127391,59.91628674889358,28.654432296532647
949.2083969262595,632.936542571683,59.99509131541877,28.669236463347822
952.8507492855736,633.5254920359023,60.03211148845327,28.67246162605768
955.6477146312435,633.7826179959716,60.05038201094994,28.5983549302518
957.5018817301337,635.3321251222671,59.95580947660645,28.58704056779751
958.6750764120071,635.0868907539149,59.72706394602004,28.42352219484087
961.3028244468974,635.5004738537267,59.54083944072315,28.352636596241847
963.6058786892039,636.0515806807723,59.427843520197065,28.37978087614881
966.7064783995527,637.0854799384906,59.44863325431518,28.5819117697393
969.2814200986642,637.0258218061132,59.002128056623164,28.488260504601165
968.596791858356,637.9429893778407,58.60653296711017,28.487386288155754
971.6911211006585,637.2698196603283,58.802737859122615,28.483818086538015
973.9318188711528,638.8624461471592,59.09020790346104,28.72678824596354
978.2800895199505,639.4331122479352,59.47995028964263,28.95447126123868
979.3658659862818,639.9348437679346,59.85704952906853,29.113605162234336
979.2199043072804,640.2078327422,59.86315538314224,29.167364261852633
982.1800284029081,640.5992611111625,59.952422954215926,29.281467722806845
985.6583953340902,641.2639448246775,59.70728891866441,29.37233020758103
988.2197033164159,642.4994907812578,59.783652808596706,29.42309341031089
991.0729802563008,642.6228910518546,59.97373112334611,29.418474825885255
990.9802736786232,643.2070944080567,59.81002312534645,29.353039548074335
993.6114818339121,643.2192419508665,59.793356765177826,29.21062376233392
995.529032283666,643.9409863081895,60.203561403847516,29.442284726871698
998.6798470638169,644.274388392734,60.53715952375216,29.461655308110984
1001.9954313891749,644.8075440492686,61.188352380451775,29.407417631096585
1001.1535518258427,645.5873191938657,61.083496995626255,29.38045713510769
1004.0334784392529,646.2769540505893,61.60730751850069,29.414048292021864
1007.5902765596653,646.9490172227295,62.14232091589004,29.540087796473436
1010.6654797841528,647.6449456342274,62.37848015218721,29.42264646648924
1013.3331964462546,648.0645614841065,62.512783880901054,29.25706765407513
1012.7878489809794,648.4620047160815,62.33338322467469,29.31003216849956
1016.7833947069978,648.4186301862826,62.49458211687629,29.12732072881082
1018.8335975940129,650.341373590917,62.6543110398066,29.262856754319905
1021.8689462410865,650.7741265572124,62.83380161949967,29.26645395540759
1025.4030222733907,651.1292692178937,63.052002666158415,29.404393452751588
1026.0679060909267,650.6010451735856,62.86284036155365,29.380887394028726
1028.7020836875888,651.8254495138739,63.19254339195368,29.303862685238727
1031.0669285237898,652.5473508979652,63.426351358254244,29.296340882861216
1034.8778573929244,652.6432742770579,63.80143852431209,29.147509470606714
1037.1676905949575,653.6657908327256,64.06120722080126,29.214200735949845
1036.7916796265345,654.2581529110267,63.73509164067224,29.166844185510595
1040.4069882910458,654.8439497640563,64.00406804639081,29.278017417661033
1042.7305490203992,655.2967030406716,64.08764088166001,29.496305181676085
1044.9154905251507,654.9727361118746,64.89033954482504,29.663361073581292
1046.9850610622623,656.6456823353925,65.39222353697765,30.01546810393194
1047.7433193851418,656.2402762430307,65.39150891701361,30.053905062634506
1052.8481059829924,656.4646603748998,65.78138487902726,30.045197831668474
1054.2135785162914,657.8882476173951,65.64969942737403,30.155752209440376
1057.6445821942873,657.3765738347141,65.75178909439222,30.1592509512551
1059.96064631664,659.4332163468305,65.75659274589665,30.38460757054643
1060.8698071472224,658.3870332410094,65.82416800588962,30.216082821495213
1062.596480873568,659.5287957186415,65.82685569037477,30.366910979405482
1067.2702691757854,659.5103825732893,66.67961172754183,30.564450212590906
1069.1264689469836,660.5047867332722,66.5132880060682,30.725809119416454
1072.6080216613602,660.8380282436847,66.69188665980413,31.003834114701068
1071.623663442937,660.8329334927669,66.13764791743611,31.0871314030132
1077.0806352745185,661.1514502119161,66.58351126873808,31.150078760098378
1079.3039651241006,661.8019250115502,66.42476107732551,31.062391957231874
1080.9022291177575,662.8595304785013,66.08905076083353,30.93819991466453
1086.0070856831371,662.8695755287176,66.277854285043,30.615633020703978
1084.9493233712024,663.6338707173273,65.4966713741224,30.630643321928535
1089.8109802979957,664.229722117931,65.72195161385864,30.550421591239783
1092.1527002298974,664.2626506750528,65.85203361208505,30.64809415617529
1094.4959436025122,665.0373123225061,66.51120946069722,30.92825270140247
1098.287969460344,665.3700118425887,66.47057281461343,30.977532663999057
1097.0859614537133,665.0982289845338,66.02793298223293,31.00164384128681
1101.058597727556,666.6097960491546,65.8054592588579,30.847199487511844
1104.96313623668,666.7518372783605,65.55554581101391,30.949096174865517
1106.953914532879,667.6559888544331,65.19632131471535,30.952148494331276
1111.778527287423,667.6672216492724,65.76844170711661,31.195875013045345
1110.660047909531,667.4063529447411,65.99591259554543,31.375509536861742
1113.5522993678487,668.8012528463753,66.07219134852662,31.570316238033683
1116.9975889960772,668.7423202500158,66.44078596215648,31.847301647718215
1120.943432255344,668.911258817863,66.59891176051718,32.06938362562184
1124.0306355585808,670.5216522747547,66.66182128563538,32.0315197903753
1123.9475347367113,670.0725067946713,66.60341006750289,31.93673579698619
1127.3817001877044,671.2987848950968,66.5914457998857,31.91946802539548
1131.0071081370372,672.3869818274272,66.8055275338188,31.932786208311462
1134.0670097828038,672.2389264457734,67.06802891071224,31.950768645680068
1137.5841990394201,672.7232796444209,67.4555044166446,32.15156641403418
1136.9393480485894,673.1630662724117,67.27273909503012,32.20177775401913
1140.385117291816,674.4364938249498,67.41507845815578,32.25685040620593
1144.3179875895767,674.6482473743721,67.46801996102278,32.04291536925773
1147.9761203210228,675.0153041720537,68.14268887007898,32.231568936217656
1151.7523775483244,675.9422575613606,68.40134451664136,32.10432038266323
1151.3032855300523,675.9726450867721,68.25511117189917,32.25894043970555
1155.0304516070141,676.6435194028487,68.571723136475,32.05252832584016
1157.6662655633957,677.9373687979538,68.85536780290519,32.178598494675235
1162.9720939900835,678.7002483709488,69.30140156995192,32.147550509345066
1164.9514719909268,678.812715294564,69.67824212969713,32.251144023269205
1165.5469351025167,679.4503401888763,69.80021072768452,32.31605329321536
1170.431085483516,678.9606619656464,70.414080642871,31.675783932866754
1172.2306279868321,679.792133106648,70.53764187265818,31.94543654622651
1177.2391799441527,681.1723283021964,71.20141850458681,31.813387829934264
1179.323708506992,682.3671367528461,70.72835504078884,32.01887228514118
1179.9242812386308,681.7272519474631,70.42234551663262,32.11927542652409
1183.2150944673292,683.1120635708417,70.31980164361678,31.931108840991293
1187.769968261542,683.2749296469127,70.85488857362363,31.44232347429928
1191.0491152228904,684.6961082497719,70.88957026738228,31.65569208149273
1191.7418542965888,683.5488581717009,70.66241576557684,31.854687000055478
1194.1581137447436,685.4922736315806,70.95723861655141,32.156566293003536
1199.3987823468074,685.1417062036645,71.41490821784394,32.0154497288148
1202.7782339096304,686.0405252579133,71.65701503329862,32.08840564497535
1206.4886586956613,686.0523433801445,71.56755870311903,31.974347157633133
1207.5078234507062,686.024034876423,70.63725080996548,32.023283432784865
1208.895618757548,686.5956676208335,70.29374308774578,32.023022957429774
1212.7975854372692,687.4897607982896,69.48940870825358,31.456978464433128
1215.4351220154774,688.0151486553765,67.81280194816858,31.222435193115185
1217.1796831130275,688.5006929399327,65.75272245002148,31.02022877942113
