0.022571
0.020881
0.020256
0.017937
0.018090
0.017395
0.017911
0.017558
0.017329
0.016628
0.017002
0.017727
0.017152
0.017337
0.017998
0.017197
0.017490
0.017745
0.018664
0.017299
0.018789
0.018420
0.017560
0.017725
0.018638
0.018670
0.017453
0.018023
0.018739
0.017997
0.017492
0.018621
0.024042
0.024042
0.021374
0.017555
0.017986
0.017534
0.017063
0.017330
0.017418
0.017139
0.017681
0.017925
0.017185
0.017089
0.017936
0.017061
0.017527
0.017735
0.017042
0.017485
0.017774
0.017860
0.016866
0.017812
0.017372
0.017196
0.017590
0.017191
0.018039
0.016971
0.017565
0.016980
0.016892
0.017527
0.018052
0.016865
0.017357
0.016690
0.016836
0.017558
0.018501
0.016742
0.017876
0.017344
0.017075
0.017394
0.019200
0.017243
0.016649
0.017354
0.016413
0.017502
0.017216
0.016451
0.016409
0.016973
0.017784
0.016845
0.017610
0.016738
0.016444
0.017345
0.016525
0.016509
0.017098
0.016554
0.016790
0.016749
0.016500
0.017803
0.016701
0.016562
0.017119
0.016349
0.016624
0.017009
0.016405
0.016455
0.017149
0.016834
0.016545
0.017031
0.016682
0.016905
0.017063
0.016669
0.017123
0.017700
0.016706
0.017007
0.017493
0.017131
0.016961
0.017512
0.016936
0.016835
0.017623
0.016881
0.016862
0.017584
0.016724
0.016902
0.017521
0.016803
0.016763
0.017755
0.016812
0.016941
0.017540
0.016842
0.016873
0.017613
0.017005
0.016948
0.017310
0.017073
0.017972
0.017898
0.017829
0.017669
0.018518
0.018001
0.018126
0.019696
0.018847
0.018707
0.018837
0.018511
0.019108
0.018329
0.018875
0.019001
0.019868
0.019488
0.019373
0.019103
0.019213
0.019230
0.020118
0.019785
0.019657
0.019274
0.019403
0.019799
0.020262
0.019961
0.019652
0.019256
0.019335
0.019780
0.019610
0.020353
0.019908
0.019426
0.019290
0.019538
0.020659
0.020225
0.020068
0.020092
0.020214
0.020076
0.020079
0.019917
0.020125
0.020370
0.019970
0.019892
0.019348
0.019017
0.018736
0.019626
0.018700
0.018014
0.018129
0.018545
0.017967
0.017620
0.017571
0.018019
0.017272
0.017401
0.017679
0.017118
0.017077
0.018055
0.017050
0.017118
0.017628
0.017243
0.017788
0.017314
0.017809
0.016932
0.017034
0.017936
0.016897
0.017589
0.017640
0.017248
0.017200
0.017809
0.017424
0.016979
0.017487
0.017589
0.017632
0.016897
0.018172
0.016983
0.016964
0.017326
0.016545
0.017558
0.017130
0.016926
0.017262
0.017867
0.016555
0.016834
0.017684
0.017225
0.016679
0.017732
0.016700
0.016830
0.017755
0.016847
0.016810
0.017349
0.016732
0.017797
0.017479
0.016728
0.016825
0.017623
0.017100
0.016927
0.017650
0.016854
0.017078
0.017651
0.017520
0.016756
0.017695
0.017646
0.016877
0.017000
0.017586
0.017295
0.017006
0.017480
0.017342
0.016871
0.017087
0.017568
0.017776
0.016981
0.017721
0.016895
0.016698
0.018044
0.017217
0.017259
0.017511
0.017184
0.017012
0.016964
0.017268
0.016626
0.017280
0.017710
0.016848
0.016681
0.017219
0.016665
0.017089
0.017267
0.016574
0.017100
0.017161
0.016897
0.016436
0.017264
0.016678
0.016612
0.017616
0.016374
0.016515
0.017203
0.016535
0.017259
0.017437
0.016733
0.017157
0.016535
0.016638
0.017800
0.017339
0.016658
0.017053
0.016906
0.016610
0.016780
0.017357
0.016927
0.016804
0.016759
0.017432
0.016691
0.016731
0.017469
0.017188
0.016656
0.016959
0.016965
0.016892
0.017035
0.017247
0.016827
0.016848
0.017424
0.017011
0.016846
0.017452
0.017290
0.016887
0.016955
0.017845
0.017418
0.017230
0.017237
0.018103
0.017322
0.017982
0.019222
0.019425
0.018830
0.018837
0.017897
0.017658
0.018359
0.017605
0.017271
0.017818
0.018276
0.019960
0.027482
0.026739
0.019350
0.018214
0.018686
0.018480
0.019110
0.018277
0.019435
0.017721
0.018434
0.018067
0.017567
0.017831
0.017453
0.017921
0.017557
0.017281
0.017747
0.017339
0.016960
0.017548
0.017540
0.017038
0.017427
0.017618
0.017402
0.017118
0.017066
0.017799
0.016911
0.016970
0.017670
0.017041
0.016770
0.017515
0.016824
0.016760
0.016955
0.017601
0.017082
0.017030
0.017492
0.016894
0.016758
0.017627
0.017068
0.017277
0.017674
0.017348
0.016964
0.017527
0.017603
0.017116
0.017790
0.018015
0.017039
0.017012
0.017927
0.017626
0.016993
0.017739
0.017946
0.017151
0.017034
0.017808
0.016812
0.017029
0.017845
0.017422
0.016891
0.017477
0.016896
0.016492
0.017347
0.016568
0.016344
0.017073
0.016595
0.016700
0.017621
0.016682
0.016510
0.017435
0.016322
0.016586
0.017173
0.016385
0.016513
0.017047
0.016749
0.016599
0.016802
0.016368
0.017052
0.016350
0.016498
0.017192
0.016297
0.016646
0.016927
0.016651
0.017173
0.017348
0.016626
0.016968
0.017537
0.016709
0.016705
0.017622
0.016669
0.017034
0.017704
0.016774
0.016825
0.017627
0.016796
0.016895
0.017715
0.017049
0.016956
0.017603
0.016551
0.016686
0.017373
0.016769
0.017046
0.017479
0.016795
0.017179
0.016929
0.016717
0.016999
0.016865
0.016469
0.017111
0.016492
0.016448
0.016805
0.016205
0.016727
0.016610
0.016168
0.016827
0.016406
0.016443
0.016720
0.016559
0.017223
0.016626
0.016573
0.017194
0.016574
0.016652
0.016899
0.016625
0.017188
0.016826
0.016556
0.017443
0.016798
0.016609
0.017225
0.017154
0.016661
0.016586
0.016976
0.016406
0.016556
0.016742
0.016603
0.016425
0.016650
0.016393
0.016344
0.016602
0.016264
0.016769
0.016625
0.016227
0.016932
0.016297
0.016344
0.016930
0.016322
0.016032
0.016314
0.015757
0.016527
0.015796
0.015811
0.016126
0.016476
0.016954
0.016099
0.015915
0.016719
0.015841
0.016187
0.016078
0.015856
0.016398
0.015704
0.016285
0.016085
0.015908
0.016458
0.015945
0.015964
0.016003
0.015821
0.016615
0.015861
0.015896
0.016234
0.015785
0.016413
0.015697
0.015778
0.016026
0.015714
0.016399
0.015857
0.015736
0.016169
0.015802
0.016588
0.015721
0.015734
0.016146
0.015808
0.016373
0.015773
0.015954
0.016380
0.015779
0.016438
0.015937
0.015911
0.016631
0.015797
0.016206
0.016402
0.016235
0.016797
0.016460
0.016182
0.016849
0.016474
0.016188
0.016885
0.016227
0.016198
0.016566
0.016145
0.016130
0.016441
0.016172
0.016591
0.016509
0.015898
0.016655
0.015882
0.015854
0.016539
0.015919
0.016224
0.016119
0.015820
0.016485
0.015816
0.015821
0.016097
0.015847
0.016641
0.016203
0.016028
0.016709
0.016088
0.016043
0.016184
0.016211
0.016511
0.016175
0.015847
0.016538
0.015820
0.016008
0.016606
0.016322
0.016828
0.016782
0.016323
0.017096
0.016799
0.016653
0.017423
0.017228
0.016743
0.017246
0.016985
0.016730
0.016990
0.017064
0.016497
0.017288
0.016808
0.016522
0.017025
0.017278
0.016814
0.016652
0.016828
0.016309
0.017035
0.016728
0.015994
0.016644
0.015985
0.015841
0.016694
0.016450
0.016806
0.017010
0.016565
0.016833
0.016567
0.015900
0.016525
0.015941
0.015894
0.016375
0.016432
0.016981
0.016397
0.016380
0.017077
0.016500
0.016503
0.016644
0.016428
0.017018
0.016685
0.016353
0.016985
0.016502
0.016353
0.017407
0.016411
0.016532
0.016695
0.016355
0.017138
0.016870
0.016893
0.017070
0.016194
0.016292
0.016778
0.016181
0.016847
0.016613
0.016264
0.016945
0.016251
0.016268
0.016808
0.016138
0.016432
0.016790
0.016160
0.016816
0.016680
0.016242
0.016866
0.016224
0.016481
0.016988
0.016149
0.016520
0.016664
0.016291
0.016884
0.016597
0.016388
0.017084
0.016309
0.016423
0.016979
0.016381
0.016524
0.016943
0.016394
0.016897
0.016639
0.016369
0.016972
0.016734
0.016783
0.016995
0.016838
0.016387
0.017013
0.016620
0.016561
0.016869
0.017133
0.016443
0.016564
0.017280
0.016451
0.016553
0.017194
0.016501
0.016381
0.017168
0.016480
0.016914
0.016806
0.016532
0.017163
0.016791
0.016426
0.016778
0.016752
0.016516
0.017073
0.017296
0.016661
0.017031
0.017028
0.016727
0.016868
0.017057
0.016895
0.016993
0.016851
0.016577
0.017236
0.016750
0.016425
0.017324
0.016817
0.016637
0.017308
0.016579
0.016685
0.017590
0.016945
0.016842
0.017434
0.016846
0.016924
0.017465
0.017758
0.017275
0.018095
0.017632
0.017383
0.017273
0.017797
0.017599
0.017312
0.017606
0.017803
0.018375
0.017523
0.018366
0.017960
0.017652
0.017957
0.018183
0.017897
0.018076
0.018883
0.018810
0.018560
0.018499
0.018534
0.019239
0.019083
0.019914
0.018935
0.019459
0.019115
0.019597
0.019649
0.019713
0.019625
0.019504
0.019241
0.019932
0.020096
0.020431
0.020761
0.021076
0.021568
0.021128
0.021261
0.021289
0.021554
0.022178
0.022558
0.021896
0.022253
0.022000
0.021905
0.021830
0.021757
0.021444
0.021278
0.020943
0.020781
0.020322
0.020434
0.020363
0.020042
0.020797
0.020419
0.020124
0.019801
0.019945
0.019858
0.020393
0.019815
0.019495
0.019514
0.019625
0.020114
0.019663
0.019292
0.019353
0.019278
0.020136
0.019923
0.019843
0.019623
0.019706
0.020179
0.019847
0.019710
0.019843
0.019306
0.019712
0.019513
0.019583
0.018904
0.019057
0.019746
0.019304
0.019021
0.018796
0.018804
0.019163
0.019387
0.019588
0.019121
0.019082
0.019275
0.019118
0.019060
0.019044
0.018499
0.019205
0.018769
0.018586
0.018197
0.018713
0.018374
0.018503
0.018478
0.018176
0.018343
0.019241
0.018975
0.018644
0.018778
0.019699
0.020754
0.019946
0.019608
0.019619
0.019557
0.019935
0.020340
0.019920
0.020073
0.019941
0.019838
0.019661
0.020263
0.019858
0.019946
0.019527
0.019707
0.019451
0.019694
0.019726
0.019762
0.019584
0.019340
0.019352
0.019324
0.019644
0.019576
0.019586
0.019318
0.019729
0.019413
0.020202
0.019713
0.019450
0.019430
0.019649
0.020031
0.019748
0.019754
0.020305
0.019851
0.020027
0.020364
0.020085
0.020828
0.020406
0.020372
0.020116
0.020140
0.020022
0.019993
0.020764
0.020449
0.020581
0.020422
0.020225
0.019987
0.020232
0.020134
0.020617
0.020648
0.020714
0.020706
0.020630
0.020179
0.019940
0.020069
0.020192
0.020499
0.020326
0.020374
0.020368
0.019947
0.020093
0.020315
0.020053
0.020415
0.020175
0.020201
0.020463
0.020243
0.020259
0.020064
0.019976
0.020052
0.020009
0.019788
0.019991
0.019666
0.020184
0.019670
0.019702
0.019565
0.019578
0.019722
0.020269
0.020041
0.020189
0.019705
0.019678
0.019765
0.019709
0.019996
0.019580
0.019341
0.019078
0.019116
0.019671
0.019364
0.019297
0.019130
0.019274
0.019558
0.019749
0.019974
0.019407
0.019371
0.019355
0.020108
0.019857
0.020177
0.019698
0.019857
0.020005
0.020839
0.020559
0.020701
0.020737
0.020331
0.020471
0.020633
0.020692
0.020928
0.021147
0.021099
0.021067
0.021089
0.020388
0.020360
0.020900
0.020365
0.020856
0.020644
0.020719
0.021079
0.021149
0.020893
0.020752
0.020781
0.020926
0.020854
0.020978
0.020939
0.021170
0.021116
0.021090
0.020888
0.020531
0.021083
0.020673
0.021099
0.020938
0.021174
0.021403
0.021357
0.021452
0.021395
0.021671
0.021195
0.021004
0.021287
0.021022
0.021235
0.021440
0.021701
0.022120
0.022384
0.022789
0.022736
0.023064
0.022777
0.022920
0.023051
0.022898
0.022839
0.022848
0.022856
0.022683
0.022673
0.022575
0.022392
0.022452
0.022478
0.022559
0.022581
0.023455
0.022744
0.022635
0.022498
0.022481
0.022521
0.022474
0.022586
0.022382
0.022319
0.022687
0.022470
0.022419
0.022435
0.022183
0.022193
0.022390
0.022361
0.022358
0.022328
0.021872
0.021999
0.022100
0.022000
0.022099
0.022020
0.021894
0.022030
0.022005
0.022145
0.021980
0.021892
0.022226
0.022277
0.022302
0.022362
0.022287
0.022259
0.022189
0.022127
0.022343
0.022462
0.022452
0.022142
0.022105
0.022042
0.021981
0.022088
0.021836
0.022000
0.022394
0.022377
0.022292
0.022167
0.022266
0.022178
0.022213
0.022795
0.022164
0.022193
0.022131
0.022216
0.022279
0.022355
0.022423
0.022542
0.022328
0.022281
0.022294
0.022346
0.022279
0.022444
0.022355
0.022243
0.022395
0.022157
0.022132
0.022414
0.022144
0.022023
0.022202
0.022164
0.022030
0.022240
0.022366
0.022085
0.022058
0.022113
0.022173
0.022315
0.022047
0.022146
0.022069
0.021934
0.022300
0.021791
0.021958
0.021791
0.021823
0.021937
0.022105
0.021940
0.021661
0.021645
0.021707
0.021782
0.021761
0.022170
0.021926
0.021846
0.022008
0.022000
0.022270
0.022521
0.022454
0.022340
0.022327
0.022268
0.022411
0.022858
0.022571
0.022640
0.022744
0.022791
0.022723
0.022754
0.022636
0.022743
0.022760
0.022722
0.022685
0.023177
0.022668
0.022577
0.022445
0.022202
0.022098
0.021884
0.021963
0.021902
0.021610
0.021142
0.020639
0.020635
0.020361
0.020483
0.020997
0.020546
0.020671
0.020439
0.020820
0.020418
0.020230
0.020767
0.020315
0.020146
0.020195
0.019653
0.019633
0.019604
0.020398
0.020009
0.020064
0.019856
0.019469
0.019208
0.019361
0.019218
0.018740
0.018823
0.019590
0.019032
0.018793
0.018710
0.018707
0.019142
0.018766
0.018335
0.018345
0.018999
0.018590
0.018414
0.018553
0.019655
0.019073
0.018889
0.019309
0.019445
0.019426
0.019705
0.019716
0.019238
0.019193
0.018881
0.019371
0.018962
0.018757
0.018561
0.018420
0.018652
0.018529
0.018349
0.018396
0.019175
0.018455
0.018103
0.018165
0.019036
0.018429
0.018152
0.018520
0.018255
0.018493
0.018261
0.018083
0.018177
0.018508
0.018542
0.017917
0.017947
0.019096
0.018580
0.018628
0.018524
0.019534
0.018970
0.019018
0.018803
0.018850
0.019456
0.018983
0.018446
0.018215
0.018235
0.017731
0.017576
0.017828
0.018285
0.018320
0.018409
0.018097
0.017925
0.018502
0.017678
0.017837
0.018300
0.018138
0.017805
0.017959
0.018175
0.017721
0.018068
0.018560
0.018071
0.017313
0.017484
0.016837
0.016802
0.017672
0.016761
0.016842
0.017426
0.016786
0.017332
0.016973
0.016723
0.017597
0.017138
0.016788
0.017526
0.017335
0.017035
0.017485
0.017841
0.017544
0.017693
0.018588
0.018356
0.018109
0.018468
0.018830
0.018698
0.018768
0.019015
0.019078
0.018902
0.018655
0.018941
0.019665
0.019629
0.019694
0.019256
0.019255
0.020070
0.019618
0.019557
0.019158
0.019049
0.019878
0.020455
0.020347
0.020134
0.020012
0.020259
0.021000
0.021140
0.021471
0.022210
0.022344
0.022353
0.022401
0.021851
0.021874
0.021501
0.021396
0.021370
0.021847
0.021978
0.023301
0.023955
0.024010
0.023965
0.023664
0.023311
0.022857
0.022500
0.021838
0.021829
0.021182
0.020885
0.020636
0.020035
0.020009
0.020279
0.020188
0.020018
0.019624
0.019736
0.019699
0.019700
0.019864
0.019430
0.019628
0.019226
0.019551
0.018703
0.018753
0.018757
0.020048
0.019486
0.019685
0.019520
0.018891
0.019532
0.019462
0.019261
0.018950
0.018977
0.019515
0.019485
0.019841
0.019382
0.019608
0.020008
0.020843
0.020040
0.019991
0.019383
0.019239
0.019450
0.018715
0.018564
0.017951
0.018611
0.018147
0.017990
0.018030
0.018868
0.018741
0.018487
0.018537
0.019139
0.018829
0.018520
0.018885
0.019352
0.018778
0.018641
0.018561
0.019142
0.018764
0.018410
0.018836
0.019148
0.018882
0.018800
0.018612
0.018987
0.018954
0.018915
0.019039
0.019918
0.019290
0.019197
0.019457
0.020461
0.020135
0.020140
0.019707
0.019655
0.019954
0.019858
0.020051
0.019534
0.019721
0.019649
0.020170
0.019807
0.019772
0.019630
0.019720
0.020283
0.020145
0.019989
0.019573
0.019806
0.019944
0.019954
0.020104
0.019437
0.019511
0.019813
0.020432
0.020319
0.020417
0.020318
0.019972
0.019871
0.020359
0.020733
0.020604
0.020540
0.020155
0.019872
0.019901
0.020147
0.020619
0.020479
0.020472
0.019971
0.019362
0.020002
0.020835
0.020271
0.020362
0.019843
0.021722
0.020248
0.019486
0.019793
0.020140
0.020214
0.020018
0.019448
0.019809
0.019675
0.020120
0.018590
0.017983
0.017619
0.018680
0.018058
0.017256
0.017699
0.017466
0.016701
0.017626
0.017241
0.016997
0.017426
0.016640
0.016298
0.017103
0.015900
0.016722
0.016473
0.016256
0.017097
0.016739
0.016308
0.017181
0.016340
0.016435
0.016752
0.016320
0.017080
0.016358
0.016266
0.016994
0.016607
0.016858
0.016795
0.016612
0.017142
0.016776
0.016372
0.017177
0.016797
0.016686
0.017248
0.016435
0.016522
0.016755
0.016565
0.017266
0.017100
0.016515
0.017369
0.016998
0.016457
0.017393
0.016880
0.016805
0.017425
0.016704
0.016367
0.017402
0.016431
0.016412
0.016977
0.016364
0.017191
0.016916
0.016470
0.017272
0.016724
0.016917
0.017392
0.016940
0.016500
0.017216
0.016439
0.016548
0.017098
0.016926
0.016457
0.016769
0.016457
0.017296
0.016837
0.016635
0.017404
0.016820
0.016846
0.017574
0.016797
0.016738
0.017457
0.016903
0.016824
0.017459
0.016814
0.016799
0.017290
0.016791
0.016638
0.017562
0.016906
0.016709
0.017336
0.016758
0.016658
0.017380
0.016924
0.016663
0.017212
0.016642
0.016678
0.017464
0.016614
0.016965
0.017266
0.016600
0.016569
0.017267
0.016600
0.016674
0.017312
0.016567
0.016570
0.016942
0.016508
0.017151
0.016880
0.016464
0.017129
0.016770
0.016479
0.017333
0.016750
0.016500
0.017162
0.016997
0.016417
0.017209
0.016424
0.016495
0.017047
0.016733
0.016887
0.017349
0.016739
0.016545
0.017318
0.016726
0.016436
0.017482
0.016501
0.016462
0.017523
0.016514
0.016533
0.017412
0.016777
0.016458
0.017441
0.017116
0.016364
0.017373
0.016985
0.016559
0.017518
0.017001
0.016516
0.016632
0.016793
0.016575
0.016738
0.016870
0.016477
0.017180
0.016838
0.016479
0.017197
0.016946
0.016807
0.016928
0.016793
0.016590
0.016741
0.016899
0.016401
0.016950
0.016677
0.016568
0.016734
0.016815
0.016375
0.017131
0.016798
0.016437
0.017167
0.016851
0.016364
0.017261
0.016843
0.016453
0.017251
0.016392
0.016370
0.017169
0.016412
0.016477
0.017045
0.016696
0.016525
0.017154
0.016451
0.016578
0.017094
0.016356
0.016648
0.016843
0.016366
0.017224
0.016513
0.016495
0.016943
0.016650
0.016436
0.017050
0.016438
0.016473
0.016685
0.016421
0.017001
0.016778
0.016409
0.017142
0.016366
0.016485
0.016653
0.016422
0.016888
0.016672
0.016414
0.017091
0.016369
0.016292
0.017107
0.016849
0.016729
0.017465
0.017255
0.016688
0.017706
0.017452
0.017095
0.017061
0.017488
0.017021
0.017042
0.018089
0.016932
0.017293
0.017929
0.017656
0.017405
0.017462
0.018070
0.017744
0.017441
0.017556
0.017825
0.017442
0.017320
0.018136
0.018329
0.017991
0.018195
0.018884
0.018654
0.018475
0.018422
0.019188
0.019297
0.019394
0.019117
0.019141
0.019343
0.019484
0.019603
0.019656
0.019183
0.019063
0.019643
0.019209
0.018802
0.018865
0.019698
0.019361
0.019176
0.018811
0.018886
0.019681
0.019319
0.019022
0.018892
0.018980
0.019847
0.019262
0.019228
0.019074
0.018912
0.019357
0.019323
0.019068
0.018853
0.018790
0.019566
0.019046
0.019105
0.018598
0.018578
0.019221
0.019156
0.018637
0.018304
0.018594
0.018531
0.018420
0.017975
0.018347
0.018287
0.017921
0.017788
0.018485
0.018068
0.017784
0.017976
0.018147
0.017828
0.017636
0.019135
0.018490
0.017891
0.017699
0.017603
0.017776
0.017470
0.017224
0.017879
0.017576
0.017650
0.017358
0.017636
0.017271
0.017176
0.017974
0.017827
0.017447
0.017278
0.018318
0.017776
0.017299
0.018144
0.017822
0.017812
0.017451
0.018394
0.017918
0.017542
0.017471
0.018399
0.017990
0.017535
0.017562
0.018278
0.018113
0.017591
0.017765
0.018456
0.017791
0.017561
0.017572
0.018309
0.017885
0.017512
0.017877
0.017668
0.017140
0.017082
0.017565
0.016721
0.016761
0.017159
0.016544
0.017156
0.016647
0.016206
0.016914
0.016394
0.016238
0.016956
0.016063
0.015999
0.016690
0.015963
0.016074
0.016064
0.015913
0.016624
0.015780
0.015895
0.015779
0.015555
0.016464
0.015911
0.015432
0.016162
0.015460
0.016555
0.015509
0.015574
0.015882
0.015427
0.016181
0.015456
0.016252
0.015890
0.015814
0.016624
0.016089
0.015856
0.016100
0.015855
0.016603
0.015848
0.015873
0.016547
0.015958
0.015847
0.016127
0.015794
0.016384
0.015875
0.015949
0.016424
0.015877
0.016469
0.015906
0.016024
0.016590
0.016228
0.017132
0.016707
0.016325
0.017135
0.016693
0.016203
0.017173
0.016398
0.016212
0.017007
0.016276
0.016286
0.016512
0.016010
0.017079
0.016689
0.016084
0.016722
0.015856
0.015736
0.016147
0.015748
0.016768
0.015866
0.015725
0.016281
0.015712
0.016456
0.015864
0.015755
0.016526
0.015809
0.015824
0.016049
0.015767
0.016477
0.015799
0.016319
0.016460
0.015811
0.016024
0.016187
0.015840
0.016442
0.015718
0.016129
0.016626
0.015875
0.016211
0.016199
0.015718
0.016275
0.016016
0.015895
0.016055
0.015720
0.016541
0.015869
0.015855
0.015956
0.015608
0.016246
0.015774
0.015928
0.016254
0.016000
0.016761
0.016258
0.016040
0.016779
0.016139
0.016797
0.016353
0.015966
0.016736
0.016305
0.016149
0.016465
0.016190
0.016817
0.016236
0.016244
0.017142
0.016350
0.016197
0.016594
0.016145
0.016850
0.016289
0.016421
0.017038
0.016374
0.016137
0.016934
0.016291
0.016725
0.016634
0.016103
0.016971
0.016254
0.016170
0.016839
0.016111
0.017012
0.016328
0.016039
0.016799
0.015994
0.016748
0.016587
0.016158
0.016774
0.016090
0.016660
0.016619
0.016201
0.016999
0.016399
0.016180
0.017113
0.016400
0.016130
0.016736
0.016223
0.017015
0.016809
0.016436
0.017089
0.016402
0.016257
0.017147
0.016426
0.016440
0.017112
0.016605
0.016224
0.017183
0.016434
0.016413
0.016996
0.016413
0.016357
0.017152
0.016270
0.016220
0.016828
0.016219
0.016619
0.017049
0.016379
0.016539
0.016899
0.016252
0.016561
0.016789
0.016638
0.016835
0.016783
0.016265
0.017019
0.016793
0.016293
0.017319
0.016834
0.016293
0.016935
0.016635
0.016140
0.016896
0.016334
0.016249
0.017085
0.016609
0.016080
0.016997
0.016069
0.016111
0.016856
0.016035
0.016169
0.016344
0.016126
0.016746
0.016038
0.016375
0.017034
0.016059
0.016190
0.016792
0.016178
0.016464
0.016459
0.016278
0.016802
0.016202
0.016236
0.016712
0.016203
0.016374
0.016778
0.016260
0.017059
0.016276
0.016347
0.016588
0.016400
0.017601
0.016871
0.016746
0.016667
0.017071
0.016751
0.016990
0.017111
0.016698
0.016737
0.016975
0.016592
0.017293
0.016947
0.016761
0.016951
0.016964
0.016824
0.017340
0.017086
0.016757
0.017532
0.017208
0.016873
0.017260
0.017060
0.016781
0.016907
0.017099
0.017345
0.016940
0.017552
0.016925
0.016898
0.017613
0.016928
0.017174
0.017516
0.016833
0.016804
0.017496
0.016863
0.016889
0.017621
0.016900
0.016744
0.017492
0.016796
0.016722
0.017309
0.016999
0.016836
0.017413
0.016771
0.016830
0.017413
0.016726
0.016721
0.017867
0.016721
0.016580
0.017315
0.016631
0.016630
0.017130
0.016874
0.016632
0.017445
0.016841
0.016604
0.017483
0.016808
0.016752
0.017578
0.017114
0.016567
0.017102
0.017268
0.016702
0.016854
0.017623
0.016621
0.016706
0.017499
0.016814
0.016762
0.017379
0.016659
0.016709
0.017579
0.016824
0.016775
0.017530
0.016992
0.016815
0.017668
0.017140
0.016810
0.017939
0.017406
0.017001
0.017296
0.017299
0.017075
0.016890
0.017619
0.016941
0.016947
0.017766
0.017261
0.016990
0.017035
0.017256
0.016775
0.016969
0.017661
0.016827
0.016790
0.017442
0.016967
0.016686
0.017210
0.016899
0.016548
0.017164
0.016938
0.016659
0.017197
0.016951
0.016794
0.017320
0.016837
0.016632
0.017618
0.016956
0.016526
0.017333
0.017005
0.016582
0.016607
0.017069
0.016645
0.016675
0.017006
0.016678
0.016968
0.016769
0.016488
0.017168
0.016831
0.016501
0.017276
0.016525
0.016490
0.017089
0.016495
0.016503
0.017415
0.016511
0.016449
0.017178
0.016375
0.016510
0.017243
0.016678
0.016560
0.017009
0.016417
0.016406
0.017063
0.016380
0.016324
0.016944
0.016538
0.016488
0.017084
0.016591
0.016365
0.016746
0.016524
0.016667
0.016794
0.016694
0.016456
0.017178
0.016929
0.017075
0.017419
0.016651
0.017595
0.017413
0.017076
0.017362
0.017465
0.017346
0.017231
0.017310
0.016845
0.016871
0.017035
0.016685
0.017070
0.016807
0.016658
0.016923
0.016963
0.016725
0.017217
0.016977
0.016593
0.017242
0.017187
0.016899
0.017164
0.016856
0.016215
0.016887
0.016556
0.016073
0.016777
0.016121
0.016191
0.017021
0.016232
0.016247
0.016435
0.016100
0.016947
0.016634
0.016210
0.017174
0.016375
0.016247
0.017142
0.016236
0.016232
0.016606
0.016219
0.017101
0.016346
0.016294
0.016591
0.016349
0.016983
0.016394
0.016635
0.017041
0.016407
0.016389
0.016810
0.016358
0.016383
0.017039
0.016323
0.016365
0.017162
0.016643
0.016856
0.017013
0.016651
0.017341
0.016935
0.016654
0.016646
0.017058
0.016672
0.016762
0.017204
0.017262
0.016827
0.017055
0.016717
0.017126
0.016879
0.017274
0.017504
0.016918
0.016662
0.017360
0.016963
0.016518
0.017480
0.016841
0.016532
0.017567
0.016601
0.016598
0.017293
0.017030
0.016578
0.017205
0.016537
0.016507
0.017177
0.016460
0.016731
0.016833
0.016196
0.017111
0.016465
0.016204
0.017004
0.016209
0.016645
0.016960
0.016117
0.016243
0.016320
0.016018
0.016659
0.016312
0.016095
0.016365
0.015969
0.016889
0.016020
0.015920
0.016715
0.016222
0.015989
0.016210
0.016132
0.016114
0.016357
0.015907
0.017057
0.016295
0.015851
0.016799
0.015690
0.015746
0.015925
0.015641
0.016620
0.015775
0.015670
0.016293
0.015671
0.016131
0.015533
0.016053
0.016232
0.015699
0.015635
0.015767
0.015555
0.016292
0.015687
0.016127
0.015890
0.015553
0.016386
0.015530
0.016403
0.015474
0.015895
0.015895
0.015622
0.015837
0.015538
0.016318
0.015660
0.016030
0.015774
0.015637
0.015765
0.015730
0.016223
0.015546
0.016214
0.015628
0.015613
0.015920
0.015405
0.016301
0.015428
0.016147
0.015614
0.015827
0.015836
0.015480
0.016184
0.015513
0.016109
0.015572
0.015606
0.016080
0.015513
0.016083
0.015623
0.016188
0.015516
0.015438
0.015940
0.015573
0.016250
0.015480
0.016258
0.015514
0.015599
0.015833
0.015651
0.016067
0.015536
0.016112
0.015625
0.015469
0.016086
0.015920
0.016509
0.016143
0.015905
0.016544
0.015875
0.016553
0.016336
0.016171
0.016832
0.016173
0.016244
0.016984
0.016170
0.016162
0.016635
0.016255
0.017029
0.016601
0.016478
0.017315
0.016844
0.016594
0.017517
0.017071
0.016641
0.017411
0.017337
0.017063
0.017865
0.017668
0.017153
0.017834
0.017291
0.016878
0.017015
0.017231
0.017131
0.016944
0.017237
0.016899
0.016904
0.017276
0.016962
0.017053
0.017283
0.017094
0.016979
0.017747
0.017030
0.017076
0.017735
0.017353
0.017172
0.018156
0.017195
0.017195
0.017973
0.017750
0.017132
0.017651
0.017347
0.017132
0.017103
0.017377
0.017188
0.017177
0.017377
0.017114
0.017088
0.017884
0.017083
0.017252
0.018153
0.017399
0.017073
