269,75,34,64
268.239215686275,74.6196078431373,34,64
265.576470588235,73.478431372549,34,64
264.054901960784,73.8588235294118,34,64
259.490196078431,72.3372549019608,34,64
259.490196078431,77.6627450980392,34,64
264.435294117647,67.7725490196079,34,64
265.576470588235,66.6313725490196,34,64
264.81568627451,64.3490196078431,34,64
262.533333333333,64.7294117647059,34,64
261.392156862745,63.2078431372549,34,64
260.613510512639,63.8902527758091,33.2749397590361,62.6351807228916
259.868412473423,65.3804488542405,33.2749397590361,62.6351807228916
255.397824238129,64.262801795417,33.2749397590361,62.6351807228916
253.162530120482,65.0078998346327,33.2749397590361,62.6351807228916
249.437039924403,67.6157429718876,33.2749397590361,62.6351807228916
245.339000708717,67.6157429718876,33.2749397590361,62.6351807228916
240.868412473423,69.1059390503189,33.2749397590361,62.6351807228916
238.633118355776,73.2039782660052,33.2749397590361,62.6351807228916
237.142922277345,71.7137821875738,33.2749397590361,62.6351807228916
235.634976235772,73.8718353134722,32.5653416461025,61.2994666279576
237.82321152989,68.765952960531,32.5653416461025,61.2994666279576
238.552623294596,69.8600706075898,32.5653416461025,61.2994666279576
237.82321152989,70.2247764899428,32.5653416461025,61.2994666279576
235.634976235772,74.2365411958251,32.5653416461025,61.2994666279576
234.905564471066,75.3306588428839,32.5653416461025,61.2994666279576
234.545310379106,75.746651140371,33.2858498300225,62.6557173271012
236.408055477145,70.903513885469,33.2858498300225,62.6557173271012
237.530026841832,69.8378359929301,34.0222992575117,64.0419750729633
240.206497430068,71.7496006988125,34.0222992575117,64.0419750729633
242.098677084447,68.2265755499625,33.2967634781648,62.6762606647808
242.098677084447,72.3246147656488,33.2967634781648,62.6762606647808
237.255539829545,73.4422618244723,33.2967634781648,62.6762606647808
236.137892770721,70.8344186872174,33.2967634781648,62.6762606647808
231.29895908945,65.6704743183192,34.0334543701192,64.0629729319891
226.710723795332,64.1410625536133,34.0334543701192,64.0629729319891
222.887194383568,66.4351802006721,34.0334543701192,64.0629729319891
222.887194383568,64.1410625536133,34.0334543701192,64.0629729319891
220.975429677685,68.3469449065545,34.0334543701192,64.0629729319891
219.828370854156,74.464591965378,34.0334543701192,64.0629729319891
220.598934588716,73.7558953273178,34.7864445480581,65.4803662081094
222.159718902441,68.68334630771,34.7864445480581,65.4803662081094
222.940111059304,71.0245227782982,34.7864445480581,65.4803662081094
224.110699294598,77.6578561116316,34.7864445480581,65.4803662081094
224.110699294598,81.1696208175139,34.7864445480581,65.4803662081094
223.720503216167,87.4127580724159,34.7864445480581,65.4803662081094
224.506266408648,86.2981854428073,35.5560946336839,66.9291193104638
226.899201621567,79.5871938251412,36.3427732274541,68.4099260752078
227.307044758822,77.1401350016118,36.3427732274541,68.4099260752078
228.938417307841,78.3636644133765,36.3427732274541,68.4099260752078
233.812202110492,82.7636837881472,35.5677526417602,66.9510637962546
234.589487845311,85.4677556672977,34.8092596034962,65.5233121948164
234.589487845311,87.8089321378859,34.8092596034962,65.5233121948164
232.643626097221,87.0840804967307,35.5794144722235,66.9730154771267
227.4691162933,81.5115314771229,35.5794144722235,66.9730154771267
223.470055785906,83.4197589880041,34.8206727419123,65.5447957494819
221.128879315318,88.4923080076119,34.8206727419123,65.5447957494819
215.666134217279,88.4923080076119,34.8206727419123,65.5447957494819
211.764173432965,90.4432883997688,34.8206727419123,65.5447957494819
211.373977354534,89.6628962429061,34.8206727419123,65.5447957494819
211.769165819189,83.8652579203196,35.5910801263271,66.9949743554392
212.575439495292,73.1241260165125,36.3785327741221,68.4772381630533
212.575439495292,70.2692240557282,36.3785327741221,68.4772381630533
217.882805898047,80.9313024516867,37.1834078117495,69.9922970574109
219.114573701397,77.9187823306582,36.3904604403423,68.4996902406444
219.114573701397,82.4050568404621,36.3904604403423,68.4996902406444
220.338103113162,84.4442725267366,36.3904604403423,68.4996902406444
220.745946250417,83.2207431149719,36.3904604403423,68.4996902406444
223.173180701628,81.9119156921067,35.61442291047,67.0389137138258
225.173180701628,86.7119156921067,35.61442291047,67.0389137138258
222.779196148181,91.1702977091475,36.4023920173641,68.5221496797442
222.371353010926,91.9859839836573,36.4023920173641,68.5221496797442
224.823553510018,92.0436439773349,37.2077949407483,70.0382022414086
226.890875462451,91.9551427390089,36.4143275064697,68.5446164827665
227.298718599706,91.547299601754,36.4143275064697,68.5446164827665
229.337934285981,96.4414172488128,36.4143275064697,68.5446164827665
233.824208795785,92.7708290135187,36.4143275064697,68.5446164827665
236.271267619314,91.9551427390089,36.4143275064697,68.5446164827665
240.354708631078,92.0125541936781,37.2199945025503,70.0611661224477
240.751572427882,96.5184154582509,36.4262669089417,68.5670906521256
265.630003800431,97.3341017327607,36.4262669089417,68.5670906521256
265.634881360006,91.2736175081078,37.2321980643021,70.0841375328039
249.346646065888,96.7030292728137,37.2321980643021,70.0841375328039
249.764293124712,101.297146919873,37.2321980643021,70.0841375328039
250.181940183535,99.2089116257549,37.2321980643021,70.0841375328039
246.0054695953,101.714793978696,37.2321980643021,70.0841375328039
241.828999007064,97.1206763316372,37.2321980643021,70.0841375328039
244.758294286566,94.6747823248865,38.0559604464748,71.6347490757172
241.772594341774,94.3097738936285,38.897948571353,73.2196678990174
245.695226962174,87.4056636704368,39.7585656834942,74.8396530512832
240.804417437144,85.24245589091,40.6382239492415,76.4954803750428
231.706378221457,86.6071617732629,40.6382239492415,76.4954803750428
227.157358613614,90.7012794203217,40.6382239492415,76.4954803750428
229.431868417536,87.0620637340472,40.6382239492415,76.4954803750428
241.264661006274,82.1217148353395,41.5373446541185,78.1879428783406
247.338487464371,82.1900940505812,42.4563584045909,79.9178511145239
247.814958052606,87.4312705211694,42.4563584045909,79.9178511145239
244.486461058344,88.4530616461561,43.3957053342924,81.6860335704328
243.033847048475,87.5494098997832,44.3558353148137,83.4933370631786
247.523552777168,82.1434119173453,45.3372081711539,85.3406271457014
256.163186382363,80.6914880922911,46.3402939019407,87.2287885213001
258.768193939896,83.8833823643723,47.3655729045211,89.1587254673339
264.081919430092,84.9461274624115,47.3655729045211,89.1587254673339
261.432447583758,80.2402012187918,48.4135362050337,91.1313622682986
262.518722093561,68.2911816109487,48.4135362050337,91.1313622682986
255.46550029047,65.1104918962478,49.48468569357,93.1476436584847
246.039644582436,62.4153402059229,50.5795343645403,95.2085352744287
235.839644582436,60.1486735392562,50.5795343645403,95.2085352744287
226.206311249102,61.2820068725895,50.5795343645403,95.2085352744287
217.139644582436,65.2486735392562,50.5795343645403,95.2085352744287
214.306311249102,65.2486735392562,50.5795343645403,95.2085352744287
207.506311249102,63.5486735392562,50.5795343645403,95.2085352744287
208.646775150195,61.9287624511162,51.6986065623557,97.3150241173755
215.611481032547,53.222880098175,51.6986065623557,97.3150241173755
218.513441816861,59.0268016668024,51.6986065623557,97.3150241173755
219.674226130587,60.1875859805279,51.6986065623557,97.3150241173755
221.995794758038,60.1875859805279,51.6986065623557,97.3150241173755
225.478147699214,60.1875859805279,51.6986065623557,97.3150241173755
229.511744818796,68.7703201202723,50.596118205544,95.2397519163182
232.884566882394,70.9191616517495,49.5171407450162,93.2087355200304
243.95568810789,70.8032099101233,48.4611728038273,91.2210311601454
249.9037852103,71.7758678929755,47.4277236970469,89.2757151944411
256.280255798535,74.4327306380735,47.4277236970469,89.2757151944411
261.062608739712,76.0268482851324,47.4277236970469,89.2757151944411
264.250844033829,75.4954757361128,47.4277236970469,89.2757151944411
269.564569524025,76.0268482851324,47.4277236970469,89.2757151944411
277.53515775932,72.3072404419951,47.4277236970469,89.2757151944411
280.723393053437,71.7758678929755,47.4277236970469,89.2757151944411
287.631236190692,74.4327306380735,47.4277236970469,89.2757151944411
294.007706778927,74.9641031870931,47.4277236970469,89.2757151944411
295.070451876967,72.3072404419951,47.4277236970469,89.2757151944411
298.258687171084,78.6837110302304,47.4277236970469,89.2757151944411
300.915549916182,72.3072404419951,47.4277236970469,89.2757151944411
307.292020504418,77.0895933831716,47.4277236970469,89.2757151944411
309.948883249516,77.0895933831716,47.4277236970469,89.2757151944411
313.111451241263,83.3552346317662,46.4163132037484,87.371883677644
313.111451241263,84.914058161178,46.4163132037484,87.371883677644
310.513412025577,83.8748424749035,46.4163132037484,87.371883677644
304.27811790793,80.2375875729427,46.4163132037484,87.371883677644
301.135783935913,78.5711642253855,45.4264713438612,85.5086519413858
300.116176092775,80.61037991166,45.4264713438612,85.5086519413858
295.502503469129,82.5417366339313,44.4577381597813,83.6851541831177
290.522111312266,80.0515405554999,44.4577381597813,83.6851541831177
284.545640724031,78.0593836927548,44.4577381597813,83.6851541831177
278.575395623089,75.6394990275453,45.4413656165664,85.5366882194192
277.562896594387,71.1246219631375,46.446755830833,87.4291874462738
276.519759339485,64.8657984337258,46.446755830833,87.4291874462738
277.536573495976,68.9274370766239,45.4562647727538,85.5647336898894
272.948338201858,69.4372409981925,45.4562647727538,85.5647336898894
271.928730358721,69.9470449197611,45.4562647727538,85.5647336898894
269.379710750878,69.4372409981925,45.4562647727538,85.5647336898894
270.374198941409,71.3691957005533,44.4868962348288,83.7400399714424
272.366355804154,65.392725112318,44.4868962348288,83.7400399714424
275.36049402436,70.9408607240554,45.4711688140244,85.5927883558105
277.884552896182,78.9907616223402,44.5014824429301,83.7674963631625
278.884552896182,78.4907616223402,44.5014824429301,83.7674963631625
282.884552896182,70.9907616223402,44.5014824429301,83.7674963631625
282.892255246657,66.0640836938227,45.4860777419799,85.6208522201975
283.377257400894,68.5064406900331,44.5160734335064,83.7949617571885
286.851916738107,68.3999170894923,43.566754759081,82.0080089582701
292.19880676316,74.1566927767901,42.6376805913271,80.2591634660275
292.19880676316,73.6782614042411,42.6376805913271,80.2591634660275
292.677238135709,74.6351241493391,42.6376805913271,80.2591634660275
293.131868826351,70.2281544689798,41.7284192100422,78.5476126306676
293.600496277332,76.7889387827053,41.7284192100422,78.5476126306676
293.131868826351,76.3203113317249,41.7284192100422,78.5476126306676
294.069123728312,74.4458015278034,41.7284192100422,78.5476126306676
293.576804380579,77.6264645318396,40.8385481015871,76.8725611323992
292.659157321755,77.1676410024278,40.8385481015871,76.8725611323992
292.176957432449,77.0696592038714,39.9676537625532,75.2332306118649
294.422055471664,79.7637768509302,39.9676537625532,75.2332306118649
297.565192726566,85.1520121450479,39.9676537625532,75.2332306118649
296.195275422662,80.1169428947919,39.1153315076168,73.6288593084552
297.95213816776,79.6777272085174,39.1153315076168,73.6288593084552
303.222726403054,77.4816487771449,39.1153315076168,73.6288593084552
299.686858339647,80.0235903233029,38.2811852814905,72.0587017063351
299.236213713538,80.362515317755,37.4648274748853,70.5220281880193
303.851899988047,83.2997702197158,37.4648274748853,70.5220281880193
313.083272537067,84.1389859059903,37.4648274748853,70.5220281880193
318.962935530185,77.903934008376,38.2937367827671,72.0823280616792
324.094777677525,79.1019344518118,37.4771113116165,70.5451507042193
336.263405128505,59.7999736674981,37.4771113116165,70.5451507042193
337.522228657917,55.1842873929883,37.4771113116165,70.5451507042193
339.60026537397,56.7757013729162,36.6779006246097,69.0407541169125
342.461937248454,58.3353882231565,35.8957333462295,67.5684392399615
342.466801482625,64.019284913084,36.6899264465149,69.0633909581456
343.296213288957,69.0199770329625,37.501691069144,70.5914184830946
343.720566517779,69.0782751522677,38.3314159840488,72.153253617033
342.861742988368,68.6488633875619,38.3314159840488,72.153253617033
344.129281013513,56.9652671442367,37.5139869925817,70.6145637507421
342.021437876258,44.3182083207073,37.5139869925817,70.6145637507421
336.941044255401,39.5907545845603,36.7139899205713,69.1086869093106
332.823397196577,38.7672251727956,36.7139899205713,69.1086869093106
329.529279549518,39.178989878678,36.7139899205713,69.1086869093106
343.920747996262,41.974695190195,35.9310530270844,67.6349233451
338.695257800183,37.5531265627441,35.9310530270844,67.6349233451
337.891336231556,38.7590089156852,35.9310530270844,67.6349233451
339.480338848701,40.2840980404622,35.1648124986755,66.1925882328009
340.643524251992,50.0545923636107,34.4149122803302,64.7810113512098
344.873223535189,52.676702202339,33.6810039100147,63.3995367717925
347.502940547114,55.2448661740364,32.962746356753,62.047522553888
349.707351970882,57.0182219336559,32.2598058621572,60.7243404464135
350.414072107331,57.3029592608586,31.5718557853377,59.4293755959297
346.865052499488,58.0127631824272,31.5718557853377,59.4293755959297
342.251327009292,58.3676651432116,31.5718557853377,59.4293755959297
334.798385832821,55.528449456937,31.5718557853377,59.4293755959297
327.327182362675,54.0327123597299,30.8985764511202,58.1620262609322
326.291249213626,58.5951772971595,31.5822074551013,59.4488610919553
327.006576926007,61.1316419183886,32.2809637950454,60.7641671436148
300.163439671105,70.5630144674082,32.2809637950454,60.7641671436148
300.144895211121,68.6717058645325,31.5925625189342,59.4683529768172
294.116971115706,69.4334450528637,32.2915479646656,60.7840902864293
287.224814252961,75.6001117195304,32.2915479646656,60.7840902864293
285.773833860804,73.7863862293343,32.2915479646656,60.7840902864293
282.509127978451,72.6981509352167,32.2915479646656,60.7840902864293
281.789157631053,74.9276877207368,33.0059984633838,62.1289382840166
282.16520524364,77.2050922233228,33.7362561793862,63.5035410435505
282.922067988738,73.7992098703816,33.7362561793862,63.5035410435505
285.94951896913,74.5560726154796,33.7362561793862,63.5035410435505
287.841675831875,73.0423471252835,33.7362561793862,63.5035410435505
287.463244459326,73.4207784978326,33.7362561793862,63.5035410435505
287.090037125342,73.4751333201363,34.4826708473551,64.908556889139
285.549749049681,70.4394353507267,35.2455999398528,66.3446587103112
287.509874292602,71.1468452658909,34.4939769049909,64.9298388799829
291.740416614267,73.3842674907546,33.7583824577399,63.5451905086868
290.983553869169,73.3842674907546,33.7583824577399,63.5451905086868
289.469828378973,73.7626988633036,33.7583824577399,63.5451905086868
285.312062547544,73.0597301933012,34.5052866696174,64.9511278486915
285.312062547544,76.5362007815365,34.5052866696174,64.9511278486915
285.698337057348,74.218553722713,34.5052866696174,64.9511278486915
288.015984116171,74.9911027423208,34.5052866696174,64.9511278486915
286.85716058676,74.6048282325169,34.5052866696174,64.9511278486915
282.221866469113,70.7420831344777,34.5052866696174,64.9511278486915
276.818583107879,70.4098357924555,35.2687161371827,66.3881715523438
272.857798794154,67.6372867728476,35.2687161371827,66.3881715523438
275.610327379755,69.5333959443608,34.51660014245,64.9724237975529
277.541699928775,72.2373175129882,34.51660014245,64.9724237975529
279.473072477794,73.009866532596,34.51660014245,64.9724237975529
279.859346987598,71.4647684933803,34.51660014245,64.9724237975529
279.08679796799,71.4647684933803,34.51660014245,64.9724237975529
277.541699928775,73.3961410424,34.51660014245,64.9724237975529
278.314248948383,71.8510430031843,34.51660014245,64.9724237975529
278.700523458187,69.9196704541647,34.51660014245,64.9724237975529
278.700523458187,70.6922194737725,34.51660014245,64.9724237975529
284.476405042743,75.2477428255567,33.7805232478459,63.5868672900629
284.097973670194,74.4908800804587,33.7805232478459,63.5868672900629
283.701300841655,76.6826101194705,33.0601434147292,62.2308581924314
279.624830253419,71.1237865900587,33.0601434147292,62.2308581924314
277.401300841655,70.3826101194705,33.0601434147292,62.2308581924314
276.660124371067,70.7531983547646,33.0601434147292,62.2308581924314
274.04792724681,75.4932148405939,32.3551258985356,60.9037663972434
270.783221364458,74.0422344484371,32.3551258985356,60.9037663972434
271.513528078323,70.1037806503146,33.0709830590407,62.2512622287824
267.437057490087,64.5449571209028,33.0709830590407,62.2512622287824
262.989998666558,64.5449571209028,33.0709830590407,62.2512622287824
261.11909359223,71.5087205796073,32.3657343841672,60.9237353113734
260.73870791338,74.6975447689007,31.6755253497096,59.6245183053357
260.028903991812,72.9230349649791,31.6755253497096,59.6245183053357
257.544590266321,73.9877408473321,31.6755253497096,59.6245183053357
253.28576673691,75.4073486904693,31.6755253497096,59.6245183053357
246.187727521223,68.6642114355674,31.6755253497096,59.6245183053357
242.993609874165,68.6642114355674,31.6755253497096,59.6245183053357
239.782335325773,69.2999668415941,31.0000352308062,58.3530074932822
234.576452972832,68.9529080180647,31.0000352308062,58.3530074932822
231.452923561067,69.994084488653,31.0000352308062,58.3530074932822
229.02763273015,69.0014955197291,31.6859110102878,59.644067784071
223.708479888618,61.5985457649659,32.3869617913904,60.9636927837936
220.806519104305,59.0593300786914,32.3869617913904,60.9636927837936
220.081028908226,65.225996745358,32.3869617913904,60.9636927837936
220.426359765881,69.5034822813364,31.69630007608,59.6636236726211
221.47413026055,71.2043605365842,31.0203669298793,58.3912789268315
222.168247907609,73.6337723012901,31.0203669298793,58.3912789268315
218.003542025256,74.3278899483489,31.0203669298793,58.3912789268315
214.53684980433,75.4172305428679,31.7066925482029,59.6831859730877
218.069044835788,75.6987095409532,31.0305377794038,58.4104240553483
221.192574247553,77.4340036586003,31.0305377794038,58.4104240553483
224.994030265193,81.5274018371351,30.3688022147105,57.1648041688668
226.000195133599,83.1604595825076,29.7211783602522,55.9457475016512
229.000195133599,84.8271262491743,29.7211783602522,55.9457475016512
229.666861800266,82.8271262491743,29.7211783602522,55.9457475016512
227.004737931322,82.5415597507706,30.3787594314728,57.1835471651252
223.934149696028,79.4709715154765,30.3787594314728,57.1835471651252
228.352185440639,84.8571702873399,29.7309232363679,55.9640907978689
224.669195887196,87.1205625004658,29.096902343255,54.7706397049505
226.296646867588,87.4460526965443,29.096902343255,54.7706397049505
225.630426382651,90.3084842635376,28.4764021366579,53.6026393160618
227.851707367872,88.3231677328337,27.8691342838641,52.4595468872735
228.460630915214,84.5178196697005,27.2748166009431,51.3408312488341
225.095925032861,82.9884079049946,27.2748166009431,51.3408312488341
219.900079727155,82.7263323122456,27.878271918239,52.4767471402145
216.144394823547,80.1682264729292,27.2837593725127,51.3576647012003
221.344394823547,83.5329323552821,27.2837593725127,51.3576647012003
230.830803529606,84.1883176012898,27.8874125486295,52.4939530327144
