51,47,25,62
48.3176470588235,41.6352941176471,25,62
35.2999080882353,36.5905955882353,25.553125,63.37175
32.2293198529412,42.3905955882353,25.553125,63.37175
39.7352022058824,37.9553014705882,25.553125,63.37175
31.2057904411765,38.2964779411765,25.553125,63.37175
31.8881433823529,38.978830882353,25.553125,63.37175
35.9822610294118,40.6847132352941,25.553125,63.37175
42.8057904411765,40.3435367647059,25.553125,63.37175
42.1234375,34.8847132352941,25.553125,63.37175
44.5116727941176,32.8376544117647,25.553125,63.37175
48.1959015436747,33.8545417106662,25.0081969126506,62.0203283433735
62.2782544848512,38.213365240078,25.0081969126506,62.0203283433735
67.6429603672041,34.5251299459603,25.0081969126506,62.0203283433735
66.6957189535638,29.8155006518971,25.561503269343,63.3925281079706
85.9717683530585,28.7710835548007,26.1270515291772,64.7950877923595
100.281572274627,32.9593188489183,26.1270515291772,64.7950877923595
93.3011801177643,27.7240247312713,26.1270515291772,64.7950877923595
85.9717683530585,26.3279462998987,26.1270515291772,64.7950877923595
90.8580428628624,24.2338286528399,26.1270515291772,64.7950877923595
88.0658860001173,24.582848260683,26.1270515291772,64.7950877923595
84.924709529529,29.1201031626438,26.1270515291772,64.7950877923595
87.367846784431,34.0063776724477,26.1270515291772,64.7950877923595
93.3011801177643,39.9397110057811,26.1270515291772,64.7950877923595
78.6423565883526,45.5240247312713,26.1270515291772,64.7950877923595
76.1992193334506,41.3357894371536,26.1270515291772,64.7950877923595
83.8776507059996,30.5161815940164,26.1270515291772,64.7950877923595
83.5286310981565,24.582848260683,26.1270515291772,64.7950877923595
74.4541212942349,17.2534364959771,26.1270515291772,64.7950877923595
65.0305918824702,13.7632404175458,26.1270515291772,64.7950877923595
67.124709529529,16.904416888134,26.1270515291772,64.7950877923595
76.8972585491369,22.4887306136242,26.1270515291772,64.7950877923595
84.5756899216859,26.3279462998987,26.1270515291772,64.7950877923595
91.9051016863918,27.025985515585,26.1270515291772,64.7950877923595
107.960003647176,25.9789266920556,26.1270515291772,64.7950877923595
121.222748745215,28.4220639469575,26.1270515291772,64.7950877923595
117.034513451098,25.9789266920556,26.1270515291772,64.7950877923595
116.396463335713,23.5170329941369,26.7051125442603,66.2286791097654
131.741561374929,28.1562486804114,26.7051125442603,66.2286791097654
142.804306472968,29.5836996608036,26.7051125442603,66.2286791097654
149.28927332231,30.99222136874,27.295963159302,67.693988635069
153.301038028192,28.8039860746224,27.295963159302,67.693988635069
153.301038028192,29.5333978393283,27.295963159302,67.693988635069
150.748096851722,29.1686919569753,27.295963159302,67.693988635069
155.415614757981,28.0669598939098,26.7138685232543,66.2503939376705
154.701889267785,32.7061755801844,26.7138685232543,66.2503939376705
127.580320640334,34.4904893056745,26.7138685232543,66.2503939376705
111.164634365824,34.4904893056745,26.7138685232543,66.2503939376705
107.239144169745,33.7767638154785,26.7138685232543,66.2503939376705
106.168555934451,33.4199010703804,26.7138685232543,66.2503939376705
109.380320640334,25.2120579331255,26.7138685232543,66.2503939376705
109.441661214893,14.4870060874449,27.3049128643313,67.7161839035415
109.869012381037,14.4673075677179,27.9090340614546,69.2144044724074
117.359208459469,20.0849546265414,27.9090340614546,69.2144044724074
121.853326106528,21.9575036461493,27.9090340614546,69.2144044724074
125.223914341822,29.4476997245806,27.9090340614546,69.2144044724074
113.614110420253,30.5712291363453,27.9090340614546,69.2144044724074
112.86509081241,32.4437781559532,27.9090340614546,69.2144044724074
105.815170652517,29.8055447868693,28.5265214400643,70.7457731713594
103.587831303204,23.2876255535141,29.1576707269257,72.3110234027757
123.555470649219,17.0249397590817,29.8027841917589,73.9109047955621
136.292725551179,17.0249397590817,29.8027841917589,73.9109047955621
131.118215747258,21.4033711316307,29.8027841917589,73.9109047955621
131.91429417863,28.5680770139837,29.8027841917589,73.9109047955621
126.739784374709,34.1406260335915,29.8027841917589,73.9109047955621
129.128019668826,37.3249397590817,29.8027841917589,73.9109047955621
135.166953819685,43.2739670414475,30.4621707920016,75.546183564164
140.539769976868,48.9637275818473,31.1361463207746,77.2176428755211
136.363299388632,54.8107864053767,31.1361463207746,77.2176428755211
123.833887623926,56.0637275818473,31.1361463207746,77.2176428755211
127.665914593488,45.1859779957722,31.8250335581218,78.926083224142
120.858071456233,45.6114681918506,31.8250335581218,78.926083224142
109.017771728379,50.2697209452031,32.5291624255952,80.6723228154762
100.311889375438,38.5167797687325,32.5291624255952,80.6723228154762
95.8705011746532,46.3416664425517,31.8354682389289,78.9519612325437
108.549167335524,53.9913467568042,31.1565672897373,77.2682868785485
118.069614220622,66.9269962083193,30.4921441077754,75.6205173872831
124.512388358185,73.443115285162,29.8418899502964,74.007887076735
133.312388358185,68.643115285162,29.8418899502963,74.007887076735
148.112388358185,74.243115285162,29.8418899502963,74.007887076735
140.430582004041,67.8322355268838,29.2055026585852,72.4296465932913
145.112934945217,61.9792943504132,29.2055026585852,72.4296465932913
156.495731424998,58.4466688359553,29.8516744049064,74.0321525241679
164.965497276894,54.0276881486567,30.512142701115,75.6701138987651
170.745603757086,53.5984306509065,31.1872238583771,77.3443151687753
182.439721404145,54.8513718273771,31.1872238583771,77.3443151687753
181.186780227674,56.5219600626712,31.1872238583771,77.3443151687753
178.680897874733,56.1043130038477,31.1872238583771,77.3443151687753
178.3358892108,56.0839856349401,31.8772411862437,79.0555581418845
176.538530193777,50.9426137040953,31.1974494163684,77.3696745525937
137.279706664365,56.7896725276247,31.1974494163684,77.3696745525937
123.915000782012,42.1720254688012,31.1974494163684,77.3696745525937
130.25223193902,38.810241091122,31.8876929847056,79.0814786020698
130.25223193902,36.245535208769,31.8876929847056,79.0814786020698
133.319082178514,31.0961865478121,32.5932081919922,80.8311563161406
130.258297864788,29.3471669399689,32.5932081919922,80.8311563161406
127.2742060874,35.4490507045942,33.31433292324,82.6195456496352
134.917430985319,40.321346490649,34.0514125391667,84.4475030971334
147.199783926495,41.2311504122176,34.0514125391667,84.4475030971334
141.286058436299,43.9605621769235,34.0514125391667,84.4475030971334
144.015470201005,40.7762484514333,34.0514125391667,84.4475030971334
147.107960280134,35.3080552202236,33.3252559103194,82.6466346575921
141.296195574252,25.0257022790471,33.3252559103194,82.6466346575921
135.48443086837,12.955114043753,33.3252559103194,82.6466346575921
163.202077927193,18.3198199261059,33.3252559103194,82.6466346575921
163.649136750723,18.7668787496353,33.3252559103194,82.6466346575921
161.413842633076,16.9786434555177,33.3252559103194,82.6466346575921
157.021652577803,19.6408356478534,34.0625771973352,84.4751914493914
150.531908760605,21.455290589046,33.3361824787896,82.6737325473983
168.861320525311,31.7376435302224,33.3361824787896,82.6737325473983
167.967202878252,36.655290589046,33.3361824787896,82.6737325473983
165.284849937076,37.9964670596342,33.3361824787896,82.6737325473983
164.021950771345,37.528947716858,34.0737455161328,84.5028888800095
143.999911922357,36.1372717635249,34.8276271356773,86.3725152964797
140.814631297169,23.0484424797242,35.5981883860541,88.2835071974144
126.603179279325,35.8894532401764,36.3857983040956,90.2367797941571
120.851641777743,34.4049343538996,37.1908340915737,92.2332685471029
119.85556334637,34.4049343538996,37.1908340915737,92.2332685471029
117.863406483625,41.8755225891937,37.1908340915737,92.2332685471029
125.333994718919,39.3853265107623,37.1908340915737,92.2332685471029
135.792818248331,39.3853265107623,37.1908340915737,92.2332685471029
143.161920137469,41.8628952742571,36.3977283525124,90.2663663142309
141.782799679334,39.8878530086707,37.2030280923118,92.2635096689333
138.195168843744,40.3735873599363,36.4096623125119,90.2959625350295
138.683404137862,25.2382932422892,36.4096623125119,90.2959625350295
143.565757079038,17.4265285364068,36.4096623125119,90.2959625350295
165.536345314332,16.9382932422892,36.4096623125119,90.2959625350295
174.812815902568,16.9382932422892,36.4096623125119,90.2959625350295
174.812815902568,24.7500579481716,36.4096623125119,90.2959625350295
172.271627645652,32.5481463651379,35.6332152969318,88.3703739363909
168.839807464321,26.8198205507318,34.8733262478285,86.4858490946148
162.773140797654,33.3531538840652,34.8733262478285,86.4858490946148
167.439807464321,34.7531538840652,34.8733262478285,86.4858490946148
161.839807464321,26.3531538840652,34.8733262478285,86.4858490946148
139.906474130988,25.4198205507318,34.8733262478285,86.4858490946148
125.439807464321,25.4198205507318,34.8733262478285,86.4858490946148
124.039807464321,14.6864872173985,34.8733262478285,86.4858490946148
117.120687959371,15.1297375117893,35.6448985910618,88.3993485058332
119.503040900548,15.6062081000246,35.6448985910618,88.3993485058332
133.700757058806,24.1723088783876,34.8847603921921,86.5142057726365
