99,237,27,82
103.988235294118,237.83137254902,27,82
105.235294117647,240.741176470588,27,82
108.560784313725,241.988235294118,27,82
109.807843137255,242.819607843137,27,82
112.301960784314,244.066666666667,27,82
113.133333333333,244.482352941176,27,82
114.796078431373,244.898039215686,27,82
114.796078431373,245.313725490196,27,82
116.874509803922,242.403921568627,27,82
116.991508578431,241.496796568627,27.597375,83.81425
116.686212617494,240.993130839767,28.207966921875,85.66864028125
117.986212617494,239.259797506434,28.207966921875,85.66864028125
118.107495316754,235.712088173322,28.8320681900215,87.5640589474727
118.993769826558,232.166990134107,28.8320681900215,87.5640589474727
121.65259335597,228.621892094891,28.8320681900215,87.5640589474727
123.425142375578,226.849343075283,28.8320681900215,87.5640589474727
124.754554140283,224.190519545871,28.8320681900215,87.5640589474727
127.277666684048,225.124184511757,28.2172156515114,85.6967290157013
128.577666684048,225.124184511757,28.2172156515114,85.6967290157013
130.178536995513,225.604605457688,27.6154750285816,83.8692204571737
131.323971549119,224.796912867405,27.0265667056829,82.080684069111
134.106264033944,224.840737973821,26.4502170301521,80.3302887582396
134.512146386885,224.840737973821,26.4502170301521,80.3302887582396
134.918028739826,225.246620326763,26.4502170301521,80.3302887582396
136.541558151591,226.058385032645,26.4502170301521,80.3302887582396
137.353322857473,226.464267385586,26.4502170301521,80.3302887582396
138.165087563355,226.464267385586,26.4502170301521,80.3302887582396
139.78861697512,226.058385032645,26.4502170301521,80.3302887582396
140.600381681002,226.058385032645,26.4502170301521,80.3302887582396
143.03567579865,225.652502679704,26.4502170301521,80.3302887582396
147.094499328061,224.43485562088,26.4502170301521,80.3302887582396
147.906264033944,223.623090914998,26.4502170301521,80.3302887582396
148.019540860989,222.73443709561,27.0354280819442,82.1075963970157
148.967520261362,222.241808084978,27.6335869282572,83.9242269672997
148.116539869205,222.241808084978,27.6335869282572,83.9242269672997
145.138108496656,222.241808084978,27.6335869282572,83.9242269672997
143.010657516264,223.518278673213,27.6335869282572,83.9242269672997
142.159677124107,225.220239457527,27.6335869282572,83.9242269672997
140.326873426022,226.115094166756,27.0442923636425,82.1345175488404
137.705433344716,227.822238378797,26.4675646831167,80.3829742227988
134.850531383932,228.637924653306,26.4675646831167,80.3829742227988
132.403472560403,228.637924653306,26.4675646831167,80.3829742227988
131.587786285893,227.006552104287,26.4675646831167,80.3829742227988
130.772100011383,225.783022692522,26.4675646831167,80.3829742227988
129.548570599618,226.190865829777,26.4675646831167,80.3829742227988
129.548570599618,227.006552104287,26.4675646831167,80.3829742227988
129.140727462363,227.414395241542,26.4675646831167,80.3829742227988
130.772100011383,227.006552104287,26.4675646831167,80.3829742227988
128.732884325108,227.414395241542,26.4675646831167,80.3829742227988
127.101511776089,227.414395241542,26.4675646831167,80.3829742227988
128.325041187854,228.230081516052,26.4675646831167,80.3829742227988
131.587786285893,231.084983476836,26.4675646831167,80.3829742227988
132.403472560403,232.716356025856,26.4675646831167,80.3829742227988
131.587786285893,232.308512888601,26.4675646831167,80.3829742227988
131.179943148638,231.900669751346,26.4675646831167,80.3829742227988
132.110675126096,231.827119373516,27.0531595517306,82.1614475274782
133.474144646594,230.918208360243,27.6517107068127,83.9792695540237
133.899634842672,230.918208360243,27.6517107068127,83.9792695540237
134.325125038751,231.343698556321,27.6517107068127,83.9792695540237
137.729046607378,230.492718164165,27.6517107068127,83.9792695540237
137.729046607378,230.067227968086,27.6517107068127,83.9792695540237
139.300357725439,229.260708792873,27.0620296471614,82.1883863358235
144.161459711767,228.889996016418,26.4849237137219,80.435694241674
144.977145986276,228.889996016418,26.4849237137219,80.435694241674
147.706604297597,229.339810582824,25.9201247381401,78.7203788343515
148.900721944656,229.339810582824,25.9201247381401,78.7203788343515
150.492878807401,230.135889014197,25.9201247381401,78.7203788343515
153.677192532891,230.533928229883,25.9201247381401,78.7203788343515
154.075231748577,230.931967445569,25.9201247381401,78.7203788343515
154.87131017995,232.126085092628,25.9201247381401,78.7203788343515
155.269349395636,231.728045876942,25.9201247381401,78.7203788343515
154.98260801572,232.847397764518,26.4936074979715,80.4620672160615
157.021823701995,230.808182078244,26.4936074979715,80.4620672160615
162.030698953362,227.471011636137,27.0797785638641,82.2422904532169
164.397872543128,228.347932443981,26.5022941294299,80.4884488375278
164.397872543128,227.124403032216,26.5022941294299,80.4884488375278
163.990029405873,224.269501071432,26.5022941294299,80.4884488375278
163.990029405873,224.269501071432,26.5022941294299,80.4884488375278
164.680457245593,225.127721278917,25.9371247245011,78.7720084225589
163.88437881422,225.923799710289,25.9371247245011,78.7720084225589
164.680457245593,227.91399578872,25.9371247245011,78.7720084225589
166.272614108338,228.710074220093,25.9371247245011,78.7720084225589
167.577841528818,228.634737308291,26.5109836090307,80.514839108908
170.840586626857,229.450423582801,26.5109836090307,80.514839108908
170.840586626857,230.673952994566,26.5109836090307,80.514839108908
172.064116038622,231.489639269075,26.5109836090307,80.514839108908
173.570322805736,231.124611455038,25.945628898332,78.797835913453
173.170322805736,230.324611455038,25.945628898332,78.797835913453
173.970322805736,230.324611455038,25.945628898332,78.797835913453
175.170322805736,229.524611455038,25.945628898332,78.797835913453
177.970322805736,228.324611455038,25.945628898332,78.797835913453
179.283299286048,226.652910395246,26.5196759377076,80.5412380330381
180.506828697813,227.87643980701,26.5196759377076,80.5412380330381
182.546044384087,229.099969218775,26.5196759377076,80.5412380330381
187.848005168401,229.50781235603,26.5196759377076,80.5412380330381
189.354304618779,230.366595436262,25.9541358604818,78.8236718725745
191.754304618779,229.966595436262,25.9541358604818,78.8236718725745
192.954304618779,228.766595436262,25.9541358604818,78.8236718725745
194.554304618779,227.966595436262,25.9541358604818,78.8236718725745
195.754304618779,225.566595436262,25.9541358604818,78.8236718725745
198.554304618779,223.166595436262,25.9541358604818,78.8236718725745
199.754304618779,223.166595436262,25.9541358604818,78.8236718725745
200.154304618779,223.966595436262,25.9541358604818,78.8236718725745
199.867186990822,225.494608566171,26.528371116395,80.5676456127552
199.867186990822,227.125981115191,26.528371116395,80.5676456127552
198.235814441803,226.718137977936,26.528371116395,80.5676456127552
197.827971304548,226.718137977936,26.528371116395,80.5676456127552
196.718814924563,225.826858398345,27.1153113273452,82.3502047719374
196.001204734181,224.915859258055,27.7152375904627,84.1722030525165
195.575714538102,225.341349454134,27.7152375904627,84.1722030525165
194.299243949867,226.192329846291,27.7152375904627,84.1722030525165
193.873753753788,227.043310238448,27.7152375904627,84.1722030525165
193.873753753788,228.319780826683,27.7152375904627,84.1722030525165
193.873753753788,230.447231807075,27.7152375904627,84.1722030525165
193.44826355771,233.000172983546,27.7152375904627,84.1722030525165
191.746302773396,234.702133767859,27.7152375904627,84.1722030525165
190.469832185161,235.553114160016,27.7152375904627,84.1722030525165
190.339859883872,236.876103147679,27.124201800883,82.3772054693484
189.622151342627,236.800099429821,27.7243247657275,84.1998011403577
190.047641538705,236.800099429821,27.7243247657275,84.1998011403577
195.153523891646,237.651079821978,27.7243247657275,84.1998011403577
197.151099464125,238.123382686252,27.1330951893982,82.4042150196537
210.098158287654,236.870441509781,27.1330951893982,82.4042150196537
214.981586648479,236.913794745054,26.5544737618652,80.6469203138129
214.573743511224,236.505951607799,26.5544737618652,80.6469203138129
215.389429785734,236.505951607799,26.5544737618652,80.6469203138129
217.428645472009,235.69026533329,26.5544737618652,80.6469203138129
215.389429785734,232.019677097996,26.5544737618652,80.6469203138129
214.165900373969,231.203990823486,26.5544737618652,80.6469203138129
213.758057236715,230.796147686231,26.5544737618652,80.6469203138129
213.35021409946,229.980461411721,26.5544737618652,80.6469203138129
209.554923802564,229.616841933423,25.988191610558,78.9271004468798
209.154923802564,230.016841933423,25.988191610558,78.9271004468798
209.154923802564,230.016841933423,25.988191610558,78.9271004468798
209.554923802564,230.416841933423,25.988191610558,78.9271004468798
210.354923802564,230.816841933423,25.988191610558,78.9271004468798
214.754923802564,231.616841933423,25.988191610558,78.9271004468798
214.632026809496,232.058414028549,25.4339855966943,77.243956256627
214.632026809496,231.278021871686,25.4339855966943,77.243956256627
215.131055500695,231.20390276246,25.9967125280211,78.9529787888049
219.131055500695,230.80390276246,25.9967125280211,78.9529787888049
224.331055500695,230.80390276246,25.9967125280211,78.9529787888049
225.531055500695,230.00390276246,25.9967125280211,78.9529787888049
226.731055500695,230.40390276246,25.9967125280211,78.9529787888049
229.408249363193,231.645750789305,25.442324803026,77.2692827351159
233.993257473277,233.253959878898,24.8997595632506,75.6214920069092
236.170519615466,234.442638367377,24.3687646906367,74.008840912304
238.792088242917,235.19165797522,24.3687646906367,74.008840912304
239.915617654682,236.315187386985,24.3687646906367,74.008840912304
240.290127458603,237.064206994828,24.3687646906367,74.008840912304
242.537186282133,235.940677583064,24.3687646906367,74.008840912304
246.38721466588,236.245484192236,24.907923609417,75.6462865174888
250.975449959997,236.245484192236,24.907923609417,75.6462865174888
252.504861724703,235.863131251059,24.907923609417,75.6462865174888
254.299857976088,237.434427055918,24.3767546360596,74.0331066724772
255.423387387853,237.434427055918,24.3767546360596,74.0331066724772
255.528229343613,236.615435813354,24.9160903323824,75.6710891576058
257.057641108319,237.380141695707,24.9160903323824,75.6710891576058
259.840830388428,236.925383213077,25.4673588309864,77.3453120052178
262.193771564899,235.748912624842,25.4673588309864,77.3453120052178
267.171203466821,236.573618662488,24.9242597330244,75.6958999299258
267.935909349174,235.808912780135,24.9242597330244,75.6958999299258
269.847674055056,235.426559838959,24.9242597330244,75.6958999299258
270.336655314113,233.442115122454,25.4757089796175,77.3706717158754
270.728812176858,232.265644534219,25.4757089796175,77.3706717158754
271.623457734506,229.841104027382,26.0393590407916,79.0824978275892
270.535397325117,228.166253895164,26.6154798595691,80.8321980920246
270.65076750074,228.091655546908,27.2043473514621,82.6206104748107
270.349819408164,228.012959161178,27.8062435366132,84.4485914815658
269.922368427772,228.44041014157,27.8062435366132,84.4485914815658
271.324565780217,227.506197598305,28.4214566748607,86.3170165680955
270.57289851379,225.239550896638,29.050281403792,88.2267805596646
271.914074984378,225.239550896638,29.050281403792,88.2267805596646
275.616235658114,224.710600960226,29.6930188798509,90.1787980795472
276.52996114831,224.710600960226,29.6930188798509,90.1787980795472
279.271137618898,225.167463705324,29.6930188798509,90.1787980795472
281.09858859929,226.08118919552,29.6930188798509,90.1787980795472
283.51128604852,225.540448986863,30.3499769225676,92.1740039870572
282.708872762147,225.45410740109,31.0214701619794,94.2133538252708
281.41275657201,225.364813350868,31.7078201893132,96.2978242786549
282.389227160245,225.853048644986,31.7078201893132,96.2978242786549
282.877462454363,226.829519233221,31.7078201893132,96.2978242786549
282.877462454363,227.317754527339,31.7078201893132,96.2978242786549
282.526694693519,226.252459846256,32.4093557110018,98.4284136408202
283.024733909205,225.75442063057,32.4093557110018,98.4284136408202
284.020812340577,227.248538277629,32.4093557110018,98.4284136408202
284.518851556264,228.244616709002,32.4093557110018,98.4284136408202
285.362460408146,230.290202924376,31.7182164386105,96.3293980728171
284.523342344676,228.24808836996,32.4199819773148,98.4606860051782
283.666657078366,227.158867031028,33.1372740785629,100.639128683043
281.770664219166,226.045546669971,33.8704362675511,102.865769405155
237.958899513283,221.872997650364,33.8704362675511,102.865769405155
231.700075983871,221.872997650364,33.8704362675511,102.865769405155
228.570664219166,222.394566277814,33.8704362675511,102.865769405155
225.962821081911,221.351429022912,33.8704362675511,102.865769405155
225.802401082132,221.405113526126,33.1481390122069,100.672125888925
224.416091951172,222.840447741323,33.881541587852,102.899496674217
223.894523323721,221.797310486421,33.881541587852,102.899496674217
221.955002887552,220.658984804462,34.6311706954832,105.176148038134
219.971895561734,220.028807000124,35.3973853471208,107.503170313478
219.426797522518,221.664101117771,35.3973853471208,107.503170313478
218.336601444087,221.119003078555,35.3973853471208,107.503170313478
220.516993600949,224.389591313849,35.3973853471208,107.503170313478
222.529717670792,226.626056135984,34.6425254427304,105.21063282607
225.032432148906,229.8812136868,33.9037631531686,102.966984391104
225.554000776357,235.09689996131,33.9037631531686,102.966984391104
226.075569403808,235.618468588761,33.9037631531686,102.966984391104
226.597138031259,236.140037216212,33.9037631531686,102.966984391104
227.640275286161,237.704743098565,33.9037631531686,102.966984391104
228.00177926677,240.367349959064,33.1807551919504,100.771182434812
229.021387109907,242.916369566907,33.1807551919504,100.771182434812
233.099818482456,246.484997017888,33.1807551919504,100.771182434812
229.021387109907,260.249702900241,33.1807551919504,100.771182434812
296.968050495792,218.350607969065,33.9148794005723,103.000744846182
299.937516142318,218.927300295697,33.19163438203,100.804222938017
301.976731828593,218.927300295697,33.19163438203,100.804222938017
302.486535750162,219.437104217266,33.19163438203,100.804222938017
301.311034785794,220.511944425701,32.4838127813529,98.6545425211459
302.657398331716,221.063863342945,31.7910856895096,96.5507046866588
304.122104214069,220.087392754709,31.7910856895096,96.5507046866588
306.902257923635,221.1168791842,31.1131312115526,94.4917318276783
309.294414786381,220.160016439102,31.1131312115526,94.4917318276783
309.626163233636,220.689117387848,30.4496343170412,92.476667185088
309.48220959435,220.737908876957,29.8002866936537,90.5045744029482
308.105739006114,219.820261818133,29.8002866936537,90.5045744029482
307.646915476703,219.820261818133,29.8002866936537,90.5045744029482
307.505841992157,220.3264569435,29.1647866039215,88.5745370933913
310.061913960824,220.821876676954,28.5428387450186,86.6856584107973
312.123119022661,223.063822623652,27.9341541115405,84.837060635049
312.420971147826,228.262528206397,27.3384498612101,83.027884763675
312.001363304689,231.619390951496,27.3384498612101,83.027884763675
310.614432271022,232.504688276988,26.7554491834469,81.2572901126906
309.252657453846,232.547576958593,26.1848811707397,79.5244539259501
308.046775100905,232.14561617428,26.1848811707397,79.5244539259501
304.306367496757,228.973949797702,25.6264806927613,77.8285709928304
304.306367496757,228.185714503585,25.6264806927613,77.8285709928304
303.628756907034,223.383559466388,26.1934665780886,79.5505281260468
302.824835338407,222.579637897761,26.1934665780886,79.5505281260468
302.020913769779,223.383559466388,26.1934665780886,79.5505281260468
302.422874554093,223.785520250702,26.1934665780886,79.5505281260468
302.824835338407,224.589441819329,26.1934665780886,79.5505281260468
304.030717691348,224.589441819329,26.1934665780886,79.5505281260468
308.731578100987,227.849426011857,25.6348830137125,77.8540891527564
307.943342806869,226.66707307068,25.6348830137125,77.8540891527564
310.812698090001,225.01757691531,26.2020548003909,79.5766108752612
312.303846151285,225.46215294457,25.6432880895874,77.8796156794875
313.365506866599,226.29255607561,25.096437247195,76.2188094174069
312.474277878919,224.015054531328,24.5612481637307,74.593420349108
310.087146278605,226.702574972494,24.0374721486728,73.0026931922655
311.940087455075,227.443751443083,24.0374721486728,73.0026931922655
315.161096504315,229.333918359509,23.5248658148999,71.4458887711775
315.161096504315,229.333918359509,23.5248658148999,71.4458887711775
316.500169223085,231.183956202572,23.0231909655942,69.9222836732861
317.810363346457,232.994218965056,22.5322144835568,68.4311699130244
317.810363346457,233.341277788586,22.5322144835568,68.4311699130244
319.091792947382,233.723876620153,22.0517082228834,66.971854602831
319.770224319931,230.670935443682,22.0517082228834,66.971854602831
318.752577261107,231.349366816231,22.0517082228834,66.971854602831
320.005353979898,230.02817018441,21.5814489029496,65.5436596311803
321.330844175976,227.708562341272,21.5814489029496,65.5436596311803
322.417589593566,226.652113057583,22.0589384599274,66.9938131005202
320.721511162193,226.652113057583,22.0589384599274,66.9938131005202
321.974364974475,229.401738796844,21.5885249530108,65.5651498572922
326.043385054437,230.001914522626,22.0661710675962,67.0157787978848
326.721816426986,230.001914522626,22.0661710675962,67.0157787978848
328.078679172084,228.984267463802,22.0661710675962,67.0157787978848
329.435541917182,225.592110601057,22.0661710675962,67.0157787978848
337.472786573723,226.645892121502,21.5956033231426,65.5866471295444
336.810041475684,227.308637219541,21.5956033231426,65.5866471295444
336.708935299447,228.007964722067,21.1350705775768,64.1879921244926
335.732464711212,226.380513741675,21.1350705775768,64.1879921244926
335.824148189026,226.646904667033,21.6026840141057,65.608151450247
335.161403090986,227.641022314092,21.6026840141057,65.608151450247
335.492775640006,228.96651251017,21.6026840141057,65.608151450247
334.591050850061,228.240722334752,22.0806433979178,67.0597318010837
331.97227392855,227.838089737977,22.5691776330967,68.5434283671827
328.848744516785,227.143972090918,22.5691776330967,68.5434283671827
328.252014165689,226.732769238136,23.068520688229,70.0599517198066
328.606916126474,226.377867277351,23.068520688229,70.0599517198066
325.86740689087,226.667534943804,23.5789117084561,71.6100281516074
329.132112773223,228.118515335961,23.5789117084561,71.6100281516074
326.332055376174,227.689074497573,24.1005951300057,73.1944000244617
328.184996552644,229.542015674043,24.1005951300057,73.1944000244617
332.518443366061,231.43422669344,23.5866426796429,71.633507397434
332.769939495838,231.835284656204,23.0836504200891,70.1059012758261
332.060135574269,230.415676813067,23.0836504200891,70.1059012758261
333.579282495418,219.702875378243,23.5943761856335,71.6569943415537
332.592779512786,219.272914976378,24.1164017587407,73.2424053413606
332.32599181833,218.46267086729,24.6499771476528,74.8628935595382
330.539575955938,216.877637362189,25.1953578920446,76.519235079543
327.433693602997,215.712931479836,25.1953578920446,76.519235079543
326.657223014762,216.101166773954,25.1953578920446,76.519235079543
327.04545830888,216.101166773954,25.1953578920446,76.519235079543
328.867048783356,221.575888171382,24.6580592960336,74.8874393435094
331.778988662006,223.131249516709,24.1322187544194,73.2904421430514
334.630419725904,225.395072834953,23.6175919207408,71.7275013889164
336.333226248782,224.70889772869,23.1139396592985,70.1978908171287
338.107736052704,224.353995767906,23.1139396592985,70.1978908171287
337.289486032983,224.037785468362,22.6210279340339,68.7008996515104
338.330662503571,222.996608997774,22.6210279340339,68.7008996515104
337.983603680042,222.996608997774,22.6210279340339,68.7008996515104
336.595368385924,223.343667821303,22.6210279340339,68.7008996515104
340.307156738346,223.729142686829,22.138627699778,67.2358322733999
341.225566131502,225.128407815499,21.6665147958189,65.8020078984129
343.456588608542,224.496698301324,21.2044698417394,64.3987602600973
346.476916121702,222.482326231633,21.6736187369878,65.823582830852
347.708014345584,221.850846763423,21.2114222892232,64.4198751006037
347.608694134156,220.91028240308,20.7590823199229,63.0461018605065
347.289086291019,218.673027501119,20.7590823199229,63.0461018605065
347.83004097576,218.706050370827,20.3163886367149,61.7016247485414
348.765335093407,218.394285664945,20.3163886367149,61.7016247485414
348.765335093407,218.394285664945,20.3163886367149,61.7016247485414
348.765335093407,218.706050370827,20.3163886367149,61.7016247485414
349.388864505172,220.576638606121,20.3163886367149,61.7016247485414
352.506511563995,221.511932723768,20.3163886367149,61.7016247485414
352.506511563995,220.888403312004,20.3163886367149,61.7016247485414
350.635923328701,220.264873900239,20.3163886367149,61.7016247485414
350.540785176355,220.299247354769,19.8831355296428,60.3858190159521
350.234902823414,219.687482648887,19.8831355296428,60.3858190159521
349.835145044564,220.331355538394,19.4591216755769,59.0980732369372
348.935145044564,218.231355538394,19.4591216755769,59.0980732369372
346.019878511028,219.37758310321,19.889654742649,60.4056181073044
346.105731558379,220.238757717604,20.3297133538301,61.7420924079285
350.245539986755,215.814559349753,20.7795082617836,63.1081362024539
349.376450990335,216.7144648087,21.2392548820756,64.5044037159333
349.468942713594,216.983237783769,21.7091733963415,65.9315636481483
348.468942713594,216.983237783769,21.7091733963415,65.9315636481483
347.135609380261,217.649904450435,21.7091733963415,65.9315636481483
346.802276046927,217.316571117102,21.7091733963415,65.9315636481483
346.367086711053,219.352909677286,21.2462187347569,64.5255531944468
344.4023808287,218.698007716502,21.2462187347569,64.5255531944468
342.530089631986,218.31164476468,21.7162913242634,65.953181058874
341.623186492545,219.248704365883,22.1967642698127,67.4123951898015
341.718811258398,217.479425332331,22.6878676792823,68.9038944333759
340.76978750651,214.972077960946,23.1898367516864,70.4283930977143
345.656268319594,215.366168563939,22.6953064980661,68.9264864015342
362.060189888222,221.299501897272,22.6953064980661,68.9264864015342
362.758229103908,221.648521505115,22.6953064980661,68.9264864015342
358.919013417634,221.299501897272,22.6953064980661,68.9264864015342
358.667946589499,220.886022249298,23.1974401543358,70.4514849131681
358.311083844401,220.172296759102,23.1974401543358,70.4514849131681
356.06039082795,220.566633582054,22.7027477558638,68.949085777068
357.554339720117,219.454864712802,23.2050460499623,70.4745842998856
358.725084878581,220.102690604377,23.7184576938178,72.0338344775206
356.639170028579,221.129345722234,24.2432285702935,73.6275830653358
357.116077351735,222.177585682613,24.7796100024112,75.2565933406563
356.841952916084,222.105843932507,25.3278588737146,76.9216454683184
357.342155634156,222.815682543239,25.8882377512955,78.6235368743049
360.638119945209,223.538066529313,26.4610150115429,80.3630826276489
361.453806219719,221.906693980293,26.4610150115429,80.3630826276489
362.384610652918,217.754932280685,27.0464649686733,82.1411158307857
364.163840506751,217.261932461317,27.6448680061052,83.9584880185418
365.865801291065,213.85801089269,27.6448680061052,83.9584880185418
367.1422718793,215.559971677003,27.6448680061052,83.9584880185418
373.819392388975,216.029701503773,27.0553328691075,82.1680479728452
377.976255134074,215.198328954754,27.0553328691075,82.1680479728452
377.849050420879,215.65877186646,26.4783697464772,80.4157896004122
379.762752575027,215.700531059377,25.913710536221,78.70089866556
380.160791790713,213.312295765259,25.913710536221,78.70089866556
381.233179063345,213.355377518453,25.3610928537016,77.022578296427
385.915532004522,212.57498536159,25.3610928537016,77.022578296427
386.305728082953,210.624004969433,25.3610928537016,77.022578296427
388.136928868673,209.884485496579,24.820259909713,75.3800486146839
390.313343333833,212.982354264409,24.2909603911564,73.7725463731419
393.309421765206,213.356864068331,24.2909603911564,73.7725463731419
393.309421765206,212.982354264409,24.2909603911564,73.7725463731419
392.185892353441,212.607844460488,24.2909603911564,73.7725463731419
392.444898376889,211.896416130828,23.7729483442607,72.1993246010881
392.444898376889,211.531710248475,23.7729483442607,72.1993246010881
393.640733665242,210.00359345537,24.2989248263775,73.7967346578872
395.023354022445,212.288501468312,23.7807429355017,72.2229970633756
396.856687355778,213.388501468312,23.7807429355017,72.2229970633756
395.756687355778,214.121834801645,23.7807429355017,72.2229970633756
395.390020689112,213.021834801645,23.7807429355017,72.2229970633756
395.023354022445,212.655168134979,23.7807429355017,72.2229970633756
396.123354022445,214.121834801645,23.7807429355017,72.2229970633756
395.390020689112,213.021834801645,23.7807429355017,72.2229970633756
394.290020689112,211.921834801645,23.7807429355017,72.2229970633756
389.890020689112,211.921834801645,23.7807429355017,72.2229970633756
389.993612887054,211.122867896632,24.3068918729497,73.8209308734028
386.882200547032,213.408033905366,23.7885400824061,72.2466772873073
385.782200547032,214.508033905366,23.7885400824061,72.2466772873073
383.582200547032,214.874700572032,23.7885400824061,72.2466772873073
382.21903982237,214.075471704542,24.3148615317293,73.845135022289
381.095510410606,213.70096190062,24.3148615317293,73.845135022289
380.346490802763,214.075471704542,24.3148615317293,73.845135022289
379.971980998841,214.449981508463,24.3148615317293,73.845135022289
429.78178492041,238.793118763365,24.3148615317293,73.845135022289
428.014762549029,238.350716761103,24.8528278431188,75.4789586346572
427.132700745272,239.155522524858,24.3228338035728,73.869347107147
426.268517212016,238.819636151525,23.8041420465568,72.2940610302837
425.638517223959,238.75321643471,24.3308086893369,73.8935671305788
424.774418724123,238.792098114946,23.8119468654799,72.3177645544206
424.144332395257,238.35874951123,24.3387861898787,73.9177950951872
423.769822591335,238.733259315151,24.3387861898787,73.9177950951872
424.518842199178,238.733259315151,24.3387861898787,73.9177950951872
424.518842199178,238.733259315151,24.3387861898787,73.9177950951872
424.8933520031,239.107769119073,24.3387861898787,73.9177950951872
425.642371610943,238.733259315151,24.3387861898787,73.9177950951872
426.016881414864,238.733259315151,24.3387861898787,73.9177950951872
425.267861807021,238.35874951123,24.3387861898787,73.9177950951872
424.8933520031,237.235220099465,24.3387861898787,73.9177950951872
424.403848368486,236.150830702258,23.8197542434198,72.3414758503862
424.037181701819,235.784164035591,23.8197542434198,72.3414758503862
424.403848368486,235.417497368924,23.8197542434198,72.3414758503862
422.457830085419,235.08884924998,23.3117908095541,70.7987720882756
422.457830085419,237.24179042645,23.3117908095541,70.7987720882756
423.065219095149,239.073163584542,22.8146598489166,69.2889669485618
422.714238702992,239.073163584542,22.8146598489166,69.2889669485618
422.957503449574,239.811967629717,22.328130355753,67.8113588582129
422.957503449574,239.468830374815,22.328130355753,67.8113588582129
422.957503449574,240.155104884619,22.328130355753,67.8113588582129
419.764207953143,244.65266351492,21.8519762505761,66.3652612054534
418.087737364908,246.99972233845,21.8519762505761,66.3652612054534
414.967796176169,248.042646048468,21.385976275112,64.9500020207106
414.207592074865,248.735185226641,20.9299138894861,63.5649236643653
412.59974893761,247.448910716837,20.9299138894861,63.5649236643653
409.152525490697,245.137880611545,21.392988234291,64.9712976004394
405.528996078933,245.137880611545,21.392988234291,64.9712976004394
400.680571440708,243.101488573016,21.8663080989747,66.4087875598491
395.042596975991,239.668802144949,22.3501001656645,67.8780819846108
390.334564679183,237.545351843387,22.8445961318298,69.3798845485203
386.221062020749,234.320974125471,23.3500328212466,70.9149144941563
383.599447026983,235.077115081222,22.8520863381911,69.4026325826545
380.889783076768,234.309348458276,23.3576887484235,70.9381658285457
377.660371312062,234.309348458276,23.3576887484235,70.9381658285457
376.325506292048,233.524594998798,23.8744776119824,72.5076727475023
375.846738171806,235.764385645965,23.3653471857992,70.9614247865013
375.019404116817,236.879846054124,22.8670741193068,69.448151029006
374.66842372466,238.283767622752,22.8670741193068,69.448151029006
373.966462940346,238.634748014908,22.8670741193068,69.448151029006
372.913521763876,239.687689191379,22.8670741193068,69.448151029006
372.211560979562,240.038669583536,22.8670741193068,69.448151029006
371.860580587405,240.74063036785,22.8670741193068,69.448151029006
371.158619803091,241.79357154432,22.8670741193068,69.448151029006
370.105678626621,242.495532328634,22.8670741193068,69.448151029006
367.99979627368,242.846512720791,22.8670741193068,69.448151029006
367.044868481921,243.131183726503,23.3730081341965,70.9846913705228
367.044868481921,244.56647784415,23.3730081341965,70.9846913705228
366.327221423098,244.925301373562,23.3730081341965,70.9846913705228
360.586044952509,246.001771961797,23.3730081341965,70.9846913705228
360.586044952509,246.719419020621,23.3730081341965,70.9846913705228
359.968657520613,245.934150872334,23.8901359391656,72.5552276670956
359.704372891786,245.131508666267,24.4187051968196,74.1605120792301
359.327902303551,245.131508666267,24.4187051968196,74.1605120792301
357.069078774139,244.755038078032,24.4187051968196,74.1605120792301
356.316137597668,245.131508666267,24.4187051968196,74.1605120792301
355.186725832963,245.507979254502,24.4187051968196,74.1605120792301
353.680843480021,245.507979254502,24.4187051968196,74.1605120792301
353.188270425228,246.675197471534,23.8979689534658,72.5790168216369
352.088270425228,248.508530804868,23.8979689534658,72.5790168216369
351.721603758561,249.241864138201,23.8979689534658,72.5790168216369
351.457232477013,249.538958764612,24.4267115165612,74.1848275688156
350.211803614339,250.706436249213,23.9058045360273,72.6028137760831
348.472835847738,251.746404876717,24.4347204613869,74.2091510308789
347.719894671267,252.499346053188,24.4347204613869,74.2091510308789
346.474551205173,253.667082890367,23.9136426876923,72.6266185329915
344.631413950271,254.404337792328,23.9136426876923,72.6266185329915
341.313766891448,254.035710341347,23.9136426876923,72.6266185329915
340.576511989487,253.667082890367,23.9136426876923,72.6266185329915
338.251102649234,251.492455540375,23.4036770544728,71.0778340172879
335.36482813943,250.049318285473,23.4036770544728,71.0778340172879
331.035416374724,251.492455540375,23.4036770544728,71.0778340172879
330.674632060999,251.13167122665,23.4036770544728,71.0778340172879
327.427573237469,251.492455540375,23.4036770544728,71.0778340172879
323.458945786489,251.853239854101,23.4036770544728,71.0778340172879
319.018294939301,252.250333650078,22.9045865919859,69.5620777978831
317.959471409889,250.132686591254,22.9045865919859,69.5620777978831
316.547706704007,249.779745414784,22.9045865919859,69.5620777978831
314.077118468713,246.956216003019,22.9045865919859,69.5620777978831
314.077118468713,246.250333650078,22.9045865919859,69.5620777978831
310.900647880477,245.544451297137,22.9045865919859,69.5620777978831
310.647265891304,246.53962669385,23.4113505703335,71.1011387691613
309.925697263852,248.704332576203,23.4113505703335,71.1011387691613
308.121775695225,251.229822772282,23.4113505703335,71.1011387691613
308.121775695225,253.033744340909,23.4113505703335,71.1011387691613
306.928265491585,257.038929764568,22.9120964678096,69.5848855689032
305.516500785703,260.921282705744,22.9120964678096,69.5848855689032
304.810618432762,264.803635646921,22.9120964678096,69.5848855689032
303.75179490335,264.803635646921,22.9120964678096,69.5848855689032
302.692971373938,265.509517999862,22.9120964678096,69.5848855689032
303.045912550409,265.509517999862,22.9120964678096,69.5848855689032
303.045912550409,265.156576823391,22.9120964678096,69.5848855689032
302.692971373938,264.803635646921,22.9120964678096,69.5848855689032
303.851271012645,264.033852850315,23.4190266021598,71.1244511621152
302.768918071469,263.312284222864,23.4190266021598,71.1244511621152
302.297058342125,263.349090767442,22.9196088059451,69.6077008180556
300.631745463827,262.579055577143,23.4267051507766,71.1477711986551
298.8278238952,262.218271263417,23.4267051507766,71.1477711986551
292.583497019929,257.925914696692,22.9271236071998,69.6305235477923
289.85927747973,256.802685853474,23.4343862170091,71.1710988812872
283.365159832672,256.081117226023,23.4343862170091,71.1710988812872
277.592610813064,254.998764284846,23.4343862170091,71.1710988812872
275.788689244436,254.277195657395,23.4343862170091,71.1710988812872
268.933787283652,252.112489775042,23.4343862170091,71.1710988812872
266.658169759887,255.396852531481,22.9346408723814,69.6533537605657
262.875043530531,257.44984171727,23.4420698016828,71.1944342125182
257.564735241193,254.497547406441,23.960725596045,72.7696110694702
254.1339455766,258.222483951591,23.4497559056233,71.2177771948562
250.98825814209,260.681696114902,23.9685817550353,72.7934705152924
248.039238534247,260.313068663922,23.9685817550353,72.7934705152924
243.247081671502,260.681696114902,23.9685817550353,72.7934705152924
240.666689514639,262.893460820785,23.9685817550353,72.7934705152924
238.823552259737,265.105225526667,23.9685817550353,72.7934705152924
237.821144922111,265.774457563013,24.4988866263654,74.4040260504433
235.938791980935,266.150928151248,24.4988866263654,74.4040260504433
235.185850804464,269.162692857131,24.4988866263654,74.4040260504433
233.941191519768,270.332507578554,23.9764404898755,72.8173377840663
232.570069793907,269.158338328338,24.506919235714,74.4284213825388
230.311246264496,268.781867740103,24.506919235714,74.4284213825388
227.299481558613,266.523044210691,24.506919235714,74.4284213825388
226.651903176333,267.205562152088,25.0491348238041,76.0751502056275
224.730334548882,269.127130779539,25.0491348238041,76.0751502056275
220.769973741009,272.628489604138,24.5149544787664,74.4528247132906
220.769973741009,272.252019015903,24.5149544787664,74.4528247132906
220.393503152773,275.640254310021,24.5149544787664,74.4528247132906
220.393503152773,276.016724898256,24.5149544787664,74.4528247132906
220.769973741009,276.393195486491,24.5149544787664,74.4528247132906
221.146444329244,277.146136662962,24.5149544787664,74.4528247132906
221.146444329244,279.404960192374,24.5149544787664,74.4528247132906
220.875247645323,277.451914054277,25.0573478466091,76.1000934600721
217.279680292395,278.649617271456,24.5229923563862,74.4772360453212
216.90320970416,278.273146683221,24.5229923563862,74.4772360453212
216.631924101217,277.072771671235,25.0655635622713,76.1250448928239
215.473100571805,275.913948141823,25.0655635622713,76.1250448928239
213.036444349595,276.339368387804,24.5310328694373,74.5016553812541
212.012128622006,273.632840883972,25.0737819716736,76.1500045065643
211.239579602398,272.47401735456,25.0737819716736,76.1500045065643
209.308207053379,270.542644805541,25.0737819716736,76.1500045065643
208.258279320709,269.313960870883,25.6285393977969,77.8348233562721
203.013900422934,266.202709926443,25.0820030756993,76.1749723039757
201.855076893523,265.816435416639,25.0820030756993,76.1749723039757
201.191332724694,264.973749785526,25.6369423937491,77.8603435662011
199.494102248658,265.409829777697,25.0902268752318,76.1999482877412
194.086259111403,264.63728075809,25.0902268752318,76.1999482877412
190.609788523168,265.023555267894,25.0902268752318,76.1999482877412
185.974494405521,265.796104287501,25.0902268752318,76.1999482877412
180.180376758462,271.976496444364,25.0902268752318,76.1999482877412
176.812620045224,271.133534516431,25.6453481448463,77.8858721436074
171.011271322548,271.06015734996,26.212751472551,79.6090970647848
165.356369361763,270.252314212705,26.212751472551,79.6090970647848
163.450704524088,270.179481713681,26.7927085988812,81.3704483373431
157.559915226335,270.223576961899,26.2213460179171,79.6351990173781
156.75207208908,269.415733824644,26.2213460179171,79.6351990173781
156.348150520453,269.415733824644,26.2213460179171,79.6351990173781
155.415974865484,269.860934558792,25.6621679160893,77.9369544118268
153.71901336038,270.297831425642,25.11491445571,76.2749253840083
153.600530408327,271.111124304737,24.5793313402087,74.6483396258192
153.600530408327,271.111124304737,24.5793313402087,74.6483396258192
153.600530408327,271.489555677286,24.5793313402087,74.6483396258192
153.222099035778,271.489555677286,24.5793313402087,74.6483396258192
152.46523629068,273.76014391258,24.5793313402087,74.6483396258192
152.843667663229,273.76014391258,24.5793313402087,74.6483396258192
153.862611230448,273.799230330962,24.0551696959657,73.056441298859
155.715552406919,273.428642095668,24.0551696959657,73.056441298859
159.155324445098,272.249866978505,24.587390325489,74.6728150625962
159.912187190196,272.249866978505,24.587390325489,74.6728150625962
160.290618562745,271.871435605956,24.587390325489,74.6728150625962
161.309648060109,272.667645742467,24.0630568209574,73.0803947895746
165.756706883639,273.038233977761,24.0630568209574,73.0803947895746
165.756706883639,274.891175154232,24.0630568209574,73.0803947895746
165.642694615652,276.040994105053,23.5499048863418,71.5219333585198
167.921389479122,275.612527815314,24.0709465319522,73.104356134077
168.548637806955,277.133190492874,23.5576263468732,71.5453837201335
168.650776663532,277.067209881548,24.0788388297977,73.1283253349414
169.39195313412,277.067209881548,24.0788388297977,73.1283253349414
171.986070781179,276.32603341096,24.0788388297977,73.1283253349414
171.986070781179,276.696621646254,24.0788388297977,73.1283253349414
172.356659016473,276.696621646254,24.0788388297977,73.1283253349414
172.727247251767,277.067209881548,24.0788388297977,73.1283253349414
174.836932673592,278.217539899028,23.56535033909,71.5688417705698
175.664476279583,277.425809586941,24.0867337153424,73.1523023947436
176.035064514877,277.425809586941,24.0867337153424,73.1523023947436
176.035064514877,277.055221351647,24.0867337153424,73.1523023947436
176.035064514877,276.314044881059,24.0867337153424,73.1523023947436
176.776240985466,275.943456645765,24.0867337153424,73.1523023947436
177.888005691348,275.943456645765,24.0867337153424,73.1523023947436
178.99977039723,275.572868410471,24.0867337153424,73.1523023947436
179.740946867819,275.943456645765,24.0867337153424,73.1523023947436
183.921546199622,275.134209300523,24.6196526987943,74.7707970852273
184.299977572171,275.134209300523,24.6196526987943,74.7707970852273
185.435271689818,275.134209300523,24.6196526987943,74.7707970852273
189.219585415308,274.755777927974,24.6196526987943,74.7707970852273
191.111742278053,274.377346555425,24.6196526987943,74.7707970852273
192.247036395701,274.377346555425,24.6196526987943,74.7707970852273
193.760761885897,274.377346555425,24.6196526987943,74.7707970852273
196.031350121191,274.755777927974,24.6196526987943,74.7707970852273
196.788212866289,274.755777927974,24.6196526987943,74.7707970852273
196.788212866289,274.755777927974,24.6196526987943,74.7707970852273
197.429154993518,276.309895557656,24.0946311894345,73.1762873160604
198.797832333167,278.201913447571,23.5808059219008,71.615780947995
198.797832333167,277.476423251492,23.5808059219008,71.615780947995
199.049266227635,278.602782399399,23.0779381329638,70.0885528482607
199.858672419392,277.827427783515,23.5885375141557,71.6392620800285
199.858672419392,277.101937587436,23.5885375141557,71.6392620800285
199.858672419392,276.013702293319,23.5885375141557,71.6392620800285
199.858672419392,275.650957195279,23.5885375141557,71.6392620800285
200.584162615471,274.925466999201,23.5885375141557,71.6392620800285
200.584162615471,274.562721901162,23.5885375141557,71.6392620800285
200.584162615471,273.837231705083,23.5885375141557,71.6392620800285
200.835678949206,275.689331420175,23.0855048466851,70.1115332380809
200.835678949206,275.33442945939,23.0855048466851,70.1115332380809
201.19058090999,274.624625537822,23.0855048466851,70.1115332380809
202.354805355761,273.849016701375,23.596271641418,71.6627509109734
202.354805355761,273.123526505297,23.596271641418,71.6627509109734
204.270242188963,272.330757323344,24.1183391514844,73.2482892748787
205.75259513014,272.330757323344,24.1183391514844,73.2482892748787
206.864359836022,272.701345558639,24.1183391514844,73.2482892748787
206.864359836022,272.330757323344,24.1183391514844,73.2482892748787
206.864359836022,272.330757323344,24.1183391514844,73.2482892748787
206.864359836022,272.701345558639,24.1183391514844,73.2482892748787
206.123183365434,272.701345558639,24.1183391514844,73.2482892748787
205.382006894846,272.701345558639,24.1183391514844,73.2482892748787
205.382006894846,272.701345558639,24.1183391514844,73.2482892748787
203.415642906564,274.223542944989,23.604008304519,71.6862474433542
203.154523564695,273.793258930686,24.1262469882565,73.2723056680384
202.413347094107,274.905023636569,24.1262469882565,73.2723056680384
201.672170623518,275.646200107157,24.1262469882565,73.2723056680384
200.93099415293,276.757964813039,24.1262469882565,73.2723056680384
200.93099415293,277.499141283627,24.1262469882565,73.2723056680384
201.301582388224,277.869729518921,24.1262469882565,73.2723056680384
200.560405917636,278.61090598951,24.1262469882565,73.2723056680384
200.560405917636,278.981494224804,24.1262469882565,73.2723056680384
200.560405917636,278.981494224804,24.1262469882565,73.2723056680384
200.560405917636,279.352082460098,24.1262469882565,73.2723056680384
200.560405917636,278.981494224804,24.1262469882565,73.2723056680384
200.447067424325,279.392182983681,23.6117475042901,71.7097516796959
200.809812522364,279.029437885642,23.6117475042901,71.7097516796959
204.53880364403,278.236148757685,24.1341574178225,73.2963299356092
204.909391879324,277.865560522391,24.1341574178225,73.2963299356092
205.279980114618,277.865560522391,24.1341574178225,73.2963299356092
205.650568349912,278.606736992979,24.1341574178225,73.2963299356092
207.132921291088,278.606736992979,24.1341574178225,73.2963299356092
207.503509526382,278.606736992979,24.1341574178225,73.2963299356092
207.019667143924,280.500034855404,23.6194892415629,71.7332636225245
206.758376544189,279.70648562658,24.1420704410325,73.3203620801728
206.017200073601,279.70648562658,24.1420704410325,73.3203620801728
204.905435367719,280.447662097168,24.1420704410325,73.3203620801728
205.276023603013,280.077073861874,24.1420704410325,73.3203620801728
204.792265594356,281.970627970659,23.6272335171695,71.7567832743667
204.168144225533,281.539563653726,24.1499860587369,73.3444021043121
204.168144225533,283.392504830196,24.1499860587369,73.3444021043121
204.538732460827,284.133681300785,24.1499860587369,73.3444021043121
204.168144225533,284.504269536079,24.1499860587369,73.3444021043121
204.055058853636,286.768668210536,23.6349803319421,71.7803106377503
204.307070390911,288.259526779077,23.1309572573935,70.2495738928247
204.406086137035,287.837292828672,23.6427296867133,71.8038457152035
204.870028635954,287.768452981526,24.1658250810318,73.3925058016524
205.242577655562,288.141002001134,24.1658250810318,73.3925058016524
205.987675694778,288.513551020742,24.1658250810318,73.3925058016524
207.105322753601,288.513551020742,24.1658250810318,73.3925058016524
207.850420792817,287.768452981526,24.1658250810318,73.3925058016524
207.850420792817,287.768452981526,24.1658250810318,73.3925058016524
207.477871773209,287.768452981526,24.1658250810318,73.3925058016524
207.477871773209,287.395903961919,24.1658250810318,73.3925058016524
207.477871773209,287.023354942311,24.1658250810318,73.3925058016524
207.362994502959,287.433364568901,23.6504815823158,71.8273885092557
206.998288620606,286.703952804195,23.6504815823158,71.8273885092557
206.998288620606,285.974541039489,23.6504815823158,71.8273885092557
206.998288620606,285.609835157136,23.6504815823158,71.8273885092557
207.362994502959,283.786305745372,23.6504815823158,71.8273885092557
207.362994502959,283.421599863019,23.6504815823158,71.8273885092557
206.998288620606,283.056893980666,23.6504815823158,71.8273885092557
206.998288620606,283.056893980666,23.6504815823158,71.8273885092557
206.633582738253,281.598070451254,23.6504815823158,71.8273885092557
206.633582738253,280.868658686548,23.6504815823158,71.8273885092557
