331,39,38,42
334.56204346799,34.3968509331443,37.1896385542169,41.1043373493976
334.150633091484,28.7088008678833,38.0124593072289,42.013770813253
334.045806534907,22.5616705870852,38.8534849694014,42.9433254924962
334.902264367237,16.6199433821578,39.7131183243494,43.8934465690177
340.925711472262,14.1232579843059,38.8662241143,42.9574056000158
343.49826049187,20.5546305333255,38.8662241143,42.9574056000158
353.46688794285,28.9154148470509,38.8662241143,42.9574056000158
357.968848727164,34.0605128862666,38.8662241143,42.9574056000158
357.86045975035,35.5147083515223,39.7261393228289,43.9078381989161
355.773930510562,50.5113308326233,40.6050801553464,44.8792991190671
362.277476528236,58.746725863509,39.7391645905878,43.9222345474918
365.995319002556,63.4974062453424,38.8917149360657,42.9855796661779
355.798243064365,59.4537856779512,38.0623374006821,42.0688992323329
352.325694044757,50.9302562661865,38.0623374006821,42.0688992323329
342.539419534953,44.6165307759904,38.0623374006821,42.0688992323329
336.947225724081,35.5945085144387,37.2506465910531,41.1717672848482
330.174676704474,32.5160771418897,37.2506465910531,41.1717672848482
326.480559057415,27.8984300830661,37.2506465910531,41.1717672848482
321.450826720678,24.3645360349285,38.0748171468801,42.0826926360254
319.556709073619,19.9449281917912,38.0748171468801,42.0826926360254
319.241022799109,20.5763007408108,38.0748171468801,42.0826926360254
319.872395348129,25.3115948584579,38.0748171468801,42.0826926360254
324.817859350108,30.8440942868581,38.9172224762549,43.0137722105975
328.448506370298,33.5537155031882,38.0873009848938,42.096490562251
331.921055389906,33.5537155031882,38.0873009848938,42.096490562251
332.7624597208,33.7193956253629,38.9299825191845,43.0278754159408
335.027165603153,29.8370426841865,38.9299825191845,43.0278754159408
336.644812661976,27.2488073900688,38.9299825191845,43.0278754159408
339.233047956094,23.0429250371276,38.9299825191845,43.0278754159408
345.056577367859,22.7193956253629,38.9299825191845,43.0278754159408
353.144812661976,25.3076309194806,38.9299825191845,43.0278754159408
366.409518544329,33.7193956253629,38.9299825191845,43.0278754159408
372.556577367859,43.7488073900688,38.9299825191845,43.0278754159408
372.77297325977,51.3610468123976,39.7913083824215,43.9798671595185
381.996502671534,52.3492821065153,39.7913083824215,43.9798671595185
394.732781910789,51.5333430613572,40.6716910803826,44.9529217204229
393.046507400985,51.1960881593964,40.6716910803826,44.9529217204229
415.305330930397,80.2000097280239,40.6716910803826,44.9529217204229
426.19390092258,79.3303074180431,39.8043550175841,43.9942871246982
436.83008555847,72.8817560713323,38.9555151575705,43.0560957004727
442.745454605632,69.4584952349139,38.1247770632464,42.1379114909566
439.272905586024,89.9781030780511,38.1247770632464,42.1379114909566
439.798209063291,87.6178347851236,38.9682877557707,43.070212782694
445.621738475056,89.2354818439471,38.9682877557707,43.070212782694
420.278887085875,57.3766646738621,39.8304611223672,44.0231412405111
436.090651791757,57.706076438568,39.8304611223672,44.0231412405111
439.273556727356,60.5131880856537,40.7117100746996,44.9971532404574
444.766474996721,58.6321926950343,39.8435205947933,44.0375753942453
430.697194888534,63.054691151311,38.9938455170489,43.098460834633
412.671796168339,67.3965879218688,38.1622900162636,42.1793731758704
418.038462835005,71.816195765006,38.1622900162636,42.1793731758704
416.144345187946,72.1318820395158,38.1622900162636,42.1793731758704
436.348266756574,74.0259996865746,38.1622900162636,42.1793731758704
440.136502050692,84.1279604708884,38.1622900162636,42.1793731758704
435.401207933045,95.8083526277511,38.1622900162636,42.1793731758704
429.928057207583,104.812331547287,39.0066306828735,43.1125918073865
429.173016943889,112.100104382771,39.8696523867321,44.0664579011249
438.492250763987,93.1346755090093,39.0194200406536,43.1267274133539
440.10989782281,104.781734332539,39.0194200406536,43.1267274133539
443.560598429787,147.334056675234,39.882724709053,44.0809062573744
444.223343527826,166.885037067391,39.882724709053,44.0809062573744
400.150794508218,122.812488047783,39.882724709053,44.0809062573744
416.609591866125,113.046411649762,40.7651299932408,45.0561963083188
421.217451144986,123.340134340846,41.6670584943413,46.0530646516404
425.013529576359,119.88915394869,41.6670584943413,46.0530646516404
424.897685780981,110.407142901373,42.5889421635286,47.0719887070579
427.721215192745,76.171848783726,42.5889421635286,47.0719887070579
388.645914437855,88.6737609524699,41.6807201438967,46.0681643695701
386.804429314401,82.2974652174649,42.6029060770804,47.0874225062468
360.921369960041,101.188325311872,43.5454953740358,48.1292317291975
323.503327421347,120.101510493563,42.6168745690714,47.1028613658158
362.428324499937,136.486104787857,41.708056882478,46.098378659581
361.837748820134,136.977635692841,40.8186200067914,45.1153168496116
382.410297839741,126.522733732057,40.8186200067914,45.1153168496116
383.182787424907,133.748880631657,39.9481506403815,44.1532191288427
390.693802184918,133.591808194064,40.8320034732999,45.1301091020684
424.033101139978,127.288701053578,39.9612487004356,44.1676959320604
419.157233188193,133.061606547528,39.1090630353781,43.2258065127864
446.427180639198,139.022508219382,38.2750504863104,42.30400316908
426.627292304957,118.542755478441,39.12188597832,43.2399792391959
420.047447617793,128.417354384578,39.9874577055903,44.1966637798631
442.249408402107,98.9251975218332,39.9874577055903,44.1966637798631
458.044302053199,110.034311144455,40.8721802073265,45.1745149659925
459.061949112023,118.514703301317,40.8721802073265,45.1745149659925
446.946774496775,120.014030429357,40.0005686535076,44.2111548275611
430.929758402124,99.6425915879004,40.8855812349665,45.1893266281209
431.026491383235,95.3754099808511,40.0136839001967,44.2256506265333
445.275510991078,94.0499197847726,40.0136839001967,44.2256506265333
488.90540863254,109.797928426677,40.8989866564886,45.2041431466453
487.774532220103,103.870406612725,41.8038767362634,46.2042848137648
481.065018010179,149.518095241385,42.7287875090532,47.2265546152694
528.149193543458,196.552514226052,43.674161932691,48.2714421361322
512.551154327772,208.885847559385,43.674161932691,48.2714421361322
499.232522931323,204.322117708408,42.7427972746083,47.2420390929882
505.366705816981,221.15133326108,41.8312942483908,46.2345883798004
538.684352875804,231.563097966963,41.8312942483908,46.2345883798004
533.01571183024,264.022216068305,42.7568116336364,47.2575286477035
551.470613791025,255.859470970266,42.7568116336364,47.2575286477035
555.019633398868,249.826137636933,42.7568116336364,47.2575286477035
