162,188,34,84
162,188,34,84
162,188,34,84
162,188,34,84
162,187.545098039216,34,84
161.545098039216,187.545098039216,34,84
161.545098039216,187.545098039216,34,84
161.545098039216,187.090196078431,34,84
161.545098039216,186.635294117647,34,84
161.545098039216,186.635294117647,34,84
161.090196078431,186.180392156863,34,84
161.090196078431,185.725490196078,34,84
161.090196078431,185.725490196078,34,84
161.545098039216,185.270588235294,34,84
162,183.450980392157,34,84
162,182.996078431372,34,84
162,183.450980392157,34,84
161.907628159698,184.346643042759,33.2749397590361,82.2086746987952
162.352726198913,185.681937160406,33.2749397590361,82.2086746987952
163.152623294596,187.893793652854,32.5653416461025,80.4555499491943
163.587917412243,188.329087770501,32.5653416461025,80.4555499491943
164.458505647537,190.070264241089,32.5653416461025,80.4555499491943
164.893799765184,189.634970123442,32.5653416461025,80.4555499491943
164.893799765184,190.070264241089,32.5653416461025,80.4555499491943
165.329093882831,190.070264241089,32.5653416461025,80.4555499491943
165.764388000478,189.634970123442,32.5653416461025,80.4555499491943
165.764388000478,189.634970123442,32.5653416461025,80.4555499491943
165.676326742552,190.057545423928,31.8708759266615,78.7398111129284
169.505738507257,190.908525816085,31.8708759266615,78.7398111129284
171.122037109892,192.17359110656,31.191219897864,77.0606609241346
171.537723384401,190.510846008521,31.191219897864,77.0606609241346
171.122037109892,189.679473459501,31.191219897864,77.0606609241346
170.706350835382,188.432414635972,31.191219897864,77.0606609241346
168.627919462833,189.263787184991,31.191219897864,77.0606609241346
167.297755444427,190.916830636636,30.5260577385963,75.417319118885
166.074226032663,190.101144362126,30.5260577385963,75.417319118885
165.666382895408,190.101144362126,30.5260577385963,75.417319118885
166.807557857853,190.497449748006,29.875080362725,73.8090220726148
168.001675504912,191.293528179379,29.875080362725,73.8090220726148
166.409518642167,192.487645826438,29.875080362725,73.8090220726148
166.409518642167,194.079802689183,29.875080362725,73.8090220726148
165.680986349968,193.661329598191,30.5360665157503,75.4420466859714
162.826084389184,193.661329598191,30.5360665157503,75.4420466859714
162.826084389184,192.029957049171,30.5360665157503,75.4420466859714
163.151679797213,192.018682959205,29.8848756996916,73.833222316885
165.151679797213,190.818682959205,29.8848756996916,73.833222316885
165.221078359785,190.001902937324,30.5460785745472,75.4667823606461
161.876192287605,191.214422006979,29.8946742483189,73.8574304958468
161.876192287605,191.214422006979,29.8946742483189,73.8574304958468
161.476192287605,191.614422006979,29.8946742483189,73.8574304958468
160.676192287605,190.814422006979,29.8946742483189,73.8574304958468
156.594948753988,192.801937982748,29.2571613155536,72.2823985443088
158.467691956439,194.353052099992,28.6332435381014,70.7409546235446
155.408868427028,195.117757982345,28.6332435381014,70.7409546235446
155.791221368204,195.500110923522,28.6332435381014,70.7409546235446
154.644162544675,196.264816805875,28.6332435381014,70.7409546235446
154.644162544675,196.647169747051,28.6332435381014,70.7409546235446
150.361233522018,197.019102888306,28.0226309951804,69.2323824586811
151.034538849201,196.259264377149,27.4250399486567,67.7559810496225
154.397816011436,189.643047170121,28.0318189575207,69.2550821303454
150.717125778924,190.749461843662,28.6520229519559,70.7873508224793
148.488398069136,191.113435598718,29.2859489597679,72.3535209594266
148.5546183372,190.703220851536,29.9339005805028,73.9543426106539
145.273793060257,190.691770167324,29.2955511343885,72.3772439790773
142.528695021041,189.123142716344,29.2955511343885,72.3772439790773
142.448906384247,191.463503431438,28.6708146824864,70.8337774508488
141.301847560718,192.992915196144,28.6708146824864,70.8337774508488
140.078142675457,193.748191015951,28.0594009235949,69.3232258112343
140.002820459697,193.738340743565,27.4610257472724,67.84488714032
142.862294449091,192.995080403636,26.8754111018185,66.3980744868457
145.660622273348,192.267765754915,26.3022848650689,64.9821155489937
146.713563449818,191.916785362758,26.3022848650689,64.9821155489937
147.695976307693,191.907706171949,25.7413807179463,63.5963523619851
147.695976307693,190.878294407243,25.7413807179463,63.5963523619851
149.068525327301,191.221431662145,25.7413807179463,63.5963523619851
155.588133170439,191.221431662145,25.7413807179463,63.5963523619851
160.323388832783,192.585811856772,25.1924380207082,62.2401409923379
164.033192754352,195.621105974419,25.1924380207082,62.2401409923379
164.033192754352,194.609341268537,25.1924380207082,62.2401409923379
164.033192754352,193.934831464615,25.1924380207082,62.2401409923379
167.068486871999,189.550517739125,25.1924380207082,62.2401409923379
168.080251577881,191.57404715089,25.1924380207082,62.2401409923379
177.919207291101,191.560025395084,25.7498207119164,63.6172041117934
182.438271468102,190.513122819695,26.3195354951675,65.0247347527668
182.789251860259,189.811162035381,26.3195354951675,65.0247347527668
184.544153821044,188.056260074597,26.3195354951675,65.0247347527668
188.815739057668,188.389865122865,26.9018552179981,66.4634070091718
193.48044494002,189.4663357111,26.9018552179981,66.4634070091718
196.709856704726,189.825159240512,26.9018552179981,66.4634070091718
193.121621410609,188.748688652277,26.9018552179981,66.4634070091718
194.198091998844,189.107512181689,26.9018552179981,66.4634070091718
199.641666696083,189.448731329885,27.4970587646963,67.9339098892497
203.370813816832,189.430545785068,28.1054311898652,69.4369476455494
203.370813816832,189.056035981147,28.1054311898652,69.4369476455494
205.681466111745,190.909458375269,28.727263854941,70.9732401122071
205.36367075535,192.430199259469,29.3628545677316,72.5435230496897
205.36367075535,192.038042396724,29.3628545677316,72.5435230496897
204.187200167114,191.253728671233,29.3628545677316,72.5435230496897
203.010729578879,190.077258082998,29.3628545677316,72.5435230496897
201.834258990644,190.077258082998,29.3628545677316,72.5435230496897
201.834258990644,189.685101220253,29.3628545677316,72.5435230496897
201.834258990644,188.508630632018,29.3628545677316,72.5435230496897
202.226415853389,188.116473769273,29.3628545677316,72.5435230496897
202.618572716134,187.724316906528,29.3628545677316,72.5435230496897
203.010729578879,187.332160043782,29.3628545677316,72.5435230496897
203.078059862969,185.35317673181,30.0125077250426,74.1485484971641
203.146046496261,184.13290841406,30.6765344584592,75.7890851326639
204.855706941657,182.884687738211,31.3552527833526,77.4659186412241
206.534138314206,181.206256365662,31.3552527833526,77.4659186412241
211.569432431853,180.367040679388,31.3552527833526,77.4659186412241
214.159819849898,178.251250425007,32.0489877511843,79.1798520911612
215.442172791074,176.968897483831,32.0489877511843,79.1798520911612
216.724525732251,175.259093562262,32.0489877511843,79.1798520911612
218.006878673427,174.404191601478,32.0489877511843,79.1798520911612
218.43432965382,173.121838660302,32.0489877511843,79.1798520911612
222.708839457741,172.266936699517,32.0489877511843,79.1798520911612
223.563741418525,171.412034738733,32.0489877511843,79.1798520911612
224.846094359702,170.557132777949,32.0489877511843,79.1798520911612
226.201356354273,168.398852723014,32.7580716051792,80.9317063186781
226.201356354273,168.398852723014,32.7580716051792,80.9317063186781
226.638611256234,167.087088017131,32.7580716051792,80.9317063186781
228.025244696945,166.191781015981,33.4828439394438,82.7223203209789
228.025244696945,165.297663368922,33.4828439394438,82.7223203209789
227.654840735865,164.829606523901,34.223651861604,84.5525516580805
229.025428971159,164.829606523901,34.223651861604,84.5525516580805
227.733104332244,164.351106666281,34.980850159042,86.4232768635156
228.572759581931,164.805941204726,34.2348729929998,84.5802744532936
228.937794071074,164.794065628881,33.5048040147153,82.7765746245908
228.490735247544,164.794065628881,33.5048040147153,82.7765746245908
227.596617600485,163.899947981822,33.5048040147153,82.7765746245908
226.255441129897,163.452889158293,33.5048040147153,82.7765746245908
224.096558941367,162.537173301508,34.2460978035409,84.6080063381599
224.096558941367,162.537173301508,34.2460978035409,84.6080063381599
223.639696196269,162.537173301508,34.2460978035409,84.6080063381599
223.639696196269,162.994036046606,34.2460978035409,84.6080063381599
225.375438606938,162.525593421062,33.5157894527907,82.8037151186593
225.375438606938,162.525593421062,33.5157894527907,82.8037151186593
224.481320959879,162.525593421062,33.5157894527907,82.8037151186593
223.58720331282,162.525593421062,33.5157894527907,82.8037151186593
222.693085665761,162.525593421062,33.5157894527907,82.8037151186593
220.981140774352,162.056636146092,34.2573262944337,84.6357473156597
219.688443612023,162.947804171804,35.0152696386981,86.5083132250187
222.567753858312,162.457472623419,35.7899824794543,88.4223096551222
226.776820916949,163.40028881673,35.0267503229647,86.5366772685009
226.389337491501,162.911604275427,35.8017171738603,88.4513012530665
226.86776886405,162.911604275427,35.8017171738603,88.4513012530665
226.389337491501,162.433172902878,35.8017171738603,88.4513012530665
227.72794143779,162.897866850919,35.038234771478,86.5650506118866
226.322059084849,162.429239399939,35.038234771478,86.5650506118866
226.79068653583,163.3664943019,35.038234771478,86.5650506118866
227.72794143779,163.3664943019,35.038234771478,86.5650506118866
228.196568888771,162.897866850919,35.038234771478,86.5650506118866
227.808958416611,162.877495880486,35.8134557157969,88.4803023566746
227.808958416611,162.877495880486,35.8134557157969,88.4803023566746
226.934340690206,163.812408025861,36.6058284235089,90.4379290463161
227.422575984324,165.765349202332,36.6058284235089,90.4379290463161
227.910811278442,170.159466849391,36.6058284235089,90.4379290463161
230.435271066212,171.600173729904,37.4157323773791,92.4388682264658
228.935271066212,172.100173729904,37.4157323773791,92.4388682264658
228.521359526788,171.577568750149,38.2435554562286,94.4840781859764
228.608094116122,171.551946478354,39.0896941206976,96.5745384158411
228.608094116122,171.551946478354,39.0896941206976,96.5745384158411
228.086525488671,170.508809223452,39.0896941206976,96.5745384158411
227.043388233769,170.508809223452,39.0896941206976,96.5745384158411
225.89548210198,170.495412528767,38.2560946195695,94.5150572954069
223.336658572568,169.471883117002,38.2560946195695,94.5150572954069
222.824893866686,166.913059587591,38.2560946195695,94.5150572954069
222.401685819957,165.86748676626,39.1025107130275,96.6062029380678
221.358548565055,164.824349511358,39.1025107130275,96.6062029380678
219.88283978539,163.755643391356,39.9676537625532,98.7436151780725
216.149506452057,162.688976724689,39.9676537625532,98.7436151780725
214.549506452057,160.555643391356,39.9676537625532,98.7436151780725
215.509000912858,160.008512059218,39.1153315076168,96.6378778423473
215.40450539847,157.387947593453,38.2811852814905,94.5770459895647
214.469255080412,159.412277257487,39.1281565058435,96.6695631320839
211.428556711811,158.86443884279,39.9938669685353,98.8083772163812
212.586124558471,156.171371169833,40.8787312752142,100.994512562294
207.135144166315,156.716469209049,40.8787312752142,100.994512562294
204.954752009452,158.351763326696,40.8787312752142,100.994512562294
206.044948087883,161.62235156199,40.8787312752142,100.994512562294
209.408413397661,159.960001727554,41.7831732046783,103.229016152734
211.084883985896,154.930589962848,41.7831732046783,103.229016152734
213.320178103543,157.165884080495,41.7831732046783,103.229016152734
212.857951749967,158.259207206953,42.7076259118318,105.512958135114
212.287363514672,157.118030736365,42.7076259118318,105.512958135114
211.716775279378,157.118030736365,42.7076259118318,105.512958135114
203.826675108905,157.091970107583,43.6525321351311,107.847432333853
204.991380991258,155.92726422523,43.6525321351311,107.847432333853
209.067851579493,157.091970107583,43.6525321351311,107.847432333853
210.232557461846,158.256675989936,43.6525321351311,107.847432333853
210.814910403023,160.003734813466,43.6525321351311,107.847432333853
210.232557461846,160.003734813466,43.6525321351311,107.847432333853
203.244322167729,163.497852460524,43.6525321351311,107.847432333853
200.798009159914,164.647791949867,42.7216287389963,105.547553355167
201.368597395208,166.930144891044,42.7216287389963,105.547553355167
200.895989377283,166.333113317346,43.6668447748466,107.88279297315
197.9842246714,164.586054493817,43.6668447748466,107.88279297315
196.702770156615,163.406959256596,42.7356361573589,105.582159918181
196.132181921321,163.406959256596,42.7356361573589,105.582159918181
194.305504136762,161.109215525886,41.8242858441237,103.33058855607
194.192638354001,161.093346429378,40.9323703508213,101.127032631441
194.62908591738,162.718687468315,40.0594752240628,98.9704682006256
195.05622610501,163.773974990695,39.2051948488027,96.8598931558653
194.098989225231,163.225991834423,40.0726097848324,99.0029182919388
194.190980097133,161.060183815524,40.9592162763219,101.193357859148
194.738038920663,159.966066168465,40.9592162763219,101.193357859148
195.926104061194,158.846614647148,41.8654389364355,103.432260901782
197.043751120018,158.846614647148,41.8654389364355,103.432260901782
199.166618255949,159.39065317675,40.972645841044,101.226536783756
206.278382961831,153.373006117926,40.972645841044,101.226536783756
207.809377615749,145.152349311343,40.0988918273254,99.0678503969214
208.436371860204,132.815234745739,40.9860798090049,101.259726586953
176.253551587611,157.953872549783,41.8928968247792,103.50009803769
175.582593850352,159.616281461885,40.9995181816483,101.292927272308
178.864946791529,158.522163814827,40.9995181816483,101.292927272308
183.788476203294,156.880987344238,40.9995181816483,101.292927272308
184.772698564061,157.413979612709,40.1251911071722,99.1328250883077
185.307992681708,156.878685495062,40.1251911071722,99.1328250883077
185.307992681708,156.343391377415,40.1251911071722,99.1328250883077
190.553480633662,157.400410054561,39.2695093209108,97.0187877340149
189.595532275035,156.327139715254,40.138347214636,99.16532841263
189.68679592662,155.765417387336,41.0264081467598,101.359361303759
188.592678279561,154.124240916748,41.0264081467598,101.359361303759
185.857384161914,156.312476210865,41.0264081467598,101.359361303759
187.591764815908,155.191188276442,41.9341174270069,103.601937172605
192.735711779127,154.605876160196,42.8619097750794,105.894130032549
200.849787196358,154.006971366319,43.810229528853,108.237037659519
199.780822806705,152.80959913721,44.7795308571789,110.631782117736
199.182783591018,152.80959913721,44.7795308571789,110.631782117736
197.986705159646,153.407638352897,44.7795308571789,110.631782117736
193.305057089734,152.183774263219,45.770277977394,113.079510297091
191.469762972087,152.183774263219,45.770277977394,113.079510297091
191.957795454136,152.777736865926,44.7942130132978,110.668055679912
190.761717022763,152.17969765024,44.7942130132978,110.668055679912
189.56563859139,150.385580003181,44.7942130132978,110.668055679912
187.05306755533,149.173437950999,43.8389629285564,108.308026058786
186.466793045526,148.587163441195,43.8389629285564,108.308026058786
185.395550008325,147.975280412724,44.8088999833507,110.704341135337
183.601432361266,147.975280412724,44.8088999833507,110.704341135337
184.797510792638,148.57331962841,44.8088999833507,110.704341135337
185.395550008325,148.57331962841,44.8088999833507,110.704341135337
186.591628439697,148.57331962841,44.8088999833507,110.704341135337
187.189667655384,147.975280412724,44.8088999833507,110.704341135337
194.964177459305,147.975280412724,44.8088999833507,110.704341135337
198.552412753423,149.769398059782,44.8088999833507,110.704341135337
199.150451969109,150.367437275469,44.8088999833507,110.704341135337
196.758295106364,149.769398059782,44.8088999833507,110.704341135337
193.768099027933,148.57331962841,44.8088999833507,110.704341135337
187.78770687107,146.779201981351,44.8088999833507,110.704341135337
183.00339314558,144.985084334292,44.8088999833507,110.704341135337
185.993589224011,143.78900590292,44.8088999833507,110.704341135337
186.591628439697,142.592927471547,44.8088999833507,110.704341135337
185.395550008325,140.798809824488,44.8088999833507,110.704341135337
195.562216674991,141.396849040175,44.8088999833507,110.704341135337
195.066518218926,140.770221482051,45.8002968954823,113.153674682956
191.395929983631,141.381986187934,45.8002968954823,113.153674682956
188.948871160102,142.605515599698,45.8002968954823,113.153674682956
184.666518218926,144.440809717345,45.8002968954823,113.153674682956
184.054753513043,143.829045011463,45.8002968954823,113.153674682956
186.501812336573,143.829045011463,45.8002968954823,113.153674682956
188.948871160102,143.829045011463,45.8002968954823,113.153674682956
206.078282924808,145.052574423228,45.8002968954823,113.153674682956
200.572400571867,146.276103834992,45.8002968954823,113.153674682956
196.778400193973,148.094386638398,44.823591768916,110.74063848791
192.59212568417,148.692425854084,44.823591768916,110.74063848791
191.873985550574,148.677136158396,43.867715173362,108.379061016541
192.460260060378,144.573214589768,43.867715173362,108.379061016541
195.977907119201,143.400665570161,43.867715173362,108.379061016541
196.445653238821,142.797450100985,42.9322229341228,106.067844896068
195.185777472729,142.210767412439,42.0166803486602,103.805916155513
201.80241410574,143.878397940594,41.1206619845984,101.592223726655
206.743590576328,145.525456764123,41.1206619845984,101.592223726655
211.684767046917,147.172515587653,41.1206619845984,101.592223726655
211.135747439073,147.721535195496,41.1206619845984,101.592223726655
217.174963125348,147.172515587653,41.1206619845984,101.592223726655
220.907536023688,147.157718757486,40.2437514820353,99.4257389556165
220.907536023688,148.769483463368,40.2437514820353,99.4257389556165
215.426837163103,141.770801849326,39.385541360069,97.3054551248762
216.47781755526,146.500213614032,39.385541360069,97.3054551248762
226.356595350981,144.910296703345,38.5456328274506,95.2303869854662
235.018574358225,153.145312889641,37.7236355972749,93.1995702991497
235.924729872679,153.635145775408,36.9191677056222,91.2120613903606
248.312390011308,159.024151561963,37.736004291109,93.2301282486223
250.730442114705,160.522153413724,36.9312726333348,91.2419676823565
249.742206820588,162.498624001959,36.9312726333348,91.2419676823565
246.283383291176,163.486859296077,36.9312726333348,91.2419676823565
239.365736232352,162.992741649018,36.9312726333348,91.2419676823565
238.377500938235,162.0045063549,36.9312726333348,91.2419676823565
239.365736232352,162.498624001959,36.9312726333348,91.2419676823565
250.236324467646,163.486859296077,36.9312726333348,91.2419676823565
249.64187442992,168.906799341279,36.1437021205516,89.2962052390099
250.509615038286,170.823639460217,35.3729267861736,87.3919367658406
252.304431256215,171.755469147419,34.6185884679624,85.5282773914365
252.304431256215,169.904488755262,34.6185884679624,85.5282773914365
251.841686158176,168.516253461144,34.6185884679624,85.5282773914365
249.06521556994,168.053508363105,34.6185884679624,85.5282773914365
249.897086581162,168.502721403517,33.8803366415974,83.7043611145348
252.161792463515,166.690956697634,33.8803366415974,83.7043611145348
251.334050062947,165.312036026334,34.6299390897928,85.5563201041939
250.025466165688,164.828314333221,35.3961264921545,87.4492536864992
244.354877930393,167.19105943126,35.3961264921545,87.4492536864992
239.710367104603,166.223652062353,36.1792657907934,89.384068424313
245.8843692689,167.65907609456,35.4077320504355,87.4779262422523
244.844262485554,167.646724618289,34.6526514994804,85.6124331163633
244.381517387515,155.15260697123,34.6526514994804,85.6124331163633
233.738380132613,175.976136382995,34.6526514994804,85.6124331163633
227.259948760064,194.023195206524,34.6526514994804,85.6124331163633
220.781517387515,200.501626579073,34.6526514994804,85.6124331163633
209.119633953881,200.026246746497,33.9136732687084,83.7867221932794
200.875361249649,204.09022352566,33.1904539712913,81.9999451055432
193.785165171217,207.192184309973,33.1904539712913,81.9999451055432
187.214074205532,205.841922662341,33.9247927654061,83.8141938910033
178.155250676121,210.371334427047,33.9247927654061,83.8141938910033
238.474075303212,256.097081083599,34.6753788053407,85.6685829308418
239.86231059733,260.724532063991,34.6753788053407,85.6685829308418
240.787800793408,266.740218338501,34.6753788053407,85.6685829308418
239.86231059733,269.516688926736,34.6753788053407,85.6685829308418
237.918316555841,272.743868584327,33.9359159079256,83.8416745960515
203.119371074345,261.851664176755,34.6867480473885,85.6966716464892
201.731135780227,259.07519358852,34.6867480473885,85.6966716464892
203.582116172384,260.000683784598,34.6867480473885,85.6966716464892
203.582116172384,259.537938686559,34.6867480473885,85.6966716464892
220.14804727872,259.063457059998,33.9470426974623,83.8691643113773
220.600988455191,259.063457059998,33.9470426974623,83.8691643113773
223.318635514014,259.516398236468,33.9470426974623,83.8691643113773
223.848978707115,260.853301488627,34.6981210171436,85.7247695717665
224.85336603748,260.830461421317,35.4658169446479,87.6214300985419
224.935535241451,260.335659154774,36.2504981445483,89.5600542394721
225.503141556708,259.82921478024,37.0525404159964,91.5415704395205
227.069718416591,258.816536157253,37.8723278727003,93.5669276854948
227.575600769532,258.310653804311,37.8723278727003,93.5669276854948
228.081483122473,257.80477145137,37.8723278727003,93.5669276854948
228.991184875021,257.284795850398,37.0646890734873,91.5715847697921
229.880510351357,254.308250487437,36.2742734149322,89.6187931427737
230.849137802338,259.635701467829,36.2742734149322,89.6187931427737
238.598157410181,263.994524997241,36.2742734149322,89.6187931427737
240.051098586652,261.57295636979,36.2742734149322,89.6187931427737
239.165500711509,258.644293568687,37.0768417142376,91.6016089410575
232.615740080933,254.164146774346,36.2861668969581,89.6481770395434
234.455587976726,254.151406512281,35.5123534583121,87.7364026617122
235.486261978358,252.706312753914,36.2980642785772,89.6775705706025
171.072536488162,201.853371577444,36.2980642785772,89.6775705706025
169.135281586202,203.306312753914,36.2980642785772,89.6775705706025
165.647805359226,201.840944728331,35.5239971246847,87.765169366868
160.902707320011,205.637023159703,35.5239971246847,87.765169366868
157.58113869256,205.162513355782,35.5239971246847,87.765169366868
157.662664278289,204.191611169661,36.3099655610683,89.70697373911
150.882272121427,205.644552346131,36.3099655610683,89.70697373911
159.502765930923,203.21087038528,35.5356446087419,87.7939455039506
159.977275734845,204.634399797044,35.5356446087419,87.7939455039506
158.932650485474,205.096006159038,34.7778362839531,85.9217131721194
159.942038318642,204.145497207072,35.5472959117356,87.8227310760525
160.02330616154,203.648468048465,36.3337798337827,89.7658090011102
152.356657839776,202.65543378639,37.1376647126052,91.7518775252598
149.380187251541,202.159355355017,37.1376647126052,91.7518775252598
143.923324506442,203.151512217762,37.1376647126052,91.7518775252598
140.536018502324,202.632585504012,37.9593355443716,93.7818878155061
134.94974399252,203.140428641267,37.9593355443716,93.7818878155061
134.441900855265,203.648271778522,37.9593355443716,93.7818878155061
128.943544333257,204.642182193582,38.7991858432908,95.8568120834242
149.545481789679,177.711328712218,37.9717815186808,93.8126366932114
146.49842296615,177.711328712218,37.9717815186808,93.8126366932114
134.818030809287,176.187799300453,37.9717815186808,93.8126366932114
126.692540613209,170.093681653394,37.9717815186808,93.8126366932114
119.58273669164,170.601524790649,37.9717815186808,93.8126366932114
117.043521005365,170.601524790649,37.9717815186808,93.8126366932114
111.457246495561,169.585838516139,37.9717815186808,93.8126366932114
105.260165550332,169.062600471525,37.1620218405114,91.8120539589104
101.787616530725,168.07044360878,37.1620218405114,91.8120539589104
97.8189890797443,165.590051451917,37.1620218405114,91.8120539589104
94.842518491509,162.11750243231,37.1620218405114,91.8120539589104
88.7897445382303,164.088619147508,36.3695305313824,89.8541342540035
86.2598930760366,166.991800425456,35.5939393381228,87.9379677765386
84.3618538603503,168.415329837221,35.5939393381228,87.9379677765386
82.4638146446641,175.532976896044,35.5939393381228,87.9379677765386
76.7696969976052,177.431016111731,35.5939393381228,87.9379677765386
70.0315756775075,176.470628721132,34.8348878606713,86.0626641263642
70.1109206129017,176.44797226394,35.6056097545886,87.96680057016
64.0229159079328,175.474839532632,36.3933838704089,89.9130660327748
59.1601708098936,190.549349336554,36.3933838704089,89.9130660327748
59.6464453196975,192.49444737577,36.3933838704089,89.9130660327748
57.7013472804818,197.843466983613,36.3933838704089,89.9130660327748
73.2621315942073,134.141506199299,36.3933838704089,89.9130660327748
68.4830591969056,133.146842906311,37.1985874885417,91.90239261875
63.1107655090881,126.673309942868,38.0216062367257,93.9357330554398
57.1038769802904,125.634145895943,38.8628342747132,96.0140611492914
50.3489750195061,126.673361582217,38.8628342747132,96.0140611492914
43.5940730587218,120.43806746457,38.8628342747132,96.0140611492914
35.3700353074989,118.856304069969,39.7226744830413,98.1383722522195
26.9600149857362,117.770648326929,40.6015386559786,100.3096837383
19.8992306720107,117.770648326929,40.6015386559786,100.3096837383
17.1835443975009,116.684373817125,40.6015386559786,100.3096837383
17.0733271632078,113.951980142551,39.7356986147607,98.1705495188205
-4.62115096350225,104.895380203205,40.6148509466123,100.342572926924
-13.3113470419336,108.154203732616,40.6148509466123,100.342572926924
-18.8527948809425,109.224121528283,39.7487270167869,98.2027373355912
-26.292010567217,101.784905842008,39.7487270167869,98.2027373355912
-41.7018144887857,86.9064744694593,39.7487270167869,98.2027373355912
-40.7466151516955,103.894752416457,38.9010734406458,96.1085343827719
-40.7466151516955,101.816321043908,38.9010734406458,96.1085343827719
