446,181,29,26
442.764705882353,174.529411764706,29,26
442.117647058824,171.294117647059,29,26
438.666666666667,168.274509803922,29,26
437.466079612568,164.885072052918,28.3815662650602,25.4455421686747
436.619020789039,161.073307347035,28.3815662650602,25.4455421686747
437.67784431845,155.355660288212,28.3815662650602,25.4455421686747
435.136667847862,151.967424994094,28.3815662650602,25.4455421686747
437.575637947525,149.780051330912,29.0095084186747,26.0085247891566
440.058641829271,146.688410456804,29.6513437924379,26.5839634001167
442.832584622881,146.394325361691,30.3073797738456,27.1721335903443
455.91101599543,147.521776342083,30.3073797738456,27.1721335903443
462.901212073862,147.521776342083,30.3073797738456,27.1721335903443
469.105152371388,147.672165006396,30.9779305513419,27.7733170460307
477.897309234133,147.903537555416,30.9779305513419,27.7733170460307
485.53260335178,148.134910104436,30.9779305513419,27.7733170460307
499.877701390996,147.440792457377,30.9779305513419,27.7733170460307
510.983583743937,147.209419908357,30.9779305513419,27.7733170460307
521.1639759008,146.746674810318,30.9779305513419,27.7733170460307
529.493387665506,146.052557163259,30.9779305513419,27.7733170460307
540.136524920408,145.3584395162,30.9779305513419,27.7733170460307
538.054171979231,151.60549833973,30.9779305513419,27.7733170460307
545.226720998839,152.068243437769,30.9779305513419,27.7733170460307
553.324760214525,151.37412579071,30.9779305513419,27.7733170460307
543.958537446036,147.364922686575,31.6633172647903,28.3878016856741
540.523948273304,154.405784591211,32.3638681592738,29.0158817979696
556.304327009276,159.29752374192,31.6736989226243,28.3971093789045
563.896483872021,159.29752374192,31.6736989226243,28.3971093789045
571.725895636727,157.873994330156,31.6736989226243,28.3971093789045
579.318052499472,156.924974722312,31.6736989226243,28.3971093789045
586.797073969847,155.899066993926,32.3744795112873,29.0253954239128
605.954036439193,152.832084055693,31.6840839843599,28.4064201239088
610.562460991669,156.931050219712,31.0084113499946,27.8006446586158
611.487951187748,164.10359923932,31.0084113499946,27.8006446586158
613.107559030885,170.582030611869,31.0084113499946,27.8006446586158
612.070410833267,174.439191862686,31.6944724511132,28.4157339216877
614.917469656796,205.99409382347,31.6944724511132,28.4157339216877
615.25541674257,206.771590669809,31.0185782795654,27.8097598368517
616.180906938648,210.242178905104,31.0185782795654,27.8097598368517
612.247573605315,232.685316160005,31.0185782795654,27.8097598368517
611.421451122596,233.213214461502,30.3570977548084,27.2167083318972
601.509844131611,235.777926516915,29.709723501483,26.6363038289158
608.271376393808,235.483262405807,30.3670511339533,27.2256320511305
611.910592080082,235.483262405807,30.3670511339533,27.2256320511305
612.592945021259,234.573458484239,30.3670511339533,27.2256320511305
613.047846982043,235.028360445023,30.3670511339533,27.2256320511305
613.275297962435,234.800909464631,30.3670511339533,27.2256320511305
615.873601022423,235.091206866622,29.7194646218196,26.6450372471486
616.095169649874,234.64806961172,29.7194646218196,26.6450372471486
616.85519517213,234.489039079272,29.0856880871133,26.0768238022395
616.419901054483,232.747862608684,29.0856880871133,26.0768238022395
615.984606936836,226.436097902802,29.0856880871133,26.0768238022395
615.766959878012,225.347862608684,29.0856880871133,26.0768238022395
616.098140630019,218.312328921842,29.7292089360407,26.6537735288641
616.541277884921,213.437819117921,29.7292089360407,26.6537735288641
617.205983767274,208.120172059097,29.7292089360407,26.6537735288641
617.870689649627,207.455466176744,29.7292089360407,26.6537735288641
618.206516158125,206.717471552179,30.3869676837506,27.2434882681902
618.433967138517,206.490020571787,30.3869676837506,27.2434882681902
618.888869099301,206.490020571787,30.3869676837506,27.2434882681902
617.296712236556,206.717471552179,30.3869676837506,27.2434882681902
617.524163216948,207.172373512964,30.3869676837506,27.2434882681902
617.75161419734,207.85472645414,30.3869676837506,27.2434882681902
617.979065177733,207.85472645414,30.3869676837506,27.2434882681902
618.661418118909,207.85472645414,30.3869676837506,27.2434882681902
619.116320079693,208.082177434532,30.3869676837506,27.2434882681902
616.386908314988,208.537079395317,30.3869676837506,27.2434882681902
617.16581589505,207.235410329166,29.7389564451935,26.6625126750011
617.608953149952,207.678547584068,29.7389564451935,26.6625126750011
618.052090404854,208.12168483897,29.7389564451935,26.6625126750011
617.926049251808,208.849115150708,29.1047642414827,26.0939265613293
618.143696310631,209.066762209531,29.1047642414827,26.0939265613293
618.23638318378,209.562639690123,28.4840963775379,25.5374657177926
618.448147889663,209.562639690123,28.4840963775379,25.5374657177926
618.659912595545,209.986169101888,28.4840963775379,25.5374657177926
618.659912595545,210.19793380777,28.4840963775379,25.5374657177926
618.871677301427,210.621463219535,28.4840963775379,25.5374657177926
617.389324360251,209.562639690123,28.4840963775379,25.5374657177926
617.601089066133,209.986169101888,28.4840963775379,25.5374657177926
617.812853772016,210.409698513653,28.4840963775379,25.5374657177926
617.812853772016,210.409698513653,28.4840963775379,25.5374657177926
