37,156,198,173
39,156,198,173
41,155,198,173
45,156,194,169
47,156,194,169
49,156,194,169
51,157,194,169
54,158,194,169
54,158,198,172
58,159,198,172
62,161,198,172
65,163,201,176
67,164,205,179
68,163,210,183
77,167,205,179
77,165,214,187
82,166,214,187
88,166,214,187
94,167,214,187
97,162,222,194
102,158,227,198
111,157,227,198
121,159,222,194
131,160,218,191
137,158,222,194
149,159,218,191
158,157,218,191
166,153,222,194
176,153,218,191
187,155,210,183
191,149,218,191
201,151,210,183
207,148,210,183
213,144,210,183
223,143,201,176
228,138,201,176
230,132,205,179
234,126,205,179
241,125,197,172
244,121,197,172
246,119,194,169
247,115,197,172
248,114,194,169
254,116,186,163
252,113,190,166
257,116,182,159
253,111,190,166
257,114,182,159
257,114,182,159
261,115,179,156
266,117,172,150
271,119,165,144
271,117,168,147
274,116,168,147
272,111,175,153
274,109,179,156
278,109,175,153
282,109,175,153
288,111,172,150
292,110,172,150
296,108,175,153
300,105,179,156
310,107,172,150
323,108,165,144
330,107,168,147
338,107,168,147
349,108,165,144
355,104,172,150
366,105,168,147
377,105,165,144
384,104,168,147
394,104,168,147
403,104,172,150
407,101,179,156
415,102,179,156
425,106,172,150
433,108,168,147
439,109,168,147
443,110,168,147
444,109,175,153
449,114,168,147
451,115,168,147
453,117,165,144
452,119,165,144
451,119,165,144
449,119,165,144
446,120,165,144
441,120,168,147
441,123,162,141
440,123,159,139
439,123,156,136
434,119,162,141
432,118,162,141
431,117,162,141
427,114,168,147
427,114,168,147
427,114,168,147
428,114,168,147
432,115,165,144
432,115,168,147
435,116,165,144
439,118,162,141
441,117,165,144
444,118,165,144
448,119,165,144
451,120,165,144
452,120,168,147
456,122,168,147
462,125,165,144
467,130,162,141
472,134,159,139
476,137,156,136
478,139,156,136
479,140,156,136
483,144,150,131
484,144,150,131
484,146,150,131
483,146,150,131
482,146,150,131
481,146,150,131
479,148,150,131
476,147,150,131
474,146,150,131
472,145,150,131
470,144,150,131
465,140,156,136
465,141,153,133
461,136,159,139
457,132,165,144
455,129,168,147
456,129,168,147
453,126,175,153
455,125,175,153
457,126,175,153
459,128,175,153
460,127,179,156
463,129,179,156
463,130,182,159
466,131,182,159
468,132,182,159
470,133,182,159
469,132,186,163
470,133,186,163
470,135,186,163
466,135,190,166
466,140,186,163
461,140,190,166
458,143,186,163
451,144,190,166
447,148,186,163
438,147,190,166
428,147,194,169
421,147,194,169
413,145,194,169
405,144,194,169
397,142,194,169
389,140,194,169
385,138,190,166
376,134,194,169
370,130,197,172
365,127,194,169
361,123,197,172
360,124,190,166
355,121,194,169
352,120,194,169
350,120,194,169
348,120,194,169
346,120,194,169
347,121,190,166
346,121,190,166
344,121,190,166
340,120,194,169
338,119,194,169
338,120,190,166
333,118,194,169
333,118,190,166
332,118,186,163
330,119,182,159
329,118,179,156
323,116,182,159
323,118,175,153
320,119,172,150
317,120,168,147
315,121,165,144
311,121,165,144
307,123,162,141
302,123,162,141
298,124,162,141
298,127,156,136
296,130,153,133
290,129,159,139
291,132,156,136
292,134,156,136
293,136,156,136
295,139,153,133
296,141,153,133
297,144,153,133
300,148,150,131
300,150,150,131
301,150,150,131
301,151,150,131
301,153,150,131
303,154,147,128
300,154,150,131
302,156,147,128
301,157,147,128
300,157,147,128
299,157,147,128
299,157,147,128
300,159,144,126
300,158,147,128
301,157,147,128
301,157,147,128
302,156,147,128
303,153,147,128
302,150,150,131
303,147,150,131
305,144,150,131
307,141,150,131
306,136,156,136
310,135,153,133
308,131,159,139
309,128,162,141
311,126,162,141
310,122,168,147
310,117,172,150
310,111,175,153
312,106,175,153
313,100,179,156
314,94,179,156
316,88,179,156
317,83,179,156
317,77,179,156
317,72,179,156
314,65,182,159
315,61,179,156
311,54,182,159
310,50,179,156
307,46,179,156
303,43,179,156
301,42,172,150
296,39,172,150
292,38,168,147
284,34,172,150
279,34,168,147
273,32,168,147
268,31,165,144
263,30,162,141
256,28,162,141
249,25,162,141
247,25,156,136
242,23,156,136
237,22,156,136
234,24,153,133
230,24,153,133
229,27,150,131
227,29,150,131
227,31,147,128
224,32,150,131
224,34,150,131
227,36,147,128
226,36,150,131
227,37,150,131
229,39,150,131
233,41,147,128
232,39,153,133
234,40,153,133
237,41,153,133
239,42,153,133
241,43,153,133
244,44,150,131
245,44,150,131
245,43,150,131
245,43,150,131
244,41,150,131
244,40,150,131
245,39,147,128
243,38,150,131
243,38,150,131
243,37,150,131
242,34,153,133
245,35,150,131
245,33,153,133
249,33,150,131
249,31,153,133
252,30,153,133
251,26,159,139
254,26,159,139
257,26,159,139
260,26,159,139
262,25,162,141
265,25,162,141
267,24,165,144
268,25,168,147
270,25,172,150
273,27,172,150
276,30,172,150
280,35,168,147
279,35,175,153
280,37,179,156
282,40,179,156
281,43,182,159
281,44,186,163
283,46,186,163
284,49,186,163
285,52,186,163
288,58,182,159
287,60,186,163
286,61,190,166
292,69,182,159
291,70,186,163
288,69,194,169
292,74,190,166
291,76,194,169
289,76,201,176
294,84,194,169
295,86,197,172
293,87,201,176
295,91,201,176
296,95,201,176
299,102,197,172
295,102,205,179
295,106,205,179
292,109,210,183
291,113,210,183
286,114,218,191
285,119,218,191
284,123,218,191
282,128,218,191
275,128,227,198
267,126,236,206
263,129,236,206
260,132,236,206
252,132,246,215
252,136,241,210
245,138,246,215
240,139,251,219
233,137,256,223
231,138,256,223
234,142,251,219
234,143,251,219
237,146,246,215
239,147,246,215
243,147,246,215
251,148,241,210
252,142,251,219
259,139,251,219
268,135,251,219
280,132,246,215
289,126,246,215
302,122,241,210
312,115,241,210
327,112,231,202
333,103,236,206
345,100,231,202
353,95,231,202
365,94,222,194
369,87,227,198
378,85,218,191
387,85,210,183
390,80,210,183
391,75,214,187
397,75,205,179
398,73,205,179
402,75,197,172
399,73,201,176
400,77,194,169
400,79,190,166
396,81,190,166
390,82,194,169
388,85,190,166
384,87,190,166
378,87,194,169
374,89,194,169
370,91,194,169
366,93,194,169
362,94,197,172
361,99,190,166
355,100,194,169
349,99,201,176
345,101,201,176
341,102,201,176
335,103,205,179
330,106,205,179
323,111,205,179
313,115,210,183
305,120,210,183
296,125,210,183
286,127,210,183
270,126,218,191
256,129,218,191
242,133,218,191
226,133,218,191
206,130,222,194
188,129,222,194
170,128,222,194
151,126,222,194
135,128,218,191
115,126,222,194
97,123,227,198
84,122,222,194
73,122,218,191
65,123,214,187
53,120,218,191
49,122,214,187
45,122,214,187
42,122,214,187
45,125,205,179
50,129,197,172
48,127,201,176
52,130,197,172
49,127,205,179
53,128,201,176
54,128,201,176
58,131,197,172
60,132,194,169
60,130,194,169
59,129,194,169
59,128,194,169
58,127,194,169
57,126,194,169
57,126,194,169
57,124,197,172
57,125,197,172
60,126,197,172
60,124,201,176
62,123,205,179
65,123,210,183
73,124,210,183
78,120,218,191
90,120,218,191
99,119,227,198
115,122,222,194
128,121,227,198
144,123,227,198
160,126,227,198
176,129,227,198
195,135,218,191
210,139,218,191
227,147,210,183
242,153,205,179
255,157,201,176
263,159,201,176
272,161,197,172
281,161,190,166
286,158,190,166
291,156,186,163
297,152,182,159
295,144,190,166
301,143,182,159
307,140,175,153
308,134,179,156
310,132,179,156
312,130,179,156
316,130,175,153
319,129,175,153
323,128,175,153
329,128,172,150
334,127,172,150
338,126,175,153
346,127,172,150
354,128,168,147
357,126,175,153
362,126,179,156
370,127,175,153
378,130,172,150
382,130,175,153
387,132,175,153
387,131,182,159
392,133,179,156
394,134,179,156
396,136,175,153
394,136,179,156
391,138,179,156
390,141,175,153
386,142,175,153
379,143,179,156
374,143,179,156
370,144,175,153
366,144,172,150
362,145,168,147
358,145,165,144
354,145,162,141
351,145,159,139
346,144,159,139
345,146,153,133
341,146,153,133
338,148,153,133
340,153,147,128
344,159,141,123
348,160,135,118
350,165,133,116
358,170,128,111
362,172,133,116
380,173,133,116
382,183,128,111
385,190,123,107
383,191,125,109
369,138,123,107
365,140,125,109
360,139,130,114
359,138,135,118
357,139,138,121
355,142,138,121
352,141,141,123
350,139,144,126
349,137,147,128
346,135,150,131
345,132,150,131
348,131,144,126
349,132,141,123
348,129,141,123
344,122,144,126
345,117,141,123
342,111,144,126
341,105,144,126
335,97,150,131
333,91,150,131
331,88,153,133
329,87,153,133
325,85,156,136
324,84,153,133
320,76,159,139
320,79,153,133
317,77,156,136
314,74,156,136
312,73,153,133
310,74,153,133
310,76,150,131
309,75,150,131
306,77,153,133
307,78,150,131
307,78,150,131
307,77,150,131
306,75,153,133
309,78,150,131
308,75,156,136
311,76,153,133
313,76,153,133
315,75,153,133
317,74,153,133
321,76,150,131
322,74,153,133
325,76,150,131
326,74,153,133
325,70,159,139
328,68,159,139
331,67,159,139
332,64,162,141
338,66,156,136
342,68,153,133
345,67,153,133
351,69,147,128
356,71,141,123
360,72,138,121
360,71,141,123
358,68,147,128
359,68,147,128
361,68,147,128
365,73,141,123
363,71,144,126
364,72,144,126
367,74,141,123
367,73,141,123
368,72,141,123
371,74,135,118
372,73,135,118
375,74,133,116
377,74,130,114
383,76,125,109
390,77,120,105
397,75,116,101
401,72,116,101
398,68,116,101
396,69,116,101
398,62,118,103
400,75,116,101
402,99,113,99
410,102,118,103
413,102,123,107
412,101,128,111
412,101,133,116
411,102,138,121
413,101,144,126
417,102,150,131
428,100,156,136
427,100,162,141
425,101,168,147
421,102,175,153
415,102,182,159
408,101,190,166
401,101,197,172
391,101,205,179
386,105,201,176
382,110,197,172
369,109,205,179
360,110,205,179
356,114,197,172
344,112,201,176
337,115,194,169
328,115,194,169
319,115,194,169
313,116,190,166
307,117,186,163
303,119,182,159
297,118,182,159
292,118,182,159
288,118,182,159
284,117,186,163
283,118,186,163
280,118,190,166
284,122,186,163
287,124,186,163
285,124,194,169
290,127,194,169
295,129,194,169
299,129,197,172
302,129,201,176
307,131,201,176
306,132,210,183
315,138,201,176
315,138,205,179
313,136,210,183
318,138,201,176
314,137,205,179
311,137,205,179
307,137,205,179
307,140,197,172
301,141,194,169
297,141,190,166
290,139,190,166
281,135,194,169
272,131,197,172
265,130,194,169
257,127,197,172
251,127,194,169
247,127,190,166
238,127,194,169
232,130,194,169
227,133,194,169
222,136,194,169
217,139,197,172
214,144,194,169
207,144,201,176
204,147,201,176
201,149,201,176
195,152,205,179
189,155,210,183
185,158,210,183
179,160,214,187
174,163,214,187
164,161,222,194
155,159,227,198
150,161,222,194
142,161,222,194
133,161,222,194
124,160,222,194
114,160,222,194
105,159,222,194
93,158,227,198
86,160,222,194
77,161,222,194
68,161,222,194
61,162,218,191
56,164,214,187
50,164,210,183
43,163,210,183
41,164,201,176
38,165,197,172
30,162,201,176
29,165,194,169
25,165,194,169
25,166,190,166
22,166,190,166
23,169,186,163
19,168,190,166
21,172,186,163
18,172,190,166
20,176,186,163
20,176,186,163
21,177,186,163
21,178,186,163
19,176,190,166
19,175,190,166
20,175,190,166
21,175,190,166
21,175,190,166
20,175,194,169
23,178,190,166
25,180,190,166
24,180,194,169
28,183,190,166
29,183,190,166
28,183,194,169
31,184,190,166
30,183,194,169
32,184,194,169
33,183,197,172
