126,132,31,115
126,132,31,115
126,133,30,112
126,132,30,112
126,132,30,112
126,130,31,115
126,129,31,115
126,128,31,115
125,127,31,115
125,127,31,115
125,127,31,115
124,127,31,115
123,127,31,115
123,128,30,112
123,128,30,112
122,126,31,115
122,126,29,110
122,124,29,110
122,123,29,110
121,123,29,108
121,122,29,110
121,122,29,110
121,124,28,106
121,124,28,106
121,124,28,106
121,123,28,106
121,122,29,108
121,121,28,106
121,120,28,106
121,119,28,106
121,118,28,106
121,118,28,106
121,118,28,106
120,117,29,108
120,118,28,106
120,118,28,106
119,118,28,106
119,118,28,104
119,116,28,106
119,115,28,106
119,115,28,106
118,115,28,104
118,115,28,104
118,115,28,104
119,115,28,104
120,116,27,102
119,115,28,104
120,115,27,102
120,115,27,102
120,113,27,102
120,112,27,102
120,111,27,102
120,110,27,102
120,110,26,100
119,111,26,98
119,111,26,98
119,111,26,98
118,111,26,98
118,111,26,98
118,110,26,98
117,109,26,98
117,109,26,98
118,108,26,100
118,107,26,100
118,107,26,100
117,108,26,98
117,108,26,98
117,108,26,98
118,108,26,98
119,108,25,96
118,106,26,100
119,106,25,96
118,104,26,100
119,104,25,96
119,104,25,96
119,104,25,96
119,104,25,96
117,103,26,98
118,104,25,96
118,104,25,96
118,104,25,96
118,103,25,96
116,101,26,98
117,102,25,96
117,101,25,96
117,101,25,96
117,101,25,96
117,101,25,94
116,102,24,92
117,102,24,92
117,102,24,92
118,101,25,94
118,100,25,94
117,99,24,92
117,100,24,90
117,99,24,90
117,99,24,90
117,99,24,90
117,99,24,90
117,99,24,90
117,99,24,90
117,99,24,90
117,99,24,90
117,98,24,90
116,97,24,90
116,96,24,90
116,96,24,90
116,95,24,90
117,96,23,88
117,96,23,88
117,96,23,88
117,96,23,88
117,96,23,88
117,95,24,90
117,95,23,88
117,94,23,88
116,92,24,90
116,92,24,90
117,92,23,88
116,92,23,88
116,92,23,88
115,93,23,87
115,93,23,87
115,92,23,87
114,92,23,87
114,91,23,87
114,90,23,87
113,90,23,87
114,89,23,88
113,89,23,87
113,89,23,87
113,91,23,85
113,91,23,85
113,91,23,85
113,90,23,85
113,90,23,85
113,89,23,85
113,88,23,85
112,87,23,85
112,87,23,85
112,87,23,85
111,87,23,85
111,87,23,85
110,88,22,83
110,88,22,83
110,87,23,85
109,87,23,85
108,86,22,83
108,86,22,83
108,85,23,85
108,85,22,83
107,85,22,83
107,85,22,83
107,85,22,82
107,85,22,82
107,85,22,82
107,85,22,82
107,84,22,82
107,83,22,82
107,82,22,82
107,81,22,82
107,82,21,80
107,82,21,80
106,81,22,82
107,82,21,80
106,82,21,80
106,82,21,80
105,82,21,80
105,83,21,78
104,80,22,82
104,80,22,82
103,79,22,82
103,79,22,82
103,78,22,82
104,79,21,80
104,79,21,80
104,82,20,77
104,81,21,78
104,80,21,78
104,80,21,78
104,79,21,78
104,78,21,78
104,78,21,78
104,77,21,78
104,77,21,78
104,78,21,78
104,78,21,78
103,79,20,77
103,79,20,77
103,78,21,78
103,78,20,77
103,78,20,75
102,76,21,78
102,75,21,78
102,76,20,77
102,75,20,77
102,76,20,75
102,77,20,75
101,76,20,77
101,76,20,77
101,75,21,80
102,75,21,78
102,75,20,77
101,75,20,75
101,74,20,77
101,73,21,78
100,73,20,77
100,74,20,75
99,74,20,75
99,74,20,75
99,74,20,75
99,73,20,74
99,73,20,74
98,72,20,74
98,72,20,74
98,72,20,74
98,71,20,74
99,71,20,74
100,72,19,72
100,72,19,72
100,72,19,72
100,72,19,72
100,72,19,72
99,72,19,72
98,70,20,74
99,70,19,72
99,70,19,72
99,70,19,71
99,70,19,71
98,70,19,71
98,70,19,71
98,70,19,72
98,70,19,72
98,70,19,72
98,69,19,72
98,69,19,72
97,69,19,71
97,68,19,72
97,67,19,72
97,68,19,71
97,68,19,71
98,68,18,70
98,69,19,71
98,69,19,71
98,68,19,71
98,68,19,71
98,67,19,71
98,66,19,71
98,65,18,70
98,65,18,70
98,65,18,70
98,66,18,68
98,66,18,68
98,66,18,68
98,66,18,68
98,66,18,68
98,66,18,68
98,65,18,68
98,64,18,70
98,64,18,70
98,64,18,70
99,63,18,70
99,64,18,70
99,65,18,68
99,65,18,68
100,65,18,68
100,64,18,68
100,64,18,68
100,63,18,68
100,62,18,68
99,63,18,67
99,62,18,67
99,62,18,67
100,62,17,66
100,62,17,66
100,62,17,66
100,62,17,66
100,62,17,66
100,62,17,66
99,61,17,66
99,61,17,66
99,61,18,67
99,60,18,67
100,60,17,66
99,61,18,67
99,61,18,67
100,61,17,66
100,61,17,66
100,60,17,66
100,60,17,66
100,59,17,66
99,59,18,67
99,58,18,67
100,58,17,66
100,58,17,66
100,58,17,66
100,58,17,66
100,58,17,66
99,59,17,64
99,58,17,66
99,58,17,66
99,57,17,66
99,57,17,66
99,56,17,66
99,56,17,66
99,56,17,66
99,56,17,66
99,57,17,64
99,57,17,64
99,57,17,66
99,57,17,64
99,57,17,64
100,58,17,63
100,57,17,63
100,56,17,63
99,56,17,63
99,56,17,63
99,55,17,64
99,55,17,64
99,56,16,62
99,56,16,62
98,55,17,64
98,55,17,64
98,56,17,63
98,55,17,63
98,55,17,63
98,55,17,63
98,54,17,63
98,54,16,62
98,54,16,62
98,55,17,63
98,55,17,63
98,55,17,63
98,55,17,63
98,54,17,63
98,53,16,62
98,53,17,63
98,53,17,63
98,53,17,63
98,53,17,63
98,53,16,62
98,53,16,62
98,53,16,62
98,53,16,62
97,53,17,63
97,52,16,62
97,52,16,62
97,52,17,63
97,51,16,62
97,51,16,62
97,51,16,62
96,52,16,61
97,52,16,61
97,52,16,61
97,52,16,61
97,52,16,61
97,52,16,61
97,50,16,61
97,50,16,61
97,51,16,59
97,49,16,61
97,49,16,61
97,49,16,61
98,50,15,58
98,50,15,58
97,50,15,58
97,51,16,59
97,51,16,59
96,49,16,61
96,50,16,59
96,50,16,59
96,50,16,59
96,49,16,59
97,49,15,58
97,50,15,56
97,50,15,56
97,50,15,56
98,50,15,57
98,50,15,57
98,49,15,57
98,49,15,57
98,48,15,57
98,48,15,57
98,48,15,57
98,48,15,57
98,49,15,57
98,49,15,57
98,49,15,57
98,49,15,57
97,48,15,57
97,48,15,57
97,48,15,57
97,47,15,57
97,47,15,57
97,47,15,57
97,47,15,56
97,47,15,56
97,47,15,56
97,48,15,56
97,47,15,56
97,47,15,57
97,47,15,57
97,46,15,57
97,46,15,57
97,45,15,57
97,45,15,57
97,45,15,57
96,46,15,57
95,46,14,55
95,46,14,55
95,46,14,55
95,45,15,56
95,45,15,57
95,45,15,57
95,44,15,57
95,44,15,56
94,44,15,56
94,45,14,55
94,45,14,55
94,45,14,55
94,45,14,55
94,45,14,55
94,45,14,54
94,44,14,54
93,43,14,55
93,43,14,55
93,43,14,55
93,43,14,54
93,43,14,54
92,43,14,54
92,44,14,52
92,44,14,52
92,43,14,54
91,43,14,54
91,42,14,55
91,42,14,55
91,42,14,55
90,42,14,55
91,42,14,54
91,42,14,54
91,43,14,53
91,43,14,53
91,43,14,53
91,43,14,53
91,42,14,54
91,42,14,53
91,41,14,54
90,40,14,54
90,41,14,53
90,41,14,53
90,41,14,53
90,42,14,53
90,42,14,53
90,41,14,54
90,41,14,54
90,40,14,54
89,40,14,54
89,41,14,53
89,39,14,54
90,39,14,54
90,40,14,53
90,41,14,53
90,41,14,53
90,41,14,53
90,41,14,53
90,41,14,53
90,40,14,53
91,40,13,51
90,39,14,53
90,39,14,53
90,38,14,54
90,38,14,54
90,38,14,52
91,40,13,51
90,39,14,52
90,39,14,52
90,39,14,52
91,40,13,51
91,40,13,51
90,38,14,52
90,37,14,54
90,37,14,52
90,37,14,52
90,38,14,52
92,39,13,51
92,39,13,51
92,39,13,51
92,39,13,51
92,38,13,51
92,38,13,51
91,36,14,52
93,37,13,51
93,37,13,51
92,37,13,50
92,37,13,50
92,37,13,50
92,37,13,50
92,36,14,52
93,38,13,51
93,37,13,51
