268,161,73,74
271,161,73,74
273,161,73,74
275,160,74,75
279,160,73,74
282,160,74,75
285,160,74,75
289,160,74,75
293,160,74,75
296,161,74,75
299,161,73,74
301,160,73,74
302,157,73,74
303,152,73,74
305,146,71,72
305,140,70,71
306,138,70,71
308,140,68,69
309,142,67,68
307,145,68,69
307,148,66,67
306,150,68,69
306,151,67,68
305,152,68,69
306,152,67,68
305,153,67,68
303,155,68,69
303,157,68,69
304,158,67,68
302,160,68,69
302,162,68,69
303,163,67,68
302,163,67,68
301,163,68,69
301,163,68,69
301,163,67,68
299,163,68,69
298,163,68,69
297,164,68,69
295,165,70,71
294,167,70,71
295,170,68,69
295,172,68,69
295,173,68,69
295,174,68,69
295,174,68,69
296,174,68,69
296,174,68,69
296,174,68,69
296,174,68,69
296,174,68,69
294,173,70,71
295,175,68,69
295,176,68,69
294,176,68,69
294,176,68,69
294,177,68,69
293,176,70,71
293,177,70,71
293,179,70,71
293,180,70,71
293,182,70,71
294,182,70,71
295,181,71,72
297,179,71,72
298,176,71,72
299,175,71,72
298,174,72,73
298,174,72,73
298,177,72,73
298,182,72,73
297,188,74,75
299,195,72,73
299,199,72,73
297,199,74,75
296,198,74,75
295,197,74,75
293,197,74,75
293,201,72,73
290,202,75,76
287,203,77,78
286,206,77,78
284,208,79,80
283,210,79,80
282,212,79,80
280,213,80,81
280,212,80,81
279,209,80,81
279,206,80,81
279,203,80,81
278,202,80,81
278,200,80,81
278,199,80,81
277,198,80,81
277,197,80,81
277,196,80,81
278,195,79,80
278,194,80,81
279,194,80,81
280,194,80,81
280,195,80,81
281,195,80,81
282,195,80,81
282,195,80,81
283,195,80,81
284,194,79,80
284,194,80,81
284,193,80,81
285,192,80,81
285,192,80,81
286,192,79,80
285,192,80,81
285,191,80,81
285,191,80,81
285,190,80,81
285,190,80,81
285,190,80,81
285,190,80,81
285,190,80,81
286,190,80,81
286,190,80,81
286,190,80,81
286,190,80,81
286,189,80,81
286,189,80,81
285,189,80,81
285,189,80,81
285,189,80,81
285,190,80,81
285,190,80,81
285,189,80,81
285,189,80,81
286,188,79,80
285,188,80,81
285,187,80,81
286,186,79,80
285,185,80,81
285,184,80,81
285,184,80,81
285,183,80,81
285,183,80,81
285,182,80,81
285,181,80,81
284,180,80,81
283,179,80,81
283,179,80,81
283,177,80,81
283,177,80,81
284,176,79,80
283,175,80,81
283,175,80,81
283,175,80,81
283,175,80,81
283,176,80,81
284,176,79,80
284,177,79,80
284,178,79,80
284,179,79,80
285,180,79,80
285,181,79,80
285,182,79,80
285,182,79,80
286,183,77,78
286,183,77,78
285,183,79,80
285,183,79,80
284,182,80,81
283,181,80,81
284,180,79,80
284,180,77,78
284,180,75,76
283,179,77,78
284,181,74,75
283,180,75,76
284,183,72,73
282,181,75,76
283,185,72,73
283,185,72,73
283,187,72,73
283,188,72,73
282,188,74,75
284,190,71,72
283,191,72,73
284,193,71,72
283,194,70,71
283,195,70,71
283,195,70,71
283,195,70,71
283,194,70,71
283,194,70,71
284,193,70,71
284,193,70,71
285,191,71,72
286,190,71,72
286,189,72,73
288,188,71,72
288,188,70,71
290,188,70,71
291,189,71,72
292,190,71,72
293,191,71,72
295,192,71,72
295,194,70,71
297,194,71,72
298,195,71,72
297,196,72,73
298,197,70,71
297,196,72,73
296,196,72,73
296,196,71,72
294,196,72,73
295,196,71,72
293,196,71,72
293,196,71,72
292,195,71,72
291,195,71,72
291,194,71,72
291,193,70,71
289,191,72,73
290,189,70,71
290,187,70,71
287,185,72,73
283,184,74,75
283,183,74,75
282,184,74,75
280,167,77,78
280,166,80,81
278,165,83,85
278,166,83,85
279,168,82,83
280,168,82,83
281,167,83,85
283,170,80,81
283,169,80,81
283,168,80,81
283,165,79,80
282,162,80,81
282,160,80,81
281,158,79,80
279,156,80,81
277,154,82,83
276,154,82,83
275,153,82,83
274,152,82,83
273,152,82,83
273,152,82,83
273,151,83,85
273,153,80,81
274,153,80,81
274,154,80,81
273,151,83,85
274,151,83,85
274,152,83,85
275,151,85,86
275,151,85,86
275,151,85,86
275,151,85,86
274,150,87,88
276,153,83,85
276,153,85,86
275,152,87,88
276,155,85,86
275,153,88,90
277,157,85,86
277,157,87,88
278,157,87,88
278,157,87,88
281,161,85,86
282,162,85,86
283,164,85,86
281,164,87,88
284,167,83,85
283,167,85,86
283,166,83,85
279,164,87,88
278,164,87,88
281,167,83,85
280,167,85,86
277,165,87,88
279,167,83,85
277,166,85,86
278,166,83,85
280,167,80,81
282,166,77,78
282,165,77,78
281,164,79,80
282,164,77,78
281,163,79,80
280,162,80,81
280,161,80,81
281,160,79,80
281,160,79,80
280,159,80,81
280,158,79,80
280,157,79,80
280,156,79,80
279,155,79,80
279,155,77,78
278,154,77,78
276,153,77,78
275,153,75,76
276,155,72,73
276,155,71,72
273,153,74,75
272,151,75,76
273,153,72,73
271,151,75,76
269,150,77,78
271,151,75,76
270,152,75,76
269,151,77,78
269,152,77,78
267,151,80,81
268,151,79,80
264,148,82,83
266,148,79,80
264,146,79,80
264,143,77,78
264,142,79,80
263,141,79,80
262,140,80,81
262,139,80,81
262,138,80,81
262,138,80,81
262,136,82,83
265,136,79,80
267,136,79,80
268,135,79,80
268,135,80,81
267,133,82,83
267,133,83,85
267,133,83,85
267,134,82,83
268,135,82,83
268,135,82,83
268,135,85,86
270,137,83,85
270,139,82,83
270,140,85,86
271,143,82,83
271,144,83,85
271,145,85,86
272,147,83,85
272,148,85,86
273,149,85,86
273,151,85,86
274,154,82,83
275,155,83,85
275,157,82,83
276,158,82,83
276,159,82,83
277,161,82,83
280,165,79,80
280,166,80,81
280,168,80,81
282,170,77,78
283,172,75,76
283,172,75,76
283,172,75,76
283,172,75,76
283,174,74,75
282,171,77,78
283,172,75,76
283,172,75,76
283,172,75,76
283,173,75,76
283,174,75,76
283,175,75,76
282,175,77,78
282,178,77,78
284,182,74,75
284,182,75,76
284,184,75,76
284,185,75,76
284,186,75,76
284,188,75,76
284,191,75,76
285,194,74,75
287,197,72,73
286,198,74,75
286,200,74,75
286,202,74,75
286,204,74,75
287,206,72,73
286,207,72,73
286,208,72,73
286,208,72,73
285,208,72,73
286,207,71,72
287,207,71,72
287,206,71,72
287,206,71,72
287,207,70,71
288,208,70,71
290,210,68,69
290,211,68,69
292,212,67,68
292,213,67,68
291,214,67,68
291,215,67,68
291,215,67,68
291,214,67,68
291,213,67,68
291,210,67,68
289,209,68,69
288,210,67,68
286,210,67,68
285,210,67,68
283,209,68,69
282,207,70,71
280,205,72,73
278,202,74,75
275,198,77,78
273,196,79,80
272,195,79,80
271,193,79,80
270,191,79,80
270,189,77,78
269,185,79,80
266,181,82,83
266,178,82,83
266,174,82,83
266,170,82,83
264,164,85,86
263,161,85,86
263,157,85,86
262,153,85,86
260,147,87,88
262,145,83,85
262,142,82,83
262,137,82,83
262,134,82,83
260,130,85,86
260,130,83,85
259,130,85,86
259,131,85,86
260,134,82,83
260,134,85,86
260,136,85,86
262,140,83,85
263,142,83,85
263,144,85,86
264,148,82,83
266,151,80,81
265,151,82,83
265,153,82,83
265,155,82,83
266,156,83,85
267,160,82,83
268,163,82,83
269,165,83,85
269,166,87,88
271,172,83,85
273,176,83,85
273,180,83,85
274,183,82,83
275,184,83,85
272,183,87,88
274,186,85,86
276,187,83,85
278,190,80,81
279,190,80,81
279,190,80,81
277,187,83,85
277,186,85,86
277,185,85,86
276,184,87,88
277,184,87,88
278,185,87,88
279,186,87,88
279,185,88,90
280,186,88,90
281,185,88,90
281,184,88,90
282,184,88,90
282,183,88,90
281,182,88,90
281,182,88,90
281,182,88,90
280,183,88,90
279,184,88,90
280,185,87,88
279,185,88,90
279,187,87,88
280,188,87,88
281,190,85,86
280,189,87,88
279,189,88,90
282,191,85,86
280,188,88,90
280,187,88,90
280,185,88,90
281,185,88,90
280,185,88,90
280,186,88,90
280,187,88,90
279,187,88,90
277,186,90,92
277,187,88,90
273,185,92,93
277,185,88,90
274,182,92,93
274,182,92,93
276,182,90,92
277,182,88,90
277,182,88,90
276,182,90,92
277,183,90,92
278,184,88,90
276,184,92,93
276,186,92,93
277,186,92,93
276,185,94,95
277,187,92,93
276,187,94,95
277,187,94,95
278,188,92,93
279,190,90,92
278,189,90,92
277,189,90,92
276,189,90,92
276,188,90,92
274,187,90,92
273,185,90,92
273,185,88,90
271,183,90,92
271,182,88,90
270,181,88,90
270,179,88,90
270,177,88,90
269,175,88,90
269,173,88,90
268,171,88,90
268,169,88,90
268,168,88,90
268,167,88,90
268,166,88,90
268,165,88,90
269,165,88,90
269,164,88,90
269,163,88,90
269,163,88,90
270,163,88,90
271,164,87,88
272,164,87,88
272,162,88,90
272,161,88,90
272,159,88,90
273,158,87,88
273,156,88,90
273,156,88,90
274,156,88,90
274,158,87,88
274,159,88,90
274,161,88,90
276,164,85,86
276,165,85,86
277,166,83,85
277,166,83,85
276,166,83,85
275,166,85,86
275,166,83,85
275,165,85,86
275,165,85,86
275,165,85,86
275,165,85,86
277,166,82,83
276,165,83,85
277,165,83,85
277,165,83,85
278,166,82,83
280,167,80,81
279,164,83,85
279,165,82,83
280,164,83,85
281,162,85,86
283,163,85,86
285,162,85,86
286,162,85,86
289,161,85,86
292,161,83,85
292,160,85,86
295,161,83,85
297,161,83,85
296,158,87,88
297,158,87,88
298,159,87,88
299,158,87,88
300,158,87,88
300,157,87,88
301,157,87,88
301,156,87,88
301,156,87,88
303,158,83,85
300,155,87,88
302,157,85,86
301,157,85,86
298,155,88,90
298,156,87,88
296,155,88,90
296,156,87,88
298,157,85,86
297,158,85,86
296,158,85,86
296,159,83,85
295,159,83,85
291,157,87,88
289,157,87,88
290,158,85,86
288,159,85,86
285,158,87,88
283,158,87,88
281,158,87,88
282,160,83,85
281,162,82,83
281,164,80,81
281,165,79,80
278,166,80,81
277,167,79,80
273,165,82,83
271,166,82,83
269,166,83,85
266,166,85,86
266,168,82,83
264,168,83,85
262,170,82,83
260,170,83,85
259,173,82,83
257,174,82,83
258,176,80,81
257,176,80,81
255,175,82,83
256,177,80,81
256,176,80,81
255,174,82,83
255,174,82,83
257,175,80,81
258,174,79,80
258,174,80,81
258,175,80,81
258,175,80,81
259,175,79,80
259,176,79,80
260,176,79,80
260,176,79,80
261,176,79,80
261,176,79,80
262,176,79,80
264,175,79,80
266,174,79,80
269,174,79,80
273,174,79,80
278,175,77,78
280,175,80,81
286,176,77,78
292,181,74,75
294,180,77,78
299,184,74,75
303,186,74,75
305,187,74,75
307,188,74,75
310,188,74,75
312,188,74,75
314,188,74,75
314,186,75,76
314,183,79,80
311,179,82,83
311,175,85,86
308,171,88,90
309,171,87,88
308,169,87,88
305,166,90,92
306,166,88,90
305,164,90,92
303,164,92,93
303,165,92,93
303,165,92,93
303,166,90,92
302,167,90,92
300,167,90,92
296,165,92,93
292,164,92,93
289,163,92,93
289,160,90,92
287,157,92,93
285,154,94,95
284,148,96,97
285,145,96,97
287,142,94,95
288,140,94,95
292,139,90,92
289,138,94,95
290,137,94,95
292,136,92,93
293,135,92,93
293,134,94,95
296,135,90,92
296,135,88,90
294,134,90,92
292,133,92,93
294,134,90,92
293,135,92,93
294,136,90,92
293,135,90,92
291,135,92,93
293,137,88,90
293,137,88,90
293,136,90,92
293,137,92,93
293,137,94,95
296,140,92,93
296,140,94,95
300,144,90,92
299,146,92,93
302,150,88,90
302,153,88,90
302,154,88,90
302,154,88,90
300,154,88,90
299,153,88,90
299,153,88,90
298,153,88,90
299,155,87,88
301,158,85,86
302,160,83,85
303,162,83,85
304,165,82,83
304,168,82,83
306,170,80,81
304,170,82,83
305,172,80,81
304,173,80,81
302,171,82,83
303,174,80,81
303,175,79,80
300,176,80,81
301,177,77,78
300,178,77,78
300,177,77,78
300,180,74,75
297,177,77,78
294,175,80,81
293,173,80,81
292,171,80,81
290,169,80,81
287,165,83,85
285,165,83,85
284,164,83,85
283,162,83,85
281,162,83,85
280,160,85,86
280,160,83,85
279,160,83,85
278,159,83,85
278,158,83,85
276,156,85,86
276,154,85,86
276,153,85,86
273,150,87,88
272,149,88,90
271,148,88,90
271,148,88,90
269,146,90,92
266,145,92,93
267,145,92,93
266,146,92,93
265,146,92,93
264,146,94,95
265,148,92,93
267,149,90,92
265,148,92,93
266,148,90,92
266,148,90,92
263,147,92,93
262,148,92,93
260,148,92,93
263,149,88,90
262,149,88,90
261,150,88,90
261,150,88,90
260,150,88,90
260,151,87,88
261,153,85,86
257,152,88,90
257,154,87,88
256,154,88,90
256,156,88,90
258,159,85,86
258,159,85,86
258,160,85,86
259,159,85,86
259,159,85,86
261,159,82,83
260,157,85,86
262,157,82,83
263,157,80,81
264,155,80,81
264,153,80,81
265,151,80,81
266,149,80,81
264,146,82,83
266,144,82,83
266,142,82,83
269,141,80,81
271,140,79,80
273,139,77,78
274,136,79,80
273,135,80,81
276,135,77,78
278,135,75,76
276,133,79,80
275,133,80,81
278,133,77,78
278,133,77,78
277,133,79,80
276,133,79,80
276,133,79,80
276,132,79,80
275,132,80,81
273,130,82,83
273,129,83,85
274,129,83,85
274,129,83,85
272,128,87,88
273,129,88,90
270,128,92,93
269,128,94,95
269,128,94,95
270,130,92,93
270,131,90,92
270,132,90,92
267,131,94,95
270,134,90,92
268,134,94,95
270,136,92,93
271,137,92,93
272,136,92,93
274,136,90,92
274,136,90,92
275,136,90,92
275,136,90,92
275,136,90,92
275,136,90,92
275,136,90,92
275,137,90,92
273,136,92,93
273,136,92,93
274,135,90,92
274,133,90,92
272,131,92,93
274,131,88,90
271,128,92,93
274,127,88,90
274,124,88,90
274,122,87,88
273,119,88,90
273,117,88,90
274,116,88,90
275,115,88,90
276,115,87,88
277,116,87,88
277,115,88,90
277,116,88,90
277,115,88,90
277,115,88,90
275,114,90,92
275,116,88,90
274,116,88,90
276,119,85,86
273,118,88,90
273,120,87,88
273,121,87,88
273,123,87,88
272,124,88,90
272,127,87,88
275,132,83,85
276,135,83,85
277,140,83,85
279,147,80,81
278,148,82,83
280,152,79,80
279,154,80,81
281,155,79,80
280,156,77,78
280,158,77,78
279,160,79,80
279,162,77,78
281,165,74,75
282,167,72,73
282,169,70,71
281,170,70,71
282,173,68,69
280,171,71,72
280,171,71,72
281,173,68,69
282,175,66,67
282,174,67,68
281,175,68,69
283,176,66,67
283,175,66,67
283,174,66,67
281,174,68,69
278,172,70,71
281,174,68,69
277,173,71,72
275,173,74,75
275,176,72,73
275,178,72,73
276,181,70,71
275,183,70,71
274,185,70,71
274,185,71,72
273,186,71,72
272,187,72,73
272,189,72,73
270,190,72,73
272,191,71,72
270,192,72,73
270,193,72,73
270,194,74,75
270,195,72,73
270,195,72,73
269,195,72,73
269,194,74,75
269,194,74,75
270,194,74,75
271,194,74,75
273,194,74,75
272,192,77,78
273,192,77,78
273,191,79,80
272,189,82,83
273,188,83,85
274,188,83,85
273,186,87,88
273,188,87,88
274,189,87,88
277,192,85,86
277,191,87,88
277,192,87,88
278,192,87,88
279,192,87,88
279,190,90,92
281,190,88,90
282,190,88,90
283,189,88,90
284,188,88,90
285,187,88,90
286,185,88,90
286,184,88,90
286,181,90,92
287,179,88,90
284,174,92,93
286,173,88,90
285,170,88,90
284,168,88,90
284,166,87,88
282,162,90,92
281,159,90,92
282,159,88,90
282,158,87,88
281,156,88,90
281,155,88,90
280,153,90,92
282,153,87,88
281,152,88,90
280,151,90,92
280,150,90,92
280,151,88,90
280,151,87,88
279,151,87,88
278,150,87,88
277,149,87,88
276,149,87,88
275,148,87,88
275,148,87,88
275,148,87,88
275,148,87,88
275,148,87,88
275,149,87,88
276,151,83,85
275,151,83,85
275,151,83,85
274,150,83,85
273,150,82,83
272,148,82,83
271,147,82,83
271,146,82,83
273,145,79,80
275,145,75,76
273,143,77,78
272,142,77,78
269,142,80,81
270,144,79,80
270,146,75,76
268,145,77,78
266,145,79,80
266,146,77,78
265,145,77,78
264,143,77,78
264,141,79,80
266,141,75,76
269,140,74,75
270,137,77,78
272,135,77,78
273,133,77,78
272,131,79,80
272,130,79,80
273,128,77,78
273,126,79,80
274,125,79,80
275,124,79,80
275,123,79,80
276,122,79,80
277,122,77,78
276,120,80,81
277,119,80,81
277,117,82,83
278,116,82,83
280,117,82,83
279,117,85,86
277,115,88,90
276,115,90,92
275,113,94,95
274,112,96,97
277,114,92,93
277,114,92,93
277,114,92,93
275,112,96,97
275,111,98,99
275,110,98,99
275,111,98,99
274,112,98,99
274,113,98,99
273,116,96,97
275,120,92,93
274,120,92,93
273,121,92,93
272,121,92,93
270,121,94,95
270,122,92,93
270,123,92,93
268,122,94,95
270,125,90,92
270,126,90,92
270,128,88,90
268,127,90,92
268,131,88,90
266,131,90,92
266,134,88,90
265,136,88,90
265,138,88,90
263,139,90,92
263,141,90,92
262,142,90,92
262,145,88,90
261,146,88,90
261,148,87,88
260,149,87,88
261,153,85,86
261,156,83,85
261,157,83,85
260,158,83,85
260,159,83,85
261,162,80,81
259,158,83,85
259,157,83,85
259,159,82,83
258,158,85,86
259,158,85,86
261,161,82,83
264,164,80,81
264,162,83,85
265,162,83,85
266,163,83,85
267,164,83,85
268,165,83,85
269,165,83,85
271,166,83,85
271,165,83,85
272,164,85,86
273,164,83,85
274,163,83,85
275,164,82,83
279,166,80,81
283,167,77,78
284,168,77,78
286,169,77,78
286,169,80,81
286,167,83,85
288,169,82,83
289,168,83,85
290,167,83,85
291,168,82,83
291,167,82,83
291,164,85,86
291,163,85,86
291,163,85,86
290,161,87,88
290,161,87,88
290,162,87,88
290,163,87,88
291,164,87,88
291,167,87,88
292,168,87,88
292,170,87,88
295,174,83,85
295,176,83,85
296,177,83,85
296,178,83,85
297,179,82,83
296,177,85,86
297,177,85,86
295,176,87,88
295,176,87,88
295,175,88,90
296,176,87,88
296,176,88,90
296,177,87,88
296,177,88,90
296,178,87,88
295,177,88,90
294,176,90,92
295,176,88,90
296,176,87,88
294,174,90,92
294,174,90,92
293,174,92,93
296,176,88,90
295,174,90,92
293,172,92,93
293,170,92,93
295,169,90,92
295,167,90,92
296,166,88,90
297,165,87,88
297,163,87,88
298,162,85,86
298,159,83,85
298,156,85,86
299,154,83,85
298,151,85,86
300,150,83,85
300,148,83,85
301,148,82,83
301,146,83,85
303,148,80,81
302,147,80,81
302,146,80,81
301,145,80,81
299,141,83,85
298,141,82,83
299,141,80,81
300,139,79,80
299,135,79,80
298,132,79,80
298,128,77,78
300,127,74,75
300,123,75,76
300,121,75,76
300,120,75,76
302,121,74,75
304,121,72,73
303,119,75,76
305,120,74,75
309,120,71,72
308,120,71,72
305,118,74,75
307,118,71,72
308,117,71,72
311,118,68,69
314,117,67,68
317,116,64,65
320,115,63,64
319,115,64,65
321,115,62,63
321,115,62,63
321,114,64,65
323,115,62,63
323,114,63,64
323,113,63,64
324,113,63,64
322,112,64,65
324,112,63,64
321,110,66,67
324,111,63,64
324,111,63,64
321,112,66,67
321,113,66,67
322,113,66,67
325,114,63,64
324,113,62,63
325,112,62,63
327,111,59,60
328,111,58,59
326,107,61,61
328,106,59,60
327,105,61,61
327,105,61,61
328,106,59,60
327,107,59,60
330,109,57,58
330,110,56,57
331,110,56,57
331,109,55,56
330,108,56,57
329,107,58,59
330,105,58,59
331,104,58,59
330,101,61,61
330,98,63,64
330,96,64,65
333,96,62,63
335,96,61,61
338,96,58,59
337,95,61,61
337,93,62,63
339,93,61,61
340,93,61,61
339,92,63,64
340,93,61,61
341,95,58,59
340,94,59,60
339,95,59,60
338,96,61,61
337,96,61,61
337,97,61,61
336,97,62,63
336,97,63,64
336,98,61,61
335,97,63,64
332,95,66,67
332,94,66,67
332,93,67,68
331,93,67,68
328,91,70,71
328,89,71,72
326,89,72,73
324,85,75,76
323,84,75,76
322,83,77,78
321,83,77,78
320,82,77,78
319,82,79,80
318,82,79,80
316,82,79,80
315,83,79,80
313,82,79,80
311,81,79,80
310,81,77,78
307,81,79,80
305,82,79,80
304,83,79,80
302,84,79,80
300,86,79,80
298,87,79,80
297,89,79,80
294,90,80,81
290,90,82,83
291,93,80,81
290,95,80,81
289,96,80,81
288,97,80,81
287,98,80,81
286,99,80,81
287,100,79,80
287,100,79,80
286,101,79,80
286,101,79,80
286,102,79,80
286,102,79,80
284,103,80,81
285,104,79,80
284,105,79,80
285,108,75,76
285,109,75,76
286,113,72,73
284,112,74,75
283,113,74,75
282,113,74,75
281,114,74,75
282,115,71,72
280,117,70,71
279,119,70,71
280,122,68,69
279,124,68,69
277,125,70,71
276,128,70,71
279,133,67,68
276,134,70,71
278,138,67,68
277,140,67,68
274,140,70,71
276,142,67,68
275,143,67,68
274,142,67,68
272,142,68,69
272,141,66,67
274,142,63,64
271,140,64,65
271,139,64,65
269,137,66,67
268,136,66,67
270,137,63,64
270,137,63,64
269,138,64,65
271,139,63,64
271,140,63,64
272,142,63,64
273,144,63,64
272,145,62,63
271,146,64,65
273,147,63,64
271,145,64,65
270,142,67,68
267,139,70,71
267,137,70,71
267,135,70,71
267,134,71,72
266,133,72,73
266,132,74,75
265,130,75,76
266,130,75,76
265,129,77,78
265,128,79,80
265,127,80,81
266,127,80,81
267,127,80,81
268,126,80,81
268,124,80,81
268,121,82,83
269,120,82,83
269,119,82,83
270,118,82,83
271,116,83,85
272,116,83,85
272,116,83,85
271,115,87,88
272,118,85,86
273,118,85,86
274,120,83,85
274,120,85,86
274,119,87,88
276,120,85,86
277,120,85,86
276,116,87,88
279,117,85,86
278,114,87,88
278,112,88,90
281,113,85,86
282,113,83,85
281,112,85,86
281,111,85,86
282,113,82,83
284,113,80,81
283,111,82,83
285,112,80,81
287,110,79,80
286,108,80,81
287,107,79,80
289,108,75,76
290,107,75,76
290,105,77,78
291,106,74,75
292,105,74,75
292,105,74,75
292,104,74,75
292,103,74,75
292,102,74,75
292,101,74,75
291,98,77,78
290,97,80,81
291,96,80,81
291,96,80,81
291,94,82,83
293,95,80,81
293,94,80,81
294,94,80,81
294,94,80,81
293,92,82,83
295,93,80,81
293,90,83,85
293,90,83,85
294,90,83,85
294,90,85,86
294,90,87,88
297,94,83,85
299,96,82,83
299,95,85,86
300,96,85,86
302,98,83,85
302,98,83,85
302,100,83,85
303,101,83,85
303,102,83,85
303,102,83,85
302,103,83,85
302,103,83,85
302,104,83,85
302,102,85,86
301,102,85,86
301,103,83,85
298,103,85,86
293,101,88,90
293,101,88,90
291,100,90,92
290,100,90,92
292,102,87,88
291,101,87,88
287,99,90,92
287,99,88,90
286,99,88,90
285,98,88,90
283,97,90,92
279,95,94,95
278,94,96,97
278,95,96,97
278,96,96,97
277,95,98,99
278,97,96,97
281,100,92,93
278,99,96,97
279,101,94,95
278,102,94,95
277,103,94,95
277,104,92,93
275,102,96,97
277,103,94,95
275,101,98,99
276,101,98,99
276,101,98,99
277,103,96,97
279,106,94,95
279,107,94,95
279,108,94,95
279,109,92,93
278,108,94,95
278,107,94,95
277,106,96,97
278,107,96,97
278,107,96,97
279,107,96,97
280,109,94,95
281,109,94,95
281,110,94,95
281,110,94,95
282,110,94,95
282,110,94,95
282,111,94,95
282,111,94,95
282,111,94,95
282,111,94,95
282,112,94,95
282,112,94,95
282,112,94,95
282,112,94,95
282,112,94,95
283,112,94,95
282,113,94,95
282,113,94,95
282,113,94,95
282,113,94,95
283,113,94,95
283,113,94,95
283,113,94,95
284,115,94,95
285,116,94,95
285,117,94,95
285,119,94,95
287,121,92,93
287,122,92,93
289,123,90,92
291,124,88,90
290,124,90,92
293,126,87,88
293,126,88,90
294,127,87,88
295,127,88,90
296,128,87,88
296,128,87,88
297,128,87,88
297,128,87,88
297,128,87,88
298,130,85,86
298,130,85,86
298,131,85,86
296,130,87,88
295,131,87,88
295,131,87,88
296,134,85,86
294,134,87,88
293,135,87,88
293,137,87,88
293,139,87,88
295,142,85,86
296,144,85,86
295,143,87,88
295,144,87,88
296,144,87,88
296,145,87,88
297,145,87,88
299,146,85,86
300,147,83,85
299,146,85,86
299,147,83,85
298,147,83,85
297,147,83,85
295,147,83,85
295,149,82,83
294,149,83,85
292,151,85,86
292,154,83,85
292,157,85,86
293,161,82,83
293,162,83,85
294,164,83,85
294,165,83,85
295,166,83,85
295,166,83,85
295,167,83,85
295,167,83,85
294,166,83,85
294,166,83,85
293,164,85,86
294,163,85,86
294,162,85,86
295,161,85,86
296,160,85,86
297,159,85,86
298,157,85,86
298,154,85,86
299,152,85,86
299,149,85,86
300,146,85,86
302,143,85,86
302,140,85,86
299,136,88,90
300,133,88,90
299,130,88,90
296,128,88,90
293,126,88,90
291,126,88,90
288,125,88,90
286,125,88,90
285,125,88,90
283,125,88,90
280,124,90,92
281,126,88,90
280,126,88,90
279,126,90,92
279,128,88,90
277,127,90,92
277,127,90,92
276,127,90,92
276,128,90,92
276,127,90,92
276,127,90,92
276,127,90,92
276,127,90,92
276,127,90,92
277,127,90,92
276,126,92,93
278,126,90,92
278,125,90,92
279,124,90,92
279,123,90,92
280,122,90,92
279,121,92,93
281,121,90,92
279,120,92,93
278,119,94,95
279,120,92,93
279,120,92,93
278,119,94,95
280,120,92,93
279,119,94,95
280,119,92,93
281,119,92,93
281,118,92,93
281,117,92,93
281,116,94,95
281,116,94,95
281,116,94,95
282,118,92,93
281,119,92,93
280,119,94,95
280,120,94,95
279,121,94,95
280,124,92,93
278,124,94,95
279,126,92,93
278,128,92,93
277,128,94,95
277,129,94,95
278,130,94,95
278,130,94,95
278,131,94,95
277,130,96,97
279,131,94,95
280,130,94,95
279,129,96,97
281,130,94,95
282,129,94,95
283,128,94,95
283,127,96,97
283,127,96,97
285,127,96,97
285,127,96,97
287,128,94,95
287,128,94,95
288,127,94,95
288,126,96,97
288,125,96,97
289,125,96,97
289,124,96,97
290,124,96,97
291,124,96,97
292,125,96,97
294,126,96,97
295,126,98,99
298,128,96,97
299,127,98,99
302,129,96,97
304,130,96,97
306,130,96,97
308,131,96,97
310,131,96,97
310,130,98,99
312,130,96,97
313,129,96,97
312,128,96,97
312,126,96,97
311,125,96,97
310,124,96,97
308,123,96,97
307,121,96,97
305,120,96,97
302,118,96,97
300,117,96,97
298,115,96,97
297,114,94,95
296,113,94,95
294,111,94,95
291,110,96,97
290,109,96,97
288,110,96,97
287,111,96,97
286,113,94,95
283,113,96,97
283,115,94,95
282,116,94,95
281,117,94,95
280,118,94,95
279,119,94,95
280,121,92,93
279,122,92,93
279,122,92,93
278,122,94,95
280,123,92,93
281,124,92,93
282,124,92,93
284,126,92,93
286,127,92,93
286,127,94,95
288,128,94,95
289,129,94,95
291,130,94,95
293,131,94,95
294,131,94,95
295,132,94,95
294,131,96,97
294,131,96,97
294,132,96,97
294,131,96,97
294,131,96,97
295,130,96,97
297,131,94,95
298,131,94,95
298,131,94,95
298,131,94,95
298,132,94,95
298,132,94,95
296,132,96,97
296,133,94,95
294,133,96,97
293,134,94,95
291,134,94,95
289,132,96,97
289,133,94,95
287,131,96,97
287,131,96,97
287,131,96,97
289,132,94,95
288,131,96,97
290,133,94,95
290,132,96,97
290,132,96,97
290,133,96,97
290,133,96,97
291,134,94,95
291,133,96,97
291,133,96,97
291,134,96,97
290,134,96,97
289,134,98,99
290,135,96,97
290,135,96,97
290,135,96,97
289,133,98,99
289,133,98,99
289,133,98,99
288,132,100,101
288,133,100,101
288,134,98,99
288,134,98,99
287,133,100,101
288,134,98,99
288,134,98,99
287,133,98,99
286,132,100,101
286,133,100,101
285,133,100,101
285,135,98,99
284,136,98,99
282,138,98,99
280,139,98,99
276,139,102,103
275,143,100,101
275,145,100,101
273,145,102,103
272,146,102,103
273,147,102,103
273,148,102,103
273,149,102,103
274,149,102,103
274,149,102,103
275,151,100,101
274,150,102,103
275,151,100,101
274,150,102,103
273,148,102,103
272,149,98,99
269,149,100,101
270,149,98,99
269,148,98,99
269,148,96,97
266,147,98,99
266,147,96,97
266,148,96,97
265,148,96,97
265,150,94,95
265,151,94,95
264,151,96,97
265,153,94,95
266,154,92,93
268,154,92,93
269,155,92,93
268,154,94,95
272,154,90,92
272,153,90,92
270,150,94,95
272,151,90,92
273,150,88,90
272,150,90,92
273,151,88,90
273,151,88,90
272,150,90,92
269,149,94,95
272,149,90,92
270,147,94,95
271,147,92,93
270,144,94,95
270,143,94,95
269,142,94,95
268,140,94,95
266,138,96,97
265,137,96,97
265,136,96,97
263,133,100,101
265,135,96,97
265,134,96,97
264,132,98,99
263,131,98,99
261,128,102,103
261,128,102,103
263,129,98,99
263,129,100,101
263,131,100,101
262,133,102,103
265,137,98,99
267,141,98,99
269,144,100,101
272,148,96,97
274,151,96,97
273,151,100,101
276,151,98,99
277,150,98,99
278,149,98,99
280,149,96,97
284,148,94,95
287,147,92,93
289,146,90,92
288,143,92,93
289,141,92,93
293,142,88,90
293,142,88,90
292,142,90,92
293,144,88,90
293,144,88,90
293,144,88,90
293,144,88,90
293,144,88,90
295,144,87,88
297,145,85,86
298,145,85,86
298,144,87,88
301,147,85,86
302,148,83,85
304,152,80,81
305,154,80,81
302,155,82,83
304,157,79,80
300,157,82,83
299,157,82,83
297,156,83,85
295,155,82,83
296,154,79,80
294,154,80,81
293,154,80,81
292,155,80,81
292,156,80,81
290,155,82,83
291,156,82,83
292,157,82,83
293,158,82,83
294,160,82,83
295,159,83,85
296,160,83,85
296,160,83,85
297,160,83,85
296,159,85,86
297,159,85,86
295,158,87,88
293,157,90,92
291,157,92,93
291,158,92,93
295,160,88,90
297,163,85,86
298,163,85,86
298,163,85,86
297,163,85,86
298,164,83,85
297,164,83,85
296,164,83,85
295,163,83,85
294,162,83,85
292,161,85,86
291,161,85,86
290,162,83,85
290,162,83,85
289,162,83,85
289,163,83,85
288,163,83,85
288,163,83,85
289,164,83,85
288,165,82,83
288,164,83,85
288,165,82,83
286,163,83,85
285,163,82,83
283,161,82,83
281,159,82,83
283,159,79,80
282,158,79,80
280,155,80,81
279,153,80,81
277,151,82,83
279,151,80,81
277,146,83,85
276,144,83,85
276,143,83,85
275,141,85,86
275,138,85,86
273,135,87,88
272,132,87,88
272,129,87,88
271,126,88,90
270,123,90,92
269,122,90,92
269,121,90,92
269,121,90,92
268,122,90,92
267,122,90,92
267,122,90,92
267,121,90,92
267,120,90,92
265,119,92,93
265,117,92,93
265,115,92,93
265,114,92,93
265,112,92,93
264,111,92,93
264,110,92,93
265,109,90,92
265,108,90,92
265,107,90,92
266,108,88,90
265,108,90,92
266,109,90,92
266,111,90,92
268,113,88,90
266,114,92,93
266,116,92,93
269,120,88,90
267,121,92,93
267,122,92,93
267,123,92,93
270,124,90,92
270,124,90,92
271,125,90,92
273,126,88,90
271,125,92,93
272,125,92,93
274,127,90,92
276,129,88,90
277,131,88,90
275,133,92,93
280,136,88,90
278,137,92,93
279,138,92,93
277,137,94,95
275,135,96,97
272,132,100,101
269,130,102,103
268,128,102,103
266,125,102,103
266,125,100,101
263,122,102,103
263,121,102,103
259,118,106,107
259,118,106,107
256,116,108,109
254,113,110,112
251,113,110,112
249,114,108,109
242,111,112,114
233,109,117,119
224,105,122,123
218,104,122,123
211,99,124,126
208,99,122,123
202,93,124,126
198,89,127,128
193,83,129,131
194,79,127,128
192,73,129,131
193,68,129,131
193,63,132,134
195,60,132,134
197,57,132,134
199,54,132,134
200,51,132,134
202,49,132,134
205,51,129,131
206,55,129,131
210,62,127,128
217,72,122,123
223,81,119,121
224,87,122,123
230,91,119,121
233,93,117,119
233,91,117,119
231,88,117,119
229,82,119,121
232,76,117,119
237,73,115,116
240,66,117,119
241,60,122,123
245,56,122,123
249,52,122,123
251,46,124,126
252,40,129,131
253,36,132,134
255,33,134,136
258,34,132,134
259,36,132,134
259,36,134,136
260,36,134,136
259,36,137,139
257,34,140,142
255,32,143,145
254,30,145,147
253,28,145,147
253,26,145,147
251,22,148,150
251,21,148,150
252,23,148,150
