139,90,45,59
139.81568627451,90,45,59
139.81568627451,89.5921568627451,45,59
139.81568627451,88.3686274509804,45,59
137.36862745098,87.5529411764706,45,59
137.36862745098,85.1058823529412,45,59
135.737254901961,83.4745098039216,45,59
134.921568627451,81.4352941176471,45,59
134.513725490196,81.843137254902,45,59
131.658823529412,82.6588235294118,45,59
131.658823529412,84.2901960784314,45,59
130.843137254902,85.5137254901961,45,59
126.356862745098,85.5137254901961,45,59
122.278431372549,84.6980392156863,45,59
120.239215686275,83.4745098039216,45,59
120.647058823529,82.6588235294118,45,59
121.462745098039,83.0666666666667,45,59
122.188462009804,86.0845674019608,45.995625,60.305375
124.694344362745,89.8433909313726,45.995625,60.305375
127.61787377451,91.0963321078431,45.995625,60.305375
131.376697303922,91.0963321078431,45.995625,60.305375
136.388462009804,89.0080968137255,45.995625,60.305375
138.476697303922,87.3375085784314,45.995625,60.305375
139.638458937653,84.5821450733762,47.013278203125,61.639631421875
139.638458937653,82.4448901714154,47.013278203125,61.639631421875
138.783556976869,82.4448901714154,47.013278203125,61.639631421875
137.928655016085,85.8644980145527,47.013278203125,61.639631421875
138.263472586747,87.319864493909,48.0534469833691,63.003408267084
139.473057800082,89.2346539958367,49.1166294978762,64.3973586749932
138.484607047046,90.3026503723573,50.2033349255167,65.8221502356775
138.384134615216,90.4842967569438,51.3140837107438,67.2784653096418
136.883139230833,90.2066954011225,52.449407812844,68.7670013546176
135.826447068668,89.4459604486371,53.6098509607031,70.2884712595886
134.260839072807,86.7232961961122,54.7959689132087,71.843603686207
133.156619451019,83.9363694675884,56.0083297254135,73.4331434177643
133.044870440686,84.1397015930392,57.2475140205882,75.0578517158823
137.088040405069,89.5446682260793,58.5141152682938,76.7185066850962
139.213530601147,94.8583937162754,58.5141152682938,76.7185066850962
140.69170839707,95.6038128831304,59.8087400686048,78.415903645504
141.777982906874,103.207734451758,59.8087400686047,78.415903645504
142.864257416678,108.639107000777,59.8087400686047,78.415903645504
137.97602212256,115.156754059601,59.8087400686047,78.415903645504
133.512427151238,114.832415380425,61.1320084426226,80.1508555136608
131.726350386273,110.616334776599,62.4845541294157,81.9241931919005
133.868448339549,99.5100483894134,63.867024889529,83.7367659662713
138.965840945336,90.458220219833,65.2800828152098,85.5894419132751
139.427993754683,86.5506027049419,66.7244046474963,87.4831083156063
137.004464342919,87.1564850578831,66.7244046474963,87.4831083156063
135.792699637036,87.7623674108243,66.7244046474963,87.4831083156063
131.551523166448,92.6094262343537,66.7244046474963,87.4831083156063
130.945640813507,95.6388379990596,66.7244046474963,87.4831083156063
130.945640813507,95.0329556461184,66.7244046474963,87.4831083156063
131.551523166448,93.821190940236,66.7244046474963,87.4831083156063
131.551523166448,93.2153085872949,66.7244046474963,87.4831083156063
132.76328787233,93.2153085872949,66.7244046474963,87.4831083156063
135.186817284095,92.6094262343537,66.7244046474963,87.4831083156063
137.110041003387,92.3304633460534,65.3014866206762,85.6175046804422
141.359269115512,85.5453336682249,63.9089127493678,83.7916856047267
142.040707522539,80.0544614097248,62.546035935315,82.0048026707464
144.982123854204,78.0857127134206,61.212222879827,80.2560255535509
153.403435850349,78.3865527118518,59.9068537894982,78.5445416351198
162.189260524526,80.3103202258375,58.629322088204,76.8695556267564
173.4418554814,83.7868161845461,57.3790341352387,75.2302891995352
183.441903368406,90.3262253749598,56.1554089494631,73.6259806226294
187.010530819386,92.8752449828029,56.1554089494631,73.6259806226294
182.422295525269,93.3850489043715,56.1554089494631,73.6259806226294
175.285040623308,92.8752449828029,56.1554089494631,73.6259806226294
169.167393564484,92.8752449828029,56.1554089494631,73.6259806226294
166.108570035072,92.8752449828029,56.1554089494631,73.6259806226294
165.997154745138,90.5313458074592,57.39784737247,75.2549554439051
169.534740078188,89.698837862861,58.6677747455859,76.9199713331015
173.685727820064,88.3145773466552,59.965799261832,78.6218256988464
179.018434597103,86.899725360646,61.2925425705,80.3613335924334
182.795287805701,84.8970026175837,62.6486400748724,82.139328098166
190.063021538598,84.5569637514781,64.0347412365289,83.9566607323379
191.095813684258,83.0478010352638,65.4515098863871,85.8142018510409
193.472284272493,84.2360363293815,65.4515098863871,85.8142018510409
198.225225448963,86.6125069176168,65.4515098863871,85.8142018510409
196.907050473786,89.8220108390514,66.8996245426234,87.7128410669952
188.397246552218,94.0769127998357,66.8996245426234,87.7128410669952
180.495285767904,95.2925990743455,66.8996245426234,87.7128410669952
173.676777298852,93.1065894955321,68.379778735629,89.6534876756024
165.461502467178,83.412837003807,69.8926813401548,91.6370710904251
153.253020562205,81.7638077872221,71.4390569148057,93.6645412883008
140.272628405342,82.4128273950653,71.4390569148057,93.6645412883008
131.045078936262,84.6217614462792,73.0196460490458,95.7368692643045
123.092137759791,83.2962712502007,73.0196460490458,95.7368692643045
121.766647563713,80.6452908580439,73.0196460490458,95.7368692643045
117.790176975477,76.6688202698086,73.0196460490458,95.7368692643045
114.476451485281,73.3550947796125,73.0196460490458,95.7368692643045
109.290328575861,73.0504133702679,71.4624801031806,93.6952516908368
102.264072738265,72.1023942786227,69.9385211901368,91.6971722270683
97.8170139147357,71.4671001609757,69.9385211901368,91.6971722270683
94.750979223953,71.1742468343678,68.4470611599375,89.7417024096959
93.507841969051,71.1742468343678,68.4470611599375,89.7417024096959
87.2921556945412,73.0389527167207,68.4470611599375,89.7417024096959
77.9686262827765,78.6330703637795,68.4470611599375,89.7417024096959
69.8882341259137,79.2546389912305,68.4470611599375,89.7417024096959
61.807841969051,82.3624821284854,68.4470611599375,89.7417024096959
56.8352929494432,86.0918938931913,68.4470611599375,89.7417024096959
53.1058811847373,89.8213056578972,68.4470611599375,89.7417024096959
51.8627439298353,90.4428742853481,68.4470611599375,89.7417024096959
49.2408424334006,90.6932439573428,69.9614523881012,91.7272375755104
44.6551291604748,89.6785113916638,71.5093495221879,93.7567027068686
45.1620961970719,87.3432886522827,73.0914938803663,95.831069754258
46.341756840138,83.6321770509694,74.7086431824694,97.951332172571
50.264312082775,79.1564335760652,76.3615719128816,100.118505396889
57.7489739581947,78.0488726101121,78.0510716914541,102.333627328795
61.1325928011374,79.7481794068069,79.7779516526275,104.597758833445
62.4206374462743,82.2087137585355,81.5430388329419,106.911984247635
65.224449932126,86.2142352269136,83.3471785671207,109.277411899114
72.6279119653057,91.060255818564,85.1912348929183,111.695174637382
83.2737192234205,96.7775691256086,87.0760909649241,114.166430376234
90.2124007514347,97.0949951464342,89.0026494775231,116.692362648308
95.0594595749641,97.9028382836891,89.0026494775231,116.692362648308
97.4829889867288,96.2871520091793,89.0026494775231,116.692362648308
100.714361535748,93.8636225974146,89.0026494775231,116.692362648308
102.330047810258,90.632250048395,89.0026494775231,116.692362648308
102.330047810258,84.1695049503558,89.0026494775231,116.692362648308
104.086895101581,78.1431666059503,87.1046411693879,114.203862866531
106.596053613081,70.6687256303965,85.247108460113,111.768431092148
109.828543157222,67.2134145359822,83.4291881953612,109.384935633918
111.474982186089,65.3522969054216,81.6500356278216,107.052268934255
113.086764458251,62.0466990217333,79.9088240246741,104.769347054573
109.585863152405,55.183425806356,78.204744283425,102.535109171602
103.907431779856,51.6344061985129,78.204744283425,102.535109171602
98.3530663494836,50.5982904773838,76.5370045559351,100.348517084448
94.3103301578068,50.9741540064663,74.9048298804651,98.2085547321654
93.0678377166669,52.0213175117431,73.3074618215685,96.114227721612
90.5259601568551,53.046149939859,71.7441581176627,94.06456286538
89.8749797646982,54.3481107241728,71.7441581176627,94.06456286538
85.969097411757,56.3010519006434,71.7441581176627,94.06456286538
83.3651758431296,56.9520322928002,71.7441581176627,94.06456286538
83.3651758431296,58.9049734692708,71.7441581176627,94.06456286538
82.5715060939529,57.8643842425725,73.331497616016,96.1457413187765
83.7602764015758,59.4674386459002,74.9539570007704,98.2729658454545
84.2918825659802,60.4214704318231,76.6123132994124,100.447255214785
83.5958041346077,67.3822547455486,76.6123132994124,100.447255214785
83.4443588501055,70.4475275729703,78.3073607311619,102.669650736412
84.7133777896641,70.7352739734635,80.0399110873389,104.941216758955
91.9878875935856,70.7352739734635,80.0399110873389,104.941216758955
97.6495049007113,66.6645578414989,81.8107941201463,107.263041179747
103.594602939927,62.9488715669891,81.8107941201463,107.263041179747
113.0934925986,58.7897251543303,83.6208579400545,109.636235965849
120.055700825183,59.9587380317975,81.8376179574774,107.298210210915
121.541975334987,59.2156007768955,81.8376179574774,107.298210210915
122.285112589889,58.4724635219936,81.8376179574774,107.298210210915
123.900855771205,64.0753703771482,80.0924061046493,105.010043559429
124.628306751597,64.0753703771482,80.0924061046493,105.010043559429
126.083208712381,68.4400762595012,80.0924061046493,105.010043559429
128.265561653558,74.2596841026384,80.0924061046493,105.010043559429
131.902816555519,74.9871350830306,80.0924061046493,105.010043559429
134.812620477087,82.2616448869521,80.0924061046493,105.010043559429
139.904777339832,82.2616448869521,80.0924061046493,105.010043559429
142.814581261401,90.2636056712659,80.0924061046493,105.010043559429
145.72438518297,93.9008605732266,80.0924061046493,105.010043559429
149.36164008493,93.9008605732266,80.0924061046493,105.010043559429
150.089091065323,93.1734095928345,80.0924061046493,105.010043559429
147.748166862006,86.9195791232132,81.8644505897147,107.333390773181
141.059931567888,86.1764418683112,81.8644505897147,107.333390773181
137.181757063631,86.4753407426868,83.6757015590121,109.708142044038
130.352345298925,93.3047525073927,83.6757015590121,109.708142044038
128.834698240102,96.3400466250398,83.6757015590121,109.708142044038
128.07587471069,101.651811330922,83.6757015590121,109.708142044038
122.764110004808,105.445928977981,83.6757015590121,109.708142044038
123.356094615135,104.991106186031,85.5270264560053,112.135434686762
125.685506379841,104.991106186031,85.5270264560053,112.135434686762
128.014918144547,102.661694421325,85.5270264560053,112.135434686762
128.014918144547,96.4499297154423,85.5270264560053,112.135434686762
126.461976968076,93.3440473625011,85.5270264560053,112.135434686762
122.579624026899,92.5675767742658,85.5270264560053,112.135434686762
118.527598943789,90.5506079398082,87.4193119163444,114.616431179207
113.762893061436,90.5506079398082,87.4193119163444,114.616431179207
109.619346335126,88.4885460228294,89.3534641924935,117.152319719047
103.760285402202,89.6278426035845,91.3304095877525,119.744314792831
94.781168472541,98.3693402761984,89.3827610941341,117.190731212309
94.6041363838195,99.5082119298093,91.3603546833418,119.783576140381
93.7747246191136,108.631741341574,91.3603546833418,119.783576140381
99.3993448130762,108.136047295227,93.3817025307108,122.433787762487
103.634638930723,110.677223765815,93.3817025307108,122.433787762487
109.564050695429,113.218400236403,93.3817025307108,122.433787762487
114.460427375889,109.322799988693,95.4477726992028,125.142635316732
122.071203057071,100.138409585501,97.5595546701726,127.911416123115
127.388850115894,95.7070370364816,97.5595546701726,127.911416123115
133.399793620787,93.4057424858157,99.7180598172502,130.741456204839
136.274817157251,92.9880282466958,97.5915421560871,127.953355271314
141.746774222031,93.4660756575559,95.5103731245657,125.224711429986
150.413440888698,94.3327423242226,95.5103731245657,125.224711429986
155.765167959564,96.5346363356548,93.4735856494997,122.554256740455
158.459883359585,94.4453111237437,91.4802332808297,119.940750301532
160.266677673105,85.7477268489645,89.5293897518288,117.38297767462
155.384324731929,73.5418444960233,89.5293897518288,117.38297767462
145.619618849576,64.5908641038665,89.5293897518288,117.38297767462
138.436984549186,64.2150268010893,87.6201485486874,114.87975031939
135.252670823696,61.8267915069716,87.6201485486874,114.87975031939
131.410463265166,61.4595572831742,85.7516224892756,112.429905041495
126.875783246516,61.8799267053448,83.9229433108899,110.032303452056
124.587547952398,61.1171816073055,83.9229433108899,110.032303452056
123.95689877837,63.0531627120323,82.1332612667902,107.68583143868
124.832657046094,64.201379107493,80.3817447313418,105.389398647759
122.772092446153,67.5133447365897,78.667579813577,103.141937977801
121.344641465761,68.9407957169819,78.667579813577,103.141937977801
119.203464995173,71.7956976777662,78.667579813577,103.141937977801
118.489739504976,73.9368741483544,78.667579813577,103.141937977801
118.489739504976,77.5055015993348,78.667579813577,103.141937977801
124.199543426545,77.5055015993348,78.667579813577,103.141937977801
127.768170877525,79.6466780699231,78.667579813577,103.141937977801
136.332876759878,84.6427565012956,78.667579813577,103.141937977801
145.611308132427,92.4937368934525,78.667579813577,103.141937977801
155.603464995173,96.7760898346289,78.667579813577,103.141937977801
165.439087246426,94.9213566555534,80.4081000169524,105.42395335556
176.220160875283,90.1080453480281,82.1871292298275,107.756458323552
188.010965758178,80.6983424690003,84.0055194640374,110.14056996396
195.63841673857,74.5963816846866,84.0055194640374,110.14056996396
194.709105679499,71.8524614333819,85.8641415821792,112.577430074413
193.148321365773,71.8524614333819,85.8641415821792,112.577430074413
186.905184110871,74.1936379039701,85.8641415821792,112.577430074413
184.564007640283,76.5348143745583,85.8641415821792,112.577430074413
181.442439012832,84.3387359431858,85.8641415821792,112.577430074413
179.101262542244,89.801481041225,85.8641415821792,112.577430074413
178.320870385381,90.5818731980878,85.8641415821792,112.577430074413
183.138370510662,91.7822470006884,84.033062900246,110.176682469211
183.271640601378,87.6178067841157,82.2410325227347,107.827131529808
186.389724466938,78.3087062836664,80.487217732792,105.527685471883
186.389724466938,74.6518435385684,80.487217732792,105.527685471883
187.121097015957,69.5322356954311,80.487217732792,105.527685471883
188.583842113996,65.8753729503331,80.487217732792,105.527685471883
190.046587212036,62.218510205235,80.487217732792,105.527685471883
190.90479429268,61.8809699462635,78.7708035715024,103.277275793748
185.894990371112,61.8809699462635,78.7708035715024,103.277275793748
183.747931547582,61.8809699462635,78.7708035715024,103.277275793748
183.872150829227,62.9821794532209,77.0909924591944,101.074856779833
183.872150829227,60.1821794532209,77.0909924591944,101.074856779833
179.672150829227,57.3821794532209,77.0909924591944,101.074856779833
179.094145146412,60.5599053357528,75.4470038248236,98.9194050147688
181.147086322883,61.244219061243,75.4470038248236,98.9194050147688
184.568654950333,63.9814739632038,75.4470038248236,98.9194050147688
188.674537303275,63.2971602377136,75.4470038248236,98.9194050147688
191.411792205235,65.3501014141842,75.4470038248236,98.9194050147688
190.727478479745,70.8246112181058,75.4470038248236,98.9194050147688
189.892845999933,70.4146290256201,77.1162687844479,101.107996850721
189.892845999933,70.4146290256201,77.1162687844479,101.107996850721
189.192845999933,69.7146290256201,77.1162687844479,101.107996850721
190.592845999933,67.6146290256201,77.1162687844479,101.107996850721
196.192845999933,66.2146290256201,77.1162687844479,101.107996850721
196.892845999933,64.1146290256201,77.1162687844479,101.107996850721
194.092845999933,68.3146290256201,77.1162687844479,101.107996850721
192.539747276505,69.296121810459,78.8224662313038,103.345011281043
190.392688452976,69.296121810459,78.8224662313038,103.345011281043
181.804453158858,72.1588669084982,78.8224662313038,103.345011281043
177.510335511799,70.7274943594786,78.8224662313038,103.345011281043
168.206413943172,73.5902394575178,78.8224662313038,103.345011281043
158.186806100035,74.3059257320276,78.8224662313038,103.345011281043
153.892688452976,73.5902394575178,78.8224662313038,103.345011281043
146.735825707878,72.1588669084982,78.8224662313038,103.345011281043
142.566478203354,71.1137398317606,77.1415533972145,101.141147787459
137.666478203354,67.6137398317606,77.1415533972145,101.141147787459
132.766478203354,64.8137398317606,77.1415533972145,101.141147787459
125.766478203354,64.8137398317606,77.1415533972145,101.141147787459
121.566478203354,67.6137398317606,77.1415533972145,101.141147787459
116.666478203354,68.3137398317606,77.1415533972145,101.141147787459
111.766478203354,70.4137398317606,77.1415533972145,101.141147787459
108.966478203354,69.7137398317606,77.1415533972145,101.141147787459
105.466478203354,69.0137398317606,77.1415533972145,101.141147787459
105.466478203354,67.6137398317606,77.1415533972145,101.141147787459
103.489011634155,70.092172552145,75.4964865356113,98.9842823466904
98.6850900655279,71.4647215717528,75.4964865356113,98.9842823466904
91.1360704576847,74.2098196109685,75.4964865356113,98.9842823466904
80.155678300822,73.5235451011646,75.4964865356113,98.9842823466904
69.026380771463,72.4285314777043,77.1668463002117,101.174309593611
61.8727225342669,74.109290677825,78.8741627746039,103.41279119337
