1039.5,408.5,165.0,74.0
1033.4120377408653,410.4651022447488,167.78992769972683,73.39362659189283
1025.442386637468,410.0264843464199,171.07717225881638,72.42476420396491
1022.0495608160911,410.5421054708597,172.66531175175942,71.64845134861531
1014.1941772206966,409.4424851884103,174.0621665508858,71.20185746756077
1007.4831465105123,409.83088528595323,174.53649218481655,70.45110023119638
1003.3643525575204,410.0555311973053,173.46767120865917,69.40601498245546
999.4027417109666,411.40011242859026,171.50393954788493,68.7185944060244
997.5925266673376,410.48907384777385,171.10747767881372,67.77391360256931
992.7044108427023,411.1525797051864,169.50720156898998,67.37301138052302
986.3694053367029,411.821111767327,168.51441751415527,67.60634761348825
983.2566041666389,410.46134238885213,168.459320601201,66.69011414219693
978.893948724972,411.54012547087666,168.27341379502047,66.25263836739967
972.4641207318123,412.36245281022065,167.49736860183563,66.10406158387617
968.902355333815,411.42203742567506,168.04645796487745,66.01493345156196
962.5724404606437,412.72189797462937,168.74995550449364,65.97533770460551
957.2421696377133,412.732214523039,167.6567406272222,65.82955030626219
950.7871025782708,411.6003680193239,166.90260148408333,65.92262621011562
945.7278508047173,410.63493040451567,166.99902270239414,65.87482714716771
941.5865812861509,411.31720827030654,166.47096050509072,65.52538548457099
935.8320336810489,410.64133504736185,166.4023598687373,65.73517715083543
930.9442662623268,410.29693981321356,165.06044399207013,65.97050242562196
927.5330223883091,410.14195947612853,163.0825071642999,65.09064364464521
922.2616150821434,408.7465980603735,162.08013668751994,64.67728255663009
918.1071266660914,411.4710791988649,162.29289254947003,64.94954601817273
912.0052044407165,410.8566684511942,163.65974664377444,64.86640407452632
906.8314377986829,409.98074284911394,163.94957309495595,64.88577618322793
901.7471513272341,410.90420568584807,162.90566072443806,65.06118603908706
896.8012098311452,410.35228405556575,162.4327365877096,64.69199789801743
894.1071947001913,409.83447128354874,162.04271785746056,64.06801460110914
885.645139565983,409.78612261560954,163.65899254695861,64.47400195864543
881.3577688176423,410.2454932147502,163.9927033505858,64.56229398923837
876.9978003487305,410.2075061234764,164.26831293397817,63.929685770510275
871.675987631091,411.0723719870155,164.60020607708213,64.39630485634405
866.5855052160914,410.0340635077123,164.1094551706919,64.74538895133352
861.5725328588671,410.62894083701775,164.39654261585338,64.9035777179012
855.4291108429959,409.81079629105017,165.42458041895821,65.16268694876764
849.2495455363778,409.20433174323034,165.47178419045844,65.08089956701313
847.128749461188,409.76291617270294,165.69508629796087,63.99747217849426
841.5808176397737,410.53404914387283,165.65599453460044,64.13134213379084
835.9348190457894,409.9646316879549,165.6620191273544,64.61663393096451
829.930555555158,410.1022059742601,164.93130260123198,64.64724598037878
825.9460006947098,409.74196126913955,164.2776563177947,64.1624232577845
820.9225565335411,410.83215370955986,163.66087219292763,63.77614927114699
815.7348579160706,410.554533070672,163.64977765235577,62.89696126101225
809.7126355655887,409.83551274688216,163.29630746684512,62.206216536811496
804.3835970338032,410.3408139651588,163.78811332069935,61.35191604570616
798.5926444508541,409.831817283577,162.9459996267343,61.094388488116365
793.5147304468757,410.3769224610281,163.632908834337,60.97172477504077
787.5758460703935,410.59519644918925,165.1996767633267,61.21391730012222
779.3286754631523,409.7515815626003,165.194511981105,61.25002855637818
774.6282019580633,411.12811245435637,164.25326252674455,61.2281638916252
770.1039164884057,409.65558364012924,164.74097187853516,61.13352363456609
763.7831460305795,410.1206441098155,164.41806100433178,60.745315548911414
759.0149199405407,410.46419143283026,164.97178327260508,60.63019035240201
749.3077864123984,409.1493158615307,163.96535216299606,61.15393320375666
743.446814191807,410.7226679857634,162.97867939379083,60.87910829450938
740.1413842476275,408.6124387260546,162.09753965599015,60.30315816066769
733.0033865244103,410.5904964416822,161.3130177913283,60.458977868114815
727.5882438966108,409.94727311065276,160.40908635686384,60.329366585875974
721.2654005446735,409.42756904652424,159.97290679639508,60.36831397022887
715.2086787994533,409.6715049757629,159.23701175534148,60.326029866001114
711.484846095067,409.8077023766804,160.2447996540431,58.900000992816004
706.4696933156038,410.1055588586678,160.14903709773535,58.86350351489086
700.6972173196147,410.9410848005814,160.7160199200969,59.26565424107961
695.4378199821765,410.07819236119155,161.7467641341578,58.72226859716948
688.7558763996457,410.72128893990083,162.0488408057502,58.70111786395283
684.1844623495056,411.0041326920051,161.1897243640993,58.810611987017865
679.5719689835641,410.51642807441414,160.42729673593558,59.088913370694485
674.6663108130746,410.7540034854998,161.054965921153,58.9964065759947
667.398208226906,410.4364022394948,160.93470079472297,59.5123235888168
662.0295161794746,411.2869988272139,161.09572227972257,58.91301406320461
656.9518816302212,410.6422711558695,161.02183488408872,58.91878622508446
652.0608721702157,410.3314083434775,160.7654102387312,59.28869963024863
646.5798529569784,411.2444896328688,160.25144978672688,59.18605244281587
640.4312144985463,410.23412105081786,160.48757806009746,59.624699825156554
635.2048344816833,410.55440057780015,159.84503741938488,59.89753492431004
629.8654618713147,411.08794785694096,159.7402772003639,59.79929050183167
624.9636568702426,410.82221838617727,159.37714583135318,60.51411499697654
620.6442613197305,410.11386674939,159.9603100631758,60.40454776178494
613.3438773764618,412.1769076655594,162.11194121570426,59.429619255480674
607.65453193645,411.18301737358587,160.96852497139926,59.10456462290553
600.873112108107,412.394639435358,161.6476432764619,58.18418533700776
596.3233206122718,412.61561850754856,161.93419697888655,57.8308104534012
591.0311864865611,411.4683827986041,162.0617677663187,57.96259647700301
582.1392606699563,412.88497501467833,162.63814182994815,57.8169761794524
576.8720571009871,413.2184658495593,163.37857123045976,58.08195485400495
571.5287691542476,412.12667136645246,163.68472548545017,58.13806808169335
565.4481834185103,412.2368852988554,165.19217419386314,57.664546497404984
558.8489359484656,412.0983037516976,166.63927295475327,57.120409383152065
551.3729997958968,413.38694598007993,168.5619075126985,56.56680656701238
544.228002410561,413.48754451721703,169.03324059361182,56.15020954199542
538.6974820871403,413.05518728021036,169.75446419333423,56.67579322696726
532.5369321444397,412.92414425994764,169.2286860269775,56.275018039503514
526.4372294202443,413.86848432690067,170.33854050338346,55.94129076547593
519.6373692030858,414.6526532377482,170.81573190785429,56.11703861329838
513.0086185864999,414.37076838566963,171.44672252090885,56.16484100798062
506.1021756943907,414.77008964726485,172.08280853095732,56.48420912493453
498.2604902780322,413.85534064542435,172.4635918545191,56.88806308850778
491.686122458153,414.75405067359463,173.2512082239527,57.52018032846237
485.2598121528866,414.3746266731446,174.32888739008862,57.84830859612432
477.09611755671585,414.78972405821844,176.24760043496917,57.7069659573433
470.39163974308633,415.54370481945165,178.06459420157142,57.767693185143955
463.76890159131875,415.55606638801453,179.23199128147385,58.2908205376345
457.26093108078186,415.8538446113412,180.471958028866,58.93187092730027
449.34478009638144,416.84077521368204,181.8413369477401,58.85285496988722
441.7334197658181,417.6542059771375,182.85423781516553,59.120710182630795
433.60414569332806,417.54974384397815,184.16218056768955,59.330148133710736
425.82066952659943,419.3851593146647,185.57026125045104,59.759282287857644
419.4706184368991,418.83316772314373,186.2505985296442,60.18734069291495
409.93731083071316,419.861291445441,188.2812926452143,60.059473856879094
402.76473354951486,420.4701781136227,187.85712385861189,60.41244336605102
397.8608825757518,420.9490329604419,188.00703180741976,60.69379610088698
391.55906700325613,423.2374954281886,188.52694846724265,60.68700294411066
386.45252820297935,423.00068824323824,189.09333569914384,60.02289458337479
378.676625245296,425.03165791728145,190.79100133283325,60.33191976241848
371.14838155096766,426.12903078036817,191.8861602150203,60.54201569769825
364.17593112996633,428.17723748985475,192.36318939106826,60.763522963539614
359.1696976796947,428.1315979752195,192.87235657847683,61.51102368060384
352.35818493201043,428.91583532628675,193.3894002470631,62.32167719616648
344.4628155094639,429.84171258736575,193.40881398076698,62.7141097906314
338.10212079254916,431.3866080377947,193.6361867672577,62.47368603149714
330.8728822224852,431.39879215188733,194.18046407828402,62.78767996065662
323.7896694852256,433.2901177085221,195.8991728398515,62.57308471553603
316.76180714706766,434.70453873899334,197.39593755522992,62.9077424867468
308.39068028622796,437.3424228860431,199.34378533971443,62.883933039693126
301.80798846983396,440.8815841058613,200.09685741854736,62.781739655079896
296.73775923185826,443.03734703709193,200.82205081118576,62.82475557118309
291.8131127714422,446.7745175752642,200.68112461580705,61.999022225703996
286.35373344899676,449.33172796600866,201.80292052266077,62.15260967633185
281.9281277042726,453.1893661099609,202.61912930367401,61.57149009237641
278.22277743849224,455.36294873789984,203.8804005139457,62.172855033641966
274.04474031653683,457.4250480531624,205.03990674561902,62.93472903876744
267.9911129516463,458.37183006431775,205.82602500079065,63.59007825688953
264.69570763678627,461.8124541688767,208.1680544262871,63.87998931519728
257.9204374397181,464.56697199411354,209.3224423240855,64.62442122453798
252.52114287126457,466.5320816783511,210.7880884983461,65.00217571775717
246.95735654731445,467.76414747277687,212.02002458771364,65.58311215449461
242.41685596597924,471.0992884915802,213.88569038127395,65.49807143463698
236.9005789350548,474.5615806954048,215.0819912769241,65.745872242747
231.13074769236533,477.2225223498593,215.26424523874346,66.11007701901272
225.78871983729084,480.38382428352594,216.61689244822105,65.90459770917445
220.8093593602791,482.6085347664598,217.84299602400966,65.60619774702997
214.58541638286266,484.2057752140574,218.53567491707494,66.48644009554809
210.03448497110466,487.59726779038624,218.98167207134048,66.32343194026589
203.88981262560395,490.50261170212644,219.59951846369688,66.78333585262536
197.92752062749335,492.07588637671074,220.62129808522326,66.98027281250823
192.41699694946797,494.47118699725473,221.30133057921347,66.80551391379694
187.21184855915277,497.1814074700511,222.78895699546402,67.16256549139763
180.68826238495868,499.5023439128025,223.92815128599085,67.55345894805797
173.82232103060352,503.2224633541241,224.68043976404928,67.7645715172885
168.5981451856447,504.1535188737927,226.84681475413782,68.38418235600311
163.36906948665785,507.67411717371175,227.32855433265354,68.22313512063633
158.11583179433944,510.0475646515651,228.84081279834507,69.06718254774215
153.408334556761,512.001074764089,230.89034020196874,70.07122694748068
146.8127548602603,514.1367943746467,231.86094905786075,70.78699561592218
141.61281918086863,516.9668780237051,233.39763453407573,71.11439812676525
138.69711745919687,518.8699416603591,234.21760437603982,71.09708611339073
134.9341817447094,520.741265187699,235.08273638317033,71.40660742800425
130.41144980050564,522.4649375258743,235.2566048888874,71.99597778232364
127.57534394760296,523.7433016037799,237.9502754589048,72.65084969174406
122.09071742223853,524.9078746193335,238.52251007701648,73.47609614148706
117.7646398511724,524.810996829029,237.6387460296956,73.36399072584962
115.48946535087069,525.350502992544,238.88069487618526,73.15610737516468
112.53032274588142,527.1429112477099,239.99485906870774,73.04654158581081
107.79740374444944,527.210941565421,240.64912976505315,73.66669133714154
105.4883554856111,527.8425656520292,241.14185196556065,73.54457301526644
105.8329099054908,529.2165645269637,242.14080925071733,73.27636929081862
104.59140870796693,529.7644159494014,243.3359771206567,72.87286633178846
105.24801471945821,530.925677606914,243.36236256128194,72.03128836550277
103.90373540903043,531.1134784283735,242.77110383937932,71.96707596022601
104.8274719931962,531.9309581588583,242.6748946471449,72.20209933788706
107.06963867293278,533.7515644354644,242.67485617902915,71.83232276070342
114.30673908102169,532.9712590812107,241.23467864776345,72.01668141404251
123.81302515853828,532.2586392432696,238.579524553033,72.16871986273668
134.83207993641236,532.0781569915605,236.49874379367154,72.2763969315769
144.3947165906839,531.1278753737073,234.8305856584683,72.17018764912545
152.14267953541605,530.815256827636,233.67339630312267,72.41524178957923
166.60054804361044,529.7152752627437,232.8645165865386,71.8124502787845
183.99980965558996,529.2222786296634,231.43727784744283,71.02252410753687
214.29410158296633,527.2399615610589,228.45977797706504,70.8219398914743
229.8267176013127,525.2780624379354,225.9297708549231,71.26184021329796
244.340345249012,523.7288392724283,222.2088624528351,71.60798795079097
254.69238835581046,521.684925192507,222.0427324770311,71.63203580286404
267.4484525576901,518.8913709105419,217.88493222878952,71.97518589358864
282.38615956710953,514.9913176957655,215.06634956981384,72.06408779433285
291.8984899470645,510.6328759137898,215.31800640633946,72.22733385370655
302.7447317416277,505.91775862139843,213.96358128889278,72.13749931617488
309.12063940042015,502.4069206759445,212.0068795348455,72.07555084413723
317.98354183767765,498.8264733934708,209.114705222159,72.24938486220964
327.8835825217516,494.0288912543193,206.8996095870434,73.1280898662205
334.51303743214453,489.7649575358636,206.09688892183613,72.83835514553927
336.278349878747,486.81317678381254,204.51697194107624,72.88734244615006
336.9570555453184,484.8712641074393,203.4272245338196,72.73923306073743
337.6389194414993,481.91568347429563,201.9399567348798,73.28119362054282
340.21186714350733,478.76964122998265,200.45140161902606,73.86305348072025
338.92878160607177,478.11097700531104,198.2283871699103,73.92958906907867
336.1131410440815,476.98257293982306,197.90710023969163,74.24663806480835
332.37336160872644,477.3755469660165,197.4253620751845,74.93323432489865
327.5086016716783,476.72856561137905,196.91214322552588,75.52688006859356
321.7512399807398,477.7718567852884,197.06173618290336,75.37682449613497
316.0608423163798,478.2416459036658,196.22978489144506,75.49305182330681
312.49883718305216,477.39768170074404,195.17645560426737,76.12268187976989
306.7568083103387,477.72903507391834,195.28611225716494,76.14961994695891
302.54809980473055,476.99743564875246,193.99489489185538,76.48615594691074
299.0070985940343,474.11033605770314,193.98812692369108,76.91877330756766
298.99715815413026,471.23702470191625,193.70878348642532,77.24436406723711
296.0059410531072,471.4350776813469,193.50720527544652,77.37892499613605
293.5623073524572,470.15319507462027,193.9566326918527,76.87059457703616
294.83096739989765,467.78915759919664,193.26979100769273,76.84868860136979
294.94350439880293,465.64110772572536,192.43959748349585,77.31288846694942
295.81301736947347,463.91835595384816,191.39343077458045,78.08038703061655
297.97633423670925,459.8933111388754,190.02067353547017,78.0967175434356
297.5492812047887,458.23337985392584,188.94070960819954,78.00156942264557
295.5661938534241,454.41018731072734,189.40251862832682,78.46248202063934
302.7924446826526,449.9299666288515,188.81334399623702,78.39114218779679
302.390032660253,447.6277362582143,187.7085667102791,78.6112883920228
305.140714959255,444.2126739297221,186.9518114682017,79.14964735915737
307.2519689789197,440.5236214770421,186.7962260935145,79.65555654384472
311.10453854513173,438.6617955428374,185.83415088778727,79.66679605492382
315.8391826351189,434.8039356905771,184.37924030180704,80.26768145082016
319.53135152733427,433.9457274594572,182.36281862455408,80.46348293140858
322.3864974875719,431.904132974627,180.72777256131758,80.63843349011938
326.30174489978435,431.9048218801461,179.87717857383717,80.32078231763674
332.27138484537466,429.90931908551755,177.87473587900666,80.08841592431932
335.56478200855753,428.4557767774206,176.22454271459776,80.31062529065052
342.2758411354848,427.8334257906936,175.09032157072858,80.51155790451588
346.6365249380284,426.6935189219845,174.4262449965252,80.66184192734974
351.7836949781103,426.3674533520696,172.44879849393703,80.35609817303734
355.54076110076267,425.5130933021092,170.69643125183666,79.99625004328291
360.99502804573063,424.71942505502625,170.14396025099987,79.99737485608284
364.7801702780673,424.18632406898405,168.69829240925125,79.7656059371684
369.8479389979012,424.02801751981815,167.99743972300146,79.61942872511733
374.8627716153744,422.2575898366898,168.02594766768152,79.72590117587721
380.07634779661953,420.61650926280515,167.61604059785483,79.30789204509732
386.3391357119349,419.3797220906277,166.85372846961673,79.26635184363008
388.50021770578417,417.78331079014276,165.5867865163725,78.84635286562045
391.6878200442313,417.3062033288951,163.93991054431228,78.31893031024106
394.5351568688166,415.5721726860631,163.20467140441897,77.7389607426336
394.6914559601769,414.42389957576705,162.45626879502828,77.5460572237695
400.5773613529342,411.7757821781733,162.0728285234298,77.52636069876654
402.20665709264864,410.7690427670211,160.5607163168432,77.57358516754762
404.90919266431604,408.8469334426436,159.93956975312886,77.52618437240922
407.39708526710297,407.57740447186063,158.7263408620233,77.71950533353692
411.76635958918916,405.4815453924805,157.66127511274834,77.67886885133655
416.643470086583,403.6808712593617,156.38496034507253,77.54310912540187
420.0459558045196,402.45521713276526,155.2625984673047,77.64232654302347
424.52232872312453,400.31995403009125,154.7200565638108,77.52590034816401
429.40520372841536,398.1658350545208,154.12651247821697,77.45673265584168
433.0698470505716,396.6661474950936,153.0616596946833,77.46331230731951
438.4943255923715,394.9334306950798,152.52753911315858,77.29643146375886
444.27922761757725,392.6109399413109,152.42402649035947,77.2905002096084
447.862662272447,391.0452008303998,152.31641087324698,77.48195691653807
453.96731764027743,389.06261800644944,151.45241511713928,77.00579546940696
458.12401930047565,387.32920075021286,150.51461881044517,76.71889420116423
463.7304298826368,385.8758296430234,148.8079736409959,76.03866680151421
469.2702216853889,384.8208357499747,147.24409132943708,75.61803949628768
474.8074269110973,383.8556182023879,145.8581879580983,75.32926420518501
479.0732714362771,383.18852725679625,144.56573621624102,74.94306388277587
484.10036723646067,381.4563388276966,143.92601433480698,75.0906933139885
490.0061528726675,380.4605434066966,142.7433235631868,74.4968232547281
495.6573218435951,380.0578306188868,141.47457689177827,73.56461095288336
499.981122386379,380.34010137064865,140.0915102796297,73.13270012539084
506.02123589408563,379.64220328769716,139.45981918340593,72.58665266241037
511.8673159188795,378.5070088108928,139.23342031851055,72.44532205539603
518.607090913295,376.06999105084907,138.0210717533247,72.2179824724866
523.7467725692633,374.07880797841995,136.7567030626649,71.66065812280755
530.1425237820431,371.95889620163246,136.17163679433173,71.44801280431219
535.2834132613053,370.1422121234689,134.9502139759441,70.90403520792327
541.3165252196179,367.50620683461614,133.98109413188956,70.40123451777596
550.7173967208494,364.69666544607986,133.1951115511796,69.91140435005482
555.7663577507299,362.8804108668244,132.55980450454138,69.68868031612195
560.9213879801963,361.4082484654584,131.8346401332549,69.64447257567139
566.5291027788057,359.9898140984156,131.31753760055014,69.66213054201118
570.8567592708919,358.5422227145282,131.11620696958823,69.53908692466938
574.6844982888516,356.9691295863839,130.55330925211985,69.28188348865146
577.6272966835683,356.11522308837914,130.37236381842985,69.24506483659735
582.5834885821814,355.3080713566485,130.09241105147697,68.89987251720635
584.0823175669294,355.3082652228225,129.52308851021894,68.72771977032917
587.6814616735924,354.5606484572628,128.65716342555504,68.33009276964164
591.5020054480103,354.676238794579,128.2534711632794,68.12238775315775
593.8866658782216,355.2512524117137,127.77579964443996,67.90083947511087
596.8693738516716,354.20269369770375,127.57196368792691,68.02201274171571
600.0556671190136,354.06987041993904,127.0010410288228,67.90187651898202
602.0897646138263,354.1049785415231,126.67522737350208,68.00544453179535
606.7212136305207,352.94020035625516,125.80430760396851,67.9417082368496
609.236369527184,352.3493830950214,125.470529490604,67.76445174903279
612.9968841567112,351.6907159489207,124.79114833335612,67.57594061372109
615.7063539498049,351.40964733220255,124.29415956427698,67.38924270073015
618.9472265494949,350.79636809623486,124.28371878155346,67.14627869646928
623.5198713158848,349.77221705320335,124.43704565807553,67.02302216398677
627.049431000501,349.67476622219135,124.1019973146914,66.96205261948882
630.0894905584547,349.55494815221454,123.30752416054548,66.5922843743525
633.4141376831503,348.9333405223995,122.72638281566475,66.3713366882352
638.1210998708009,348.1108293953594,122.07753793865463,65.98775085859039
641.7481936371504,347.34239663006446,121.6316890480759,65.7031803416263
644.3971319335493,347.100954429209,120.65525410566875,65.29569222861241
646.7839497775495,346.8110535217907,119.83115736381997,65.02959642849319
647.3180235765636,346.78553161342586,119.22534767692082,64.86334082856158
648.9295086085064,345.9894128701557,119.28989277645704,64.90217255338314
649.2410744650846,345.56974354232545,119.05954586740623,64.92227707627691
648.1472830569462,345.10012362975766,118.67564602529694,64.58037955419113
648.3574053582613,344.6393543161065,118.07893842964097,64.5012302246835
647.1732862130945,344.33474495715603,117.70591070778288,64.23897115985815
645.1977346411279,344.55456016405446,117.1633381429451,63.841653498516735
643.8416100841557,344.16482394859236,116.98401573513044,63.6960275698562
643.3073737915063,343.7429529004092,116.54065322216272,63.38647891762628
641.5080125990303,343.4016744639334,115.4039982954082,62.67288687051876
640.236310257378,343.8344106584963,115.11148002224607,62.53150726293652
640.15342197044,343.22343841642754,114.7827887714245,62.460363787784516
638.1599207970368,343.0614532470589,114.57561539801615,62.23908043246439
638.2330368157867,343.13667702079414,114.12229921735452,62.01764428205762
635.860239692564,342.7097961628002,114.01588941259142,61.86313859539651
634.9456707709386,342.3261738034197,113.70495705587591,61.78516364243132
634.3638925231644,342.0626609238217,113.95832463807898,61.689403952599335
632.7305881535015,342.27193020860034,113.85435055841975,61.5027343802583
630.3878567132934,341.87208427696135,114.11534206050935,61.45391854118569
629.9758847625922,342.44033548118273,113.82645234279424,61.21348607664771
628.5951206826189,343.3894475963849,113.80638670314977,61.33276725357676
627.4584407813267,343.12234677165884,113.56693985175778,61.26112053104637
625.3653366853762,343.81454676586947,113.75456877997169,61.090542311385775
624.6327047403779,345.551406975719,113.27719772982084,60.88767660321935
623.7781152453507,345.98316001326634,112.50848146001803,60.598873625468045
622.1232663212877,346.3663859036858,112.32639139768241,60.46969307008152
621.7548683711206,347.0184744023478,111.84016626759077,60.08368324662004
620.0371544193813,348.73961694998377,111.32160418846436,59.95500298304365
619.1897099065725,349.4963974583635,110.69243229718134,59.94106168865051
616.5028022419724,349.40712226878156,109.99548832996422,59.80369967209864
615.609855208748,349.5927992895073,109.19211561937458,59.308631466747826
616.346616595375,350.07368483784865,108.53957923623409,59.188231369878224
614.2651149817893,349.3501405552957,108.56868420519649,59.03812419046956
612.219669446594,348.9723858360339,107.8733003656138,58.75350146403805
613.1018061892198,350.1171259551811,108.00469312200815,58.77579857903038
610.9264935553668,350.38299880104876,107.3881004675033,58.59835803541975
611.6550425234852,351.891450311007,107.50380447886016,58.413176559769035
610.522419515845,354.21339353336936,107.28205813497956,58.162565852806765
609.4950529132744,356.3298051338182,107.14126259446925,57.98747284981561
607.4860370366866,357.3797157049845,107.48060057628253,58.08371570284434
607.9656400383496,359.0191214310735,107.52500315736057,58.03196528391527
605.0228243587138,360.2476059742638,107.2432932843324,57.78220816881759
606.9542718760531,361.54567392254825,107.44160363676937,57.44618360418842
604.5891566594778,363.7394397323632,107.42546899957685,56.88364297233611
603.1207212799757,365.081727773376,106.52107026547822,56.6024935374969
603.3823109038225,367.7864723305725,106.25888718067583,56.62464886280108
601.7777655241082,368.8851552468857,105.48131197597783,56.08468959870197
602.0468551019181,371.73745179556306,105.13782044016321,55.808284348484676
602.1890782733846,374.34233643566085,105.10101776170974,55.6933355677093
600.6069686460271,376.4359243944756,103.99734656308593,55.14392410396772
600.5175523461197,377.83334090934466,104.62469696227816,55.32946707940232
599.6497611557986,380.83940709798895,104.14386918285575,54.63159375439035
598.9238160079892,383.27924546616407,103.24951156702139,54.33139623556945
598.1498398148044,385.01357342281415,102.69641286124299,54.22713641754511
599.7085943277119,386.17094789616647,102.71808831037308,54.65010819876107
598.71263843063,386.9006297355422,101.85339385949595,54.623019457639245
597.9996746058982,387.0569445191113,100.84682591493495,54.466646491715416
599.4973335771049,386.98200741635503,98.40991277579766,57.78791266118671
599.4561342177685,386.01303510375607,96.51036335718702,60.05288308732809
600.01432013854,384.82996584813674,94.99274678588671,61.547295502890236
599.4277233439307,384.18361510459687,94.29188630081805,62.578339453940174
598.2746282448865,384.6727406935795,94.47555319110617,63.50216845423577
597.9370779772486,383.49641862966115,94.56021834067784,63.7421900826065
598.1870504104741,383.7269623700525,94.13103797114942,64.25434709006306
598.0455570508905,383.4862750685132,94.27068665079932,64.47448028693941
597.427001268626,383.30427516639617,94.3351888861045,64.69092396505573
597.1940983730676,384.1449513960942,94.54827768889629,64.93913240539415
596.8363079173035,383.80450809203126,94.28580139474737,65.23197167598804
596.5860520791317,385.22083711656194,93.83225853665557,65.53261273924656
596.7534053504379,384.2084123092979,93.57915134878724,66.05762912757078
596.2894849508563,384.7260827682812,93.11194364884311,66.56473851840394
596.3497178805153,384.6047915951305,92.74013465845982,66.95045979490676
596.9918440877838,384.48019367598124,92.08531873684274,67.09011523031604
595.666326085929,384.7986225207392,92.34399548380793,67.0399482646963
594.0764625095259,384.851631446933,92.01144455662757,67.19987396933253
594.5370918735516,384.99494531429013,91.95942027128699,67.34978004332652
592.8782001086724,384.75664122890834,89.68819451607216,69.44232795045642
594.0373145217266,383.14771816985615,88.09868844110446,70.78019636546624
594.6230325926689,381.9007537280476,87.00900559040949,71.97693756311689
596.305322311171,381.28252196969083,85.9820156557397,72.59204328125412
596.3961854482645,380.25457673127124,85.07164816956634,72.78105024178163
598.1082793627385,379.43565813332185,84.59036767399239,72.40053731332127
597.4330813485341,380.43409857224253,83.67129730225466,73.380813074579
596.5114648020192,380.15196658869377,82.96927282692502,74.2976151803046
599.0375201465766,378.5896501434399,82.66535349446927,73.91008753118521
597.0432412529323,379.94317880406703,81.91556518190448,74.60323510685787
596.2554835035078,379.0435581278988,81.58402780618837,74.7526791388284
596.0257707789161,378.77158622442096,81.10346297331277,75.28614786625502
597.6449254682826,379.15149228620237,81.00486473616624,75.77883079312261
598.2654447433596,379.44077867557723,80.85198050196071,76.24257206695458
597.9794048463677,379.71187009156137,80.50850237501152,76.98197325941568
597.6897994604418,379.74096776160775,80.31207718914561,77.73701522877883
597.0927298464151,378.99227049594595,80.88805187786204,77.90899844036966
597.9008954643699,379.1792523579256,81.017437571388,78.4371503594349
598.7192864536786,378.81667867769335,80.9885783852054,78.84734478015059
601.3261233163487,378.7820809711127,80.72628825056347,79.37764616584037
603.1935658980537,379.6034103716927,80.38938377715567,80.06419049349502
603.0455759475498,377.32830285911723,80.88343372744954,79.74151695358256
603.7769400113497,376.3692453217387,81.24309246069723,79.0871616017802
602.9616562288986,375.78703626089816,81.52600651741298,78.07165833483515
604.8905537485986,376.11212752645565,81.38886834980869,77.50917991088541
604.6486404830628,375.4785819269537,80.75671246758841,77.14816558868723
606.7625478984108,375.2843800826373,80.34041797495067,76.41426531461246
607.4529937502286,376.2977269526631,80.08375844428106,75.65292155873
609.0194903266253,376.4866937464535,79.63617626789781,75.09647757347653
610.0335655647833,376.8969684393965,78.86432743304582,75.26573138259019
611.7549779633264,376.54954040452475,78.2315130691569,75.06743539420916
612.7305018830909,376.4975922209645,77.84394560682496,75.27987497106113
613.4409861602467,377.0994555597812,77.69128962594651,75.20875742237992
615.6522307393233,376.09613368829855,77.31377002650896,75.26429688201237
617.5510184077233,376.39315806712534,76.93517695708867,75.69546947216762
618.0492842639628,376.6579819658324,76.8276802907103,76.21705842344892
620.9277603540517,376.62961028249936,76.71403484271036,76.27468100100049
621.8143724868798,376.19173269375494,76.71008075870978,76.30484689836089
621.842186090384,375.97224142500517,76.67158351682811,76.21534062102968
623.4575436332319,375.79526123119615,76.44441967586786,76.17628064698573
625.3214085673284,376.6040003586566,76.08175681283245,76.34958317476449
626.9409862163774,376.65748781129844,75.70331356612601,76.6382921541014
629.8090381686028,376.46722919302226,75.43469318218311,76.4228844767706
629.4478934543165,375.6436489171444,74.8463030558164,76.43869796832283
631.3779972640544,377.1983701094813,74.65936446977247,76.8097889450839
633.2139279933307,376.5382344931673,74.51039334058103,76.64829729166453
634.1557658474196,378.28163570856117,74.37259048758958,77.17367328189728
635.2527345660191,378.4857191779763,74.37774043175357,77.3177433769111
637.4562872528569,378.34994577963397,74.23253929773247,77.61423616657217
637.9784517304249,378.66253533805474,74.41444930858466,78.01064656732396
639.2925682349705,378.7648512179082,74.63565377469786,78.11286047259512
642.2487061144852,378.73348297364015,74.70909006706013,78.2559845310951
643.2588658983645,379.0171834625834,75.04240199573081,78.42846787012985
646.146485547062,378.9520352471057,74.76829089505227,78.90814011528468
646.751963796226,380.23545018110286,74.83519599187794,79.26621769319797
648.8266469831467,378.6072759539094,75.11936328655479,78.74405605389602
652.3366450170655,378.10390632511013,75.25821121285776,78.31569952444613
653.3669173952178,379.343852284951,75.47812872156781,78.2018585633977
655.3795467866527,379.62744091178484,75.86515622028378,77.80408024337919
656.8183971260684,379.4621391660033,75.99822419341477,77.93661331312735
657.8613371770374,381.07010914939787,76.08697830969254,78.19284274559973
661.9946636100207,380.4151181133665,75.73224408386278,78.92207792854813
663.5894061130673,381.13150301640417,75.98590387604825,79.17354143031113
666.1157504500308,380.9932835753094,75.78327137353855,79.419977962513
667.3616536598871,380.7750497300126,76.21957793752948,78.93312917437741
669.4748881989672,379.8838312795652,76.27032767803391,78.2549831036994
672.3671209385446,380.21988344760695,76.20379013161832,78.02927264488368
675.0971486916807,380.35950321636966,75.9231274399824,78.26744964416626
676.7491842575835,381.1777601992018,75.65522559871945,78.46579636098944
678.4140824572654,381.57120323842355,75.79155087293945,78.66411223738761
681.9980672696304,381.1132675170156,76.06186516849759,78.36021944756803
685.1396081020283,381.05022121696885,76.21162146680595,78.31886892122147
686.424604329689,381.36027788781325,76.62637761339808,78.39409710699465
689.9703922870012,381.25061166740284,76.79635117158259,78.30925649550451
693.6393209619127,381.8474111639014,76.9389678169683,78.300965839719
695.4685121101172,382.32970585580483,77.31686186104382,78.03733959544621
699.1239630485331,381.8148914135204,77.81543969765193,77.817909637356
701.8097632340064,382.11520644769377,77.81422974189712,77.75024803052278
704.448399573652,382.2596652711338,77.69947699439922,77.97897353731013
707.8229928466968,382.17089331477183,77.24642253601701,78.07283846688223
710.1182399191149,381.85169451898975,77.52532555457199,78.15665942308564
713.6032291813108,381.87529603485245,77.37262064697094,78.46822744729707
716.9638374077698,382.2506313757205,77.42295437258083,78.81415920544134
719.2560574629966,382.0864402198072,77.7881340321772,78.79436336899833
721.3653602172302,381.97741809730337,78.07754320266515,78.8984742593898
724.2178695006431,382.2036355227823,78.35988129858941,78.83311948178861
726.7180537325113,382.3156583704463,78.70060017616169,79.20694586487934
730.5337914366066,381.5751889799156,78.69376189489361,79.25803239870253
733.16436052363,381.6493182035856,78.66168580123035,79.31543256599802
736.1920181897433,381.81731897321026,78.53076459971044,79.5392675335923
739.3497837863706,381.54126564077137,78.49477299156923,79.83170891788947
743.3567070109258,381.2520075461847,78.6808910657745,79.51946140705448
746.2736987645212,380.77987539621523,79.02731269850676,79.49240144199017
748.2890673857432,380.80993664381623,79.21759520093568,79.47290649712195
750.7086146030306,380.39697331234095,79.3506053157688,79.43297156539555
753.3361254430708,381.3196660997266,79.3472320617444,79.83766657610393
755.1473184542842,380.68901305295145,79.28829709102946,80.06381820779362
757.0512000087749,380.6296254517873,79.38137235713975,80.2229637664134
759.8208604410405,380.5149698148886,79.40156792250977,80.14705631381423
761.9970194174475,380.0704320927455,79.37503274557449,80.33476402223776
764.2662901306448,380.2496211612222,79.30520746374161,80.47072117905418
767.8492517054598,380.25165680223085,79.43421620269224,80.20339090341119
769.9781098357068,380.54775713867565,79.72428951586743,80.3434201189608
771.2923902818883,379.8749353401988,79.91664026939375,80.38966720102192
773.8194777753058,379.4061099367119,79.74489631283225,80.27229421858985
774.9171522129499,379.4484696895185,79.90683603655836,80.4475643322318
778.1923088793993,379.6182877353308,80.090000772965,79.95824984640876
779.9041068879138,379.3411691795546,80.36218479476949,80.25891523903002
780.2879320132731,380.2422143005619,80.24959888845711,80.83411476904902
780.7745955764125,379.7342344357851,80.5427811758975,81.0387791680782
779.4157868164349,380.17788599325314,81.06800920763253,81.01924523487047
778.6324274417661,379.90592671752495,81.2378758213118,80.97429564515252
778.7185306449868,380.0387169278659,81.4821875964328,81.30886199494795
778.2335207131932,380.0754161794899,81.96147529682904,81.19535962032464
775.5891956233756,380.4182744370756,82.05489356194394,81.17399844277305
773.6192934604104,380.02454404739734,82.29953511474213,81.10448253422139
772.2811624963075,381.04570506128414,82.3315237618505,81.4764642860498
771.074996014928,380.212857564618,82.70712524305745,81.3448402247785
769.8994755617459,380.0856838287177,82.97615707234948,81.45180724025062
767.5901054287631,380.8202984649912,83.06704527990453,81.61705236440932
765.407015988911,379.87371555343714,83.03808446539486,81.46774057979047
763.5068531037018,380.6960573350009,82.89641533034137,81.75493522577702
760.8976682477771,380.1774812479949,83.20895799675004,81.51393445713157
758.0388741496694,380.6078459407733,82.97593031009214,81.73601869214201
755.7922034568262,381.4505489651055,82.9854984642721,82.31579561543194
753.5525949499256,380.8602968340529,82.95694780076603,82.5321703699955
750.0338719308398,380.3695491092767,82.79108668714325,82.75452050008613
746.7577593494582,380.4065549219277,83.30082613594789,82.28091307772219
744.4945671972857,381.055121030986,83.44995452369719,82.49815118183307
742.154593775137,381.40693701933526,83.87739320454264,82.62516363386452
738.8443713209354,381.54569849907233,83.98691138946556,82.75574622658687
735.892921024385,380.82773109515483,84.16179131453634,82.91655851111409
733.0136019634081,380.9850456457083,84.65762063674677,82.93758897354854
730.0595722815796,381.47924872507195,85.20750996790245,83.14071053908728
727.1854669903915,380.3998869132875,85.42654717610243,83.19767282156124
724.0391471866787,381.5006807389491,85.84974622795573,83.20173883768798
719.8405964713321,381.40387486864773,85.93558362056302,83.14683100865538
716.9525413318777,381.1080429677985,86.30757345422026,82.91624450374756
713.392372963693,381.8166219670552,86.63667998886861,83.10864091521492
708.3812945353623,381.99989933328965,86.39888716138685,83.36232406965166
703.62310151169,381.3416443894324,86.16460563670985,83.46635472362439
698.5623846430526,382.4386910843182,86.50642015706575,83.37792940178491
692.917018773545,381.9534986649913,86.81641134890086,83.62561066435079
689.899003774927,382.8912768205098,87.1999283189457,83.66106592996626
685.5555747242971,382.31643046794335,87.4285077641997,83.7960871902063
681.4736272182932,382.6386635649122,87.84484322878308,84.02429784563394
676.6556656980306,382.17756555509834,88.51166531716001,83.77703046918913
671.6876338539834,381.5064142905183,88.99029435101855,83.74351486499509
667.4989247600829,382.2039832024394,89.6272402220775,83.40591268949875
664.1002474293845,382.24621442251737,90.14779520467191,83.12813858786103
661.0098615669946,383.0020704063444,90.4621929136436,83.3605876299955
660.6283357613759,381.8563237932399,91.33698222319758,82.97301038348724
659.6065229572157,382.56799204722205,91.77257488969957,82.83153315420175
660.313030544718,382.7096347965155,92.11666446914307,82.35390651760962
660.9193083621525,382.77424525966046,92.31541640759244,82.20501757287438
660.9257566797802,382.2288582335319,92.9224731066685,82.05112051879291
661.5397253390688,382.23938277116156,93.36654764035565,81.6977727772948
661.7719192436618,382.5446484922444,93.69575258219575,81.4921610488648
662.4912962729267,382.3388322689236,93.83369670767948,81.3440455611649
663.3395061273119,381.29465637392815,93.81839179173296,81.22894166458659
663.3463346584452,381.87428484348123,94.41182311647862,80.91570810623686
