246.5,278.5,131.0,59.0
246.6510392650828,278.64534125820677,131.11176808181102,58.844925322217165
246.1066774344066,278.46411791661865,131.1824265290063,58.764145906379085
245.3632437914784,279.2194141487047,131.25162892934176,58.599109224525165
245.9306468594329,278.7029585818875,130.89818938011794,58.565802697255506
244.75572445448498,278.5834814087481,130.83630556948464,58.60732366126159
243.02540360928538,278.5013215924059,131.0385341834831,58.55687458619384
241.8281186351162,279.47456872793475,130.44157109082107,58.3775781625025
239.7582571793523,279.5400076728768,130.4317712209768,58.254326433597654
241.16240478620364,279.4286983347136,130.43414924412102,58.37373447444073
238.41729386649328,279.35101368076937,130.07465537385548,58.19276022568671
238.10819588724536,280.0102273429106,130.42584046475568,58.42208921568195
235.1505012969253,279.9298828281814,130.35909911789938,58.29153954975716
233.8356149734098,279.74394661564367,130.34875292757383,58.421447023675164
232.05576466549408,280.90902493628704,130.68728121064163,58.51048746490788
231.75788234770351,280.66665593657194,131.12328332960502,58.584589814180205
230.41671713132484,281.54615873546845,130.75390935562405,58.63870434311136
229.9156919081845,281.6260594949981,130.80217122339445,58.669082812793945
231.75835293353768,281.8289227580192,130.62916754541453,58.77987720416739
232.07413754655892,282.03257311154965,130.5959440162982,58.78184210470196
230.95794764494752,282.79447046476275,130.8693560146122,58.875259813017244
231.53905467381009,282.5383205111748,130.93913217504962,58.91969267359855
231.4402842058605,283.2053139499302,130.93840512953872,58.85692695697639
235.7486058720032,283.19250512797396,130.8823163016479,58.93879946835323
232.80785503570308,283.7187737768006,130.76779145828743,58.71595393839247
236.36604345141126,283.70186142357176,130.9313447416172,58.844008849670814
237.35445876632784,283.9093005023018,131.2410043137341,59.24915303679995
238.29078707343467,284.60832106166356,131.68120866524916,59.4525386386956
240.26342854955092,285.32224594384076,131.7338035492441,59.509230528927986
243.08646598988713,285.57487296654506,131.57996814382196,59.54638262527733
243.75562528095978,286.4414193368218,131.61189919069733,59.822454218067385
246.5029098838278,286.3712884442943,131.56757870322298,59.85536421573413
248.30971301891813,286.3247940792115,131.91710934443455,60.06505140469049
250.36003032948378,287.3276221597529,131.40426950403446,60.18191998191947
252.19294447832493,287.5693041198371,131.39933798445887,60.35367446756993
257.2115828105118,288.2726926597457,131.4278543574997,60.547143459568275
257.68623546676116,288.4630889971462,130.87378237811174,60.45181855844314
261.8942044336416,289.8100378025404,130.37718839271506,60.9004699855881
264.0886608536488,290.7006645414798,130.3441815623748,61.056878393924535
266.9400361147524,291.4176323695152,129.91730422437178,61.02045267037174
267.7038763534005,292.4293164192975,130.2084500648626,61.16678471652856
271.72963013965284,293.38767357168047,130.7197533901852,61.656815368732794
272.3608360879059,294.9450215493526,130.06274169833753,61.35767212487539
274.11544506317233,296.914571808889,130.3833143399983,61.500359192014784
276.02680934685486,297.60554483661946,130.44212106430496,61.66854457671654
277.31785571124624,300.40018358536014,130.97647983736857,62.1461043900261
279.7060983462839,301.98039908486214,130.99075699176217,62.613571607269705
281.9867598969546,303.2879631162808,131.1431546889132,62.92569345287959
282.9284497329004,305.1374923087846,131.63337383103223,63.317111103943866
285.6106137189979,304.93731331220437,132.3179450325738,64.40764862391015
288.36147890427617,307.7819177034029,133.0179072431941,65.25070407414859
291.45616914229515,308.64945092903173,133.51902654971826,65.94248388868382
293.99392147193646,310.41774951804643,134.33489600161124,66.99482828475102
297.33434059909683,312.25018757471037,134.42841888086593,67.54188816843248
299.95413071746236,314.2981826318114,134.7820727063297,68.19828224002136
303.17494824701765,317.24351475660546,134.90515732419058,68.75645479386961
305.31985425123463,319.6599949462096,135.3819568918369,69.65328605589661
307.2427210668868,321.97002469980237,135.61176189578646,70.27537971643571
308.9180581248153,324.2275853198805,136.19683516495462,71.14289454653088
311.1237209408375,326.44058638100796,137.22535747907716,72.14320677821887
313.4305482858757,329.3179274344424,137.42045198791428,72.69222797945545
314.95471830479516,332.2744587856478,138.41103235260218,73.37026358560789
315.5550145501773,334.68026279776495,139.30040329796464,74.16006308929715
316.6060266210609,335.97311408609244,140.3429549904717,75.25145997896604
317.8043507547135,337.0128277645658,141.61169053893192,76.43083742014545
317.5920151678512,339.25611455594276,143.16247918053676,77.3354786849563
318.4551937015468,341.2928318063735,144.373599224962,78.26894163358824
318.824815717562,342.7418580431797,146.42082536772105,79.34581443959308
319.1462096737386,344.5289834883545,148.3579236534116,80.36197282811312
319.75561435746204,346.4955199590857,150.54102029945355,81.5546580577324
320.1870375792273,349.58694597072156,153.2550862590297,82.82513893546161
321.6717863454513,351.53520181876104,155.38301847893143,84.12395785919466
322.21545880231236,353.2581858168047,157.79329653197584,85.39329233045348
324.12924709557944,355.2892436461101,160.25015998602996,86.79543438897531
325.31805572510166,356.6686150764045,162.69886957406192,88.15463862997956
327.87399646650994,357.9015661157231,166.05771696545193,89.94692193800003
328.9599293537656,359.1271573619332,169.53441552962482,91.72513626564815
330.8845229114311,359.71563440866174,172.4807124803033,93.44555417956106
332.7501445280972,360.28160795260004,175.61173578749833,95.22547041871091
334.83097799463087,361.4255076143853,179.1337245932616,97.14263620973384
339.80686697458964,362.2142470870559,183.48367392826597,99.28095135084894
340.58805223925106,363.3906539545146,187.18872416768087,101.38709767223642
344.80364785793597,364.1184342694869,191.9218519687022,103.93023694578005
347.08675244808524,364.6506449658879,196.3405423092777,106.32189074447585
351.2288299982163,365.31849664749666,201.0630953541571,108.8440224356559
355.6129787180089,368.29134236721444,206.50322725111988,111.75094253796841
357.88102771513127,369.59337416001233,211.3403792645044,114.36630653797445
361.02008824659396,371.62374691884554,216.46723981473824,116.9375147365861
365.31379918324075,370.42810319357363,217.3613843705829,123.99006851403416
369.3521547878055,370.7185415182454,220.3819345902864,130.5703604399775
376.3950363812346,372.1252991156622,224.82737371971237,136.20697475411615
380.511826199368,372.3814497436474,229.61465380176833,142.2222971515576
384.8386514646613,373.48734041351094,235.43933292969,147.4058786658344
385.1780140766473,374.00500446770303,241.94607733309846,152.38999788411033
387.1894707283704,375.0785655811293,249.1547247367445,157.43068655508506
390.3032585609601,376.42429690915463,256.88666559683367,162.13683074870468
392.8784343416769,378.56659536524694,265.0458862552486,166.02826399551674
395.29298853590296,381.26463852532925,273.5583697018185,169.4170487767314
396.15456094318506,384.74214063587317,282.5090263093734,172.72537692258703
397.03625555819434,389.82942922233525,292.525488992807,175.27928485708472
402.0023998282111,396.0775547199606,303.87018752857915,176.9911513468804
402.9809739497665,402.94432915719983,314.1474133317941,179.19567467699179
407.3579792338429,408.6336676114288,325.0842539751891,181.17650628293813
408.1894693368844,415.74659383386165,335.5883393895285,183.34638862505966
413.8122281850211,424.3496909083953,346.0781332014338,185.51549011503053
418.17417740298646,434.6182292845637,357.3609390959474,187.46393658657064
422.94181739348176,443.7728841054119,367.8505042382479,188.76190958342403
429.09784115922844,450.69596729943805,377.39204671835114,189.84352239306463
435.0334954430317,455.60866075873287,385.7584395667603,188.94599954918203
444.34272690928367,461.6080036800886,392.71862806247896,187.33523313243498
463.0838483617184,466.04131654227217,398.57299022963093,185.09343479301654
474.1102343647642,472.3327811923035,402.3348258437786,184.30414276864963
486.24316680737,474.1593556390345,404.1325138150123,182.5585307394683
502.4273044457673,473.16694394239954,406.71928614563967,181.84696278866784
520.5257656147512,470.05464587257165,407.649694587701,181.32162377817716
537.5286315488021,462.6886887807076,407.4933355833689,181.74326955980558
542.5762815106502,451.0606747165947,405.7587314986009,184.35827786686448
554.5949025989689,440.16520938738955,402.88932646490775,186.4544720445618
564.0160501799335,427.02931658267494,395.09903802447536,188.695803018371
574.8730039771075,412.28056160682786,386.35718872633083,190.57128843393235
585.5953584319154,387.687072341521,373.99490398053337,190.5946965604933
596.5659091714738,372.8291186240315,363.1412744633916,192.64865865245474
599.875481256192,352.02492917270206,351.6787341071266,192.59725896014282
603.0608285291939,333.19163080956196,340.79979790768033,192.42557214760478
600.3443293907469,314.4161027421036,325.2721562309611,196.828644731496
598.6588787133198,291.448523038708,310.32565760717773,197.64986676035755
594.2139473651432,274.49723689023534,295.3678125551179,198.81222757048647
596.79682676641,261.8909781018076,285.0688864857384,198.02595059167788
589.5400993483115,247.37294119038083,273.0581046428582,196.71109515427753
590.5532052955523,234.59589224422126,263.18141696026044,195.37457186129396
586.7002741288883,219.00156931559974,252.1089704251801,192.8094678711249
588.5508159348528,209.58178931477747,242.23513729390288,189.68666749068933
593.4473197748439,201.0535262828498,231.46083903507852,186.0455559965613
597.8007478899478,193.3713978754714,221.61362388000498,182.2628058227927
598.317564246683,187.4078519615437,212.78212196105986,177.69390117542832
600.5897573219031,181.7545209220292,205.57762199912656,172.67000257025325
613.0925938718192,177.87170640835825,196.31021965887697,168.169487798767
624.2436965684047,172.87797002259094,187.25611454646764,163.41510971733533
632.99059711872,171.39734936611433,178.8609500730346,158.29132810395802
641.3187141131547,169.75070396007072,171.40667664782467,153.02797161532501
651.3715879790745,172.60903689669487,164.60315593624864,147.58814851503737
658.0290415268365,174.27441348025388,158.11791021004848,142.31209417280184
666.3716035267577,179.31504632610253,151.2998707133799,137.81287975826518
671.4690393106255,183.17916291344895,145.06639083303764,133.41137421228024
677.7075759100665,188.7347275737332,139.13118393664584,128.873207652637
683.2627094266975,196.0026419918014,133.22871872223138,124.60549386014077
687.1427324209992,203.9503614184313,127.6813461593024,120.27833236588974
689.9702401672325,212.0295079200804,122.612960951622,116.30173148600468
692.274957951788,219.71478427326136,118.03404236272702,112.55073902134194
694.6077506677786,226.80796857017663,114.13573780738224,108.88270958461591
694.6338179175422,233.64468272282363,110.15260784353018,105.45271713900208
692.1714506850251,236.75208047096692,107.20161274771235,102.22815124934391
691.3517982488657,238.48608465785048,104.12390712198417,99.51192392196728
689.0818759628538,240.05705732463005,101.67612943296062,96.85435525733821
686.3983225084761,240.701512420574,99.22201212906944,94.26828372473683
680.9382102346675,240.70035541918162,96.96753212498983,91.88257649682394
678.4300722493035,239.95630779420372,95.24617248323021,89.47478580241331
674.1539735109078,239.5400523383913,93.43108232421822,87.1813208667939
670.233595206196,239.61939945311084,91.55812147300959,84.74789857758613
665.5561805277617,239.48107971939578,89.66149075449964,82.72203445920078
659.4398809129067,239.1878316888269,87.80794076851166,80.48156971826035
654.7389531851121,238.15854083987477,86.11251476810702,78.21831494460697
650.3579718670703,236.48586079268085,84.4734134851233,76.27662860649968
644.3173664490422,234.97524393354755,82.81111979694857,74.70389250283637
640.1796226056656,232.94681224192738,81.7091927803325,73.4522899284351
632.5935536063613,230.75207004397595,80.14978628431224,72.05718264953327
627.06585545049,229.10526120487688,78.94175009330836,70.97032385296944
621.0041463700651,226.42165857170176,77.74778067328651,70.07004826909994
615.9657129686108,225.141151386109,76.73889022064108,68.95215548429492
610.1692477862642,222.6371579971019,75.5772725125191,68.05740893635084
602.9540190287679,220.66702968240145,74.44558956272913,67.03395764186254
596.454902718059,218.36699043998948,73.42505101257703,65.99340158994337
590.9085894972163,216.95090903976194,72.51293578556114,65.22079825995101
585.3235743271114,215.91176806465893,71.86103142575897,64.17980988545003
580.3365961634723,214.74839385209677,71.08229076207019,63.39690364558105
573.2783563974108,213.48098721686176,70.14504695892722,62.26078200050847
566.4765298618328,212.94218247678015,69.41465652727571,61.25799077533418
560.5146057274418,211.90891518348275,68.59013462546437,60.54373694029813
554.6217367932684,211.4716423048078,67.94813525778827,59.721540878266296
549.6370229366111,210.3823049097453,67.24936820028975,59.22590450735003
542.0824502222557,210.03646461070832,66.36788252548493,58.3080229468394
536.9905231471413,208.68360415621322,65.83259662291842,57.67373464333573
532.7272047765167,207.94478117278814,65.52858112722912,56.848827433306006
526.9591303570844,206.896761545535,65.07135800259275,56.13361838535252
523.2450059196149,206.1532835659636,65.05839326974353,55.31963931451182
518.254792135938,205.0594845202256,65.10904083068867,54.62632295629604
515.4589355924943,203.69943942612736,65.28604578006386,53.965383538627094
512.0958833133001,202.78663172376312,65.5274825604372,53.41667438319015
508.39561188375717,202.4851949004027,65.84250419836212,53.06257555009073
506.4583465093085,200.33005950129612,66.56617916761162,52.49317954303653
503.9998654301886,199.79144404200704,67.673877142807,52.01311239738282
503.0068089766152,199.8118734239807,69.24375326191935,51.52715675323798
501.48002060373227,199.02094252692777,70.97504614366387,51.24272011022532
500.0201719258335,198.35896543045584,72.7985621067918,51.10294384872431
499.21064834294015,198.63711744923364,74.46985795913058,50.914103846918124
498.73735195815465,198.1886545515983,76.38507430724997,50.89524230297829
498.43320419605703,197.64232424312982,78.09338785588977,51.10137037482552
498.39542484637155,196.95434205353942,80.25568704903512,51.19512428476042
497.6319570062185,196.46225103207718,82.1881195948522,51.20065236030439
497.1675204195129,195.29986836742594,83.3488230522628,51.08973563127252
496.85691332640977,195.46264872479478,84.07647118883364,50.681271337657414
496.84580198765343,194.6668805804277,84.55418341240696,50.4444197699081
497.0423374417751,193.852392416824,85.13436146275131,50.27599145024202
497.17538585742153,193.74578362201882,85.89343328876124,50.312551139638174
498.4900783618242,192.14349678149205,87.04154962463663,50.73069350813067
499.8318773342744,191.96300914880308,88.50406459859008,51.239257920599535
500.8593431936373,191.62000019479072,89.91015716422703,52.03832496323634
502.5195892623729,190.0269035513238,91.21671161183885,52.69186491841354
502.34252519622646,187.88866266650672,92.37589387230179,53.35027346302639
504.6975842290045,185.5441124774626,93.13174679978756,52.63961788637223
505.28350993136615,184.35076632123008,93.91604115846157,52.19562649064633
506.6143323713749,182.75701903149627,94.85569771009993,51.82549243852212
508.47381277161054,181.69072531902185,95.86983303237038,51.50417809574023
510.44390083076917,181.58066305466713,96.57411663847944,51.06474003671168
511.16510837653215,180.4381058610853,97.09140725736448,51.052675201768395
514.2997870979891,179.17362980063615,97.85809393523903,51.04163189076669
516.1670392177394,177.73400571506815,98.44925612335071,51.059517127790116
517.7910390800198,176.5399108586704,99.06458938562176,51.064527652810995
520.2148844025281,175.2275005394692,99.63109713919526,51.07199365978944
523.0903408250391,173.94689824996422,100.41302883763018,51.05596349377372
526.3401263373876,172.7551901469469,100.91824621167609,51.17253685770636
528.7262354393026,171.8833251233871,101.56430145679002,51.188371883387326
531.5923520609266,170.87335737127722,102.13896490009594,51.24136615015745
534.9015455353352,169.49545438328875,102.49688725074768,51.3262424558005
538.4802622606206,168.9084650298377,103.08294497296738,51.23306396570402
542.0899230733801,167.40044061897197,103.4147622253172,51.36664384860795
546.283508815691,166.461066981375,104.1616096387055,51.401131980926195
549.8313671488751,166.11136639736293,104.74057511268781,51.26957645148636
553.6985914160094,165.71634721614225,105.2365028220103,51.19686070740612
557.7520824948092,165.79861653752394,106.03874422092942,51.18229964435561
562.7002784258403,166.11315922125766,106.96909357743398,51.2156976114295
567.6865135465907,165.63811534074944,107.7108424292561,51.38089865464963
574.5685390408635,167.5304671660663,111.32096365140387,49.819487116366346
579.3450757171491,168.12128795728444,113.71862443732137,48.77241625174166
584.0590674247478,169.01737923226545,115.46045131722897,48.149251970364844
590.8185652059809,170.3508964025151,117.33097449255574,47.790870030836
596.055928525789,170.69234261389582,118.6742867933693,47.65094492756312
601.4306038746784,172.22098448232353,119.85237769257529,47.38967716856717
606.3359361492159,173.71595797246786,120.85770359149844,47.28899310293608
611.5139453831791,174.9282002070166,121.67758939755858,47.363982682453106
617.6258983822976,175.7156319007184,121.87571957028135,47.34758215324959
623.097332447366,177.33358663088651,122.6865831677444,47.301365667003935
629.0713148127217,178.3169923498007,123.78139931319294,47.5043802599068
632.7809133987835,179.73818422288358,124.6041722033251,47.796756178276574
637.3442886296793,181.65165498018445,124.92700574879653,47.90026081159354
643.8007338557243,183.92631435171208,125.34069725166262,48.05988305135683
648.6896972052257,185.59590501892376,125.32194585325816,48.182032607589015
652.9203235136465,187.740963972823,125.2260897360502,48.27039275002244
657.3478049155598,189.9299994356551,125.22039775284134,48.296466588304796
663.8184825911878,191.30195095097963,126.182298817906,48.582418808968015
670.0177573199644,193.76696924668687,125.98008801391737,48.86403688063943
672.8423135506631,195.21571121595142,125.47792245956337,49.252852647615725
679.9347727348883,197.03346337977854,125.76286702904034,49.600257045700005
684.0207964323292,198.75703234988026,125.18969134207467,50.04866840282933
690.2497209505817,200.18987497294057,125.14726760616779,50.45050000813389
697.2955733550533,202.6850847931588,124.54981118742234,50.73018382228727
703.8677188839608,203.6690718585744,124.70432345907514,50.9575388807566
709.1366779571963,205.93074477367287,124.21677743632239,51.40251294344297
713.4592554079842,206.88865690815473,123.86032645320367,51.511282504587896
719.168870525083,208.9400912306082,123.16993323225068,51.67713734753496
726.7048320650447,212.03996662996994,122.17169007633845,51.9631348398271
731.7958213908937,213.15377037594405,121.66547836952583,52.208953451470805
735.7120868819259,214.91244799388716,120.99958814597593,52.53674773264392
740.7219242043934,216.61461874035328,120.0418403427766,52.85380030175389
745.6599430059747,218.7542802858731,118.4403636679587,53.16074372835337
752.8509191839455,220.29101005033212,117.52088518134079,53.593362204272424
755.7357549365133,222.03296292470142,115.85960925268233,53.719408428495214
759.3969389205329,224.4387634172793,114.27740174988375,53.70075282831874
764.4640618404616,225.65474111426124,112.73829541350536,53.578662909055765
767.6476177063381,228.29067652191085,111.04301004436208,53.48708422327314
773.3170155454893,229.19939291039498,109.58915451345953,53.593145308457
775.8277688808349,230.77419850862066,108.00918569982409,53.707631802587926
776.9260841611708,231.97007216578695,107.34358722457102,53.88112034145054
779.1116022752647,232.83302854937781,106.30070150717128,54.00818032016417
782.8546655957787,235.02198603018667,104.47645535930725,53.84382927761384
785.603625175941,237.09479572589305,102.4873755678027,53.40079081500359
788.3984901298386,237.50763013684653,100.85087365683378,53.20630186227159
790.2557936214816,238.88608058242767,99.33982869480324,53.000777790719894
792.1737303131481,240.66741900087905,97.96145076244366,52.657667060613385
792.9197263302918,242.24821956878344,96.47186921705799,52.267693827789245
794.230170928869,244.34936944499225,95.1290571454529,51.98336997792896
795.2963007620488,244.7078702496754,93.62917826265141,51.60250193804164
795.8576727278851,245.83650331910556,92.1625838375476,51.14686820350873
795.9949075916331,247.5943800727853,90.84409309965267,50.59788868296569
796.6040662621937,247.95756356939756,89.42076573183822,50.07561383470724
796.6031506948875,249.1467505570221,88.22295909579762,49.61315558707353
795.888350934966,248.97074311772386,84.11723547263546,51.67410262700123
796.291528859515,247.89059448772736,80.84378639424352,53.11367661562427
796.0543852429895,248.22066152963663,78.43797838384064,54.15025848277165
795.4301371745893,248.77298635476365,76.5371079034383,54.76397402493091
792.7583720818207,249.50298149240382,74.58612772444295,55.10815411975247
791.8331046988296,249.25099754085045,73.45699744945514,55.28605794285929
790.2934647565835,250.90457858768215,72.30988125011567,54.97090668102878
788.6678975113235,251.54293601285005,71.34902824521319,54.91687609487605
786.35724358537,251.59812693821462,70.44200243317972,54.72889962862787
781.9342907136178,251.8788537244398,69.07485828807363,54.54148972945436
778.6797949583001,252.21197098853276,68.38725889828774,54.21300831835302
775.0374447413808,252.5738790021425,67.76192515243875,53.8253788193394
771.1642663507129,252.87442722471758,67.165457951536,53.44627455394064
766.8837101920216,252.97110989540707,66.51488985662613,53.17419782951693
760.7501383910902,252.96521171639768,65.68574573113273,52.80784822458211
756.6883259967068,253.0678018647418,65.26185655810757,52.35372957602428
751.5173038300763,252.84960241596798,64.62245462519431,52.02113080435199
747.5751545280027,253.02766266577117,64.18870284482004,51.86318427472963
743.5345446786093,252.9608124774093,63.88322382076734,51.48868788030853
739.0491976359816,252.46145414531506,63.46938593123028,51.39216407074973
734.7213382192036,252.24414821269593,63.20617757209826,51.178663817743825
730.4937015728854,252.42220918396924,63.11575365251561,50.97168414051703
725.9660474818294,252.62503727459352,62.691059431368366,50.77023891119277
721.6366476174854,252.78277737113444,62.36689082967298,50.45129350383241
716.910451439212,252.93332928178538,61.907963453553634,50.24210010437885
711.7577308818435,253.75061676663955,61.54962721691133,49.90023078976847
707.1429482750974,253.9955917911057,61.37279651823322,49.75206608233735
701.5538304497105,254.32709722798478,61.18388186230517,49.701309410945086
696.431534770854,255.00414376201465,60.9492556907214,49.496822213132226
689.9607100425993,256.2363377080676,60.510179286634994,48.9504701858564
684.5788564722668,257.35456250538215,60.245364889519365,48.64923093840286
679.0880233620102,258.6879815058188,59.93709504435871,48.46578279196069
672.414810970576,259.39614716586976,60.08004673610153,48.60607683806973
667.545807318819,260.46519883756787,60.075321991581056,48.523882889891375
660.7197679509211,261.62145859690753,59.89958376418098,48.15354042847833
654.144784933882,262.5251328144119,59.81418965269035,48.25450407576018
647.9825342686933,263.0698740880178,60.02532485605366,48.25873421604082
642.5725515021879,264.25549051009745,60.03250905514096,48.34535135128214
636.7509618873322,265.64636318018574,60.294061202027635,48.05082939787005
629.5616483074787,266.1501111636394,60.42872798118069,48.01042761393088
623.7718988976192,268.01922569469286,60.704629350643344,47.90144073360191
618.8224369992384,269.28483899189644,61.20503553876216,47.53941265222578
613.6268914174789,270.0171077954182,61.567000534984004,47.54655163324067
608.6501726177002,270.70288105654595,62.321395814289815,47.52720418859141
602.5817910150055,272.2881414734527,63.07774977895647,47.307227950496376
597.1140919504406,273.62754638471154,64.27575452887483,47.2481390638002
591.7507499704549,275.16788387948554,65.51180357063336,47.15364151871019
586.3956599380871,275.6812522183178,66.76973792308875,47.44293629703925
581.1014037681558,277.35067474131296,68.15495455524857,47.282478416118536
575.8811767067574,279.0749605812816,69.7438118457702,47.39894255618866
571.3404704567458,281.20176721789704,71.53956884728858,47.417843626219415
567.7179003177716,282.7000279878651,73.24507680483286,47.57090614123026
565.1816651728233,284.5435757671229,75.07962681045848,47.75809556539598
561.9349242214334,286.5256773600804,76.56078724107012,47.86555909701018
559.4991615431622,287.8808295038269,78.58283411441235,48.1731602832264
557.9225179011162,289.3921577509494,81.0661282363495,48.51752964118467
555.5236676410759,291.2203508358626,82.49971757135607,48.697868467925076
553.1501487452874,291.54788665835014,83.74933934349336,48.87972018377459
550.7533060441614,293.58704246044937,84.89378377513395,49.00110225938563
550.3749352172938,293.2910708478266,85.97871158323454,49.29157851299547
550.0533171704599,295.0347935635443,87.44616612887918,49.41246953022941
549.7149918312521,295.86928630563125,88.90471435215568,49.47191419799493
550.8739075759586,296.10624031563697,90.36792567699736,49.883365882477975
550.5192740493259,298.3685810184265,91.84754527266327,50.24646991162179
550.884638385325,299.6299465587275,93.22640665422321,51.412115972972266
553.0977508280375,300.4072328463964,94.03745450820867,52.48813049861711
553.8699085512795,300.48708335337864,95.0315728519315,53.4356574061386
556.1733756174286,300.2265430262712,95.99355122573685,53.28975236975974
557.362334813792,299.79311493383693,97.22948485708842,52.718375775125395
561.596351337488,299.8258916821059,98.82208833008208,52.14372064933021
564.2467019352966,300.21408349516093,99.84896567908169,51.991563414535676
567.0174012558803,300.6253961589306,100.91521064219302,51.76008521176364
570.9543447210648,301.2380629306314,104.06302170987072,50.45192284861035
573.765406321067,301.9512566504021,106.0444446524445,49.54151875219322
576.6523482917252,302.9073853759597,107.2716388399428,48.87410943321165
580.9126020593209,303.7990770060112,108.33153463269333,48.55100396890022
584.6496835193731,305.22898174504303,108.79261770334213,48.143757538245566
587.8733581316524,306.3641697205105,109.71995662728196,47.780353518768095
593.0235266178563,307.1617588933749,110.68492517397806,47.58363925671098
599.1138849095101,307.75456274401324,111.7415018340786,47.587954007407276
602.3405625076085,307.33139450117915,112.32566466232655,47.698228145186505
606.2163982888486,308.0774756059881,112.156463516869,47.580377621130616
611.5646198611483,308.23989310032607,112.5895798891763,47.745622393006194
616.7769041760804,308.0319903715696,113.0431574308821,47.90067055324173
623.2060316073776,308.0582027753606,113.73349132103439,48.12497175312123
626.4441403714119,306.7232603732252,114.8339811560942,48.33889676048659
630.4595098400088,306.54879716786945,115.13256598751636,48.414589280664536
634.367010806211,306.51864005949153,114.88221840539236,48.412607792340346
638.8525271972059,305.822587936304,114.87190759300731,48.541856389721026
644.133358611803,305.20665476810314,114.56807824464792,48.47402783037837
648.8599376385871,304.7033576003607,114.04697280338462,48.26068126506072
652.9909082526249,303.5361762478028,113.43946005736453,48.30084450347114
657.6766747882747,302.5670938337115,113.0264926980401,48.48541958231749
661.4137657997857,301.38496980451634,112.49218818508899,48.56979713060651
666.9473428564431,299.77238089794264,111.71748116192302,48.794520279523596
671.6335278253724,298.35273447447906,111.0030406445355,48.777996523743845
675.3870225670679,296.6651574780898,110.5316275046809,48.96595068551352
679.6729610636812,295.2919281309534,110.35686240415444,49.22833502561447
681.8918932633158,294.3896381582896,109.54185033032493,49.26937577588142
686.2569675656409,291.8785138291173,108.88361353750321,49.585073836081406
689.4003702167222,289.6641816508647,108.08254889696173,49.707390822438875
693.2047799261294,288.0752065789998,107.81997238281043,49.65677527326702
694.5337428313824,286.3496455596149,107.52506603870467,49.60609439074178
695.6154813501457,284.24439675939567,106.7955859169951,49.60822512030006
699.8692879828832,283.1085602494403,106.69857331375178,49.68617350794756
700.2400364120891,281.4298033598788,106.55441310523459,49.82549232552279
701.2158518205878,280.03035588614983,106.34498468939844,50.07567215838718
703.172624952811,278.0954579114501,105.93406317508934,50.13380638751072
703.3507660255517,275.5741449112372,105.5491278829088,50.19559122811597
703.866883851442,273.7106313993076,104.84180433215852,50.297704082663735
704.9519164791132,272.16413367857626,104.71364853306929,50.28651799603496
704.9703155543953,270.642485625395,104.33993712466784,50.28108992789798
705.2199242254962,269.81405406923835,103.53226199066059,50.101976797192165
705.6487184359222,268.6164620689605,103.54513878882943,50.15000951829839
704.0581806939456,266.38285808326617,103.57495771150333,50.23845858236895
704.2122110949279,265.45894528027463,102.57558841115645,50.078907755933216
703.6626497986387,264.48229456599205,101.71764482541286,49.937484529346996
703.5308519620863,263.14624936674056,101.34740321585983,49.94975866274379
702.949992481705,262.601474349877,100.97066692874374,49.92311051436492
703.303168562289,261.9882029768893,99.71849500820665,49.63762182437378
701.5796556636096,262.68807960698064,99.08267321035052,49.582721488538034
701.7974395042327,261.6411343569173,98.54272111425288,49.649438469530146
702.1268863233398,262.03146917718965,97.87205466835097,49.79635073530413
701.4030515320014,259.9449364565752,97.45183115124287,49.99375585243643
699.628562376766,260.43666984720016,96.72865131580932,50.49925732432213
700.0444290170961,259.5606651363694,96.19131661117004,50.696802763401536
698.2601392646143,258.86223528112146,95.94215233790517,50.768794748525146
697.1822898290156,259.1193867884449,95.51803439086504,50.72268308934507
696.7863530854995,258.67394782331775,95.0899657850018,50.669072136580866
695.0896166226132,260.298875080745,94.49613831480883,50.672508513373714
693.4141956011451,260.83240050264516,93.8698370700862,50.67084289200841
692.7752859910438,261.73860132911136,93.220868794676,50.6156871373228
690.3984163129942,261.8895813634483,92.37055513029773,50.65372900937608
688.4500562980361,263.0040619576002,91.69246417846345,50.66943606638787
683.7337549417579,264.36404205263545,92.0091077235395,50.758960834966075
681.8696003715831,265.0100937457029,91.90509522005956,50.73170353533327
680.5413129815503,265.61546181795853,90.8426119633211,50.49734773902751
679.0505079403845,265.1265782848862,89.73919578146206,50.38587628073522
677.2213568399984,266.071995970957,88.70922741338666,50.2152078302092
673.2820928057431,265.6392655878939,87.75344971865249,50.09938052088836
669.7509278745671,266.9052440400681,86.76432789796004,49.73063329328252
667.3673804618081,267.12462389453333,86.16599999780064,49.477365563474216
663.909742644763,267.1398280614308,85.73007314394525,49.29154351264781
660.2372566539418,266.8597327775067,85.27164460907767,49.190761425676584
655.737437631073,267.22008595347995,84.62017105203203,49.012623459331095
650.4322859945288,267.22535151553063,84.3951300105453,48.87153004468036
646.977597924898,266.8539661962673,84.15759738973605,48.77023227519467
643.4705893525172,267.36269356036706,83.88810480320493,48.7221951190166
638.5168603298783,267.51922933004084,83.80604849759149,48.62308869760044
633.2186348093396,266.8106147708643,84.11690078378625,48.57107941549433
629.2574682652883,265.60142392359785,84.67760915417642,48.62277071276462
624.7875524771856,265.5230723205448,84.86206772928321,48.840966965452346
620.2421470073562,265.4633960681596,85.37357492748696,48.914533856864786
616.1831703454263,264.5620020521142,86.2292029644814,49.09651936724988
612.171795190089,263.2261256592864,86.90472093338971,49.18412088490017
607.6941372368509,262.1291366366879,87.57123755397724,49.23337551472238
604.0012244296214,261.68086985089406,88.38152453318237,49.331873941504284
600.4958595846525,260.186598180142,89.48360239435425,49.48490464491619
596.5092068011043,260.37482904674914,90.52686760195354,49.56169841607171
593.1632182719086,258.8779920059575,91.59925151688192,49.6521733017933
589.1290231436333,259.69071040295876,93.10834135076392,49.8272857765132
585.7114763418125,259.447438888817,93.27714514803964,50.68364704520094
583.2198686861713,259.1775545369352,93.66349432849333,51.481499628912125
580.2925421659244,260.08546046892593,94.32243814047135,51.782208169746376
579.4283680826288,259.93405814773763,96.34257169624739,52.16553357611623
575.9497095333086,259.73013292769303,97.60509461687899,52.1729091698424
573.0534884915397,260.6654603719137,97.8035096580276,52.011083922743225
571.6187130632775,260.88445807177374,97.87714491091457,51.65866430478569
569.6503995870187,262.12198015934393,98.8437124685957,51.69625917536061
569.4630052161098,263.3179202371838,100.38937270661401,52.077537808361924
567.7697280483367,264.3412260678675,101.90824792305004,52.97550431777083
566.4964912529603,265.1389519299886,103.28606623750443,53.97564461547081
565.1230660544711,265.61092130687945,104.3816971472924,54.49706042349491
565.0262686888282,265.7585457086071,105.53913278043012,54.04451759998294
564.1000141708148,267.44769790872147,106.25153215821538,53.31130521025213
564.4034528764317,267.92678640195396,106.6826468667707,52.84055662072736
565.539292489042,269.23738613813106,107.98009377070053,52.44890369530928
563.6951017647505,271.4623361213706,109.64582903054772,52.00340159794034
564.2164468916084,272.79731215524527,110.62898954968955,51.622204470223885
566.0171139734416,274.16430265727627,111.24780299573388,51.455286797765865
565.4011987044981,275.4470031300876,112.00411810841555,51.160590359970996
566.0469576300344,276.54059405980786,112.61941006416671,51.237718145229564
567.9393207828111,278.2808424578406,114.06266294181015,51.321176656170934
567.5013146536429,280.2869990743476,115.05965559701346,51.37766053466815
566.8036087299008,282.4465502102503,115.58510993784111,51.522937573470735
568.598582392428,283.7283718921593,116.14705289064914,51.769458422833154
569.4038281636177,284.9464687201451,116.34461436493234,51.86063617341672
569.5576225085772,286.4634342307639,116.73816959543504,52.028643304492476
569.3375666232658,289.253313963329,117.5144140712694,52.45442564081489
570.7043341877359,292.27712253291884,118.3461608103103,52.926469451342214
571.4226647187974,293.8377769648574,118.26745806499025,53.18279678169419
571.1503513232756,295.58427169955223,118.70015493273797,53.62061919432362
571.0740960293813,297.5595055069504,119.01475956223166,54.01021848931723
570.2962143981176,298.8177752251104,118.89236382626953,54.27903342883654
569.5248961224605,302.52116157036636,119.19847949116243,54.85489766688299
569.1389086196739,303.96248818547014,119.45773063361099,55.30339711421139
569.1427386397507,305.4118505611843,118.81136617432126,55.462228276708245
568.7272165120604,307.28628514293075,119.17256132005218,56.07485127019778
568.1903001604732,309.15040801088435,119.30299900464905,56.47872185203954
567.1217483355023,312.48135703387993,119.25295861352956,57.19991382527452
566.6889855282873,313.3698145592414,118.79253837377249,57.530116665863304
566.6882751183507,314.33866930988336,118.42274399918199,57.93069237232766
566.3243351529246,315.79359848394523,118.4120328550904,58.354113633884104
565.3088422544645,316.87520895280926,118.02067945103732,58.60397171951733
565.0730888932112,316.61154596542565,117.38845275317189,58.74998177750781
563.5950193557284,317.9733654808231,117.11034915044897,59.012766715981805
563.173486195202,318.128014816906,116.67584057468903,59.342554409515785
561.7345282409776,317.16120092006065,116.61490989500328,59.65363290778104
557.9922745632275,318.58003063506516,117.40819458280934,60.170648293903625
558.8249941999571,318.4659274315302,116.46099759698582,60.40567366139432
559.8036612568256,317.52960652698096,115.49452752171626,60.50867156771409
559.4716764750125,317.54310952901767,114.66589807487509,60.7468180180169
559.9213422070314,318.20069779410477,114.10613293101792,60.88910129523872
559.4890608804982,316.7976812255918,113.52088817861282,60.917011768766656
557.6682470022523,316.8646647425536,112.51983719746417,61.042829135306164
555.9304940606125,317.6152565852107,111.72052513717054,60.98774651944235
554.5046385136562,316.5368644389858,111.49261658501081,61.00465158520767
553.73228864506,316.44351393664334,111.29131948935586,61.07637128131312
551.3735996931566,316.38306266501934,110.72860658429414,61.1682190263753
549.8279487709108,315.3383063547502,110.54875259458773,61.08153435649294
548.4160958505632,313.94445403090464,110.10117623923787,60.85871973805557
546.8663265479353,313.0021781580776,109.85000254514695,60.815743340780664
544.8563716880308,312.79391379745306,109.97981250108575,60.93089852067449
543.8083100802558,311.19563382886787,110.49990415096964,60.89481533040355
539.8901017939123,308.7400872252337,109.63994869149086,62.36143884734894
539.1469373386874,308.4014543103955,109.01148930810224,63.068064528057945
537.7405855515742,306.94715062432095,109.18832504823735,63.48834964221132
536.2730534885995,305.99273188845575,109.91553800269332,63.242638945759325
534.7237196453027,304.63219090008914,111.00485515103321,62.79198730471005
532.4446637343034,304.08217902575757,111.74660792991035,62.54655075769591
531.2918547950101,303.5845760113397,112.68069003045137,62.048527754968845
529.9399106803357,303.2110516912299,113.79351559481447,61.63098377147783
529.1933126164788,303.0875415742038,114.68395707002821,60.96838193235659
528.7300025136268,302.30976962042547,115.54528434363894,60.32702833319935
527.5133930483511,302.21458467195777,116.10977129863494,59.85217141300375
528.4521752149756,301.6686759896238,117.03223743528045,59.385570503745825
527.9038967479162,301.254901971613,118.68688863247598,58.83116434665222
528.8825777150358,300.3583877670858,120.42257708275821,58.45046095181259
527.2585952329861,300.9464860388374,121.40669898731792,58.477896643836445
526.1347315341104,300.7527432901016,120.9750960361007,58.30018246813225
527.7609510440919,301.19557926939746,121.83638935408923,58.24022128300856
528.361700951059,301.18580273132,123.24319165654914,58.44991304188648
528.2587573087653,302.3870168730722,123.81951212266083,58.96777475166826
528.0746292495912,302.10465100076937,124.89213444813177,59.58232997786338
529.8354976809867,301.38023835770167,125.78633405537269,59.39291552267345
531.3094170039413,300.7922728912964,126.82708302733754,58.80893932905728
532.3706362289065,300.8040633051919,127.95059551467841,58.25672526438116
535.2328097936505,302.11883278633746,129.04310381579324,57.6592142619137
534.86481231699,303.8277066586312,130.25641049949917,57.24077891814406
536.0883727690823,305.15548270629495,131.44277968091643,56.9718306550615
537.2438156983692,305.42303451789167,132.6050896135872,56.75032584349449
538.9771045722425,306.9144954197874,133.31529352019845,56.522652824721945
539.7057317134788,308.70589598887454,133.74555561708206,56.302340433190636
541.1990352079808,310.3504111054808,134.93736249602847,56.30550814271186
542.2899525912691,311.990876884725,135.55806445544994,56.39299670827741
544.6832303998451,313.4117083460857,136.29461159861287,56.76193153908095
544.0674098904677,314.7024473200254,136.7580774922455,56.95516019329808
546.6494703802498,315.93692157358777,137.2539716188827,57.26316705230796
549.0709131526878,317.87362016859595,138.18978785623304,57.639093230364125
551.1883556399694,320.2385617040085,138.74235462574967,57.94054551339038
552.1876944121674,321.5328085412141,139.18853277135594,58.20255552206933
551.911473791527,323.5223619746971,139.16146141650654,58.45621623704301
553.3596863362872,325.4331799516056,139.1462440315302,58.7193261671677
554.8104588209947,326.61356889382563,139.29133898139628,59.17280638132995
555.5773439186611,328.572640104819,139.16544122449412,59.396956935722514
558.4615693946489,330.8619641018113,139.30545899581546,59.904240719692055
556.7818732448843,332.71197931501655,138.55646191775077,59.893426668632486
561.3161557267636,334.0083717083823,138.64752963679263,60.48363839336034
561.5012510411964,335.1657582002474,138.84395673520658,60.87460824562867
563.3324720622094,336.35842967017516,139.2080978879132,61.431562049166104
563.2627230649753,338.79557092041756,138.9791193723336,61.821139774358855
566.008881120292,339.9097982400375,139.12329503721273,62.09667054008723
565.1091268702278,341.1831342098934,138.45561732480166,62.05232556570738
569.1864352083334,341.68356617733383,137.58270888909937,61.97550880289616
570.8309760927165,342.0877877059096,137.1910217774683,62.1601430238818
572.181356957918,343.11562860572485,136.38497678671976,62.351236136131774
574.0602326868012,343.29029357365704,135.80495064404718,62.44071267447626
574.3109846210799,343.55935370825165,135.17359465938185,62.38322283288598
576.3197860023283,344.5957902772432,134.62108384062594,62.52730392616499
577.7853586701541,344.4949221567785,134.57615896014403,62.5882214519989
578.9816971874592,344.28052040729347,134.1565339503753,62.5340928304074
579.0323200029084,345.1804701678764,133.00220656860708,62.32720719187852
580.6273201011153,345.24060674476004,131.91625462429894,62.11036742807303
581.5036056279739,345.3832080851322,131.5862789523185,62.18733425149438
583.1452721976863,345.31985961371157,130.46655078764041,62.17521489728128
582.3754181456688,344.3169328107092,130.43002371654245,62.312475764180874
580.2325855709283,344.0654478715421,130.57173220479922,62.335581820054855
582.1732872876889,343.0457661797488,129.55862324874082,62.377299110272894
583.4527209150172,341.7961556013105,128.77219916940012,62.48369800152454
584.5440262161525,339.2202135094957,127.89053086887967,62.63943169153231
584.3613035699781,338.4301625930563,127.01028581546431,62.58777197350777
583.4139861149564,337.14531857730015,126.05322757212632,62.423890144561724
583.2028257367665,336.1163834115341,125.57109314356974,62.513920758228736
582.8357382234706,334.87455325777785,124.66881609134214,62.3437138210209
580.9458817780944,332.075742687888,124.06422398178933,62.299812553268794
580.3521650516551,331.7188889917087,123.80872554418033,62.49204254437091
579.9046134934212,330.2125004283551,123.36382922331617,62.43100742475539
578.3494377244593,328.14001375786836,123.03172332372444,62.443666560559265
576.1147385116045,327.1633362936966,122.41922687486135,62.23126264071249
573.9330570984388,324.5556313252642,122.32091644145774,61.95024361105507
572.719068901994,323.0809950850655,122.15588789240711,61.63561986456946
571.4337462527862,322.9597024885783,121.76024820051191,61.309445616168205
568.3307250374891,320.31857730848463,120.99664370041161,61.61914463053027
566.6701490489579,318.6636122181919,120.94711367635996,61.6378295890241
563.6952845863501,316.7076025452394,121.36415970591528,61.42819108657096
562.779046858934,315.66551654549113,121.79323795825582,60.985943446480036
561.3471397181448,313.86917615527346,122.41476269668209,60.658667304384295
560.4917344999312,312.7276897157766,122.92376420366607,60.164516732145096
560.3676850722705,311.9462326429684,123.47496650594786,59.605309543685486
560.433654080056,310.1658286199135,125.79784912331138,59.179016750180516
559.8673655936573,308.6569138522825,126.75607014217724,58.925895968059635
559.0273024971591,307.33758433989897,127.33236385188192,58.80687338462672
558.3416711626992,306.3035354059891,128.1237124873887,58.62967954254644
559.337572289454,305.7215701069217,129.78655281581882,58.93922488391404
556.7301379372363,304.9455514544597,131.122194120428,59.510058215544724
556.1383272930725,304.66390892332964,132.28180193603473,60.26631349407906
553.3853360094587,303.86166601563065,132.98520843819898,60.224821812376234
556.1529923339509,302.8825861015897,133.91087286669864,59.50445333158979
553.9470189980326,301.5497005853719,134.25381452602304,58.686540539486174
553.5036427142121,301.5108946261483,135.96509948330487,58.11750613711352
553.639738262294,301.15797053125345,137.1304443883464,57.85001518648795
552.9276000566765,301.5525214425679,137.5178931161327,57.427187392875595
553.3305527957625,301.65305013253464,138.50646128603185,57.24405703931825
553.3134306760992,301.12933075507675,139.49560203500604,57.14178239720795
552.030130776438,301.70787257928043,140.35270175994168,57.05350873491509
553.2209858107498,302.0496407211996,140.96554120418133,56.91565261636761
553.9270019006545,302.41219480524927,142.05609085916493,56.948367021453215
553.7164945234409,303.5096894793901,142.7344077786236,57.288176295303
551.948257635104,303.6146745366354,143.6004811742092,57.38876843381073
553.6799231609996,304.7329661771656,143.9482868449827,57.550465773325186
552.4077590132496,305.9411992075568,144.5267950664013,57.538683064059526
553.4381968724568,307.80755034889575,144.7844248735758,57.56759486562541
552.9721888475893,308.23903184629273,145.49917574951797,57.84295184000874
551.2548657218746,309.9381833881085,146.12763508650337,58.05694152294821
550.2987326763138,311.9276961355946,146.848365227918,58.44181478209586
551.873402848578,313.71418833627473,147.63038894283775,58.944550690946855
549.8985514070336,315.2631346656439,147.95541440626425,59.372468989163345
549.9300553685151,316.6481374821401,148.26763229549778,59.78197275749238
549.0657377403704,318.45888986891845,148.95122956693916,60.28015554115616
547.9934724529503,320.2498455922519,149.37908569471995,60.76769494974438
548.7130761021634,321.8293161328442,150.11649196555325,61.34054703376674
547.8347127182274,324.09219453107426,150.3466434065058,61.681302059053465
545.6357451950875,325.88184791461106,150.37730559893424,62.00024396446523
546.7481217175721,326.3622733979793,151.1127955406442,62.41937165449747
545.792555255458,328.0756018847006,151.20429080866052,62.765677966501116
543.7928618090167,329.92111333275153,150.63245539624523,63.28381873617066
543.0032188237927,331.11572946645583,150.2547258523193,63.81948628527516
542.3530601088505,332.0141394647938,149.9895996472169,64.5313287508337
541.3448016405961,333.4056471810594,148.96078248300242,64.99032868008838
540.1396593706678,334.7764981585241,147.77037570434703,65.27999831863437
538.2612275169661,335.03364786506785,146.6428795751723,65.36618458803432
535.4615920615936,335.74962984648835,147.40690821449368,66.01458270672106
532.8919098961796,336.015921217354,147.39870479629832,66.16384455708423
533.6439224158166,336.5950297589061,146.32404783573304,66.65514453330621
532.2715747707684,337.75015836304806,145.14410676184616,67.01709325001003
530.078167125274,337.34215786018046,144.53698169944144,67.30288596612189
528.1721429226388,337.8888099734329,143.2877102766783,67.50527835578986
526.217774264634,336.85700258262636,141.97699807257692,67.73637777847813
523.5931845348242,336.7903578473014,141.5442751235967,68.11607651631512
520.2080824307081,336.2817670364008,140.68122623429463,68.33286002677292
516.8842775238029,336.23944752076994,140.12441405103476,68.54771060505172
513.9139387839236,334.0293222487733,139.5020360155039,68.4880731867037
510.5170729738428,335.48100400466006,138.7513507312163,68.70196107110942
507.91141673278025,332.9565187975686,138.19588045272127,68.73481868087947
503.1475070361373,332.90265105945224,137.22346428845094,68.67450029167951
501.1820281100413,331.5484547958882,136.7190736299008,68.78992864644434
497.7466252932888,331.7869179333171,135.96395086145876,68.81653853634705
495.2032021767948,330.4342191109863,135.19865809832257,68.70015549939848
492.66157645116436,331.0671932000988,134.24963768755333,68.58734977341345
487.79836708519474,328.2849019857707,133.5771487580546,68.47533365318058
483.78704169401976,327.3076329491858,133.6420873669427,68.70966117413482
479.21094406987277,326.0646631201126,133.0493027568382,68.75122507887852
477.10716662721194,325.4512050165817,132.78147102259197,68.48616180615059
473.28373406329365,323.8114755668423,132.60066700675182,68.06713318541136
467.11454491109214,324.60622424612444,132.53549897784188,67.80831643559657
463.9613359588256,322.65063063764336,132.20766433415716,67.45161606024304
459.2362291398305,323.33989481065976,131.96898656131967,67.12121584226196
455.3626988304268,323.4547836885084,131.69149674219994,66.86112694353886
451.690563255772,322.37941138307315,131.6618760610651,66.64415667251245
445.3772723201979,321.73971390083335,130.5327177665029,66.95709593897877
442.5176389389301,321.7738328726011,129.56746094658007,66.77209736900804
439.0207045359154,321.4525602244832,129.32993641535964,66.76690486416885
434.95987516943694,320.7639548387457,129.10687049316522,66.28184086967548
432.2420273560138,320.8088829135756,129.0523350828715,65.985457948828
428.11752845809866,320.9616839377972,129.225583481424,65.5359096848744
425.169126129309,320.1856444752253,129.42585064434394,64.99431943391653
421.83877306255636,319.2847067660052,129.7261742209339,64.47135621405106
419.48857958089604,318.9581753249216,130.12423879655927,64.17520368407826
416.4526603190151,317.8881864639285,130.39220378135016,63.56587115101387
413.85941212689,317.44001591273263,130.33050356373272,63.10338263590532
411.6312944619579,317.0897191380814,130.47205068787787,62.87875700700799
410.051378800233,316.01571443501274,131.2082319850062,62.521781319074925
406.85441080602084,315.6675749533618,131.5459278916435,61.69140282025673
405.72750896410207,315.3584567067911,131.80982001923707,61.052645900426626
402.8349210901157,314.4549491906607,133.04378584060458,60.46232015815123
400.7524587745129,314.5204689945731,133.76497177285097,59.78716375526352
398.20863895318985,313.6362961870594,134.89779865037556,59.533625644170954
396.9415406442538,312.75025393617614,135.5625766471844,59.4119587631096
396.00796703895315,311.5822266240686,136.2767282713904,59.537083993556394
396.0080215990407,310.19351396844905,137.94162483511417,59.50908366087459
394.23133292160327,309.7040161781566,138.13274757039073,59.59074716920151
392.4320167320535,310.29448744878914,138.18440958205855,59.57660083536433
388.6509260616908,309.6591799434101,137.90407020897777,59.66514761740092
391.6502101059638,310.53094680633,138.32940892356294,59.70259090228792
390.4695080129743,310.60955801322933,139.53614001002418,60.030503775535784
384.2672616770652,310.48514875665995,141.44880567073386,60.29495009195544
385.7309492761335,310.5428308284445,142.77838848040986,59.81725738922614
388.1435720395351,310.8515287104144,142.66721375057315,59.23746392324796
388.03709746088543,310.9021522534697,142.4133161735872,58.59023429748363
387.40152984244247,311.51015072967175,142.28211362093757,57.979498194078616
387.95476242006976,312.1189488059851,142.70359839492036,57.62279302598706
388.2156745493642,312.1912322845322,143.16015368392746,57.344061646142436
387.7454042097251,312.92304981961775,143.95089880117678,57.074372818303786
387.36651995529667,313.3579243402833,144.5643483568772,57.014224070608975
386.5177923834327,314.44574599548235,145.44955461497352,56.70327952787297
386.4569591256825,315.15238702467684,145.87794821201126,56.55848086982877
385.8583742418359,315.4691087001131,146.33399871414807,56.44996024749483
385.2426013833655,315.8656337012849,147.10250530111634,56.41490132066707
385.30342149525734,316.8859990533392,147.64239139969754,56.43767507403213
383.98062859466893,318.9997551884867,148.30097780836488,56.4593688698688
384.6939335882998,320.6569224910361,148.63463829744444,56.47923703118835
383.54377005809084,321.8491531301734,150.06218300827587,56.561195926558796
382.9853393728501,322.82389834530625,150.50242168998702,56.70230193374735
381.83592127064696,324.5807934665342,150.98937849795476,56.70470961113696
381.5307624468359,326.70765132768963,151.5856685128039,56.81482588574384
381.0424639408512,328.36129899721305,152.11288706412768,56.888020134480854
380.616714291245,329.638904463992,152.8963722929484,57.25775789324474
379.6755157340001,332.33171939088606,153.82018277423282,57.56911852941636
379.5666335291083,334.6742011679363,154.112006573548,58.0197502969711
378.069805171252,337.67620985689337,154.951935996246,58.56289497502621
378.9655885873243,340.5638277763482,155.2305514875572,58.96494528418783
377.18028257656556,343.3882888852379,155.9600945259968,59.45971794403292
377.05638882565717,345.4389353503542,156.97402475375802,59.784762255926864
378.40623312600553,348.08076279722616,157.93313794711338,60.20746245709261
377.26441274224703,352.6923836242048,159.43483384368164,60.9002345207866
377.95757364017857,356.3640117565207,160.5481680098089,61.491093189168744
376.2922598954123,359.0663732882977,161.0315793700385,61.75035299380933
377.55908626266717,362.39790371155624,161.75201551416038,62.21674389900123
376.55669485259835,365.7293351751327,162.42088729876025,62.69429330247574
376.5011976649673,369.37808414300565,163.7373257715412,63.326397512878565
376.79046183408036,372.44462726019395,165.01153068774786,64.13252836910866
376.7642418856826,374.61813689738057,166.4636794516164,64.91723631336333
375.6626573542269,378.1752132770164,167.9550149182983,65.42408718186877
376.6577166163064,381.0384560720748,169.24923319948294,66.0445840708475
375.0940918518912,384.5089252499767,170.47484541256318,66.39872637681727
375.33886429104524,386.91489510928034,171.17165803242403,67.01593676273274
376.09713814065185,389.3038341233748,171.10496196532904,67.67327849925326
377.77321905987924,390.69478877181615,171.5509540041325,68.12531361841673
378.46412112331086,393.252717718414,172.32991266413453,68.42835907605118
380.76394269248345,395.48850419162846,172.6964374525777,69.09657714143246
381.5421068120443,397.03347234299594,172.9188500963295,69.5876411667615
382.4121738569405,398.9559867820421,173.47612625624726,70.20991031952249
384.59086103565073,399.9672947805357,174.53377713304914,71.02968557505288
386.81520995105154,400.9418320519987,175.44658194964748,71.95534853327139
386.25739706559284,403.6898698002209,175.41253866939456,72.18446033846267
388.7733128029211,404.3840141684017,175.5342859529777,72.75961547741393
389.3549548646209,405.4622663062983,175.55862783379723,73.3589276612764
390.8484279700451,406.5152582686737,175.97627771326557,73.95537779948347
390.9449113484805,406.9393629496507,176.07395959559688,74.7419850841054
392.6762482543011,407.4510935530893,175.85245332927434,75.26932157811001
393.6221058897339,407.74135323974434,175.9644275859202,75.508634648991
393.06850794213324,408.7705808205328,175.34312502225927,75.6662267744014
391.61014183541084,409.34988749472075,176.60884886816564,76.3503816183167
397.4191070325827,410.1927338415649,175.0602677627624,77.12021050818552
398.01188612087634,409.8114861102175,173.917725431295,77.59050129282178
398.92723275300807,410.0954577048378,172.16838292570338,77.73460764743865
399.51297926393113,410.08141453197396,171.19267405541135,77.94486368389457
399.9505926530536,409.2352927409563,170.2818541288455,78.09954799507109
399.3656223603935,407.85519057461545,169.7720322315225,78.46728792841506
398.96664252569354,406.6090490340673,168.9857499146477,78.57237709128327
400.10940735516556,406.0331909947737,168.0759315775344,78.48131522625926
397.51440770856607,404.1542163046985,166.4173466956236,79.22709071534229
396.77742116140496,402.5167560913418,165.74868992811415,79.64166577843866
397.02200482359916,401.647451471424,165.17661282596524,79.68203628784363
395.02532033919397,399.1902033396339,164.24286540073268,80.00424167312795
394.69579898598363,397.9405686914904,163.92065746342314,80.11472131563693
393.9530943480378,395.5479345655282,161.90133174633388,80.08287235335837
393.1237425443599,393.52395028487246,161.40329444983524,80.18728222173773
392.706245178975,392.23348587887733,160.41541451534474,80.07978120126945
393.02931574323117,389.1544665967006,159.6075659408533,80.33191547256264
392.07436899132955,387.46674096228406,158.44328384841938,80.11889890501571
392.83122115932986,383.9957009507449,157.11311268919843,80.57695869493976
392.6233818123609,382.37420008173865,156.12395484768265,80.52229912847844
392.5600925370927,378.81653151580036,155.23162763936125,80.67187030729102
393.5075786691684,375.5757155003837,153.97132241412731,80.41064154405699
393.6099864092176,373.33469515837953,152.9469731091084,79.90698114392833
393.2799524844877,370.3053729590624,151.87992866532477,79.5299699486904
393.12904514369154,368.44038070284336,150.5318526856774,78.77279997733345
393.19094501036045,365.73825752576545,149.2958468509221,78.16901496323362
391.63622720560704,361.7537677947703,148.82793112871812,77.65922607653008
392.2305401220017,358.91395808608195,147.33315152166728,77.1540958906353
392.4907380556899,356.84930780372804,146.38349340362896,76.34525987773695
392.23175650042003,352.82731248828196,146.0398653538714,75.73076986440299
390.7810750726854,351.1123538094067,144.86834555705798,74.88058353868172
389.7988116003855,346.8376894584576,144.36380087499458,74.24959722287981
389.69955393296755,343.1757463863076,143.6723251052276,73.56337060472866
388.28348499693345,340.8802653663506,142.93092181289757,72.56510925978544
387.7454484687747,337.9762675253915,142.05054416845516,71.49795759902182
386.2061166000675,334.85020537894906,141.68164354239008,70.74709641445915
387.1016586950973,330.5600073757343,141.50133529990126,70.1674534728296
385.60779371343006,327.3987198742065,141.46512803789398,69.26373062050796
384.1589403091696,325.07496330863535,141.55435219947265,68.25423748791741
383.36445440336706,322.9382202508109,140.9437404806518,67.33917599232971
382.365142736717,320.08709799231036,140.35531695230327,66.4553618926926
382.6365672046897,316.0230724843238,140.5021655204015,65.55169083987917
382.99633926417823,312.4242966469885,141.07247449743267,64.75154706853532
380.28813767526464,309.9108647040151,141.10333289834338,64.03845934391694
381.37467587708795,307.5930767090323,140.93767631929697,63.172748350392524
381.5812189822258,304.2989525092356,140.8750433367798,62.574880531418984
379.51367785302676,299.8722113475529,140.4504499016658,61.98820305711608
379.3475956815326,298.0309474136596,140.71737088127375,61.44106183081692
380.0843438110368,296.0845635635987,140.81675918189677,60.819728025659145
379.33172367816394,294.4281677291416,140.85627307206252,60.393867942101394
379.3685498465984,292.23176419245385,141.04675603630682,60.00384716132049
378.0622026664264,289.4116538874133,140.95346270477143,59.50946427103526
379.33791403944304,287.63383323861297,141.59612317254442,59.258684288728745
378.3703240916815,287.3828281656896,141.05779637899587,58.59763961070003
380.02059195301905,285.3244727433088,141.28280863758286,58.37895178145044
378.9965731623045,284.32249396974345,140.30853620047256,57.83464101040489
377.1997418608946,282.8504682614925,140.20086599575149,57.46355718635199
376.2395293316897,281.25881706464924,140.2096893915254,57.174541407583625
375.14042398109945,281.52528229064035,139.4245164371579,56.52645893186882
373.6697775429258,279.96676977579517,140.67103170558738,56.24536069724642
371.45430881179453,279.88409455297233,141.56908337797873,55.895680639619044
369.02749789594395,279.9991042987157,141.1190252665951,55.756902984680174
367.5293837204558,280.1474242891161,140.6200753949152,55.668334831767865
367.4209156182333,278.57830415582146,140.77916942295258,55.998851814589464
366.23315389992473,278.53195633178444,140.67465755454654,56.48317388030039
361.7084422558886,277.5272386111358,141.86960248339645,56.23576718521461
356.816350633798,277.42108387543766,143.73421718891188,55.82984130695572
359.0759542025903,277.5952266938832,143.8697546764188,55.26777873889795
358.544041366042,276.87034113548026,143.58893139226294,54.81833344220588
358.4832301053326,276.90354108479244,143.3139463060786,54.41310849656537
359.02829096895306,277.0153358315315,143.00998516710217,54.04821494227057
356.37460173178863,277.3487230781215,143.39990319984167,53.83961655530507
354.5568749872465,277.05031829592497,142.51580874962536,53.631237940681984
355.48974081356437,277.8539701079622,142.19893049435905,53.475914430590734
354.5540003391104,277.55463582798274,142.35987305596842,53.54384350433215
353.08912928814107,278.00462312043436,142.75081801778555,53.42364859205161
352.6221456552883,278.33155500757533,142.67402891008567,53.433749089315036
352.30521653898273,278.19451945021353,143.17729698697607,53.69850603672529
351.1908381458063,278.18824466770616,143.57745932714664,53.74699814503805
350.3514216134215,278.19497653748414,144.14831905474279,53.703786388513734
349.8969562943366,278.5098954054034,144.49912389897884,53.82530537359953
348.225365855999,278.8233276213,145.20877272838234,53.86565855407295
347.27488535594375,278.77817788602965,145.72859242352303,53.99979106431461
345.3614528618936,279.6461633396417,145.73613625607513,54.083329782525375
346.7888329187346,279.2232171407099,145.99411928166012,54.14533705904353
344.6581334355934,279.4926819729344,146.3183267615839,54.33107327479777
345.86519404641433,279.6124359671757,146.83448384118105,54.551150625146064
344.2718890728503,280.12295780056337,147.19994181649216,54.622937139492606
347.5662204046492,279.9967153872836,146.96437802221803,54.68018972370632
344.65700681888984,280.08038383580845,147.3612501514699,54.74550353878902
348.40293255498096,280.57600789892854,147.76114043191217,54.95024657103437
347.4340328250511,279.83633899241914,148.36465749354812,55.3550109864167
350.0175382290288,280.3556519750524,148.7829800329132,55.644266595780834
348.6720882968247,280.7282281542751,148.94441159936298,55.75623630097231
349.39721723897,281.12471797556697,149.58634922593674,55.9909990442528
349.90739003942986,281.00486281647704,150.13634473524638,56.29331053386659
351.2653784630006,281.16024540751624,150.22956722129584,56.46641296724955
351.7325714502009,281.6546691686435,150.69024667372167,56.673022665072494
350.6036966764174,282.6828247384552,150.86608394215966,56.71357074213911
350.64350755957565,282.1410610443972,151.39241825341892,56.823797971277685
351.9220831187551,281.98393507019375,151.7801099504592,56.88239653833696
352.0281515601554,282.8816690371618,151.98984779943768,57.14642882183851
350.97038959774534,283.6245927024433,152.17677665818718,57.08312406329712
350.1835706384129,283.96089285750605,152.2830747035382,56.94736705303725
350.5277928708616,284.98799436960735,152.36166983567517,56.81043075532848
348.98563105582093,285.95405929454193,152.59107617793006,57.04217839264203
347.8082895676949,286.6519600603451,152.42935834012573,57.19596208423357
346.6738355817409,287.21892083138897,152.61940579071722,57.38808498241531
344.9129778294588,287.9204065441995,152.37163486797428,57.06397002499489
344.85995726182665,289.98303333065337,152.13181027676762,57.2189360069883
343.49360169719125,290.3585006523086,152.514629028185,57.37617146770468
342.0578298554749,292.3607147593155,151.90903252340064,57.18170123480046
341.1264965399607,294.02264565794786,152.28089758162926,57.15332707982396
339.56699102424136,295.6455341135926,152.9042282808841,57.19782884170644
336.4053294814442,297.92015325327253,152.979313279778,57.22620248556436
334.37968615741636,298.82040529108207,152.90708384507002,57.23898697939567
331.5430746330315,301.5188436541131,152.85575187827578,57.08224973773923
331.5154767335165,303.16702159375563,152.71512835901126,57.03672665455092
328.3967988851602,305.62878497609245,152.86326734658692,56.75346916935721
326.3788630776351,306.61165577273397,152.92665175040963,56.76343355732874
323.9028738409732,309.6668169664705,153.0117617277923,56.68583364300024
319.35468595362863,311.869903192294,153.58466948490326,56.702194226631555
314.9735395381157,314.8424444859831,154.39669690836695,56.66260060714886
312.737743234228,316.32321602096005,154.77693276183936,56.84980569660358
310.20333808649264,317.81783605257755,155.30967986303523,56.84327694852361
306.8418827960661,319.8764208393705,155.45098739365633,56.87356831243763
302.35633900895283,322.83527559675093,155.6464802565791,56.98726520026467
299.11966371767716,323.41851798404525,155.85740970799642,57.085025578149455
295.1318019897402,323.44776024795704,156.4664191631684,57.22096621597918
292.3252319126676,323.18152496951205,157.0219774157633,57.461231737182615
287.93915778800755,322.99425218157114,157.14783011759812,57.61143036241424
281.463351033894,323.0087421600639,157.7288591379102,57.96656172044078
278.89081023961717,322.7746109475195,158.26265599364518,58.18727124402318
273.13698049771847,322.66208526115656,158.43451339919554,58.35735779496328
270.23664724403204,322.6571135680792,158.52174234934796,58.45846624688345
266.6065749328484,322.36462671341604,158.95640126538595,58.6187279539323
262.55275840441175,322.0023869143617,159.5846870932553,58.75396086176775
261.58040257055063,322.3660908813595,159.7738647081287,58.953660559932246
258.96088560449687,321.79789110265233,160.37956257303648,59.23528713236507
255.67922950064073,322.2394320328661,160.8169177685723,59.35763632796025
254.52744075705982,322.0626257110509,160.99619477584523,59.51863231516797
253.04465707594062,321.84674701794677,161.37601275034254,59.638606626043625
252.08964184825703,322.11319600438947,161.31488756224655,59.64303808850672
251.34860603011404,322.2337593243962,161.25126746994061,59.735992651238696
250.89397836489337,321.3862484453383,161.60082988112768,59.79352091818173
249.81489128016136,322.2684786391699,161.27756636748617,59.73197596058742
250.37257376198744,321.9525212734051,161.07695478127164,59.70795075547919
249.5134284936172,322.1551859132985,161.1805323644446,59.72725432300153
249.34350406580427,322.4046177559017,160.88661677428877,59.63310173527395
249.91496966079035,322.90103873183216,160.54344044233355,59.58036474480838
250.00576513743636,322.70444273413295,160.84512609464767,59.65840117446802
251.21679846587494,322.1790352218215,161.18747494031868,59.635788879564274
252.9698864517428,322.8026903465702,160.85950302818375,59.31694250631421
253.48835508653877,323.1506597215529,160.72348591125606,59.416523585145264
255.2230732065566,323.91179157323904,160.24783290677033,59.3782115695858
255.56830541081052,323.59461826275793,161.03839097541243,59.202162413322554
254.58462986792148,324.2601358314825,161.08106182818884,59.143376378465874
256.19367609029393,324.69728878338077,160.35627888127715,58.99608668522538
255.70563444237428,324.4802782353371,160.44349432204444,58.84623021783608
255.38641530673175,324.7212614425809,160.851485241397,58.69636362849235
254.96100088774216,324.8729294265693,160.84932875690072,58.60683287408605
255.57362435053295,325.73128097454554,160.4070328286717,58.709561083065246
255.67663816208676,325.1692216322063,160.92927221959076,59.00304290880366
254.39914116711543,325.7697139457052,161.36281387799042,58.93177646627703
254.05857594283407,325.2631440112446,161.42367449155788,58.913865533921054
254.55894104715063,325.3560494206887,161.42096832934584,59.09521375381496
253.34452476568725,325.374092068633,161.51921612779202,59.28944293620454
253.3388049871143,325.4620591622653,161.31352837668845,59.406005281141674
251.79827222464417,325.9653620270526,161.29889769076752,59.45344153326411
252.46843417785448,325.38315462369246,161.47253462266474,59.39938195186191
252.92617783841789,325.7907948532909,161.17867731452696,59.42020171334521
253.09248640792532,325.5319458712324,160.49569316587235,59.39827927798717
255.10718072297527,326.0399843252198,160.26001023760048,59.193263752306095
259.0635080371642,326.6739135830073,159.1402237465822,58.65548554326104
263.4405094143939,326.5120366871622,158.1987186079371,58.343213488946716
267.14423842932564,326.98153511971475,157.53224120322614,58.1991965537656
274.0030564908304,327.26889019227656,156.89717038783385,57.97168322604009
277.570249272568,327.60393839745024,156.42313276289622,57.621735671140556
281.480079241888,327.3384888085458,156.11585390106893,57.352229644653306
286.3196738244102,327.70279471792924,155.51074043487716,57.191343484303204
290.2735703529111,327.34473669860483,155.24474778147024,56.90043177770505
302.034384425968,328.43862654759647,154.7805136630663,56.63109659399639
309.37722059653805,328.4743269215802,154.00820859334965,56.38933908063956
316.9131975402819,327.88737945565686,153.5128490585841,56.380791705013934
324.69142943107624,327.8925079489083,152.8536755067928,55.967934638736196
334.10973618962646,328.82024998331366,151.69370917597172,55.65531143551848
348.8228795970886,327.442800192064,151.04879252401122,55.46524136393454
356.76851617345847,327.85407012177063,150.23740771508255,55.19169455557336
365.55705683411037,328.19046443737017,149.5600418173627,54.99549113374389
375.2625558463782,328.0146627795992,148.88665556345705,54.88343134808959
384.8037290914432,328.07217932054124,148.56682318770683,54.71410094193547
396.4185212916884,327.95193019434754,147.77605295042443,54.88759043077118
405.8518467923775,327.9950520944186,147.12044816791828,54.62474857347814
415.84694892725093,327.90579829026365,146.3218256242457,54.343108651947674
423.9468773063471,327.9010122329322,145.61838305062355,53.81863256695695
434.05421648996236,328.0960409429105,144.69262413224567,53.58820924541085
446.2454717096397,328.057062156827,144.08073403896037,53.53439923170441
454.02217245591385,328.59536331070314,142.8516800424447,53.00756829245564
464.5924866942119,328.8176823077717,141.82642899199607,52.73224428044766
472.3688598882791,328.85798328893077,140.53791237833678,52.272755797266825
477.0554187355554,329.32387640486365,140.1926867965161,51.86651850033765
484.9948576106395,329.92109277241843,139.48660624941192,51.59384435735686
490.3981838401002,329.69909930290885,138.84483931142552,51.36004911845089
495.6211005409485,329.1682620675441,137.6712684829712,51.39964173722119
499.8780156547082,329.760556844833,136.58632466902594,51.19281601425887
504.9421376600848,330.5717555397006,135.41432608063602,50.913788466099234
506.925480617228,330.2227690638779,135.17057465083138,50.63131090676599
506.4378572530471,330.1494846379319,134.6689354643906,50.41579691964584
506.1692890930037,330.6816430410361,134.06476884124777,50.00563286440631
504.2879175408809,331.06589045784347,132.89289633346328,49.54272186543972
502.80214899112843,330.75691463010287,132.10999026432813,49.39934917485536
500.43996510164266,331.42758841101664,131.36415035210715,49.10704669893481
498.5509664536959,331.81173366715524,130.95277463164322,48.791784507923786
497.304830779182,332.60677602375165,130.34607938216024,48.78678518672925
496.2949659228594,331.80862147207944,130.15742362727622,48.951349118526764
494.7946846817269,331.6273777717227,129.72310609130696,49.29848341700324
492.44413218028126,331.4308792764183,129.54991299849513,49.520818660156465
490.1371478679841,331.6217057663857,128.98834069901716,49.6798267171899
488.74573800295803,331.25102838213564,128.10416180426765,50.06700472597014
486.9122835265399,331.57720190893315,127.02109030742739,50.186602970093176
485.686869132454,331.2714735961216,126.79793504484851,50.238295508516146
484.079314602456,331.31961637563296,126.41357110527169,50.394810563135124
482.71730542273826,330.6643769793515,126.22214246801828,50.569489590111154
482.0184800597561,331.0188689471942,125.5300254995094,50.18622968992721
482.128123472959,331.51003297229573,124.50909726847485,50.17825072124049
482.75624064969264,331.44153770629464,124.26624284645746,49.840517705545565
484.8127329820619,331.8795424987699,123.4059194098989,49.6298291726695
484.9372903542601,332.3629057248794,123.05317669319766,49.35607293672483
487.2093583619112,332.6840137555183,122.1462489012383,48.92344354048119
488.4489407406113,333.1974700053663,121.44766609497943,48.59189706575623
490.7168995672883,334.32674495847294,121.19218877213086,48.32775588623517
493.16231802952484,334.09266920971334,120.65871078015286,48.18996054489867
495.8081425053256,334.5901055627836,119.74464771646034,47.914168108094785
497.13435363130395,334.00629802363915,119.00440243117082,47.433746825643055
500.318648857075,334.38405167948014,119.05167120204078,47.47142117175224
500.7926427269122,334.72782318214723,117.96529698930665,47.08087958786963
504.2222686389145,334.79065187698643,117.68379727864445,46.86714200806904
505.7467598172069,334.6695758771168,116.87277073069912,46.74668131330651
507.9566636425702,334.1474755379605,115.97200700239684,46.91019266867064
510.4553321887131,333.8601583907806,115.577877975144,47.11845396050124
511.72841537586424,333.68026627319637,115.12603380543158,47.01257672954805
513.7442263036667,333.0404535824432,114.79478631467973,46.88065421180813
517.1734201007913,333.61763946491277,114.30774328677559,46.74349364567578
517.7090178948426,334.03100231914897,113.43262707203249,46.43618456747147
518.2760427071917,333.0934729073838,112.8068425254022,46.19403610225984
519.7996285462049,333.31319414315465,112.44964372487834,45.96039274840242
519.8621779872799,333.70726610047507,111.51858776379461,45.55524899898566
519.3148993331534,333.6555695646823,110.70208104330763,45.18257980255248
518.8759140635451,333.70385855461967,110.04922966308308,44.99828021409863
518.2991378787535,333.40616799412163,109.82420480030538,44.87291934786631
517.4931759410536,334.03142304862644,109.02433520532264,44.60188694242801
515.0524299102301,333.76302463147834,108.20862553814874,44.264706413614576
514.0856145830303,333.9772361651987,107.71787136016611,44.03333175694719
512.0755024875648,333.83846016944403,107.3837545209762,44.00929646484522
508.8499050289663,333.77019245757725,106.73719734390446,43.8638733979686
507.8921699521764,334.05126421728977,106.6170725572987,43.90988202965139
503.7418925875045,333.73014760776783,105.92903132411809,43.71971552278124
501.6120492226337,334.02422646590514,105.7126376362266,43.53359331108621
499.25154859491806,334.4113706807899,105.3598178238478,43.46517282746458
498.25742661448203,334.09667938272383,104.92447732350769,43.516583786347695
497.0583496936869,334.8918272190917,104.48661260278107,43.27284096242799
496.53934191362407,334.951257597296,103.82832276873415,42.920012722975706
499.58218607209665,334.965543779116,103.84182039539247,42.92964595316005
499.9701539301891,335.3058546973508,103.38505151833036,42.86879303425097
501.0838747332732,335.28447301200123,102.90989873052145,42.726909381272314
505.4610495282874,335.71729121466996,102.69729051164794,42.739456102384416
509.2237487796138,335.94077328778803,102.04547341844939,42.4278488592245
512.4064942420957,335.98997417698513,101.37086088475152,42.23594204101918
515.9010053159657,336.2529396747564,100.82030337858248,42.08470545246283
520.0684342996301,336.9426017568639,100.30092516665542,41.79273833246781
523.5273797392148,337.2366934195999,99.82553487876417,41.65332409955572
528.8192361291569,337.3002726660636,99.42826924243444,41.775386439810525
532.514834074382,337.7293558275189,98.90654919350663,41.60840094213351
536.7735116976714,338.36283384917294,98.40520709237455,41.49699144480772
540.3169331812436,339.2907122783313,97.92518709275936,41.222798893703896
544.1844302804586,339.6447488655404,97.06059999882163,41.35859021980822
549.3691393702798,339.8862230021287,96.74643103335166,41.35574922426342
554.3166708102201,340.8011888907576,96.18572446145424,41.49609535246973
558.9574474860485,341.0745673781562,95.83946716845233,41.36242759342804
562.3707231014428,341.853357257074,95.39883789277248,41.19508039861128
566.6796563926338,342.9073056877526,95.28561761165994,41.16831094242058
571.86006993334,343.256565882915,94.88083949570164,41.06494000955042
575.6796333479424,343.93517191613427,94.2531047830435,40.989161525417906
581.0874554111523,343.8583195024085,93.90318846271494,41.11701735511253
584.0932024674431,343.9243247068327,93.19465283859772,41.05758300715533
588.7510739636682,344.80404869157485,93.08701397975352,41.16093241716471
593.776692332557,345.59712979237844,92.88499751785477,41.20559299330568
597.7664249462943,346.52765522935164,92.42358105365537,41.07322344527181
600.9736792673616,347.32423015430174,92.02847634599955,40.93042590650586
605.9751051557511,348.3777600485308,91.69219237164985,40.84219069537936
609.1351238320033,348.9095385694472,91.36553127418081,40.80486172380561
614.4691346773287,349.88561463147863,90.99899083047809,40.97210318685517
618.2727209966647,350.6729729967155,90.90578522900694,40.9797709235064
622.3036582261583,351.2932269050642,90.5791154666751,40.88647620819592
624.8833097353493,352.3518741735735,90.33100581911233,40.78847903255136
629.6185108456318,352.7431126449383,90.14653613944066,40.73204585059823
634.7447182495298,354.0180177270962,89.97088925309248,40.69858118722848
639.3887750211915,355.2357374875332,89.54951402916613,40.753972087802296
642.0239298056698,355.73816681879345,89.35460433585037,40.80285833742926
644.4848640139165,357.0947613801177,89.21718215882836,40.81600068717761
648.5953488418639,357.553026097876,89.25936939380266,40.91308793275995
652.179241319627,359.34857179398904,88.99986004252466,40.811246485220714
655.0323012243115,360.1258325516466,88.97580762741225,41.01954879001966
656.5227901826679,360.57006629570384,88.59833556053758,41.07013060543689
659.4063033036217,361.4444088017993,88.62501811989948,41.34330118597369
660.7377951017685,362.59750053227066,88.4562333227393,41.32496762813763
663.1026670064061,363.85864644996013,88.2952999764156,41.302716562335746
664.5985129363058,364.59407754722207,87.87497180413158,41.24054887350342
665.7914136880672,365.8918961230121,87.66579745972746,41.27964039204354
666.6315284467531,365.47418759169966,87.14928318569505,41.355282173716006
667.1350418305574,366.12960392410145,87.0673261078374,41.29546290708285
669.9421351730667,367.67573230701123,87.28130781499993,41.44145544317374
670.0424141861067,367.875777068215,87.20611422661925,41.34403648899395
671.1462994014707,368.6358865060411,87.40472421085398,41.4466892506861
671.4149833795187,369.39970982890827,86.96752648711357,41.40169872620578
672.5568960211746,368.7483704092381,87.14694564197342,41.83198467270857
673.7772322243748,369.52308875935927,86.78242889810954,41.913770339752844
674.0077245210392,369.91795452542954,86.66988232930166,41.80705022023287
674.9277544815012,371.1589698396905,86.61346827667907,42.01998161639969
674.8168504720176,370.70626892681565,87.10936831425059,42.10267274926681
676.6644534173199,371.38276564680814,87.1278081202858,42.25916741505583
676.4414963117779,372.05599572539256,86.60091945394385,42.198359537740814
677.6617127598885,372.54143059840646,86.57886896395725,42.18781026443021
678.8428845900864,372.14599256433905,86.72488616629337,42.43537676320628
679.3545668362486,373.52711738951916,86.62199459390999,42.515076098899456
677.9944448882634,373.00596209461276,86.43113643337722,42.47650485468216
678.29152099181,374.0281985032119,86.19841457324966,42.40897910665195
677.5450741941833,373.59773222065,86.14726224336286,42.53069325794593
676.7185222046392,374.5654564055717,85.89269536692882,42.46776223543837
676.3240535508545,374.8649968728626,85.99390289859247,42.553880561568185
675.1893760153894,374.85260375245554,86.09130667557747,42.66627546015964
675.3860422843236,375.94236143595856,85.95338659708241,42.586075736464196
674.6203614307834,375.7418240566975,85.94402319220146,42.68758723609998
673.8189606950018,376.58550788484104,86.12154921878032,42.77458035576049
673.2656773557826,376.6959244253646,86.135366897623,42.92609677536952
673.2674469469448,377.5891050554499,86.308995637557,43.215443904481056
672.3339313481824,377.9732323216868,86.30938888990651,43.063934486333736
671.7058329839136,378.76349731144217,86.51634121460508,43.118115295549856
671.257981315202,379.5057124395581,86.76545956438794,43.28679518584043
670.3864558725152,379.5895135325941,86.86189577900825,43.2679093302968
671.3792950209687,380.1810962621744,86.58452462912724,43.35837985460326
670.1277682135232,381.7033121678506,86.71936721305822,43.55680216159807
669.0063705180418,382.05641240103944,86.85784279315365,43.57044240061514
667.9809294921605,383.2130420280944,86.92635828302646,43.81285793784126
669.2325650896669,383.28418972195163,87.4909400619517,43.97426228195356
669.6199729064842,384.1138180175764,87.55574776034057,44.16414037431295
669.3073310339105,385.09233616864344,88.17397929439726,44.28386937102237
668.7943935527958,385.45757229576174,88.3930152077642,44.43376856816365
668.7612350537506,386.40586030847646,88.63733492096534,44.520272810640385
670.1981181891513,387.70663574526793,88.70484686938696,44.696221612808074
670.3461426844333,387.5904026970758,88.66923042019337,44.71944660208624
671.5879208825143,389.8642584295121,88.99945552389411,44.989977687109835
672.2294402702714,390.2970438195081,88.81764999232209,45.06167957500266
671.6674751424154,390.5560092731829,88.9857717873218,45.26572333854001
671.8282202562895,391.18926095698515,89.13019363342408,45.32379766010636
672.3986235169972,392.5259204896264,89.34232945953528,45.5591633253537
672.7727228211448,393.24516110878824,89.50574795147863,45.76903387555086
672.768092850187,392.33497567868153,89.36449655408762,45.82339576264257
673.6088592272631,393.94820374116,89.33500869224645,45.9388981604823
673.3614580193857,395.2518502462012,89.3942123769603,45.87721080988477
673.4156910184176,394.22475548657957,89.46767791926644,46.25057128097129
674.4194584998035,396.13201096790243,89.84825573992687,46.46235836443755
674.4974666701187,395.6917820906674,90.25919740949308,46.68020868749594
674.6382734722891,396.5307655157154,90.54658184392085,46.686904775517846
675.7559717720857,396.6041515749165,90.5710595881999,47.07062263829017
675.3489044547244,397.3486800935324,91.07103474020477,47.2158274476008
676.0312123557378,397.899013159491,91.30372030212308,47.461928741220596
675.4817675862915,397.0351815573458,91.71111710467598,47.84158343206039
676.7175872236883,398.41090834468605,91.8564621972532,47.95669532330705
675.9687595285126,399.2411678054463,92.58353509048479,48.24224313896148
677.304483722094,399.7884640172332,92.86785481168984,48.593120571649905
677.2721140268055,400.261013892461,93.30097421239473,48.76832826672047
678.9184995774043,400.7896199295481,93.21185668518702,48.81030118247539
678.4794938697116,401.10415469412453,93.24638745396213,48.906911587347366
678.4926713527656,401.8209114561719,93.47686368678507,49.07760402924838
680.0937159553649,402.92166915712755,93.6489192741431,49.35554123735303
680.3459829971039,403.1808237710281,94.09823420828519,49.71873845257558
681.5589200818087,404.084537988916,94.48909935963061,50.08999067514021
681.3029214252294,404.3221217716695,94.8018377343574,50.349310404783935
682.25159394136,405.75936119868817,95.19288047751729,50.74999329391075
683.2633224763425,405.7918490009935,95.01654834174884,50.92129766864821
684.2634041401991,407.8202462005382,95.0944771122718,50.95377290762039
684.4056653254777,408.3802342982396,95.75480184864816,51.355278583822546
685.4440888108265,410.23005062023157,96.03410502824946,51.40978369427884
686.9046384014346,411.6080592709895,96.15810033708485,51.61063527971068
687.2960735733107,413.3519417713313,96.7986306338202,51.96661884851551
689.1102465417811,415.2081257441704,97.06544966346277,52.15162839383466
690.9550785176232,414.89726481022376,97.31469023562785,52.52696230320129
690.8305254221931,416.9616414994994,98.47593852443802,52.79009945046792
692.3176576297279,417.8244565591718,98.98413150873678,53.3162224229353
694.6080236000997,418.7132891462219,99.36647663632203,53.59195323539208
696.6066458471655,419.79846706255705,99.93194957993465,54.044967334896484
698.3928033236849,420.84517542857367,100.34091090062319,54.46344912047185
699.9747977538877,421.5417945579529,100.96998544239348,54.996250676662434
702.1822899305582,421.45190064631197,101.3365205020468,55.35432724284425
704.4974443691405,423.29312829413186,102.16463762357021,55.68355588809189
706.6416623290003,424.13888843001604,102.47691638738318,56.04241536943627
709.0234849662622,424.7795219675877,102.99867150348416,56.37174757369671
711.0893929455017,425.60794248800676,103.39144317623098,56.62994011173127
713.4176980689749,426.7327441091316,104.19515483251314,57.09046017003388
716.1742731225825,427.08653349918416,104.65092209514063,57.33411131985277
719.1836440298656,428.5925868875009,105.32332188595154,57.54460524169045
721.9864019715828,429.3491709730349,106.18632044496107,57.90102866436476
724.3171149077486,429.442998239525,106.74687323702764,58.36539261883797
726.9917048144566,430.6187947044975,107.65428092895226,58.6998930192764
730.2332603657577,431.9768545348689,108.66358811553457,59.00214327163472
734.0545377717689,433.15596419749056,109.09417630888333,59.19252724267126
737.5165665240578,433.6787086285773,109.60805511030526,59.493077198857236
740.5089669772374,434.40155040942824,110.24773349776922,59.70339413211231
743.5264776332447,436.2187360742755,111.14813937462813,60.004008678501066
746.907054784413,436.5980262165201,111.5758249847058,60.29184753768868
751.4770832035254,438.168399872078,112.60452081676922,60.57578451269045
755.9286720240303,439.65601212487894,113.10450994669436,60.910870609276685
759.5382009492259,441.13060345373793,114.4182375119527,61.57840838956221
762.0643145150609,442.6440671619665,115.58471221972965,62.11904259953941
765.8370585344526,443.0775425125667,116.43539002872478,62.84028471888804
771.3068608206231,445.4309793734578,117.62773583480147,63.31186682672623
775.8871170786886,446.8793566214204,118.56188407764283,63.81143958795738
779.3253324064472,449.3787459669719,119.28499699359777,64.05861159570692
783.9837067753084,449.890658116449,120.48669613185197,64.9762659067915
787.5391662463,451.9323547773224,121.4055413652836,65.32110048650344
793.7191401613616,453.76979529049174,122.16020611450642,66.09096643129504
798.0793830131247,456.14114734028607,123.33937766043084,66.55362036011829
802.0581745987824,458.1225452852218,124.44583467313622,67.2548144909988
807.5520001962185,459.3870696642143,125.40274639025134,67.98282196928089
810.7794551403114,461.15527000009064,126.71370516585348,68.69522682044692
817.7413174508881,464.8567409968614,127.71112598384809,69.20982537713729
821.2512508824517,467.3547213114428,129.42795917870427,69.94516843983858
827.5203618704684,468.9316100163531,130.33940990164547,70.75740613049712
831.5873260031636,471.4398710930038,131.90224562856451,71.59012523390956
836.5392724687676,472.9507669947668,133.0907990245659,72.34737114438798
842.0910141725575,475.86124500432675,134.0114845851869,72.85872294081989
846.7337774645804,478.4374086978783,135.40623487186872,73.62034599698464
851.8649488815983,479.9300067851369,136.13947461839936,74.21029506706577
855.8339252783995,480.80737745511,137.11235232253847,74.9605197477037
858.6654592302002,483.45502113994166,138.5744675244059,75.59385414699182
862.3436151158335,485.93300355354904,140.18260277462366,76.3483809770342
863.2247975487924,487.20122946412835,141.3620199063866,76.96592919974456
865.1671824123982,488.8816739001159,142.34954603565075,77.55381824181666
866.9823443326903,490.45535532226575,143.54932320825023,78.10045874109916
867.1412161760492,492.6868239317986,144.4804566892342,78.72047974346899
866.0918662835057,495.3557546278793,145.63447357818384,79.10177795442641
865.2415454484026,496.9680701381769,146.8918288592776,79.58540127114199
863.8981527179521,498.59710142229386,148.22562190475026,80.18728662275373
862.234233568022,500.35290705043747,148.82767852545726,80.55839202219774
860.9896117225057,501.0519762906221,149.8251278687266,81.19312836444499
859.5060023174765,503.453292575142,150.78703209023837,81.64471389690681
857.3711955402861,504.95519815592127,152.50495268197284,82.1584479585843
856.0488529839023,506.21877549133546,153.37762174630888,82.61017965364636
854.1081247885013,508.64287649196297,154.71706496877604,82.96718500026125
851.9260231433071,509.3892616291055,155.44542545902382,83.37781395502593
849.2040058061543,511.04020030349096,156.88851742626767,83.769960930672
848.3745871405052,513.7322826824806,157.6527945397086,83.88747177846673
846.4101481361553,513.7482297907045,159.1534506074143,84.66268411652707
845.4446756986583,514.6511753483502,160.2410997890107,85.09437640005473
843.3406310946787,516.880656673571,161.6099527375095,85.71081076423091
842.944543477349,518.3560827738912,162.89267199329828,86.18541365697438
842.2990139061781,519.8256886665802,163.84324359587205,86.57479369517439
