806.5,196.5,31.0,82.0
803.675388241462,194.99819410646887,31.826877545014938,83.57632703970012
802.3968000875494,193.6789501589064,32.13216486243782,84.83739057550352
801.4446433797839,192.01450757596658,32.10051393203693,84.85148596934944
799.8468576607371,191.17980461907405,31.759847891874134,85.69674632763827
797.6320513470124,188.8554475153992,31.921658757696484,85.90655815690572
795.6172724990344,187.98799938790333,31.397596592049673,86.42036552563644
792.7311822148114,184.7831043235744,31.03564382156752,86.66297177825669
790.142123926724,184.82093729562536,30.633615038702892,86.91857757196874
788.0448907495626,183.7372813859305,30.01836135365805,88.6405526918727
784.6237403584682,182.77120778594883,29.49503961539989,89.34198521307165
781.3371609208132,181.24751682107924,29.003266621203295,89.880916157856
777.2930246641188,180.31408966476772,28.906998385995774,89.96822409043605
773.0496475211436,178.5660663046287,28.7383018510233,90.62772891961606
768.8804023203651,177.31490731264537,28.504796517411897,90.30627161213982
763.2172778858286,175.44476817530122,28.701160666636323,90.68943461812084
758.3824921652393,173.83940122129465,28.395376005825096,90.77173863645504
753.3600126516084,171.8677194066204,28.281214473394655,91.13774735781402
748.29798351601,168.37496360212532,27.895186685020875,89.931674379707
743.9810871228468,165.95947170639897,27.44938676657449,89.66220431755255
739.7132056598311,164.56243194206084,27.242816280435353,89.14144686731647
736.1194186305003,163.68398692880353,26.467699985703515,88.96342600039083
731.9983551932208,161.95311453049834,26.27035752279898,88.52502478946337
727.2960479697011,160.8050114067833,26.33346310448207,88.3592683370033
723.7216818019562,160.81545791300408,25.920881810821598,88.30452145095124
720.0184413133012,160.04315955442252,25.680022490432574,88.08947497105476
717.3982421199948,158.16227521621,25.23381065518244,87.73486963167173
713.7195671606745,157.6610204191098,25.204977788789044,87.34277716555408
711.1727573143439,158.56866559180696,25.197919514378604,87.29302992337786
708.3206882933096,157.21985026055987,25.35820761137884,86.46428457688462
706.1838393183414,156.68713526755005,25.570103174077776,86.82770583869157
703.5420363842237,155.29802745868355,25.517841637375334,86.31424541196047
701.6937840997061,153.85876436538348,25.3409781815845,86.778677150471
700.2799867712918,153.49242398946834,25.250949318515616,86.77103572965956
698.8175186833082,152.79468711231237,25.1605458815219,86.37845716349115
697.5373864360469,152.16993625295987,25.114751301642805,86.18291043077247
696.1846347721122,151.96244230081766,24.977894848246855,85.98925408800187
695.0742834983643,151.20461878794208,24.874680960501113,86.16647190118286
694.3111379053516,149.4273861171927,24.924621481433896,85.82361935632908
694.597970394032,148.59987408482255,24.70299756976598,84.95769095791937
694.8288838537968,148.19141032409772,24.66362470936039,84.19051596796302
694.2860275966548,147.81807367483273,24.452105311031584,83.92482118349284
694.4199683589044,146.5890754934969,24.511313602864277,84.06496457222651
695.3799723586917,146.40334488185488,24.36494325568679,83.465301265672
695.1920204778078,145.45947197073681,24.323189642118916,83.51155455422433
695.2637206798104,145.873794476558,24.310904317039757,83.6250048818802
695.6761383522276,146.1434201370273,24.366695591067476,84.23784947482861
696.0003742854337,145.04655129506568,24.31340238838583,84.75037795217077
695.5641759433021,144.82485603123905,24.331954549219336,85.49728394389149
695.869206319292,143.95566541161824,24.550669381937325,85.42913065440081
695.1365394545553,143.2903112959438,24.524898508596742,85.71347696253191
695.5162220504342,142.73604169848312,24.522461105096628,85.82109168941284
694.4967542427798,141.32676719084043,24.769004824157413,85.67391862065276
693.6412423250921,141.4544811505149,24.9385897223459,85.51541490940845
693.2484887798632,140.20036253490213,25.06048218210424,85.83750635816331
692.4763828596595,138.2472616978706,25.32789994654614,86.04081358299234
691.0266542636735,138.5362314607423,25.829329956892437,86.03717094893823
689.846592352604,136.83546893198314,25.76869529323736,86.09553680769557
688.2636335589814,136.54205863637372,25.74277747704032,86.12662449304972
685.8806371611375,136.25304101959884,25.814767644401606,86.37637543318628
683.9751195165446,134.9735220197333,25.91653984726841,86.21498329719044
681.964256899859,134.57674907196167,26.044791217037954,86.56518048696515
680.2749227240936,134.7405891016543,26.18595246369513,86.39578507683274
677.5186565277533,133.09566663022733,26.357076126822655,85.76918667175578
674.6097842933643,132.7061076084855,26.52088325581792,85.13097695358937
671.9260866163369,132.87977486725805,26.83639205134002,84.13979246713401
668.7835445209257,132.43769626106308,27.034589836217393,83.62055724540382
665.4737838989795,133.15468879204863,27.217106990754527,82.55439688688766
661.5682461378452,133.58453822926003,27.55333567311829,82.09172753154598
657.990880066122,132.5304894486164,27.68705312616533,81.54287557272215
654.2525565011659,133.40526237851847,27.79298368426965,81.35451376157069
650.398419986009,132.38997337684413,27.74094177317749,81.17136858224114
647.0138361104598,132.85892293117604,27.832411865736955,80.95076512024482
644.1262173555226,132.0475957794389,27.431955863648522,80.40819820942465
641.074104382118,131.2888152110147,27.214946630556625,80.19115057685619
637.8755244970574,130.76499391629142,26.953131276318466,80.289792509698
635.6521056895375,130.26482927600733,26.485671787476655,79.90852474818249
632.9727834722743,130.40220830352752,25.875921942523075,80.6415867033273
630.5014505181541,129.57637319516104,25.426128935053015,81.04043750115314
628.2499433854875,127.8719281478586,25.043052921760495,81.42207730584101
626.1690678708521,128.22345661385805,24.709206111675904,81.77000582935509
624.0643113485609,127.96278464288616,24.4849089221887,82.04256356028509
622.0049402558493,128.0088617187818,24.505400718512554,82.2668797632893
620.0789154879208,127.86134172870332,24.415204055715535,82.41658017995726
618.3332162605194,127.25642617369513,24.31351841360965,82.3097715089754
617.2864013683002,127.75811598399054,24.01749928371111,82.47441905093649
615.833569403664,128.68980949244047,23.7960555927441,82.46724679577062
614.6362943010789,127.91843053667138,23.821201243547264,82.84060806843857
614.3084616135264,127.04637695924757,23.80407364751796,82.85372862813237
613.3033297197987,127.08408495394943,23.859546723570514,82.90002907100207
613.1359179070502,126.80518907238496,24.028531928676585,83.2967296405742
613.546436006189,126.64608647887364,24.159564953325965,83.71332145056218
613.5431213301716,125.55434898314525,23.991432324588594,83.68181083296439
614.0141463005399,125.36597235936594,23.816988523035263,83.70719756059503
614.5413530264308,125.45700953622298,23.762662928499758,83.47796907460418
615.5532364414877,125.46484691800262,23.841134991894833,83.17855292630024
616.5304232295192,124.52223921022045,23.7997290977167,83.35618253024963
618.1683264229391,124.67192840757214,23.67774465606724,83.00975199054196
618.8060666693485,123.52384366757833,23.74188081955186,83.14424649418069
620.5120669094157,124.08905485550943,23.809750420365447,82.41905145162575
622.3293588792784,124.13573003238346,23.937505834201367,82.41383561018296
623.780440350242,124.15694858497234,23.999265869721793,82.41039218399223
625.371746222251,124.03098985760244,23.983421484483614,82.89743825005826
626.414121813589,123.63995276065401,24.16029702223609,82.86501574795979
628.3276951754685,124.09904017787991,24.353914649368072,81.54044655105834
628.8097938587315,124.23051341930991,24.304433526586,80.97026113177407
631.324915466638,125.34743745767847,24.10907876902512,80.70475166377872
633.2033468806418,124.88465368143054,23.93977278000669,80.20992753746448
634.9131981374783,125.04537378916183,23.874081325141177,80.05035327163262
636.3288992196823,125.24116946039909,23.85835346569519,80.30260438788306
638.2790762560493,125.7615986420212,23.61621896884311,80.74690113022969
639.4468806846318,125.0328672562222,23.71067145201025,81.02482291004453
641.2653722203319,125.9481469658777,23.938843362223228,81.11827209859791
643.0259772347529,125.567229338729,24.033765592750118,81.0287900664039
644.7446589076156,125.54538469110653,24.083808024002018,81.23427655732182
646.5108215325174,126.13092070891508,24.06770191329765,80.93593018727405
646.6478773085596,125.42722124919237,23.931629652118428,81.36264262095209
647.4125979412095,125.71950384162284,23.93077286710413,81.8418033844249
647.4678528861518,125.25893817296031,23.85979687545395,82.04307237986916
646.9417516897793,125.12373649805934,23.85659532036874,82.0451910214096
646.1862100356151,125.54519576649234,23.93875716759171,82.35511011863022
644.2136984266431,125.86169395773874,24.000533725303203,82.28240651653675
642.056769019529,126.25885998643643,24.10329720643197,82.10902301222669
639.5618530175249,126.22007298962039,24.264082007376402,82.20796408636843
637.1515082857877,125.77458152501598,24.143015222376647,82.62802421765896
633.8177661635311,126.438448633962,23.967757977479437,82.15008599690968
630.8240679004557,126.32714327249468,23.836616123961065,82.24515721925019
627.3907162807075,127.4710108299843,23.78969793782875,82.54756697693638
624.4716927903875,126.99603831587183,23.620191341045615,83.56443171192312
620.969713255514,126.72390897738171,23.597369805476625,84.52987051795458
617.185932049153,126.6094731395355,23.699954953794048,85.2848785323578
613.2238682433923,125.82707320163826,23.648770809181556,85.73357106352489
609.8435105646446,125.43358731763487,23.632661215505163,85.42269489299407
606.8224601613173,125.40682468178015,23.440740835331077,85.14542439978041
603.4058880340101,125.65157987912528,23.314033824991895,84.46418837850229
600.4143272998159,126.03891001587994,23.189307602797907,83.99827375743017
598.0507790350798,125.69820092531742,23.0330270570748,83.89613249698873
595.622703520266,126.44051991268216,22.805964280550224,83.77424684064152
593.4178930254446,127.03925021255179,22.63473180797363,83.66057344373735
591.8133313656459,126.8433587773211,22.55481980728901,83.8764533217118
590.3118828276951,126.94697573185793,22.37279251910076,83.57041191382544
588.6611581438001,127.46046691562196,22.376277552402854,83.22032158845742
587.6344243314585,127.8169356631218,22.507294634636068,82.77273291533619
587.0915305914262,129.30017070521285,22.508524581436514,82.11934576457996
587.7744723921792,129.55092732098362,22.838655861064588,81.91055881134349
587.4200521129254,129.37102115210095,22.88979200663504,82.09854574017326
588.4599178161326,129.20447793815094,22.926679233490784,81.85763544537511
589.5461018898703,129.2839975572257,23.031806231813036,81.55261303278233
589.8227733271548,128.97827537909708,23.06976461962291,81.70887304856257
591.2703015305261,130.11022834876795,22.965064133671802,81.87834985877834
593.0387238183695,129.33952759378587,23.06690788386703,82.24932571528487
593.7517080799877,129.55960089296954,23.09939802266384,82.15339617891397
595.6976360680122,129.57536344450673,23.29306803614716,82.06993333926873
596.8383882658384,129.5871705685196,23.432778221030773,82.60412713281556
597.621244506484,130.17989594711162,23.60064656745255,82.83362626958298
599.046548549926,129.98587431593614,23.780542468834494,82.74504313575471
600.6212380495585,130.69525059991508,23.59216963412018,82.27188344804586
601.3774308230106,131.333826959033,23.443209699665765,81.46378074978952
602.0099232557886,131.17503383859997,23.355146678592035,81.01527653798453
603.2967523654494,132.28418465353082,23.254992048900775,80.66598273397426
605.0267250070574,132.76621179867672,23.07083817231614,80.20511162973668
606.1198642309016,133.477884035937,22.937684390841618,80.43880930094522
607.1601060177989,133.24370159578996,22.95302267449962,80.76449508597105
608.2271522730285,133.4619201097048,23.040813937843975,81.13303535592422
609.2976213058587,133.71520590350292,23.018644564200255,81.02534517391993
610.2405029892334,133.81982765754765,22.988470110414625,81.50440299067483
611.5515389364955,133.74413077063434,23.047682166696134,81.78403386295692
612.2199063678557,134.0854568690808,23.190432577336885,82.51757991969559
614.1000998772444,134.29709625971685,23.395526363003036,83.18882134964329
614.8100820004846,134.1269111483142,23.379772803206144,83.45514335133723
616.0770164539348,134.84575937907798,23.412595056507758,83.2161214494029
617.1702018842468,135.95131504801194,23.445079100058702,83.30861900588316
618.2307917726064,135.83294371699702,23.398998553151976,83.81393712763168
618.650252941963,136.980427936367,23.330525912410078,83.91127859299023
619.585052654063,136.90303523952747,23.444017127324486,83.60362602914404
619.7973249082667,137.65220772465702,23.331422319034328,83.453156773187
620.6133427337805,138.43218258817566,23.197765660087338,83.27809044992779
621.1521669947084,139.27879563151018,23.264103840196924,83.72157333809702
621.7823863974306,139.1059080046787,23.601928536873487,83.83684440679866
621.796411815287,140.2206588249672,23.56397238522504,84.75208668559426
622.2058987965623,139.78330563537727,23.55544569831296,85.33533413022856
623.6155767828841,139.7404732227161,23.71301748293261,85.34748665470194
623.7765356815815,139.83594647648528,23.58313133727303,85.10568950990645
623.1215726245406,140.2984425284913,23.576756343948304,84.49502255972212
624.0006538260683,140.27285607818575,23.667669377484923,83.62352146007
623.5164213030062,140.4284240473811,23.95559028565455,83.51163969173948
623.9154152446589,139.67399757538345,24.292788597722726,84.26601382351706
622.4667396412069,138.8449363986254,24.550990138794013,85.39127625557772
621.7498115665334,139.5241691633213,24.721177393373477,85.97150687219732
619.5707525387803,139.25789625702674,24.671826653103246,86.79693688559777
617.6026256438461,139.04032337536356,24.32230239731743,86.48212091510611
616.013005655111,139.33253792899262,24.242422387299783,85.8670053157476
613.2218334065209,140.02220521825274,24.3611528975109,85.8545790490713
612.2632410289635,141.6210371367287,24.321644837798708,84.67439630075768
609.8136731993554,143.27039023957897,24.022688513219624,85.18970405303442
607.5480892179252,142.91006826276868,23.659769161474543,84.67819792883517
606.5819665766365,143.7813645392969,23.455915105520205,84.84020408869986
604.4767309665206,144.28423326381807,23.192572791969376,84.22376427402072
602.297016475353,144.0640251455299,23.168458282941042,84.54392053271988
600.8086795532796,144.45550284891732,23.246355357449605,85.07401980676931
599.3401852660425,145.11672267400164,23.289140507470055,85.66948167256142
598.8919534313981,145.29651066116796,23.438257954358384,85.49265569977847
597.2838181688206,145.02821700169625,23.39326105588334,84.8607206607812
597.0503756542407,145.1361946214315,23.366946021337746,84.85412591652036
595.9914102025805,145.4703513705778,23.26771216979061,85.17070639586989
595.0973850709211,145.44718165088318,23.1665230026819,86.01447944998998
595.3829201840019,146.49253021080762,23.106838694183782,86.0678367429829
595.4248379907923,146.49833556605418,23.093135693785193,86.32259522628208
595.5969423377686,146.6115979543773,23.207805010343893,86.58383656649339
595.4563911639424,146.49581072631543,23.32451980406617,86.75796888650822
594.8944171449405,146.99326043940354,23.373772493330282,87.49176008456908
594.6263244221944,147.28794447888703,23.298884385260237,87.42831060854554
595.9468820983197,148.80787924079408,23.26734335094174,87.11707806478819
596.5844407782998,148.71466384606182,23.320034371108456,87.00369278226555
596.2178289588993,148.12936019124072,23.344101556300007,86.74635471646525
597.594282618248,149.5449044661416,23.17383583916516,85.9082714423898
597.2892183595122,148.56397381963643,23.08902796194534,86.93164294066902
598.6347848170537,148.96236795326706,23.24352879205563,86.17481440585081
598.9388489373904,148.51902693033756,23.187326210562034,85.98327238879023
599.5460432919433,148.40108440931232,23.27720049717614,86.21764243059704
600.364741176437,147.65394125849082,23.52302778498214,86.01449073060736
601.0784468140151,147.34833064717313,23.49049930802063,86.47599921186774
602.1799791837229,147.26146065327333,23.790783157548546,86.2020555076889
602.7296863084753,146.22000613722577,24.50526866352179,86.34589562632428
603.6751379523432,147.40963232153547,24.927408016471922,86.53843299922097
603.6241045162469,146.77932162728013,25.272426952344276,86.79256308428776
603.7732420773092,147.7504417665937,25.61562637522171,86.93473585726584
604.2111436804951,148.6686153645332,26.10028058919906,87.13827537441479
605.4512028798177,149.45098861082857,26.31213349258612,87.93918263510467
605.0956215400155,149.0358156652226,26.770917201806064,88.71289920384737
606.1825072806834,150.4055784797844,26.773715420711458,89.03558055829005
606.1632235898875,149.36238959500048,26.643009947378836,89.30580921229546
606.3844606963969,147.79928092515107,26.672601600353488,90.12010972383875
607.5247372057223,146.75892156979612,27.13386438713792,91.38771736773042
608.1861830565618,144.87086070826274,27.98949074232846,93.0293013939588
608.0106060310204,141.07507695722984,28.937054412265688,96.00318262435715
608.8297552038151,138.7398546313924,29.395796243067977,98.956205029099
608.9527814526308,135.2198015567398,29.73375911485177,102.37186168690333
609.0704459369986,134.3101136280385,29.66226906909368,104.21902208369261
608.8511263605823,133.47762623726237,30.239141764368647,105.3291515917501
608.7859853515757,133.31598131834528,30.618383413109438,106.68714623400476
608.252309709472,133.21777215596418,30.721151479219383,107.1706233890282
607.7031686905393,134.11189493482328,30.197232431994138,106.4138705414235
607.6014482027879,134.45112200554618,29.079242843570277,108.1420261736136
607.272910167102,134.39074253667098,28.417268126062574,109.25845644324646
607.0796615840842,134.54457916717067,28.07747715227816,109.3709314952926
605.8981013035417,134.31185260470437,28.25386017597915,109.61542681947923
605.5584420507698,133.77603354928635,28.76735765078694,109.6112567628577
605.1102348736778,134.94286975228363,29.543468493351398,109.56496266802034
605.0212502127289,136.03176003875197,30.002177510083012,109.43775854352424
604.8687430219115,136.74456337611826,30.158725125837094,109.0330998019887
605.1175225161471,137.59622034779272,30.721158808378647,108.70857123042018
606.2115991246699,139.11398996228877,30.724484797418334,107.4908760346693
605.8779110597827,140.75823807830116,30.495388890354263,107.4274519481066
606.4120832121333,141.62706395098328,30.757330850072464,106.75853997458529
606.9173026686149,140.49934670280823,31.05787929043443,106.67579988940771
606.6111082627958,141.13387951520858,31.39701004185546,107.28954867195563
606.7764346569621,140.5649230433286,31.640022216768436,107.47045349231773
607.0379068587553,140.62787984010112,32.05442248347782,107.14778805090953
606.7923209765024,139.7092194547742,32.41514824609611,107.65265425937616
606.2490421607123,138.34686682731595,32.62713175286322,107.93412554746529
605.2206951365292,137.69339018206136,32.59105403265955,106.63983891831198
603.794712681172,135.7709829755753,32.50823119312976,104.22666011000115
601.150730916382,135.62722895992073,31.442342927513202,101.47370087904218
600.5111997070175,135.8093486757228,29.937137920705222,98.51477350874792
600.7660331717033,138.40664091721897,28.964608678539808,95.74070980822628
600.929248647383,140.60278764473307,28.582410120236556,94.33662178608988
599.9751274642323,141.2608618924903,27.855194017147056,92.36986999620285
600.7922660410679,142.77028663792697,27.193436261211538,90.39565508594173
601.1971323660806,142.8766012089685,26.636273018410755,88.28917466364621
600.5502139610554,142.83830963726905,26.237948268402484,86.48558317020434
600.2270444016941,143.42935250153118,25.693563967935667,85.30968113952214
600.2760295819253,145.1047149873811,25.48250748817918,84.71800391448062
599.4263561369195,145.927062015005,25.398446213212672,84.95261426825991
598.759437661252,146.54402732816692,25.711957027004974,84.76130120136904
597.7651550161934,146.55722147527342,26.055981053541913,84.67398845908312
596.5782562920247,146.57021224625373,26.55231444586437,83.92451787102573
596.7762396976847,147.42371842632832,26.901095034828217,83.24246662480633
595.1727526616253,148.4020498318869,27.40061394871322,83.33490039800921
595.6895639333225,150.3908898868703,27.651321534942216,83.9710890014213
594.765481362319,151.6255280691807,27.79900526215453,84.43346422905515
595.7114471909052,152.29652270795313,28.12883721582167,84.4511452329205
595.4177921259565,153.0585753330456,28.404648107705086,84.79700136369411
596.3979663516602,153.82607712792256,28.838831621553155,85.2180035856315
596.4109127239633,154.94699528447717,28.93705964138143,85.45679290194732
596.8294270290093,156.68892832506333,28.89059062115223,85.51177450563526
597.883098396774,157.93398637704905,28.750363764681715,85.0293752958136
598.163173429992,158.19906279008242,28.602118927337497,84.180168313205
599.3362858695356,158.77744524971823,28.383192403352783,83.92551331491194
600.2655100483533,158.82318263446365,27.85884965656471,83.68568294220299
600.5554313924182,158.81448655711938,27.876643191274276,83.12154863862816
601.0751518829563,158.6925803366867,27.92428543067986,82.65362803629972
601.3077310665007,159.01608056565584,28.00308280690417,82.2619976290301
602.1244518308936,160.11637334546168,28.053576801151372,82.80861923418284
602.065744241631,160.14198622227067,28.148353092509602,83.51982200267484
603.1783823772562,160.8075259489993,27.92954917042615,83.6461545536884
603.7240883753427,160.06470879930117,27.6152408367439,83.86212313500607
603.6609335792056,161.7834283895337,27.56332687869849,83.54420843345336
603.996084040529,162.45771595070426,27.70309623231195,82.89352067216194
604.3561064732703,164.78648569682562,28.000398345016862,83.1173231141233
604.7804013552452,164.8585155521339,28.182095608426174,83.32124116096068
605.0080821142559,165.91369646545002,28.30345695074117,83.97732091796183
605.2675747391958,167.38503456799663,28.43186462946168,84.23524223751159
606.8743524289567,168.25308523669486,28.43452772146682,84.52511183593663
606.7001295166226,169.25539260145652,28.691851969408557,85.23123385796971
606.8044898952804,171.0048521890616,28.601836313404256,85.44630537108351
607.6077991075579,171.77772386716327,28.42265781690412,85.97399565249918
608.5986345111609,172.64385238682917,28.455612559014504,86.18578320316371
609.1624666234711,171.61147138865627,28.421566131291975,86.05463426887597
610.2412497562906,173.08320158596092,27.9996250134725,85.22246170652683
610.5944172483377,173.74070260217715,27.71106670341066,84.69365137598339
611.6332553718947,173.73588685876197,27.053305536366835,84.88884194186478
611.754667167565,174.1479682280371,26.873137356687007,84.57647269753907
611.2800446019296,174.97095758367365,26.586198486988934,84.06957558359416
611.1934977062631,178.39985664773224,26.60397786262868,85.15166640963957
611.4309946275749,183.0782621101093,27.1164799192053,87.13273371211932
611.8978971503084,187.21975837250017,27.114287246136804,89.35529443288206
613.9023355603307,185.29182829776536,26.870772450399528,91.7115930341186
616.1664403106076,183.94239111642963,26.97210005540595,93.98818049889232
618.1234409928803,183.56240002092042,26.97047485625059,96.00352341245257
620.441511904436,183.8737339564188,27.2461596437044,97.2447576334358
623.1325341390733,188.601714025594,27.518917973654744,100.34939682217285
626.1740848912277,189.83859065358408,27.87071341529913,103.4586175232544
628.4267347825061,191.08280487571685,28.117429223410284,104.92901752823816
630.4207575432512,192.60811781890843,28.690357346176604,105.7232424204347
632.3363473842572,193.43226399732873,29.431542948130613,107.10400112903906
634.1981872071331,193.01914793106673,30.16592785850076,107.67945929525064
635.7812105166008,193.60920408006356,31.43635127130358,106.50404117782004
637.3500502831228,195.54366519484984,32.8694930235073,106.07314561488874
638.9697781363504,196.83780859576413,34.045511731877454,106.03559953190171
640.6292564807165,198.18435446969875,35.17170780269716,105.2015177651879
641.6716643693574,198.08258017126752,36.0803693699286,104.58919607701614
641.95824922122,199.79072919665876,37.34526993960273,103.98397514415359
640.6514570508011,198.05613813200426,38.18128105255804,102.16044983022528
639.844865899879,196.375582132548,38.605012971215885,99.45157214789393
637.872057720772,196.48035368657216,37.7169243810047,96.86087068794741
637.093463458754,198.71932165877672,34.75735970832446,95.59232466854134
639.5385905212455,198.32486208333427,33.45226965347062,92.36657010955687
641.6088638272678,200.7188204037584,31.79007081974639,90.25521172485787
643.780013680192,203.11415447579418,30.401972812201123,88.61185240723286
646.7244569550936,203.7536940423491,29.458019676857305,88.4779567181461
648.4817434129508,205.20084338934862,28.564368611347398,88.34335140831766
649.8406463870191,206.55328852857338,27.702863136424014,88.62156106730708
651.407633913214,207.30572805444046,27.13206638489173,89.19986697307715
652.9257451776449,207.70906902565616,26.797674719982606,89.21285594624942
653.9010967285004,208.4553525735155,26.68560432109888,88.77707932160769
655.7623700394072,210.15744811108817,26.203708829961563,89.17476932136778
656.9108978707721,210.4182176556076,25.795766712649545,89.70200387868356
658.5206636029313,212.2189462401128,25.377950860742633,89.57382451690887
660.1664694377492,212.72135543483185,24.93573851933858,90.10874096786387
662.0348871313648,213.8732672385447,24.662718821194495,90.22266819585685
663.9601349754612,214.84107150526185,24.51629703894651,90.06743025549355
664.6856826587056,216.7418517046532,24.300275358103736,90.04226875388188
666.8377069803325,218.1167407545327,24.432852672338754,89.6450340081573
668.3434521283517,219.62692200539163,24.414334511844345,89.75788311914084
670.2814285817007,220.79408360504232,24.53441265106024,89.82032181406555
671.5170070332013,222.5599574479151,24.481465062405363,89.75271907346462
673.7036116047818,223.10938018237368,25.005051192071278,89.74855963588905
675.1947138507849,225.0721203061239,25.162437440269024,89.3098898341741
676.8906072970867,225.93354360221355,25.644570034664802,88.62842174007221
678.4224549521382,227.0402345945898,26.439127726728696,87.96314892909443
679.6857442394214,228.4280595682861,27.407332076814328,87.20454948638628
681.4983794961771,228.58066421823014,28.440732942392394,86.03808162011865
682.944205527125,230.34882090229817,29.496728690478832,84.63987435969439
683.5828307343716,231.95065687270156,30.509799864501815,84.18409813650844
683.9832185567807,233.02281894955388,31.78204968469516,84.12128953341721
683.1866494474239,234.53128417588562,33.1372911629723,84.54393666025202
683.0731327056249,234.11636059390997,34.46101530132501,84.73478430247098
682.0126416103076,235.34986217422585,35.67335496151837,84.55235326632047
681.2901992340657,236.0326278587834,36.25876088271097,84.11704339521789
680.3800406334619,235.66755796293342,36.43952751724499,83.71168537846145
678.1830765376715,237.00802552745463,36.174922135675416,83.86847588876225
675.4835622138062,237.4512204041738,36.08232261339255,83.35305277841897
673.2581365548328,238.51517091764975,35.76066769430914,83.7139274816001
671.2033688643776,239.3503326648232,35.649397430230756,84.45610603765297
667.7539260178308,239.30858214184315,35.55538227493555,84.49550927635474
664.6073476111051,239.78794382584206,34.8306576949544,85.21784848751186
661.4287731682831,239.94273546972278,34.13977715783832,86.26382943639135
657.8941382267238,239.3457553788949,33.53706999780511,87.0628247740587
654.015897388387,239.823325584289,32.79962562620002,87.66139923467706
649.6587712780828,239.7638701558571,32.14801404675953,88.51845329718353
645.0663726955257,239.24216520274183,31.725527619649384,88.95897008932414
640.4579463305008,238.4763859497507,31.462597291532692,89.46516991839601
636.1399577473512,238.8748852933594,30.992468653388592,89.34784490290096
631.8847775375178,239.53128241014008,30.77456044970333,89.98742477002477
627.3704155095005,238.60525014402998,30.72298322094803,89.78732069453315
622.2277845137941,238.83790101529348,31.07365678004893,89.30016410061127
617.5300023526037,239.22856208331666,31.23011969251747,89.24811248239097
613.4262223117087,238.79327507645667,31.24913168623386,89.17080294975858
609.1014612070866,240.35259154193136,31.499989420990662,89.15440319027223
605.1997668085221,240.15411677013287,31.715864771311722,89.57190667850162
601.5912250463997,240.44221113188203,31.491193000756677,89.6672828320365
598.9418464029492,240.0919907155232,31.551056301909487,89.84425058078122
595.5865613707923,240.3703587002349,31.537437084759667,89.83958010303417
592.9763546960535,241.36897689333938,31.627043034487507,89.6148165752542
590.1624699411581,241.3488090700214,32.2049244102756,89.04762055513447
588.0613580263654,242.45257701332014,32.29608475948374,88.56567239417635
585.8527266463987,242.49977451344805,32.501342381020166,88.94263420305975
584.5172419178292,242.6841373940361,32.4453714447111,88.48114546499878
583.4496527963797,242.24493235688922,32.56456467555555,88.40186971108363
583.4974188290744,241.18997376139558,32.38191223363909,88.05326339018433
582.8466000120669,240.25610680602313,32.235583530450064,87.00625459272304
582.666847594614,240.43729067980348,32.446174534837084,86.45850751881878
582.7956227616288,240.09873885160243,32.31232627241455,85.81346022955748
583.3895474377607,240.9069749542211,32.30026377298735,85.88682273825596
583.374740536279,240.5119212382877,32.38373694019218,85.56077943331402
583.7869197454736,240.95456649462216,32.35366584575473,85.73347136540828
584.7615572604702,240.55312406042717,32.42265153315329,85.38741316720126
586.4163869975375,239.52709802428748,32.49308944824005,85.12714119239199
586.5144654017007,238.47103301441774,32.17056420667665,85.01335339596939
586.1493553043157,239.17767290832165,32.05878808930506,83.9395226860062
587.0634020003021,239.19196340521756,32.23412864012717,83.11670676074536
587.279592243313,239.963648176101,32.147329238595134,82.80728986046563
587.9171361640934,239.28847642891236,32.16995145810766,82.692095091522
587.8293591447115,238.67907109014504,32.25632738919258,83.17147623557506
588.3724077925727,238.67525238538275,32.07769584940963,82.87117298319241
588.1854222393081,239.12865035329997,32.24982700227791,83.21958649331133
586.5450210239849,238.66953323869194,32.58606103730965,83.8917335737418
585.8505801047634,238.5493026971173,32.87264223183185,84.12082400453586
584.798842229544,238.481057462771,33.220604314210235,84.33095113171817
583.1543397347742,238.6022737768879,33.55945237664104,84.44698876458133
581.570895388838,237.85132198754698,33.70348173356785,84.27469097397754
580.0641416676482,237.0111746119815,33.70830477920369,84.54597591084615
578.3785534821723,236.68639208612058,33.440178896432414,84.45931225811549
575.7635519276862,237.32225173497926,33.35563065195,85.04996798137893
573.4396701853336,237.61363316458454,33.09425545715064,85.36728312080655
571.7446568494923,236.7716982068565,32.545312516711604,86.51523605218134
569.0771284915352,237.22142013058686,31.91636328551289,87.39382987199508
566.7744901539305,236.4682533912366,31.211450713590853,88.7644319516363
564.3327401200318,236.43414497556563,31.12922202162278,89.25738537217157
561.0385429084201,236.0797825113347,31.08221948744867,90.05603911391208
558.0772372616137,236.0528397928635,30.665339413721277,90.44402220448191
554.9486432104911,237.3978750805082,30.422592365820027,90.74222000458926
551.3641060248676,237.36448462289886,30.265454807745765,91.31869454239705
547.8687317250366,236.2304984581014,30.321777099729537,91.35532932468968
544.3897970544278,236.036630376012,30.266408487760952,91.44243766122419
540.6991048782115,236.84172196144604,30.228643441389938,91.26400443027461
538.0886406589033,236.33790393723962,30.02439478268583,90.35706251771941
534.9755619291059,236.98891189439627,30.02198225784465,90.03797708484001
532.9987155792046,237.0690948670901,30.229609102621055,89.44459266368143
530.9441771973908,236.43238854934256,30.397754546058174,89.26934158762862
529.3229706811227,236.5297919429546,30.38675747765745,89.22787981902981
527.4440500847967,235.86720207256644,30.50214857608644,88.9025633153756
526.8075651874766,236.83257574998913,30.703736205771506,88.71060849917308
526.0227730633294,237.3037833903878,30.816881078188594,87.47446310844573
526.7451485427963,238.0730530358291,30.735859834602074,86.77485031168463
526.4634995161689,238.0972841604471,30.8657472731279,86.16365006110212
527.7477497508381,236.96007368686443,30.867889990358584,85.876499648633
527.5219990632777,238.11833055414985,30.77761625809583,85.61968926412933
528.8931489203784,238.29397005438716,31.12562187226351,85.7561858576507
529.9189326018401,237.84656820105226,31.36928871267876,86.38166821207709
530.8000284743622,237.98800080858882,31.696763811048797,86.5816649628987
531.358762719736,239.70719306383404,31.81215362051035,86.62864822737163
533.2556587823192,239.65861670444116,32.22244112333465,86.83643826822563
533.6942116118519,240.67456527697908,32.705865483075854,86.7945228936652
533.9916572310545,240.69662140694965,32.92307620485261,86.38945175949844
535.5043688553767,240.9952417893089,33.391151996811885,85.95722056788195
535.3648037580251,241.68235314720025,33.46846698868274,85.56762766195565
537.1501248066514,241.66144020726705,33.651216395717974,85.48343837041344
537.6561016019476,241.5538262407817,33.82591367735603,85.2046278705476
538.3948576940303,242.44590032027472,34.168527669071175,85.31034332182918
539.6996246291066,241.43541592234396,34.29921363038543,85.77122908603634
540.9956151408115,242.4954890968046,34.228875530330484,85.84469626632038
542.3441404539973,243.69122563603005,34.2722373776376,85.69442673439352
544.1063557298504,242.5402338501462,34.191015281970664,85.8236252624448
545.2501987933761,244.79364576237083,34.12460686869498,85.76646555390127
546.875774550304,243.70960737208557,34.101486513286495,85.9055887822257
547.8863890967111,244.69403726498007,34.22299838536162,85.93882469574704
549.3414009163506,245.72053215728786,34.39555102095453,85.57814369466261
551.1249669909279,246.11041537140954,34.50666465465234,85.49392359544072
553.0555028965539,247.8343629285366,34.58508411537284,85.57371769970776
554.0779561216838,248.47753691040677,34.88152941262592,85.70033634496853
555.3274062052421,249.88949185220875,35.25206908582598,85.46224642100509
557.5404116100459,249.38636714406738,35.53607357315438,85.95821427448266
558.3566146980996,251.2774135012479,35.75091940834619,86.54059824087719
559.5318003917928,251.51243896122278,35.93264679110134,87.22765777357944
561.0129791159021,251.50302523933726,36.14844047355898,88.37559841467717
561.917952487206,252.96271781366113,36.28264942400561,88.55015876926426
564.2086676955931,254.5217842877913,36.299708768583706,88.32570162514213
566.5823655763836,254.42934708326698,36.063558257704805,88.45488866627467
568.2613348743172,256.71456726027,36.003066628008746,88.29637744282292
569.8134606307746,257.6551744610205,35.97931595623486,88.75787234422401
571.8779725857378,258.5601437293237,35.870516140699124,88.8201422836842
573.6785858273282,259.72012036457363,35.74562709037963,89.18726438969499
575.4767356183739,260.6353162426799,35.68907474644752,89.2725162062898
577.9933340249066,260.776015869509,35.93365703570756,89.69832153293851
579.7773926386097,261.597279590711,36.05339147570541,89.5701574986232
581.2560757844287,261.8805862474787,35.958662227066796,90.24246177427554
583.3501802666387,262.71269585630534,36.03288917573271,90.45423366265544
584.9373387103132,263.59486916509115,35.946225686897705,90.50434493845545
587.7418248295559,264.851623198575,36.29003798668112,89.88238920055115
589.8916714486535,265.2501668971785,36.28497098444788,89.63702069401116
591.519127347549,266.31155881808024,35.979187814434006,88.50829987196012
594.1521745059375,267.20942621686885,35.46062109699156,87.44258512061708
595.9284333500142,268.20435523201195,35.608843030954375,86.21550394198495
598.9407726674592,269.60385427075335,35.13848520828962,85.02500396096823
600.9970484543283,271.39212778720497,35.499659430297356,84.5773846357371
603.594068785459,274.73644914126385,35.158238892852935,84.92106624173675
605.5537548421937,276.19408748298486,34.33463380056261,85.20396641910409
607.6665982273547,278.015766667881,33.801575652295654,85.59412493316191
610.4879416967888,279.956103603081,33.939126864977865,85.69451728972115
615.470532640606,275.14120262792613,34.908555344164625,87.33809649604278
615.8095408363533,275.8434246158899,35.88945387633795,87.77922868722192
616.2069217498312,279.5003472317219,35.99643552100475,88.35006372670654
618.614832321435,278.729042277408,35.63848247700976,88.58506479248467
620.6765189678888,276.274009303696,35.31119096548957,89.87704320977252
623.3291214478432,278.4939743335802,35.09193781069523,90.8864143928325
624.2110930887507,274.3667465231499,34.426033798327836,92.36321393535442
626.9594285992806,274.1062163595761,34.03629350999488,93.72147240073912
629.0897712470912,266.3841744806376,32.95765820407395,97.78991815049841
630.2260195387638,248.55193191020084,32.58541646634808,101.99800528111803
631.2456700662424,245.3602460532258,31.90199626790486,104.91452409170196
632.277845047199,243.1560086917331,31.75523275180001,107.28836589346857
631.7595060239562,243.10988568549323,32.314465553496476,110.81321788777507
631.4040944936113,241.02289144844113,32.84113435700811,112.67706813632384
630.8185677177197,239.44712362316878,33.347531627320095,112.98760466043422
631.0304770097497,239.8122756126247,33.334437385129355,110.6039709514885
630.2890608479204,238.29569933376862,32.94467165676326,108.8683242042385
628.7535410902535,239.09857911951866,32.01751170920616,105.20657965883098
627.6965484230915,238.5294425711786,30.677322763363776,101.47744543358112
626.670240296413,238.5293657622915,29.361785683056695,98.51307072913548
628.73797606017,240.11684664751454,28.65039571949223,95.25783221611186
627.7430876175474,240.6721008260164,28.12189591330081,93.72051898874113
628.47338153338,240.28394465755045,27.64721015263467,92.73344984450233
628.4042753779964,239.90305985350452,27.23745991705319,92.08946834347098
627.688995155616,239.89287535557884,27.283859247121484,91.72230433027003
626.9252936933384,240.23022932590206,27.44330946724706,91.79092996773335
626.07570092866,240.21326487481232,27.46386178356053,91.52826460778971
626.8571217625224,240.59685781092483,27.459418601019564,91.22271760341977
626.4952182559877,240.17580186497483,27.50579194452188,91.5546756056637
625.7645706461672,240.5348217990284,27.35055674576693,91.9126758862916
626.0698181281335,241.07959179489947,27.326772890518654,91.90476529003439
625.4333743673136,240.71953762332174,27.274077788676827,92.26500108341756
624.9072992807694,240.71158236957655,27.15720766662214,91.9533293806056
624.2312568268025,240.89290891671612,27.163646908433563,91.3405602658854
623.8747437149252,240.2370717087283,27.17471608520231,90.94476676823344
623.6368463804359,240.91665059916312,26.936700071884175,90.23644807771112
623.4320178169904,239.9051086650382,26.895594152033773,89.89669868447108
623.1528888873402,239.3723825478191,26.941114141117737,89.72470639891263
622.2456096959845,238.73192692495246,27.0150353406397,89.39130892977926
621.4968487262469,237.79030415002345,26.862653982690766,89.08461903385178
621.8106872889178,236.93389521801626,26.6288181835854,89.41796190034569
620.1593733399658,236.71953340039835,26.643243557304437,89.8770565440224
619.9956965339933,235.9401005961269,27.119842908232673,89.79317093567684
618.7343774515027,234.79817244344218,27.235266193224177,90.7524567044328
617.8243561335634,233.21242356810862,27.428751121316374,90.17579933806502
617.1881095029441,232.93944479037953,27.730793027574123,89.37034114015862
616.0628137124688,232.1863338561436,28.14500484206056,88.54655831655288
614.049648707429,232.51543699857643,28.954829801481022,87.99960339335532
612.8399087586619,232.35445708150806,29.70232681460829,87.3085993364627
612.3351125381674,231.78403975684253,29.96190864597051,86.12969535931364
611.1350967263221,233.03796609805107,29.98049867649098,85.64875226666399
610.8031364955592,232.9308911872246,30.265469942870034,85.22758541837601
610.138854947769,232.41367241685703,29.952894842459056,85.21025429856579
609.1138719585223,231.6730151661538,29.50489476985078,85.53059334373452
609.0262224484135,231.20635474584358,29.206011571755134,85.77841201283849
608.4435792129768,230.5396922080206,28.717258302065993,86.26999469212976
607.3378070550798,230.46084988192612,27.963006147218024,86.93445734610401
607.1289019850403,228.3807529186621,27.835424131649717,86.98014025960104
605.5695868525892,227.9294178345881,27.483269017142284,87.8018316467642
605.1980634779422,227.36864435061742,27.10832300768516,88.266940442842
604.3790924606811,226.309718490395,26.959905851266456,88.51099760762276
603.9431324964046,225.67678929922346,26.8376421798707,89.34432260659638
603.2843390376046,226.22835596199738,26.462288623914304,89.28351608902432
602.5471432816281,226.21610295877622,26.361712155482287,89.51429951062303
602.2373439234805,225.65710807951757,26.409453598199008,89.65476653831296
601.21164213234,224.7253390590964,26.319963244322757,90.04192911853062
601.0254364939473,224.45166734396156,26.284963154406952,89.69334976876335
599.7956483366245,223.88455970922914,26.12446376638541,90.29756196739693
599.0664293115375,223.84141507927848,26.12439320583404,90.13714353455589
598.5832893891328,223.68718000224845,26.090539655448346,89.73512870707907
598.3394578536994,223.50064481264758,26.109311046074378,89.34975519427871
598.231106995925,222.78758620258492,26.147123427421526,88.9875829866468
597.453095229923,221.69893763738114,25.83000161755232,89.0169506870464
596.5576094492371,220.60992519824072,25.774826595366967,89.04612107123238
596.4370027435612,219.64757981094093,25.75336388691452,88.9223496933509
596.1752038211016,218.47582747844461,25.677088189047886,88.4437706467194
594.8419222582066,217.1933233536539,25.766106148822136,88.86453851696729
594.3720542646297,216.1446498075789,25.79832672936754,88.75183860251025
594.8382678953336,216.0903571145039,25.855697715773957,88.91059376951068
594.4598770190075,215.97889171936728,25.940146704754277,88.61416133527752
593.8929765417109,215.4014100506302,26.02665411553174,88.28172676358727
592.9394700624048,214.25624054751313,26.257411728799532,88.27706307092305
592.6634335886421,214.06919616892165,26.519956902467875,87.88286458664714
591.9312979820555,212.1874368318614,26.94258151587126,88.13842556385298
591.7665314925076,212.3303262143854,27.30516950242482,87.8783588735169
591.1350368166306,212.13047585846135,27.724310089282334,87.89350296405188
590.6980230678989,210.73417477858584,28.287543829307246,88.09581934575725
589.5492760499028,212.37879877803041,28.551713862079843,87.86569820081097
589.1736632260704,210.89493719662238,28.49293992459292,87.89734996775306
588.520910624292,210.43874266457777,28.560988210387105,88.22283957248023
587.5587487678011,209.99303673876904,28.89156156574075,87.97534053447214
586.8667627936143,210.21759263251548,28.694210844131774,88.04050453624012
586.2533936181504,209.05263833334644,28.149908517035,88.34604151058528
586.1725072059654,207.87228504319958,28.102679979081362,88.40726884473946
586.044443384836,207.68728587649645,27.76656514201583,89.1789533697046
586.211130369307,203.67817397404107,27.74456217169476,91.65667605690903
585.9188105513651,201.19849688572765,27.62408327062931,94.14094235244758
585.5191263357417,203.16237355211064,27.303814927813146,94.41485537481469
585.5417363520971,202.5727099783868,27.346567826666153,95.56515895877308
585.0866424071377,200.98693296241527,27.415890640996764,96.28307229132949
584.3569498124559,201.1477813376651,27.70027432832332,97.57323307428476
583.9568978181647,203.73946785209355,28.363609543707526,96.65079535197691
583.8024274151426,202.22641654892934,28.83920834890976,97.96860201695252
583.6555079920083,200.82420382297366,29.44628888557551,99.5568794500269
583.2824402079032,199.31817956926844,29.840691454699552,101.28195162000446
582.9954476476959,198.61772955202616,30.382186940063836,102.64552443196294
582.7841618895054,198.09263017990477,30.678763848638575,103.58616948893126
581.9132464103712,196.27830390989615,30.528795833823423,105.09883997328446
580.8406164689155,197.58827962024708,30.283067843657427,104.77630309382712
580.0805698816283,197.4731794710905,29.63327180657702,104.0972238072556
579.7311106232485,197.5674445548476,29.2372851853211,102.19564696978136
579.4641460174169,199.05665411767063,28.635475189716512,100.05385163201524
579.2483011523727,199.57241993786891,28.41736306948591,97.18308420899541
579.6666625330395,202.23671963089444,28.07857873250113,94.78342416544315
578.8238620490505,202.00380996242825,27.86710202084516,92.97679710840886
579.3310219035538,203.9900755106356,27.73871231357418,90.95324372081069
578.7975383565782,204.674947541723,27.538534846711485,90.3079796319521
578.7844336938887,204.7840611687525,27.43209473549753,88.92644852581176
577.8383458763607,204.35500060300018,27.474570158074748,87.9781834249403
577.563550198532,204.29584763948586,27.79829416780305,87.04414502976435
577.2107581204723,204.93862276000738,28.405891111681733,85.41635353129223
576.5560406890721,205.56076709488272,28.75959678794713,84.51501881170822
575.7216301950394,206.64405907091825,29.21614095964457,83.90537088525667
574.92387489157,206.881545037087,29.192460396844638,83.47073368425961
575.40643812484,208.03455987541122,28.883913901618158,83.41431276272286
575.2992124562516,207.18593566319043,28.4904296909663,83.98564554061136
574.3076835238253,206.90526242042586,28.643433511095264,84.88305350380162
573.5769578736811,207.1301212846785,28.789489336949835,85.47382103816715
574.6678995682572,206.5540090441184,28.52123381072787,85.6476407589266
574.7936538680253,205.98486216334936,28.033047311234842,85.38278610776027
574.6813544666642,206.89477179344192,27.411547035301997,85.11430099026009
574.5970148081414,206.53963223232063,26.81827687276759,84.88568798641924
574.5146978035647,207.45186166070113,26.26465065328712,84.53053464494755
574.3474951183384,207.3138394347626,26.169313657664127,84.45825640729139
574.0269644119928,207.22110804683294,26.017520105622303,84.95761756772181
574.3838029786999,207.50917092452227,25.84594125597584,84.82769391166639
574.0810887431966,208.05743688220508,25.074176991310416,86.51132051604564
573.9247659025411,208.31370129217856,24.63947531773241,87.18833315518224
574.0994568348118,208.2726051532238,24.449673862717788,87.72561664131132
574.1429778232244,207.59090128143674,24.266330300456666,88.42204489317473
574.5265694471487,207.46570702145993,24.28187417491501,89.08315316544005
574.2390810183575,205.86032468353446,24.387727847816507,89.02099461016614
574.3601015767382,206.46143826339969,24.05804017217434,89.22843565760428
574.3967047085275,206.49795499373892,24.05216502896738,88.94509363023634
575.1928499651123,207.1318627111864,23.909404163625187,88.99091569038227
575.1500328384848,205.92601876347084,23.731051918762688,89.46374662647042
575.353707082758,205.36978609948142,24.026077590505917,89.4586991322981
575.4804300508515,204.73599686270128,24.282138893183816,89.44598771747638
575.2818781454329,204.88013749016528,24.379441503392933,89.07173924963296
575.4243600122766,204.38152447243297,24.81108289656331,88.83912619856501
575.053262683827,204.58356649094563,24.947120071791836,88.58523074169504
574.8578547682822,204.7995613253685,24.974758782196062,88.09200611437944
574.9705260212193,205.22585843492226,25.016929998503304,87.71019289374036
575.4109664630311,205.1403333277854,25.04831733625783,87.17034029791725
574.8323870432637,204.79918530099363,25.222938608177085,87.43102599612367
574.8541744264714,204.09768104422912,25.603033358801788,87.21754629134517
573.9705739130975,205.82214716789346,25.860911503851135,86.11742519361366
573.0225931632767,204.99344495163308,26.387548915396028,85.86347913747173
573.0839285996634,206.47898082198293,26.727987029238943,85.5368573460365
572.5290108203963,205.54566570583157,26.92192450313273,85.49149896234955
572.422580055903,206.29525140569132,26.746191464343475,85.43565677767981
571.5919269722566,206.20860897670875,26.30917380961474,85.85755196825316
571.4355606759958,206.2850597728101,26.227061333681625,86.28120956203227
571.1052517269222,205.98876107593549,26.037386787599544,86.79306010391994
570.297111093986,205.66479278340154,25.982148177945646,86.86427746453492
569.960677511683,204.78817019696615,25.913448267299245,86.80142215923338
570.178941459567,205.106129864937,26.076118593691522,87.02002505153264
569.7415527066524,204.81300975420913,26.08541186184967,87.30995502699761
568.4310981042103,204.8949465881385,25.847935265418787,87.4671717593578
569.0474654776999,204.6021035693882,25.7374228227836,87.79188875408045
568.6220390563058,205.36085271359076,25.465310687353746,88.36618734067534
568.2435668587407,205.30374432777313,25.159496755953494,89.05926952120795
568.355170081374,205.85396650212385,25.050261663264045,89.29765838535903
568.4151218393347,206.37179333494578,25.080202391465274,89.27919994447711
567.9107527877651,205.6181825971432,24.98943399722143,89.54921758364122
567.6383884657017,206.7626618741361,24.969860316099368,89.45122349002833
566.7044328791783,206.91108423649268,24.814510180476297,89.9683171446029
566.7524674496314,206.1678977935328,24.96889221692869,90.4833031210378
566.1711869359036,206.2297237141195,24.738828866179755,91.40386338275442
565.5812317856025,205.54554241597054,24.799984064624304,92.44534963675576
565.4487565850276,205.00040176781852,24.659067544826346,92.71625279547126
565.6785433077926,204.65224343115682,24.73019895521527,92.83830500203216
564.8616827788081,203.84485583125556,24.537295500511718,92.55364551612757
565.0770752076681,203.77569165533453,24.502399716402,91.54607159193054
565.1045763161004,203.34185428986413,24.60700718984602,91.13510676789389
564.8102268074084,203.24567523555064,24.79667289920078,90.33397072349813
563.244029820937,203.00703371868406,25.149839853787277,90.5419476637769
563.0713686442501,203.72208273648596,25.34745700982667,89.92083331175921
562.9622028818211,203.3748037607602,25.59839870150265,90.30483437463047
561.9467856571055,202.45275497461904,25.92833438441635,90.57720657841301
561.4182469891999,203.2023889494336,26.19510950322063,89.87447513400619
561.2745046610751,203.2890630131526,26.378522490189923,89.04117651180196
560.8075905041469,203.72362399290532,26.880388910010865,88.02480346784962
558.7870650029289,204.69482862217325,27.584859874376306,86.94488605539833
558.9239052598094,204.89891414903053,27.88434650586733,86.20202037773666
557.9636343827993,206.37321919640343,28.09635461521141,86.14117807473889
557.5209001268639,206.36750083066624,27.731582085898815,86.34606120399465
557.7529441574342,205.88257274993475,27.513763131623215,86.55464565029341
556.588019815764,206.400230411906,27.394855120169694,86.57869953277948
556.302574061634,205.3410300095184,27.28418491997936,86.72909241538213
555.9414865919312,205.40589558374825,27.20917867032483,86.8202240280623
554.7769821263543,205.7196197899504,27.07436118355571,86.71352369448104
554.6938980358608,205.12999327370474,27.185164789305652,87.26494377781086
554.1572382395369,205.17961000675956,27.024378556529225,87.30485295908682
553.9003025861538,204.77428627689957,26.897944403796245,87.29367849078248
554.1682568742436,205.85734558516234,26.648993806818734,86.96584579726111
553.6595663756992,205.18716907410487,26.63935589922154,87.67325042078596
553.0415242657423,205.9249755303956,26.34648549400564,87.61307794838237
552.5545425767772,206.2150081270043,26.31789230951232,87.78344596172323
552.3081651945168,206.2567022613846,26.337108138848418,87.43970973058319
552.1728005976966,206.68584711900087,26.350323660375544,87.71387226487764
552.5420766061064,206.67102024206332,25.76845327059091,88.13760478009195
552.0349122616703,207.04239367922588,25.759281397749,88.06501581516012
552.0948927123312,206.85617885185866,25.838046256410326,88.1098794720556
551.0121601658873,207.89937342568336,25.06972686443496,88.85854352989628
551.9233988409572,207.57543286678893,24.941410690976344,89.22027243387329
551.2760945050222,207.57447171955167,24.52348171655276,89.8941802353592
551.3296073314202,207.37838313260815,24.54024307198278,90.51026918638496
550.9043214427912,206.51953240063636,24.45909292350523,91.11745720161329
550.574307069521,205.98317774787438,24.5501628511333,91.29260299004363
551.094300111649,205.85453619298198,24.8395752797175,91.28086974455235
550.4932721014571,206.41573790746463,24.891161043295735,91.09433803590105
550.5442772126589,206.27662222862767,24.93080866507814,90.51232964938859
549.9969849577077,205.9422868865362,25.068996714447493,90.30699638679035
550.1670145305114,206.24743460091503,25.222079875644617,89.83449019255167
550.1145487762984,205.9803487532668,25.238848127425335,88.29354906817649
549.5006437245677,206.05470712084318,25.270219560728492,89.13809522002482
549.4945143633834,206.35260267119884,25.477480943252445,88.51670365057362
548.5038177161694,206.07276495567487,25.624571097040103,88.4853909820465
548.0500090338373,205.54777055857724,25.595915006084415,88.2243636934781
548.0867210424543,205.5696224638853,25.83514101374132,87.68995138271507
547.2431440411784,206.67842058172772,25.942627090458394,87.46959211411709
547.0631764413238,206.7178679556863,25.73720025393953,87.73304996510547
546.3548511107441,206.04572579000956,25.465116145277722,88.33432055687305
545.5768299158495,205.76917577979575,25.39881165701514,89.04524618138184
545.5440802009585,206.78850782312927,25.359994628691055,89.01560933737535
544.7600137653488,205.29711908509472,25.346221181246,89.65161962632587
544.103887129331,204.71567854796234,25.241249330829646,89.31777216112377
543.3923685743964,205.32366927043512,25.39327222713701,89.58798639965757
542.644794340372,204.03131871529683,25.316377514720195,89.42132017938299
543.1058652325449,204.48337631176173,25.370249510014514,89.43670402610316
541.7263761562082,204.45550721983943,25.27574040949879,89.66156010769666
541.1730420004924,203.6620166363371,25.406591100176193,89.97235552373999
541.0566314644184,204.19931293295826,25.52912390250637,90.12161878357844
540.1606385922267,204.88178438447625,25.304392212960167,90.14816693603106
540.2725022440542,205.13050046820717,25.40945628923385,90.32672546929099
539.7303243788037,205.5640828743234,25.29962270966101,90.12999680093364
539.1706521013774,205.39224694812447,25.226542013506457,89.91410090383124
539.1489081962584,206.02166992061117,25.173265721166334,89.53798353551797
538.2295172924441,206.58523631059992,25.255232929757696,89.17929445919192
537.8978087200956,206.932219445665,25.346040649863955,89.19178485028611
537.3420936259702,206.26131585527983,25.460471633955976,89.4177479005404
537.1640199434921,206.4461393989081,25.45250438657105,90.29021392668723
537.3541125613457,205.49511168263507,25.600665152965696,90.80981389105546
537.4200934237824,206.4471318385256,25.522192681017344,90.42495602289316
537.8142972421948,205.84439079729717,25.753926645755058,89.98079778361846
537.9603028582352,205.1924085249389,26.146143476303962,89.79235548324218
537.9238844212497,205.2439905422088,26.432905756611788,89.20239757300814
538.2482865596485,205.6833331270608,26.752301507756776,88.9456707782813
538.194128298763,205.99711252918058,27.041347731642986,88.83977808360359
538.1020293997515,205.96307083195398,27.353085179271623,88.70192033740513
537.7219251495775,206.25198561559807,27.922924192810704,87.48217073999993
536.8865599273839,206.5742231772249,28.37608016000207,85.83874436047105
535.9462613494186,206.78761729268993,28.683305786353607,84.23398679303129
535.2451912618186,207.8743489531837,29.120354554254583,82.94677152416399
535.2841061121525,207.56741764380212,29.168592551588848,83.20760831909558
534.3598178535763,208.19763914750422,29.264487336563434,83.04207462203225
534.4302538269446,207.9615110780802,29.290513550999552,82.76590384666517
533.4243064515543,208.39650799105908,29.21580251450301,83.35330617034275
533.732444132997,208.5572833598878,28.81113463762713,83.42271818240494
533.6995174478053,208.69459560000715,28.069157972324177,83.90690493759412
533.6848142538596,207.61508723822055,27.94625944264164,84.51622962644595
533.397880426479,207.7480307850027,27.480045834814348,85.13229559350862
533.6249646489133,207.57265278360984,27.450194213428155,85.55218679280131
534.120230204877,208.17215849975904,27.18170524484575,86.6828224247119
533.7420947809296,207.41484209969894,26.63190743391161,87.38206058486321
534.2504535404007,208.62864236884496,26.3833656957426,87.47610296992626
534.529691876983,208.07761311006496,26.175757754315324,87.86463625183337
534.7194145716425,207.87110301675693,25.818828459144473,88.46957828352791
534.5203527734155,207.05381809675794,25.57801857581233,88.8738447168105
535.4612131327714,208.08699861331468,25.260913583571668,89.1804185019648
535.7054922742594,206.83782034487206,25.167562765290548,89.26042291177487
536.7928091796684,207.6514200117467,25.223999949803336,89.88389591841865
537.4946474139678,206.47490951845032,25.397054566981886,90.89007366236612
537.825754134562,206.5766913959927,25.30617793161411,91.19014292958975
539.1470860049263,205.09080666904154,25.683346086713502,90.80532235091455
539.8870778332862,204.7499064047036,26.112940634148863,89.68737672385157
540.9668502345191,203.80390804124033,26.347493398287504,89.07543930580434
541.92774274126,204.56096542695698,26.289380998903418,89.032847342446
542.6549523823052,203.85789536431173,26.289544288796428,90.25501740381173
543.2306243495228,202.9049963975724,26.608850312018028,91.48075805007423
544.4050045540132,202.84159975362658,26.81457236305905,92.51848232913862
545.4621164201027,201.728278621571,27.24335028264405,93.27749790238522
546.4478166082363,201.91667241209356,27.26218964579489,93.12090367761566
546.4351519738557,201.83758182525088,27.662845697021183,93.37987494961058
547.2098661576308,202.31026476824934,28.010065498034677,94.17356231297278
547.8065926535028,201.108411237231,28.079992795368437,94.3003426191043
548.6657477512475,201.80833258633453,28.045045679903648,93.46884141450379
549.0478888057338,200.85393901834664,28.02846450057282,93.54550658221025
550.21757759356,203.07853432342182,28.280559550652946,93.8954654853045
549.8180498305308,201.88301520779356,28.503208061387852,93.89637844190281
550.9327073878235,203.00243372754466,28.572521753870248,94.02522028309215
551.8042225332383,203.34896883513403,28.257965174054405,94.40629300080522
551.7766893846829,202.72468816971468,28.254870409908,95.40480894270698
551.8571078654784,203.02898728006156,28.176219662942827,95.59674240736551
552.1325323936976,202.1890298600423,27.931347384773204,96.0132220028438
552.701214550912,202.62302523508626,28.10300919243757,96.00581044539426
553.1807424937108,201.46757967873097,28.095114810631888,95.93919649409423
553.2662917464153,201.07950310474797,28.057491281047263,95.33943268420504
553.747140322711,201.40691947770154,28.097693132438593,95.05969688525259
554.428314610643,201.31196041256828,27.961323169474174,95.4729907531862
554.432956128608,200.2427237637855,27.781461385556504,95.8433938298045
555.3737563988615,201.74902657915908,27.858581886728935,96.87942415868261
555.9279686008155,200.91060681887467,27.816234476763213,97.29361354707211
555.7516909853952,199.94427816799237,27.80585225719484,97.69788818987828
556.328177076264,201.3513147269128,27.871495965006538,97.85495903299025
556.2770153902712,200.79336875849185,27.632127425771287,96.93815138487113
556.8887670915869,200.71701101444606,27.71135303372182,96.66399885147456
558.0949497663431,200.71335768076972,27.692220983464875,96.02182338782293
558.2389425625137,202.2765164281807,27.893583474858303,96.19569443441327
558.7660174372319,201.88961815298924,27.53088879162602,95.57575092685096
559.9244217856259,201.53769213827366,27.44002962067105,94.56625194500586
560.2543540095646,202.00240163760176,27.611222542502716,93.50288855414539
560.5491078318806,202.16671995276067,27.534991713285045,93.49132199075646
561.2408843242516,202.12884598347117,27.531935349674967,93.76304195472989
561.7100314741376,201.5561565966417,27.548800177615206,95.0511728393469
563.1640239371287,202.10848314637917,27.50514244393968,96.43610513949967
563.0331159291624,202.30762916629763,27.782129387963202,97.37632933501432
563.3197199407226,202.77856449262623,28.26719456106308,98.46423692446834
564.242003032131,201.9156722420494,28.473945593211866,99.42123970403003
564.7148854096405,200.33740675127632,28.707455158795383,99.56743524017213
564.663572410885,200.408773158755,28.917972067706778,99.09986468097878
565.7617037133855,200.99833416148726,28.887299748960736,98.35888130948072
566.0248822567365,201.72035736857924,29.125699341793464,97.84544483677925
566.8299531912857,200.87134014574744,29.15694672345061,96.9426763840359
568.1409696903593,201.40829226944487,29.354383177207623,96.93100224680948
569.693805208079,202.82578225499174,29.434390862242424,96.30712976816265
570.1907178220315,202.78625852672982,29.998637724486287,94.89360122161186
570.1174804904383,201.99826228215034,30.499101660982337,92.86735171782038
570.4898975280692,203.5477671220965,30.296089542355304,90.14507122827762
571.226182198281,203.8604098765991,29.72562857318937,89.32568147992781
571.8213519300471,202.4194043222123,29.075813115547184,87.93251701725977
572.5537748709194,205.13549887721854,28.381340816642574,86.05368455473875
572.6080250196704,205.46813998746677,27.728835184763135,85.50583038368748
573.0584509473767,206.12091902796902,27.20962051516233,85.12481776958279
574.8634210438117,206.99982448462544,26.513463872554837,85.81782014972705
575.144314218512,207.14688069586404,26.377622030276427,85.67332767909403
576.3229023446672,206.69928967856782,26.465857698513492,85.35056378034449
576.4991662994954,206.4213509429431,26.585410049372356,85.92610540877594
578.3466463676734,206.38668589862493,26.39730063246813,87.22079100335553
579.0222924375597,206.77794972717754,26.186580206143105,88.1463194385126
579.8735859838773,206.39666929847246,26.189314902295735,88.87339290114284
580.7425132794849,206.19788935962958,26.136531302596676,89.81700845338153
581.2515828026922,206.39971998781516,25.970395174902464,90.05884833379014
581.3943597970504,206.57247898611564,25.975398719688634,90.52981311955304
582.2992391123246,206.77792381268057,26.159269187078653,90.84902266762558
582.1713471237163,206.97454788498922,26.154105817608034,91.04162160276218
582.2452421526959,207.049901086842,26.180025822748462,91.0669816572819
582.6460562711741,207.16985527258709,26.146964313430587,90.72907574704631
583.2293125576027,207.0156915483258,26.106998242686554,90.60850602335626
583.3517859433601,207.56114895296764,25.985188952682368,90.98217973698362
583.4259279147145,207.00684425866817,25.828992946002522,90.96069292845432
584.1743191506027,207.5067618654405,25.81019537946898,90.90309533049499
583.8707810729542,207.4044555321151,25.647147874201735,91.54211499291907
584.5109999542618,206.93125580155336,25.66254059979122,91.76393047062125
584.5240724804381,207.12099717636397,25.708557505060213,92.1442168030694
585.3723750719184,207.46310831284973,25.980590265367535,91.75653753222653
585.5389937088659,207.55877244382845,26.169903693567747,92.14814788177647
585.4999736644943,207.1148320999045,26.30396032060306,91.89034420816651
585.6640497556608,206.76067174441837,26.564920241255273,91.86165277123536
585.5975239602302,207.50010751000195,26.88184938963269,90.70037183435986
585.2991871928269,207.74048816093404,27.217098710791387,89.94745262500979
585.2385160263842,208.09046839569356,27.727454661907643,88.54161312287889
584.4551466080984,209.40890962187473,28.14121257482662,86.88822173363452
583.8965069853025,209.5273446668598,28.65317577751825,86.67593331815077
584.4183830750214,211.39035909595236,28.68932565095971,85.92579414273541
584.5520710042617,211.12593299211997,28.692180771206584,85.81919020559047
584.3848197182805,211.37882620092242,28.729008836266367,85.68510210789752
584.7266975722094,211.03257664712305,28.678428441881206,85.88386628951096
584.4373095185247,211.45080099384603,28.70281489366066,86.26091618844166
584.6142390794334,211.17355124325698,28.25545484475237,86.50540191856265
584.3818583324404,211.53874539039515,27.954298977955794,86.13514858350722
584.4638654091409,211.53065694594346,27.657400664870643,85.9080286852678
584.2377332321702,210.75341484172685,27.466440123811687,86.05004648687886
584.4305493149964,210.96005654484316,27.42819241097917,86.03401215343641
584.2759652100766,210.76781913511996,27.21243068011823,86.06884743793253
584.8883647685495,211.12426774181188,27.18970513723853,85.95517437472952
584.8675654885633,211.228201952174,27.10977136878412,86.35687282135675
584.643408282096,210.8412743164568,26.958773953105446,87.24961962998063
584.7598699292118,212.18335423608244,26.679817347238448,87.29495865394964
585.19829122112,212.2374220987649,26.56529981186867,87.19331923509347
585.3207169586356,212.2581961846772,26.708125797746614,88.04877376025983
585.7297570685076,211.61522923993724,26.92388766479431,88.5145716986976
586.0050836566569,212.66701904854762,26.801556356677192,88.4984392479197
586.4752757485005,212.8508708239958,26.982610080208797,88.9826929585857
586.804517128938,212.1661047184818,27.19933086919572,89.30420826382908
586.7425881246248,212.20979367069262,27.27477143627523,89.90362368673895
586.9141616942546,212.56485205131975,27.187295112721824,90.33337244310101
586.2327757980921,211.5755742413853,27.19886715891504,90.84463372760455
586.9749608300235,212.794406764172,27.429978257123317,91.28470453522637
587.4334736547538,212.33228091678626,27.35220347026123,90.82968961031551
587.4574499347245,211.60878712481178,27.30571845560375,90.05369335713678
587.2901806527937,211.47525309563534,27.62048365726114,90.67387950731138
587.9853398690179,212.31202055214862,27.440017562649626,90.9047156174629
587.8758216701927,211.95370307231394,27.322139391160583,91.27112199928
587.1882452997594,211.21098493811206,27.451976461060287,91.41055020532109
588.1060236690327,213.65707975772898,27.59629361815886,90.49020023245386
587.7781055481231,212.9182781302857,27.6753234935343,89.71569467500827
587.7772960060659,212.72136987545605,27.86765404610686,89.41824065444371
587.5965086511284,214.02029318112645,28.64183341577764,88.27756047643724
587.1629208463606,213.17989099382797,29.291104994036367,87.59277547076994
586.4805982993961,215.03068776216145,29.78036045240267,86.83478091977494
587.0049507370521,215.71428114305775,30.18124101486517,86.77028037242938
586.9810128070036,215.43485930180623,30.068724635272474,86.83484940888863
586.772146088734,216.93966847326575,30.098409422977543,86.19148777983679
587.0566155244809,216.40049924221125,29.975635964148033,86.68996442220167
587.3332263187076,215.64031983111374,29.917670531424022,87.0459102690854
587.1812935099898,216.3131402866259,29.478387523962436,87.42651035060722
587.4668696825141,215.80579104369968,29.082066405381962,87.52827423515271
587.9391748890913,215.8306564318271,28.489017896181245,87.14706078024611
588.2031708141814,217.4728012212733,28.26408398481527,87.29653637431207
588.4784172237881,215.5124197582051,27.947181023418374,87.50887926222514
588.3923007687428,215.6305948926328,27.564908644908236,87.70806528854527
588.6326038945817,216.39805717333775,27.377299157413272,87.57511552438427
589.0447653822429,216.99842857041193,27.382699599850028,87.62951339242917
588.7550684705094,216.74503992382012,27.102208565185403,87.82668374605863
589.4813435231143,217.05937502834314,27.03342904503566,87.93153380640649
589.4065806070563,217.00402338524583,27.102098308040418,88.09506259937771
589.3978506848381,217.3975872469872,27.035323080340856,88.09943729202882
589.7899043232316,218.96966873660782,26.927109646727956,87.86281248837048
589.9374180738213,218.9130359671324,27.037384997940748,88.03023809699557
590.672951894511,218.66516560425083,27.28659025523537,88.58722458084512
590.7608012261849,218.27279039684316,27.218717251102966,88.6411088018891
591.0371368194312,218.23233193272142,26.854368161673314,87.94978294563249
591.7682372298133,217.69067646955517,26.994584690724736,87.6645612143417
590.9078668901476,217.15972055902344,26.864798679572885,88.31908810336397
592.0091113881258,217.7057157352611,27.19013074761198,88.74411678432068
592.0481121908044,217.06807668262002,27.320838918656122,88.90682853771224
591.8418665440707,216.29931816830162,27.073572299964503,88.48870131643297
592.6671419057601,216.22056709969132,27.06823708790787,88.14559506904438
592.8106900428116,215.6411438112655,27.143434146619974,88.38116015509326
592.913886976755,215.7399066367401,27.243609348357317,88.55263759142623
593.5305364630681,215.80078258400562,26.956665003340213,88.88633915234331
592.9713274485005,215.62454332108086,26.973403468953276,89.09964218864798
594.3912255970711,215.93710705714147,27.045024179258228,88.89982368912388
594.338486065112,215.44852838041584,27.411944295136486,88.77751841421056
593.5372270654572,214.68689151628325,27.953842582570104,87.9702319351088
592.6238594301127,215.5479068533124,28.544800236758142,86.66260586190919
593.582718658356,216.70901120257747,29.115958123044837,85.85299675081959
592.2730912548939,216.97587794917902,29.80084431958732,85.72107518517345
593.6004308867523,216.17365778395572,30.028562707542758,86.08732152682003
593.8068253516783,217.37122139871482,30.136852066245904,86.19191177128558
593.6752431126657,218.3107959576805,29.8292466978316,86.68186393928866
594.5549845379479,216.7144439549168,29.356247254287926,88.33349343042703
595.1394722957702,216.4366515439772,28.903148615951125,89.609289102545
595.1934869967655,215.09207366920458,28.59400739064027,90.13827262804544
595.5935146875495,214.59798293282384,28.38281508385179,90.67820273419164
595.2489894550888,214.319625065688,28.096599449796898,90.82450967358344
595.3737910549189,214.17089951998167,27.8872633227547,91.16329814331911
595.2207964847396,213.16065191471847,27.877299148809087,91.15304880123321
595.3225709242306,212.8482591059651,27.8692726675835,91.36439907881228
596.0516792046968,212.3037836799325,27.842063849532806,91.4033310242842
595.6140881206001,212.17918722334937,27.755432567866876,92.41694420837024
596.1122311921827,212.998175745767,27.29972598212042,93.49746324774821
595.7617400005436,212.3557720474188,26.840106391865042,93.93713471724432
596.8040259411243,213.1024069142374,26.519548397155148,94.00877813725549
596.0456387103058,212.92705478767616,26.360364821415914,94.33476277770505
596.5381538328766,213.22780762807247,26.65497107854037,94.77479032864764
596.1432952978989,213.44635000799695,26.822467036244323,95.30383469296329
595.8455361725631,213.40361562358524,26.857243504727457,95.64173416900296
595.8972126858572,212.9334850713387,26.974962481384544,95.74152495947015
595.1628864216786,212.31402209037623,27.197185208754412,96.14428799662856
595.1225347549746,211.35400469326657,27.389633489894056,96.89451034997568
595.4055235623142,210.45371771397083,27.086571754702838,97.54969081777588
596.3958666439896,209.52185152891002,26.692795958363988,97.59604144828111
595.4043841744657,209.06555478458353,26.217150124325464,97.71167392743163
596.2185815706241,207.89663830428518,25.895366631523395,97.81478284322856
595.7403556636681,206.38199494216295,25.84039140056694,98.2715485961748
595.6841749363837,205.62496220751467,25.79398257703958,98.7201883118779
594.5096971563208,205.02247741081072,26.203917980304823,98.85340201920792
592.1583411204277,205.7556695361391,27.305432809354244,100.22827319495804
589.3669308454308,209.4414308065748,28.74643102124373,103.39285104165987
589.0761358526366,207.8026322631425,29.64343358779914,106.82498488241735
589.3327044300082,209.00076278517423,29.634185755336787,109.83234408142641
589.3556648366523,207.5115364662293,29.59878388780222,112.733451400224
590.4181689368704,206.53636954169872,29.86439925685446,113.86254840045402
590.3802537381678,204.47961016069843,30.57088834042085,115.76935682386201
591.3613935709809,205.81088073296087,31.38294095972195,115.87651930596985
592.3366180301206,205.14900405462652,32.41099932179228,116.22671185254947
593.0863279465125,204.33747892008134,33.409952043787676,116.10102728982982
594.4500668998726,202.997631042735,34.82079172205893,115.89138645852393
595.4922989425122,203.63985349275143,36.459641683639255,113.7908453718532
597.1866161446326,203.5886422500949,37.02699520969648,113.0184008351288
598.4057562660067,202.86209250360457,37.22246588247552,111.51623838238496
600.0703023976458,200.24425794541287,37.34062183964098,110.19718805067876
602.0869969252777,201.08798139716603,37.25761215602031,107.73153813661331
612.0474652921007,205.866774283332,34.44640137452268,106.44377067025059
614.5732158369676,206.7279046169046,33.1583442316273,104.60515339930419
616.8396519540737,207.48111106516774,32.226121354257224,102.19210629123768
619.7206408078532,203.79848155536024,30.880556477050916,99.91857231921448
621.8387381894944,206.1573057826497,30.39513347470918,97.81069297054682
622.9475779637025,203.95706207149055,29.806198170868413,97.66580695307633
624.9128388061534,202.3814451127736,29.6861003369798,97.07847089561089
626.4147798636766,200.76328742213798,29.392652181894356,97.01385839945601
629.5184475267546,200.94734982774315,29.265516574213684,97.69287466337991
629.8614316568525,199.58169739139248,28.936819419068996,98.01783178446382
631.2248436255385,198.241226176669,29.02348968717188,97.83710038197113
631.140831160354,197.90998325294984,29.22301857058048,98.05882397779392
632.773435845582,197.20257871945114,29.38649701102246,98.94901698215017
632.7809246126834,195.769985915359,29.216479540515337,99.53333692108394
634.3045266888482,194.08578646332398,29.370379552309224,99.35068468532242
635.0765078087361,192.88593321533534,28.990342245013416,99.04557674724823
635.5268999174262,191.00813660422324,28.794384799846004,98.61689863387059
637.6008925012405,188.91481992297116,28.839370861770746,98.08907972968163
637.6082452515983,187.3779690205488,28.758636736282224,97.48401099238166
639.4771965969242,185.71238588263913,28.776184771185925,97.65692836683377
639.9569381582214,184.68786147459724,28.56469434296923,97.66533802085395
640.2900496172414,183.81370981811284,28.47720379625951,96.64776718640755
641.5630193860217,182.82710792171827,28.190890647248757,96.44115973995414
642.1445380952952,182.23239330635954,28.09503600801393,95.93362554122065
642.9985138773533,182.43715083656178,27.641158182949553,95.81829579141832
644.4744081751033,181.9595224234992,27.440260319260837,95.78395237635925
645.2199420832435,181.20016564577094,27.536934235578038,96.06405780994388
646.8256453614649,180.31394114589227,27.694561492611776,96.1218175549404
646.9465466028147,179.88696838649759,27.869009983852095,96.43756060914926
648.0180477862489,179.13128665818635,28.18115440653453,97.10200977438993
647.776977040375,178.35367701906836,28.066685352170246,97.72488771542191
648.8519314564958,177.67743200605332,28.291412931595552,97.7456851650436
649.8072134230201,176.28778929473634,28.515878791332373,97.73424678701836
649.7662837977886,174.2560612314063,28.393135979093344,97.40889323273974
651.282385666452,173.07222100507522,28.420123230307173,95.92966606974026
651.7379344742333,171.08529125369665,28.47762326527262,95.37659857817366
652.221329338463,169.6704180182231,28.62679055852642,94.41273614523591
652.9143710206123,169.4027915969323,28.787194167990172,93.45006895150158
653.7316590923028,169.26341055252325,28.989314172527934,92.54400442784714
653.7112951275466,171.8057065193807,29.04559601232569,92.29610292000505
655.3654535606689,170.40971244075072,28.91923209941963,91.52884954398559
655.6008026272821,172.0768788525528,29.284555389533153,90.92022758921686
656.3952104546413,172.45129157977127,29.28158568208031,90.34874024320031
656.6710452247164,172.45142385031062,29.733463571968628,90.35964391009486
657.1678042060222,172.66461305151356,30.26051099994384,90.50041341828391
658.6533345069902,172.53636369459522,30.94374441198491,90.50471739969299
659.0302027668262,170.13990641320274,31.172575023832184,89.59242413777092
659.1300784504259,169.35705199650795,31.315012163951323,88.99713891827352
659.3486913543127,166.42528488761337,30.83833064061077,89.22499961311348
659.7908502455605,167.2079926958426,30.130013781033448,88.6927682865873
660.4229933052738,162.6218507937122,29.20877382015897,89.52037607308681
660.8672720136174,165.12718312420773,28.70670722531024,88.9140011345384
660.4841611103953,165.85432217769397,28.54251906385492,88.03382632336903
660.7206304537209,162.23371985964945,28.757527650458364,87.4399970658728
660.2006829270385,164.22036452432957,29.193672355731863,87.15444043304583
660.3110171137631,161.9254174433224,29.302383451438935,88.12246288523654
660.9259239777225,160.9772192608639,29.62447094479552,88.81860755165955
661.6324108204307,158.89552681790173,29.509275150538322,89.85683126662445
661.7900381806369,158.70936418932808,29.13581231845238,90.54689195735025
661.7153345021551,158.24171087790637,28.661251789444727,90.97224633305086
661.1635323478755,158.33954079850554,28.339006421871815,90.99020311632705
661.4400630004712,157.23325864420914,28.05076533476661,91.81567531142498
661.210416724021,151.4462553931711,27.576921722524883,91.93384170272223
660.8761141870633,151.57490738963517,27.628429120640106,92.162484961114
661.3467611151475,150.34985187847957,27.602977261141312,92.25297207442861
661.1826888249855,149.97566338129383,27.477013901268492,92.06758246533025
660.9095059978156,149.76866741301652,27.703354558612237,92.1559675193127
661.6908475029219,149.39889496422037,27.414416012320316,92.53571544582229
661.5651891002644,148.27933649891804,27.23229722856009,92.40438998598506
662.7939904189211,148.05611155756716,27.05931821414099,93.11000542392554
662.7870243878042,147.42906125752114,27.035434664565393,94.17224338125253
662.7421146946244,146.60222790302436,27.18089374630098,94.38391172770494
663.3730215797691,146.03700574015673,27.249620752264534,94.79565969762048
663.2361979293902,145.95630400124048,27.434177087334195,95.69043306232808
664.2445718058639,145.83165690490137,27.672933704122414,96.26159272422368
663.9406638718576,145.66285875578853,27.888795120335654,96.34712276783355
664.7711179629426,145.97144996817357,27.82280113608716,97.188346910637
664.4054388180248,145.1425304461473,27.92923464698481,97.0378432594533
665.2922123935209,144.7686233937479,27.963594123647365,95.87963219297224
665.9891509637506,144.79803682394797,27.908442550052122,94.27042081108772
665.7660751327901,146.91756088278646,27.968140017188848,93.26645078980052
665.8138717024922,146.85579061536208,27.88714505925607,91.78202812026544
665.6374785974689,147.47840797977565,27.903492911472593,91.09227422926023
665.4008213917292,146.86983672290935,28.145886918756155,91.1824420411114
665.9246128973235,147.31793687796338,28.136366003209634,90.64935179646359
665.9989780566036,147.0180479992307,28.174366292993373,89.53532960046823
664.7236479640361,147.61679023792246,28.56300603325854,89.09266988066071
665.07626749394,146.90579651894348,28.44733886666593,89.52522462609087
666.3090235458637,147.008683418528,28.115859012269187,89.56707795111218
665.9484661841997,148.64422749330532,28.4881332307124,90.77144556251332
666.4772445186422,147.4407318800187,28.83344328298066,90.99555853324249
666.6844478943786,148.387578205853,29.066278600752106,91.04042112220495
667.1808882603242,148.14200080235747,29.2627977073087,90.70196516421575
666.5201421811361,149.86180327792422,29.35572238464396,90.94594347266475
667.0819210167699,149.82779571534647,29.663286181920284,91.02005247937888
668.0278778091694,149.9804028399275,29.691816608809656,91.1867173548582
667.5609829602764,150.07437798006532,29.767656394047542,91.22183641457318
668.2255041474704,150.68470224215312,29.85865820339059,91.61607167087703
668.8962575145916,151.90030678875084,29.676874751008363,92.13069721436985
669.7578511249569,152.23132322399536,29.821108084439015,92.80272990040696
670.3193350723299,151.86002400465222,30.062951610133645,93.90160485123926
671.6025517648496,151.2085188011205,30.088418812176172,94.36844470414162
671.4078923983901,151.8503753048426,30.34039674612104,94.81709134444827
671.9870710982921,151.44739768770324,30.247089709857903,95.03415304597402
673.5578195316663,151.1502554126418,30.205995198303476,94.58328445507513
674.4444910194466,151.57058193380837,29.758935320010067,94.5770510804628
675.3968455305852,151.58015373775794,29.751939482089494,94.44607873560278
675.9876507390038,151.35062827092872,29.834212775159855,94.13617616708301
677.0508042784043,151.3449037889373,29.950788186517112,94.00067832833057
676.6454924495011,152.73758100069423,30.014672993252766,94.25150440103249
678.0270550101178,152.70770908843573,29.806106625986843,94.54447464404467
678.951864672005,153.52297183339562,29.963766698269545,94.25377538035933
679.4398399572332,153.31313634566152,30.16510167983794,93.48240679360218
680.0266214452662,154.02894783579146,30.39621478352214,92.98472070728229
680.6326817173349,156.21223807884226,30.359580565602364,92.84468126350856
681.0925150435758,156.55174382666547,30.420121535171862,93.01861497641165
681.7532693743127,157.00939729512632,30.304373114252606,92.6861503298914
682.1864889665019,159.21884891855177,30.272162624313204,92.29625642523413
682.780820043406,158.1361200272129,30.030998553619632,92.93197923877273
683.6205491480429,157.80052623209426,29.655745642769617,93.01351768817524
684.0794467002598,159.04970722558306,29.376838480173078,92.76869121030708
684.8438881803563,159.1725472834078,28.970501000708325,92.09389725956129
686.5308545354583,159.77254747619835,28.698331777366512,91.9598680100733
686.7625277247461,159.96962371468098,28.733003991387115,92.53095493874007
687.383491709857,159.81919387602915,28.6140488671963,92.71121717901964
687.8320329612422,160.13234351584592,28.65253684286506,92.02314973266523
687.7351121694423,160.75447470656857,28.9035318637516,92.02354462928082
688.5154489302025,161.3144026610273,29.457803515494838,91.55451588978173
689.5961433351752,162.36551436376433,29.891037079130477,91.33306209471262
689.0552636947284,163.08410627187027,30.11304209566913,91.48438652682988
690.5551060343067,164.27894414086427,30.237108341576644,92.1372515774924
691.8525486774021,163.78193378408116,30.35788219692656,93.06699915718465
691.936111109702,163.12103440315786,30.296782767357243,93.04269591974843
692.8859438362076,164.82077698973455,30.330996093757328,93.12238798315207
693.8675012357508,164.69325917698103,30.37631845134831,93.08840456044518
695.2430015669402,165.72201721183637,30.340628839384507,93.36643975263634
696.4901161964448,166.25947940617624,30.233011280433136,93.99079765250795
697.3967617553902,165.94240798875813,30.372172941358485,94.10253051181539
698.5426143403957,167.0451824078699,30.423230003174197,94.07669396912411
700.3992680410624,165.88342365673628,30.44029145445625,94.0257846296555
701.7867512318451,166.04265439442253,30.248079446441352,93.38207720763725
702.9025907510141,167.80323193514448,30.326076816870938,93.96581438006908
704.2102863599313,167.12241556538206,30.46311484593904,94.21481961333787
705.5112537318787,166.9693289755212,30.698367869073124,94.75030063829445
707.1717417576396,167.3592345238954,30.954551460724566,94.92634634162539
707.9880228086147,168.35922248263105,30.91944950949291,95.17296366107728
710.3104269701627,168.2550699931052,30.75002160708177,95.13025819238844
711.14278212467,168.52233387287242,30.887304668123388,94.81973134873894
711.5941138663802,169.67603848159104,31.13574098576636,94.79450625529468
712.6293691388419,170.94194288341782,31.575157952058326,93.97471260361864
713.5089500935973,172.284431988878,31.74017333155659,93.6862764649944
714.5980100061772,171.39560757474663,31.81648761513099,94.14608137922517
715.0562523060761,173.4976233333557,31.60220068626977,93.99129760370624
716.6532857345832,172.52073298287928,31.67994960608063,94.07095175112364
717.3148833012418,172.50827337631648,31.474214008361884,93.84117063136924
716.4803253890173,173.90061660834027,31.140385601777766,93.71607178901044
717.5413419381371,173.95878958749665,30.57573091483121,93.24806090011568
717.2609483974526,174.12718711055635,30.04664337099407,92.61904848014828
716.8058685970584,175.58439630698626,29.931915886821507,92.12522406426297
716.3849851126523,175.8606024232301,29.720022343663242,92.62530504638252
716.244489626135,176.31624069863852,30.056384612358684,92.58673669697407
714.990593787056,177.47671279860216,30.24801465797878,92.22411990965207
713.4425706247366,177.80376325940014,30.806028927716365,91.59064406896944
712.5954984736309,178.1848680221674,31.21798624491199,90.82240701535011
711.0157696628869,180.3185280595068,31.379373626379156,91.04224523916372
710.0089121329985,179.9434951959086,31.54099391667819,91.40070022474481
708.4357752919486,179.13632659951676,31.383011636406046,91.44476568710553
707.4507250750659,179.8087382061031,31.41129097184394,91.13565495447787
706.184371587769,181.19225056663285,31.265865889247866,90.53403979839034
704.8359161346488,181.666126142461,30.970310345750747,90.10392119077474
703.7298429585467,181.45947335473443,30.50904723597984,89.73064852821743
702.6253302169345,180.8382749596541,30.45063931428176,89.7594479015004
701.4903049284785,181.58021843426368,30.613268969867846,90.26584003076476
700.3526127303903,180.3636826427527,30.60716971583676,91.32431597169688
698.6892602613487,180.8028467074788,30.591488646611005,92.27261605040505
698.1831955897679,180.93145028628868,30.936287605518224,93.1363432599652
697.303053253164,181.60788644238158,31.182716106164534,93.91704805616257
697.9088003659485,180.79805610815083,31.52851899115275,94.03904904139657
698.0968038222085,180.98671571678472,31.523539190640214,94.22866452890936
698.8417505914359,180.95142032551507,31.69836571062629,93.85206499691732
699.7200327212939,182.15245402226523,31.665785453977353,93.56634658527429
700.7602215310228,182.70502297621763,31.538090091218223,93.4887301684202
701.685914860014,183.3155752341745,31.422942508896575,93.17658331270471
702.7354846970766,183.65209085796994,31.63417113425578,92.45775350264668
704.228093184335,184.3156562245046,31.608549601557066,91.50793241976008
705.6257855883256,184.51040497048496,31.481933676327245,90.50642272029128
