799.5,638.5,62.0,82.0
811.8283612182171,638.7736396274238,61.02168141793591,81.58735667044529
824.4147635835124,639.5549411988229,59.956424447355204,80.94011731625179
835.2605873824228,638.9436270579832,59.57313218095504,81.03971171674377
844.4811273272388,638.456426667716,59.57700048773435,81.5146917948209
849.9258769088025,636.0671028790414,61.39963568587399,82.74245560218104
861.5526054746065,632.9914517187625,64.07955295917324,84.29966984519356
872.7794128224192,630.2958915342708,66.62198242248334,86.05889491045093
883.2680112725315,627.2890467430828,69.15392744425588,88.14087305750868
895.4208919617397,625.0012566713167,70.84052904191356,90.27795637296177
908.8690168584999,624.3937453010992,71.17594962803197,91.87726283484369
922.6040960709666,623.9011115390507,71.58209010751747,92.99798166087322
927.9215749804728,623.5248629487156,71.87240904479165,93.61825274693982
933.9553494925732,625.5882510908709,72.37498369307625,93.40892855956825
948.5948969704417,626.4518524970804,73.15280783523967,92.0720445878915
952.3133888931322,629.6808504985058,74.6646126327419,91.67625533018838
966.5584180690702,627.0477092012153,76.0001043602118,91.88008131695072
974.1596874310862,625.3848942634683,76.69418352558385,92.8190394109049
990.8148164040955,623.9648177745843,77.97567286350086,94.12285060228827
1005.0206349024281,622.5784184762424,78.8787312251121,95.80163276620998
1017.9903957153812,619.8901069000442,79.92414345235542,97.116131666287
1024.0624986408484,618.737466156068,80.84840188059556,98.70948091232287
1038.8800726439476,616.5796063499547,81.85888375720988,99.93534866831772
1047.3509288370715,616.7150563575689,83.31774319408214,100.48879424177343
1057.5805245064053,617.4469027357543,84.20308768305134,100.69041151061757
1067.8837271342277,618.0739207418103,84.33631408023862,101.06009900543317
1074.6559466404442,618.8094079622804,84.13372058019553,101.2083977502229
1078.118400978883,617.2581666320795,85.11747756036141,101.03890274758464
1085.378139892,618.5790387695934,85.16003434106081,101.20734724285106
1099.8022516541052,616.1774234517669,86.24557622822735,101.98585196450253
1112.3664462124837,614.0031200139546,87.360490410421,103.57583762430684
1122.8869906438147,612.3584686936886,88.49847678884751,105.31607944330557
1133.8441704026516,611.2891647585739,90.25837645696478,106.80523260066718
1146.077272925417,609.9505750178067,91.38887589446625,107.82170508528384
1157.7325129346868,609.3937199113136,92.21184733771877,108.25772479228853
1172.234636044712,609.9106805899738,90.90028529125215,107.81868699610263
1178.020493065651,609.9517766603328,90.50138085020448,107.35586552451113
1190.0974980166793,612.6460165286379,90.24249156887525,105.49784852975264
1191.7065941257445,617.0934612369884,88.45240005589167,104.57017512791366
1190.5861937217708,618.7601406648223,88.59845832729414,103.36063657711654
1189.6595364123618,622.6312230773285,88.15088726877455,101.97896636575149
1194.7473068291904,625.9098416168962,88.36642729144076,97.9493712982588
1201.489822329738,628.7566694807796,85.57942771582137,94.19095417026905
1202.554436361291,637.6728501890288,83.03863947491269,89.07641387498634
1200.0309822754944,640.5778266072464,81.72528048418297,85.02780022617341
1207.5324206563678,643.5441030090294,79.33775253835402,80.84028152123263
1221.1011001638221,630.9993481160598,72.48559173511505,82.66639981242079
1224.4087672080689,628.5777299764438,67.52025547701275,83.94503133243653
1227.566643093463,624.76173501446,63.698599270112815,84.25554908843534
1228.959750605715,621.0101661982837,59.83650467178691,86.72877615636537
1228.5878287958822,614.2962436238565,58.04685286527439,88.12950929807857
1237.0285951452615,614.9710659681122,56.34936595814189,89.4896603229921
1226.2632710579235,621.643496838629,56.08039445813513,89.6655724695927
1231.9795822487215,621.9746074953126,55.70244145672731,89.9373748345282
1229.1423536331463,623.6478061712119,55.51523105482124,90.0538812207515
1227.2393379354753,620.8312000251759,55.41304835790838,90.12804867487162
1233.7925911459868,617.4203635131171,55.28924133111158,90.23935306571921
1232.3672192843328,615.3017881459226,55.17435237734128,90.33204216833323
1230.6341310367409,612.3428281071143,55.00022430709521,90.47031680298709
1229.571165111443,613.0728393489829,54.93081051750853,90.52547979459924
1228.014621394005,613.2789068914947,54.85024484569517,90.57635564655139
1235.7022830705553,610.476583258994,54.59153106595874,90.76839524172235
1235.6410743228842,608.9313772451269,54.40541507159675,90.90051597726598
1234.9206798478738,597.828491446514,53.99112842385453,91.30866298647895
1234.3955188970008,621.4906109673813,53.143475715271755,91.65684063175625
1233.8543902298134,616.7597109656659,52.939339407221496,91.72193500774551
1233.7946652761307,616.0982841368615,52.819374592859056,91.78200454193374
1232.7396915653856,613.9738693418478,52.707594404715216,91.8543552691985
1232.6046617778838,609.0359198369574,52.540762334525326,91.9903613193847
1233.2964269841968,605.9504891994048,52.37876772378677,92.07211269687637
1231.17560949752,614.14423352621,51.74217784743964,92.4206145675579
1236.521515782265,610.140703393735,50.538301297847326,93.44357544438546
1234.6126300333162,608.435318592494,49.233326328154384,94.53289958177959
1241.2491219139308,598.2964989413153,47.4253074335634,95.6133629045226
1240.547234792661,596.8339168269529,45.37506809005878,96.44630015113074
1243.584445016779,541.7244982431175,42.372898246452365,96.97965910835218
1237.5405357842853,543.1949558868491,42.42732094422784,92.05258616517314
1240.6083170333466,541.5301315920111,41.32512131155325,88.77749365835254
1240.311723193068,531.7883565387583,41.1088408419712,85.9885275142479
1236.6959459661473,521.0738982889251,43.53068288583979,83.46763970788402
1235.4682290252013,510.93322569561576,43.947281242219105,83.75270613168533
1234.6943676200942,502.5636044802303,44.06137430122767,85.09383912642097
1232.0155225013036,492.1546119110908,46.41653253349877,88.33621696489533
1228.7381160303119,485.584479377602,49.09264474229778,91.26724779420204
1224.981537477809,477.059222066885,52.17098596366668,94.56776050828739
1218.9104404022519,471.3675580537809,55.47895827487645,97.29639779200292
1214.0084673953127,464.3713486456113,58.91424002407577,100.50286308661364
1201.505882146665,458.3388632898256,61.17623501477897,104.47856988216942
1196.9834241784533,454.4999299578885,64.3394838140567,107.1245409085314
1183.4288095190136,450.5549962457131,66.71659071167136,109.81564305501965
1177.5011027091853,446.7152550696469,69.09746457455333,112.27046930211058
1165.2602424740192,445.296876399555,71.7539534927615,115.39149719707531
1158.625659216294,439.0753861081972,73.49644001553607,117.313470241949
1146.5247776485762,434.91840831725233,75.4989748642283,119.31788316789401
1134.944580382766,430.45477374676256,76.77393238413015,119.79103834860749
1124.4013771232233,425.78638860509625,78.21220276429958,118.62732988743329
1119.3749343075972,422.19569519701236,80.73012955613491,115.99574082011719
1111.7033988339567,417.4610366615441,84.12462166888248,112.14984945599511
1101.0778255110285,413.5722537792078,86.90838397635959,108.7798636841076
1089.4650009641416,411.9089936289889,88.62429605536316,106.49338454530584
1078.7517153069573,409.4527528521622,89.24871282871607,104.73255772646174
1069.9079695602786,406.8646937409319,89.51958597490535,103.03588656598774
1054.469149972359,405.89356248829756,88.62775112120377,102.79909051946808
1048.6890874967144,405.286306631102,88.08756670054495,103.14010349604723
1041.5258711098193,404.202918707784,86.87212649612465,104.4256050597509
1034.0776528139193,402.7394608281994,85.7189376911962,105.50914275190343
1021.6683805969376,401.2014674280157,82.75231061637032,107.56325965442855
1017.3694586721822,398.0082167353603,83.37890917703237,108.12539923859185
1007.521168734539,396.5152335040714,80.76410294392035,110.08248045584655
999.7534922947406,394.9513386476433,78.38485163650542,110.90699362985376
991.3101157654402,395.3765593263037,76.26267830350467,111.88696132252076
983.0077931022761,393.0105813656665,74.62307810065792,112.67133881361937
974.9992683255388,390.75528183965645,73.329033370075,113.13428276004872
966.7400994268752,389.94352674808965,71.53408152506806,113.83992432898549
958.6468411370549,389.42587273167356,70.37645137619303,114.80258095320491
950.0943774685181,388.85723181426914,69.15713707508297,116.4263581338447
940.4053937955052,388.99020443361553,68.46264233919965,117.50100372976956
930.9044142212922,388.758067892827,67.8455447859656,118.36901432655768
920.5490000576865,388.1643231423357,68.0498576102473,118.042638356654
910.4069406884755,386.2634008444817,67.80707701090071,116.91837363839724
901.8660815948161,386.55171778033736,67.69546634079754,114.09532295951126
893.0019888181638,388.3719795026864,67.11207695818914,111.99954221825104
883.316123776891,389.7893435726993,66.25420422701407,110.5229277247324
874.0649079687138,390.5106557978144,65.50370615586849,110.18192025314747
865.5012599670935,391.52638415874765,64.76388141631124,109.69568819787645
856.6195902675348,393.8886025760032,63.708409398802644,111.44709097823356
848.5931552970646,392.94044199910064,62.743315930319135,112.50737413860757
843.2654004422328,393.8249119232469,61.91022872378407,113.07552192154077
832.4830134245748,393.63949221754024,59.70930146515486,114.06094637495379
826.7289195116106,395.0640278854171,58.22912030304609,114.46893509016448
817.8872138700417,395.86796908912794,55.69519874621807,114.68251674447977
808.8288880030569,397.47752758170446,53.24393742476756,114.99011885264949
802.7462650336557,399.7604969608243,52.93835816825762,114.93134552638621
791.9915495736496,400.87367461848885,51.3174637708868,114.93165189318592
783.4447200919872,402.4815141692567,49.5316194840899,114.98674620244736
774.2950873487773,404.61681238089943,48.21746448405933,114.70866415103393
765.5290360850503,405.6097631021245,46.80041883341267,115.13424361220927
756.7082850999916,406.95606531802014,45.74413447235341,114.70135926746936
747.2028794412948,409.2905723445413,45.21204761164631,113.69845668369581
739.5758337122201,410.45703003044287,44.4914705669882,113.58952984491268
731.0668361244707,411.99822744448153,44.149539518732055,112.45625887624094
722.1300304143484,413.5949187845368,43.72039939783893,110.05350290082322
713.8254784495015,414.72663253406927,43.41335800282576,108.33935401866341
705.5054358930472,417.7882950744963,43.46693150379578,106.28059841107594
696.6822543698701,419.9819680489642,43.852270075052544,103.79080137609597
689.2350641652333,422.3709296779144,44.48806932282692,101.18975847784517
681.8022579215419,424.464494026243,45.04781842977769,98.67194821876424
674.5628505881598,427.47784030410065,45.52869112571666,96.56624064649314
665.4767801269581,431.9577067490929,45.2088867813963,95.92821166733633
658.2175282061988,433.5156066771454,46.44460425359119,95.18730190026638
648.1408089732361,437.012396382761,46.87512516275414,95.09405303255323
642.1388845551512,439.26923332672465,47.95934394826469,95.19305576510932
636.1140944147689,441.98585524519956,48.745820743921755,95.48796372640771
629.8228877618765,444.8208598474346,49.38255438509496,96.04284904555837
623.6980537779518,447.7215766881687,49.70937460514148,96.41351018602006
613.0489579857381,450.8438384860427,50.775289273064985,97.44536426818951
607.83773452007,451.7313762445774,51.77551215960159,98.5994133448549
601.7996773812739,452.3889472614033,52.41567997265507,99.74435837213139
590.9043648043075,454.26672197774127,52.74549160424875,100.48199207544175
585.4503833990071,456.434086252918,53.18608056688831,101.06859683807662
575.9191495569994,458.8815266700654,53.4043500239749,100.69004147756719
571.1713506077188,460.09075410743696,53.88068084032185,101.47001809467588
565.5051931476238,463.90756708694545,54.13772606141524,102.2477748108298
559.0269437632734,466.38839221679854,55.694881339515504,103.5011018155279
552.059992966684,468.67824989036995,56.82896107905637,104.83717797992071
544.7808718083326,471.7626355466121,57.74238413611568,106.56162852259999
533.9929433696295,473.21002784022414,57.56851757907354,107.60318998945307
524.866800833571,475.026570273962,58.18741985394945,107.99631304586653
519.2281182969659,478.3393484247053,58.92604667642714,108.98491394423954
508.903227882844,479.36755525599074,58.853489781892705,109.40130768904788
503.23817000787085,481.86970646849153,58.96297870078428,109.22337836432703
494.2372971825652,482.9396531802984,58.69403724812415,108.79242485064822
485.69214580009526,484.72674025229435,58.55785380700931,108.17183108614245
480.17977449115733,487.21336039451694,59.75447428590819,105.90643339012189
474.86232299299314,490.71652326484656,59.95112387952655,104.37889554848007
469.09419694732645,491.6112424411877,60.50160002328913,103.6368142781647
463.55039791551746,492.45538548374344,61.148330662895944,103.26828029018304
458.20218490547535,492.58289138038265,61.007924636471316,102.45316931239157
453.9451620342163,493.4438957992624,60.36064206325457,101.86934633335855
449.3424463719295,495.08520198353267,59.93851277228866,102.13083305730149
446.0056552398138,496.73970946940375,59.31183544637116,103.25058862770409
441.85853893352584,498.16009033482914,58.435187741258986,104.53306164569372
438.45557694466163,499.07013506292606,58.520012819146174,105.96687486322121
435.60050133871283,499.2662898272378,58.341440180793455,108.19736210850814
433.28117930529663,499.0485831171445,58.34304744724139,110.32694576528229
431.3767843317076,498.30358730498614,58.55893473404957,112.42057580016731
427.13474907191863,497.3367455422833,59.02909019167677,114.70532195121947
424.4282668529431,497.8916962866092,59.226906657520885,116.93421636291264
421.8808585991201,496.295947878881,59.63304299320042,118.67596037075184
418.94702152810373,496.23061287127,59.951336355966745,120.99746586189542
416.7097955808011,495.85268265469887,60.486624088889926,122.9933984261946
414.49077621295794,493.0713251415942,61.63336133569986,124.40285036036298
412.58409136649846,489.8578000864417,61.76412957674505,125.08960696786032
411.5154364683907,486.93499109789286,61.55154580301423,124.31873171986038
410.6795326479527,484.4835672427087,60.60887008741445,122.57618415129798
410.3679722359642,482.9985242707569,60.22676775636981,119.59038277754422
408.1619193040018,481.91346180869044,60.448592705987984,115.59280502681136
407.67743593070566,480.71052166627504,60.11228723101502,111.35777087148713
406.3178199290286,479.4025269433771,59.829016077707124,108.24611968846833
403.519767711765,478.9120300066917,59.541582266079516,106.41627319356826
401.0906202427792,478.6258574964318,59.33495773231038,105.08851917501022
398.6325536867164,481.1100674294404,58.982798894210134,103.61180901816054
393.1146921799262,481.2408833797885,58.79399264143321,101.24023110496738
388.20408212781234,482.2276720458529,58.015781707758,98.70160025025177
383.3076810079349,482.6310752076411,56.63883278021563,96.2044647326064
385.3766194605963,483.4866088139161,56.095386321517466,94.91842992710176
379.7053055306608,483.8540168079393,55.04584327532166,93.39163146711257
380.72314495463434,483.8887262320817,55.17320816478606,93.74010427021975
374.3154740438745,483.85336361756254,54.78385237735803,93.25404051829724
375.9346002088388,483.5409910222452,55.34293257268273,93.60929230788132
374.92667410727586,482.3934408941208,56.032738308981095,94.86631532890823
373.9647259728025,480.39480279612087,56.481154379067725,95.90382108385282
370.4308747600729,479.28638102224477,56.45022971407272,96.57538214850405
366.8640373456676,477.78088087094574,56.17662600513313,96.87665587906541
365.7827068597189,478.29839302889116,55.53193681833909,96.912122519481
363.42060381419753,477.7140295596895,55.02212982878501,97.02597348799753
362.7878848583549,477.01187101177237,55.37251026013499,96.79178905890662
360.830345242795,477.6411195773796,55.949802101499586,97.08439110886741
358.3153261628677,474.2691011233836,56.58579872311566,98.30211757298119
356.13502504004373,472.00443071560676,56.98724421713091,99.49994808313022
353.73131791165633,469.37972202931985,57.37936382668889,100.52269662101781
352.79314333668054,470.96831453920606,55.537514200395364,102.36681525496243
354.1609090167715,468.6210397461377,54.90571900239908,106.46604133808168
352.5980285048198,466.5341447920784,53.998787593898854,108.59116166955536
354.04554672333626,462.9166431748391,54.2175509672755,112.2542099384425
355.8032140293198,460.7862824772874,54.83452865312947,115.74269069481312
353.1773910296025,456.9387731365112,53.77300040482237,119.10652880385565
353.81878755219356,456.7357354668006,52.86892475232328,122.10306110586234
354.2808132029175,453.4869263010156,52.59163749086869,124.85494260004518
354.2334197854826,450.16197157448426,51.95614827755509,127.58585953372922
353.4616025657612,447.2495002772739,50.83681932664747,129.04048228485766
353.46685901082566,443.2224766450367,50.41352913186931,128.6883129279332
351.7730414174228,440.3116667381146,49.07448308622262,127.64729522194105
351.6726527210708,438.15212745753854,48.36905202336403,125.57391152952249
351.73482878528364,436.60942254727274,48.99400854066356,122.12500242610395
351.5300900131966,434.81749483186576,49.34484990378107,117.57314332597309
351.2941826744192,433.79672004125047,49.499881570376374,113.47462819086454
349.8715323225212,433.0667561507945,48.65632185775999,110.6112560869803
347.7380018942342,433.7608247186977,47.050519421639954,107.98927562460543
347.92907223154106,434.31056200940714,45.317626393357905,106.61723180404692
347.6160948469619,434.9111226238841,44.068979321543296,106.40877121676311
349.0617162145732,434.82338345341174,43.02505511640345,106.64023786575027
348.78980225746216,434.7049625840012,42.463660686227094,107.28517117947868
348.34595061154687,434.95677784055397,42.588108620315296,107.53322807386668
349.1666695339337,434.4435322185665,42.8092836190551,107.34096204607494
348.78778214592074,434.2248478495297,43.4011291372113,105.42729185134826
348.76764495340626,435.83024376348266,44.60580159639039,103.0684509073077
348.7216496125824,436.0003791473409,45.504860149131844,101.34254893593979
348.6080991793756,434.5121528860911,45.84739881374754,100.19970204666572
347.76647908566514,433.5212140186261,45.548206397332336,100.15899438959741
346.87391639751263,431.90578991068054,45.0868114927994,100.92828617085715
347.06282546436023,431.25878000970846,44.20839045812225,101.85682459615342
346.101929509267,429.7081670159906,43.530258519202896,103.05286428807968
346.4533641750038,429.26091499945676,43.07510148695695,104.9111208293109
346.8360425644886,429.1002056038514,42.91301017229332,107.06401630890662
347.2149453705228,428.3550062579654,42.18539646043349,110.02872086882743
350.3590870741641,427.5503702915497,42.4835569542129,113.00553781031823
348.6996916271621,424.9745334232192,41.04442281464749,115.97094870098613
350.29568896229534,425.13224697392417,39.58588714020016,119.86008426360817
351.3542436445565,421.4709237809928,39.027953386220084,121.35127827978106
353.29267627943716,419.80494587167937,38.93136131554025,121.96320236012666
356.04675692700204,416.1885593676007,39.08290995083046,121.58738571908347
359.2072498697655,412.6894004617303,39.367186821651046,120.10118261865381
361.2167904426663,409.4326741474532,39.323425776633805,117.40480687043805
363.05179402867634,408.44493685413386,39.73496824908402,114.75755406297272
364.36527669854917,408.64202313253935,40.18834758630974,112.54539120312221
366.407010873648,410.69211573264414,40.41811690319588,110.24559135886201
367.85335362539894,409.70615964541963,40.61837316071083,109.26899264807237
369.5060268269282,411.17852124510125,40.63620075743867,109.28440300126047
371.5490449356967,410.91521797269394,40.798062164871126,109.60979728892825
374.20400306921204,411.5152381978537,40.9536381463756,110.27319735221955
375.18377031400513,411.3038226755529,41.380519138356775,111.32784907553207
377.76850817318564,411.20416293331004,41.97296720997381,112.98819761275217
379.0969168211164,409.87121731774295,43.20188733324069,113.78375469547939
380.59842035710494,408.8150985922159,43.942963904223255,112.86204968551971
384.1011633997755,408.8691754691342,43.92981886044713,113.12631847783146
386.6441552383262,406.7559862522552,44.015689202510686,112.07756807018922
390.311620744162,405.18157337489583,43.790551853864066,109.48077119002022
393.58120486694366,402.9640990362912,43.291312521417126,105.99807584333428
394.06815816321034,403.0358678662971,43.73753725460547,103.41220877658418
394.1357005813416,404.5594777394725,44.91349067403446,102.11861084686849
394.99261410354563,406.58917260074577,45.84585165033269,101.769765472085
396.9230563633877,407.66591548504357,46.61922730826088,102.42934213291758
399.4839968009834,407.65242667522136,47.54398015346742,103.49902588449709
401.9159952845541,406.2774778016732,48.590994405350585,104.67866263000657
406.1092635717294,405.45872386223493,49.525569510077176,105.9840921414114
409.98655444843763,405.20471649401355,50.38362909119439,107.50618990569373
415.88000838873955,403.95546307051586,50.93838838588348,108.83758392538807
420.9262758516987,400.085898379476,51.368666303288066,109.82131360348836
427.91147237087944,399.9055683293395,51.08576945022925,109.83906177486926
434.05233248408496,398.4236373240144,50.82448837176746,109.50056778080437
439.8661884245085,396.8550735737687,50.536255937331504,108.41664120414737
445.546027540398,396.0714595972597,50.295846122910916,107.24367912802103
451.160097607655,394.6887615895053,50.348032831658585,106.08423826952173
456.65968950694406,393.0160552213625,50.21467945452822,104.95629952723075
458.8819791315392,393.7223089519772,49.981659024155036,103.73831307592334
462.79622975464173,391.37785906647423,49.68222195641679,103.13383067911315
466.88459136272155,390.7584364088724,50.056226584495434,102.4786778482596
470.57377814831165,389.34801058061475,50.86876239899641,102.93837208747755
472.82683147157013,388.32634359387026,54.434009664833,102.15054980715188
476.16272868413085,388.22600473827384,57.9037662574727,101.19838714244436
479.9750718007157,388.0002237210475,60.62086450153701,99.90863560019879
483.9488252967264,389.8121052105461,62.29965069188854,98.0696664749613
487.66981070895554,392.0432819367773,63.34891178576526,96.17896090496049
492.62535508569033,392.9278446538878,63.80541298285724,94.05872769457451
499.22022326037717,395.0575148867817,63.45821069873007,92.34558798104501
504.3751909942424,395.36111292383805,63.62912831174908,91.20630404444073
511.68663036685325,395.1317981415691,62.695910592528435,90.42010598084288
516.1796463207953,395.1608814044047,62.434283973340534,91.11607655396094
520.9898669797522,394.7895359971554,62.130719066864884,92.46127883400902
525.1071569742697,392.704758735843,62.05506890265883,93.34192797447746
530.6008517626539,391.00468663080994,61.27176086123001,94.0451660947608
536.2443510506015,390.285428782529,60.198467348200886,95.04456221391486
542.1406435309573,391.2858897624152,59.65931561502845,95.85706507981082
548.6584998232407,390.0620022019855,59.2033101761525,96.07542168451123
555.3759264550957,389.78354083006883,57.928215480252355,95.03790778283665
562.864673050899,392.30697595806777,55.97987229780127,93.66956416677715
569.2769868228761,393.3180390418271,54.440514491090696,92.31533134938289
576.7718334322294,394.98804166812204,52.76718174601683,91.05516127326081
584.4708486907439,394.76570931330275,51.326804274642285,89.29844358429409
590.7470073883308,395.48856133599327,50.07912002003229,88.51816865420841
597.0485311173851,396.05353222880734,49.77649618405503,88.02862769551132
600.8577025617022,395.3857485367086,51.02265238752281,88.29547760000295
604.5895601276904,394.459000205072,52.32126063506301,90.18887596314696
608.7122447351248,393.5997908765376,54.62394802267228,91.5135126602053
611.9600717020953,393.7681555157729,57.418699362168894,92.90745943668921
616.0166772045876,393.6576573799929,60.13631511652251,93.64692009471244
621.1160848698443,394.21195473519384,62.02873017846527,93.07262124126314
626.5732287181654,396.00919192247807,63.6547171018792,91.71544726266023
633.3256082446497,396.8858937238536,64.70453110799255,90.04586855523152
640.4873505746931,399.3775516351013,64.53146949783272,89.59509257724909
648.0883572360957,398.88020402504674,63.01923736399225,89.09142251434581
657.2492910366072,400.82723708734045,60.41253394753937,89.54226844191291
666.7950280916563,401.46558284702394,58.17935337076662,89.29817696775015
673.5911851758876,401.74723697953914,57.50954648837562,89.84316640837004
677.9412403468299,400.3699220768808,57.08280688928903,90.95195819145462
680.7756152647378,398.29356038779736,57.19673613443643,91.70496519236329
683.0555064284093,396.7386527012105,56.67688462755831,92.60346898678631
684.9800694431921,395.0790224406943,56.559825229310064,93.16269494666153
688.5696877082482,393.3205230907469,55.92969243607508,92.3834437800707
691.2860009441575,392.46417798057433,54.94436306050899,91.38145094453819
694.4765251813538,393.7946292363023,53.86993470711852,90.64798561932348
696.4320085481261,394.53658524592936,53.14773349939203,90.2647444145835
699.6186230526753,394.0479701638325,51.801374264158284,89.47213445750805
701.15394735525,393.3587392295736,51.16261972295854,88.93181778732182
701.8975145033293,391.8797212194545,51.00708549679951,89.11480197536095
702.6032241534664,391.2539653148666,51.14335980671664,89.01245483678275
702.4520352181144,388.50563915096916,50.78151162227545,90.935709051327
701.3776401934168,385.937646312625,51.4946866089569,92.50825821983656
700.3885540997019,383.39348320241595,53.26558765259287,93.54070246317335
699.9668623994479,381.0889302251791,54.82145928714395,94.37506414541494
701.7738848347788,379.1462036821719,55.871865538765974,94.80929791113218
702.4484793476959,377.633430164339,56.60678200457005,94.82052624219284
703.3040468541956,376.43110548096223,57.33640998824431,95.04209374363577
705.9524521730301,375.65439862356794,57.76735442030773,94.32718236801603
708.5284470576134,374.50242214621903,57.30185661738872,94.1924804231166
712.9707693742056,371.8194992824794,57.22374007563516,94.85292234581685
716.557362795245,370.10129431685095,57.792557151250236,95.41243279625401
718.9781338723905,367.8825123964909,58.29943847794691,96.74336249695955
721.0248692775872,365.1737025609816,58.93943143174417,97.85183290268883
722.9487975992516,361.1487416171285,59.33714687856412,98.40769475087475
725.0328697208449,359.9960804065789,59.141235215562666,98.1218735638806
727.1929250412395,359.6056214538337,58.734318754308376,97.33267053869936
730.2916467016461,358.0506575013163,57.94461125808017,96.46370802472775
733.4326590883057,358.1792009345214,56.87512711128669,95.64035050888445
736.7059903176994,358.4595873779959,55.98324456354061,94.90451810967794
739.4941572699512,357.3381137059754,55.1864078056435,93.39442299423109
743.6130209434101,355.03811815322416,53.96060710972676,92.24005914596758
746.069881035829,354.0241348539686,53.35964918532595,91.62281118683114
747.5569041602665,351.54616099913983,53.29972742528143,92.1461636434978
749.0256195988028,349.85983002255773,53.93131944211453,92.52550751576
749.9305937121766,347.6956511400929,55.10669178345164,93.01721061760378
751.2862313988941,345.2142722039962,56.3679329467293,93.93726486125705
753.2510995010433,342.510165193916,57.58604105700604,94.96961294513812
755.6609601605867,339.8059501160325,58.444138513096306,95.57804529435612
759.374625298513,337.39652488494113,58.89131184976195,95.57315861206855
763.443046353978,337.05341392080965,58.559046612611056,96.05497404046886
767.7002850063374,337.5346441545753,57.90318279895084,95.56707523441942
772.9648884867865,338.0121845168295,57.00043400608226,94.70096088699047
777.019246467172,338.0833224060979,56.769881383018756,92.84215788486668
781.7476013595291,337.56041552303293,56.00953886209865,92.1495696419863
786.3287196922458,334.95162931805174,55.64767145936059,92.3333404963151
790.2277917329181,334.16808701613104,55.820167083673766,93.51414456350491
792.8358710438239,330.7317917852418,56.25893762293414,95.14514929377712
795.6797106431123,328.8499633588997,56.931465505198176,96.82735234625989
797.2402384362938,325.1627764950259,57.82274855714094,98.50059473016583
799.6027210091676,323.38257860038294,58.33043464506655,100.2388749789474
801.2044134865544,321.39343300573006,58.88838172535765,100.92529581264708
803.8307074005157,318.82764416276837,58.96921226672819,100.92751186908436
805.7617010588003,316.17827501677596,58.65139604505343,99.87531422509508
808.2917705174749,314.7076391510534,57.85154155153229,97.44576924892914
811.1222180432935,312.76560674668997,56.372080177568456,95.17913587268885
810.4930540752658,311.2138600998528,55.76143700423358,93.86681905817841
811.7004985863891,309.5895499953535,54.956463119277906,92.78556904317807
811.7696896109685,308.01017113908136,54.782498646908955,92.34621107312037
812.2280085928585,305.5375240318173,54.693396431610765,92.52096409654737
811.4550724364866,303.0622395636321,55.16777666843446,93.55663654472811
811.6324068746906,300.28898147186953,55.44982266772465,93.96962497251593
812.4186984158313,297.27505923969386,53.17292809538441,96.72482563231708
812.65374633918,294.43928793846527,52.14086875009452,98.72923108877823
813.9997674024033,291.7835014052422,51.23086149761021,98.6208183840451
813.5996062072926,290.58717300104377,51.33277069460577,98.06251860941893
814.8845120143143,288.17991336678506,50.55114861093503,96.20879923810486
816.6811226854234,287.1974011345179,49.84080914852337,94.74583684236379
817.4433061051047,284.93064902165986,49.01766359641132,94.09746154766373
819.488059989592,285.1977480222464,48.68915050021199,93.63369536008821
820.272333730165,282.3251277411037,48.817658239669925,95.3009410989179
820.5866963259524,281.0981116332268,48.50144225701268,97.76491583694417
821.4254132387682,276.72456343734405,48.69877406591776,100.1314589831652
822.309342154396,273.2836433623437,48.586872145345154,102.77597871003967
821.4325366003362,269.5275874446414,48.58729678915485,104.83765395334214
822.1141106855391,267.96739464868904,48.489514696172066,105.83881070537265
821.8176475530037,267.63560948386754,48.202475894333304,106.76031167142162
822.716572888157,264.69222975236346,48.13955073252575,106.50348831353739
821.4084500623833,262.864345173242,47.65764708445167,105.20091396592098
821.8909588258484,260.03189220729945,46.77462729480983,103.63754698291957
821.3275881031614,257.65891278132983,46.07756328879073,100.89796019963546
821.0428605792047,256.0898806659234,46.01617964451596,98.08685717886141
821.8111260762269,257.99450319545406,45.96978038627328,95.80953767884402
823.1289799794441,257.1954833272656,45.84422062823946,94.499466558211
821.5728635686294,256.5296302180224,45.562744743967045,94.73386664438081
823.0915904165649,255.31619389338906,45.72262724499517,94.2504795699842
823.7414876584791,253.46222341315848,45.71623221433023,94.1741085206339
823.2619244648278,252.10682905740111,45.928017087999024,94.2585051060653
824.6835236448715,250.7719449729969,45.136896974981994,94.6797250056019
825.4300463762911,249.57118912259244,45.08878862208976,94.0061768156637
826.8795055513966,248.26304865528056,45.135162267881036,93.38413954540775
827.8593088560903,246.72384437539046,44.60491163745944,93.83370527452993
828.2590938230886,242.14592728400262,44.610106451082466,93.6011794338071
827.6553524286064,240.54105761241425,45.06184758422028,93.14314624547447
828.1202167719453,235.79130408984327,45.2088189889045,94.61525422750603
828.2948806230916,239.67156821776427,45.44022357258828,94.21844162031513
827.6289475797923,235.15670439886856,45.31636065146585,96.3922179489025
827.4209022350758,237.18881584786368,45.6531110692472,97.90251706934484
827.0117346789618,229.122822577293,45.18001678103106,103.40619531428266
826.0552336860871,221.77759159906495,45.37199270381515,108.21009492332661
825.3052868022022,216.07848187424509,45.916743019894305,112.95387015528448
822.5652461605305,212.30165527904313,46.8922762304227,116.01771144841052
819.8674217529972,209.3183694874388,48.135764400958124,118.60172969261468
818.2700106543023,206.85199137107418,49.037387536000566,120.04587279668182
817.2851907282015,206.06038850645314,50.23171049414753,119.98848261299051
817.4072110791104,206.19262562109918,50.983923878824285,117.94576090807439
817.9447838562173,209.48967873914225,51.431920304781585,115.80459561284516
819.1083884101394,211.52249957944503,51.95742859653487,112.96822844357688
819.3373567457519,216.047593283975,52.022329564164735,111.56564931469879
820.8042644407067,217.53634442118062,51.865079010757164,110.56478821841868
821.7799785243132,220.88528221535344,52.094574067039645,109.58307626532695
822.6880500638034,223.08122189900763,51.98735408948433,109.48429344037697
824.4893738153829,224.99943463304695,51.814458697760266,109.19586115543433
826.6520797899934,226.82540219691768,51.669941600223964,108.61632469026
828.727401762367,229.25812853659838,51.55795150603207,106.85042154283526
830.904457249391,231.08699853684675,51.0477738758713,104.94548057645716
834.1470077716195,233.7140098421484,50.567339636681766,102.64771054077451
836.7680195970216,235.1857304353279,49.85742238541372,99.58326517529542
844.5698765002719,235.58272644705264,52.23944733318558,96.766773113699
843.7499583774909,240.06112146337748,52.083738596791164,92.61295778197704
844.9683121733044,245.5159986798409,49.991048987646884,90.14246001714103
851.1642217638246,247.63138177817282,49.20359706277128,87.66980303239889
850.7239765497401,253.1794426077155,47.044456601047706,85.44960071535459
853.9413232098325,258.59404795707593,45.37244428824795,84.28360851486366
857.691833856055,261.01450424548085,43.661287059065884,83.65596469492027
861.9524498650941,266.16938327067913,42.695855002077906,82.95351980065159
866.0780732334705,267.87465277969585,41.85701184885166,82.67614804946389
869.847771817435,272.06730074444033,41.506018764174556,82.93659739737967
873.8252400719949,275.42803816518995,41.354363085438095,82.96426091113564
877.7458896753717,278.9182692999357,41.25954243627112,82.82310881086413
881.7712899328441,282.3352442424005,41.46654774560634,82.72402411453315
884.97986721075,285.70402542230227,41.90099574411574,82.9734827241204
888.583702748798,288.84200755330994,42.47761688908901,83.1473971547321
891.225709180367,291.7294402865982,42.670468363872246,83.11531761878902
894.6697175943356,294.5171652117866,43.01152506041021,83.3565877772623
898.2095574876154,297.2726088108669,43.307449426529985,83.12050231021134
901.4007935492676,299.8495132702069,43.93183183737459,83.32608078929748
903.3379504320284,302.45483723276845,43.94277555438185,83.80063975428067
905.41085324574,305.6936355605812,44.00164798558289,84.12484764119662
905.5029131750006,307.79603546879423,44.49341446005033,84.25715739050545
906.1505123000454,309.0110743890662,44.73635054643222,84.22682263010067
905.7328348586369,311.33947336788776,44.54595467298557,84.23348349661524
905.4517731919217,313.8724015784061,44.58777851214951,84.41087315406976
904.2696188877024,314.9305245402503,44.76569815116657,84.66025833389705
902.4632516685926,317.5269181292695,44.85377367100547,84.87641051743086
900.6512488701842,318.4167009126678,44.99362599710085,85.2249000463069
898.5354734033625,318.78114723538,45.02537691624843,85.01302178515219
896.6364509998159,320.6304649551996,45.03809762666191,84.97285339988005
894.4830783550393,322.3830113906956,45.08628035136533,85.06100007471028
892.993303656414,323.6807891697652,44.923866028294285,84.66505379620358
892.563809398883,325.7347309938889,44.97367559495397,84.63851475244837
890.4071568874347,326.67125224169837,44.97767638048478,84.99950822560993
889.1259230343618,327.78920505643185,44.957726836951025,85.09546742997479
887.3853000163011,329.00469807384843,44.92297570167039,85.42209982241823
885.7406168394178,330.6876487660836,44.98056844055341,85.47490461661297
885.039547904293,333.25808972435937,45.15268829112679,85.11913555788009
883.3701929609446,334.2078550463747,45.22169455119116,85.1422112628409
881.5928559075255,335.35263079039214,45.15208009906933,85.3089366684217
880.9512303066399,337.0543082661148,45.156954006300076,85.24327445455569
879.1903265579616,338.07034315391,45.16437031980361,85.42262616868088
878.1531889651611,339.01910395458316,45.08712835261819,85.18693463496912
877.514767728769,340.47502132176345,45.0673282835172,84.94871535623598
876.2175442547743,342.21314227282573,44.995397210266134,84.55913479291755
875.5196289115909,344.0267470862119,44.90421336454387,84.55313574124895
874.5357771484574,345.0112520775542,45.006937742899716,84.80045747891648
872.8259336424405,345.40923039235537,45.128703097371286,84.54461346394586
872.7365225523217,347.21001348820937,45.102069810503984,84.59948180821813
871.3923474857249,347.7968007068482,45.17557204521416,84.5204523776925
869.9317505204108,349.81741307707546,45.182165841946635,84.53359708685338
868.1677376068695,351.425548455206,45.08425349192047,84.12524559443203
867.6446464104242,352.4695047647442,45.11040836653873,84.12874456593183
866.0450188207008,353.35666479206867,45.04896856536429,83.91208258756926
865.0004685123148,355.3556018572388,44.93570783684506,83.82597880100948
863.3893532495437,356.30685431198947,44.91162788989895,83.88452380586821
862.4461122273881,357.3713629024886,45.03362982022685,83.70145236461596
861.172704852301,358.93633691871327,45.12164902291586,83.58849904690364
860.0762626854972,361.13508146658575,45.04138768086415,83.36419100813501
857.1149153358245,362.49696184258914,45.26800169554755,83.60679177880276
856.3328069657282,363.5936851222076,45.223149803614334,83.36233127303257
855.1817647274629,365.14631992656473,44.920037565743726,83.28857130215097
853.3287716642806,367.353975281661,44.73493329904201,82.96955594870896
852.8484721296844,369.37262128659086,44.536456273607016,82.59477695650372
851.5318110489513,371.09663674757127,44.34796127542035,82.45942413322142
850.6247696023373,372.40143048733927,44.13837874048686,82.10915953538408
849.5033127377724,375.60024501891536,44.13786400091249,81.99120166440107
848.8082233177536,376.7701196925559,44.110425639144864,82.53236843574176
848.048395611969,379.1864668162067,44.273221605142204,82.88992935354031
846.9541190720682,381.28982823576087,44.498390056647786,83.50114102752397
845.9289655579147,382.0128188315712,44.76069387870194,84.49682810792171
845.4216753690744,384.7460249268969,44.98223195425092,84.78165903174184
844.880344570512,386.5091806349552,45.27594966461875,85.07931459560562
843.7578509004993,388.34894472425003,45.53116098936252,85.5489615840998
842.9742431416718,389.85057107514086,45.86440073892817,85.84956787775572
841.9066748363389,391.39906472318006,45.99439656819136,85.99162691689762
840.9861101402632,393.64914386023406,46.298380345718584,85.90755054815463
839.3417268195343,395.0194742961375,46.55533479616696,86.21499372412299
838.0875779385107,396.40473621238766,46.58547599159438,85.90188284976783
836.9054570798646,399.06715947009207,46.65710801726654,85.38496203550042
834.6997694642859,400.71256804316494,46.91176356382337,85.33200103902816
832.7832754225261,402.78560020029613,47.01098819099815,85.1428315993385
830.9737006119485,403.5791262021149,47.348974358097536,85.71127237829374
829.8488589844795,405.2142572486284,47.29737449192661,85.41396193588615
828.7462916470348,406.82528009575117,47.22868566713654,84.95877005099737
827.9364569015837,407.92592405861154,47.04200111217064,84.70006950091754
826.9046869851283,409.4520196923744,46.670343353300105,84.29089290281014
825.1785808503015,411.19590009262555,46.51292146195803,84.40232662898022
824.872993212318,413.01008535440695,46.05235360724129,84.4435186836187
824.0891257456477,414.95034477077894,45.77306290772347,84.87502825892518
822.3060776614442,416.4746957928961,46.10292965642233,84.66330679597445
821.0459035620037,418.5754329835161,45.88062734642272,84.49573410617123
820.7459450908149,419.2609670238216,45.2945077020387,84.38443296186242
820.0622090514971,421.7638635592093,44.598229990482736,84.32228441470758
818.7487870694271,422.9392675261254,43.90554489807366,84.39686529389424
816.5076861459738,423.55330692424536,43.501145296921045,84.49215325886193
817.2422367339403,426.25331438272144,42.40279195543211,85.17605214501026
817.3224396433516,426.9532948053143,41.14444223459395,85.27202101784229
813.6565518590924,428.31626623241897,41.0804520217097,85.5596758904547
814.856294781427,429.3691665028132,40.344177880341036,85.46652202477622
814.2283916700206,432.06118916241326,39.7092950877653,85.92364510920154
813.7865491312227,432.63711874811537,39.29393138396605,86.28290446902444
814.2411411265836,436.0273790932108,39.00638449918614,86.37748677565975
814.5311662965632,437.01118270799327,38.97887160048039,86.36145506374923
815.9375534632965,439.10509052226223,38.87292753015178,86.5792590564881
816.5713056476848,441.45612223313674,38.93850094972813,86.40668753613683
817.2807970318569,442.6062948582244,38.7926235643033,86.37857910999719
818.3159587998106,445.0231476671597,38.651970123839604,86.48642088592537
820.1311620201934,448.3694159276671,38.565622244399016,86.47092398817112
822.0489773851162,450.5851076214676,38.36705215679581,86.96319181898438
824.1407163538937,452.70429347501334,38.14637853671517,86.9827623115999
824.7358919436068,455.35204501133893,38.1914044305769,87.18120483755102
827.4466608778185,457.37741793296215,38.13970766093899,87.00185219803998
829.2467761566455,460.8628031441134,38.160284274152964,87.03071508796283
831.5615069877407,463.20962220486695,38.3975256454098,87.19112188070127
833.5777463205064,464.7488175762108,38.41155576894083,87.17692772462247
835.5192166194162,468.30784758776514,38.54587762992274,87.60142494104625
837.6020586517657,470.1507502889903,38.895553920600946,87.8337735398319
839.1746335534873,472.39409430838384,38.98582362895268,87.86490967401843
842.24935707447,476.0935328296817,39.21022979362162,88.18965066197084
843.8158888724872,478.3858226188995,39.019225714494084,88.82961370133307
845.2524349267609,481.5266637051763,39.272001449574596,89.17863020965714
848.1816397508514,483.7758236131488,39.63144200967606,89.60232129230226
849.9956204212885,485.6104992753386,39.864678378839095,90.23208562572903
852.2795597609567,488.7287894497913,40.21726326151453,90.51520914187499
853.0965803356247,491.2275844797029,40.71840640020322,90.99649758012913
854.8403664949882,493.787804258221,41.03983123571217,91.6622718979098
855.6607178674608,495.509422625482,41.38955801137406,91.66561485813571
856.7979691042467,499.05093819160544,41.696341729742386,92.0119708184792
858.2958821147943,500.66083879228864,41.82340689631516,92.2718203529679
860.1010883996591,503.8854812547436,42.026746500962865,92.68489018345966
859.9806176708453,505.46396903674366,42.285106061883276,92.86064252854761
861.2450668664619,507.8323535472317,42.55765315481122,92.48881272037062
861.4901894505429,510.5253059658496,42.88514789057638,92.93976520201299
861.3092695917948,512.6107025526131,43.1937021434281,92.83379994749222
859.9179075401737,514.7383662910984,43.54053247263746,92.81689677166915
859.2435712255353,516.0166150437824,43.69060075659267,93.03897945505243
857.8628081171183,517.4929399986337,43.702859633720315,93.00454553541627
857.8721641586907,519.5357868115277,43.576328954510515,93.01655822752996
855.9595284502686,519.786271737993,43.23624087428432,92.30593303011312
853.0766283420506,523.2858449215983,43.19194721102044,92.2571417158506
851.3253425693567,523.8304378281715,43.13594622566182,92.41275992740037
850.3646623597049,524.4826724188247,43.05204570059904,92.35365660417206
847.5469322584096,524.7873537502593,42.968248071616244,91.81583844695874
844.7362466928503,527.2073313091161,42.68691877854056,91.71472724709173
844.2020271950838,527.035513431068,42.23854890661895,91.79199559753494
841.1004878888533,528.7758052393336,41.98833753342316,91.8355799955301
839.6547728383713,529.147786130316,41.65175578784489,92.00700745335314
838.2881621933113,529.4327047253529,41.53938124132528,91.92848407839637
835.9054449851396,530.4877837395182,41.5322765188749,91.93926458957067
833.848444965084,530.8435829783282,41.325293149104446,91.83508530474191
832.304224272725,531.3860850934302,41.23665223363638,92.24483550816974
830.6235753194611,532.0158430800137,41.20806471459655,92.50271193192951
829.2248901544093,533.4399832232483,40.86522823088775,92.75674587924019
827.4991865309745,533.2144319266926,40.720991718983576,93.07229749655212
825.7928296313048,534.0380475592523,40.548514506894314,92.74657666558352
823.0300191113216,535.9281142476594,40.65093255537497,92.91222857281147
822.2707404337646,536.6561704760408,40.9523197912036,92.19677302837559
820.0770178000956,537.6168195392177,40.91599939920903,92.18192362390762
817.7944939092533,538.9127764594572,40.85284235835352,91.9537995802578
815.3565067756139,539.8980552677674,40.99738990978163,91.97805099512368
813.6019390766767,541.1051099503344,41.05696418857626,92.21754876004044
810.8317707372288,541.5509499700752,41.095585684214086,92.51634060814739
808.7376880231825,541.1602432506135,40.989433866823134,92.36170947328691
805.7029124991908,542.8663173849438,41.13588539698433,92.00777753801543
802.3229129891989,543.6926138953621,41.21676053848913,91.89823289898428
800.8140250390674,543.9411964872393,41.3100521858225,91.47024003052967
797.7634796864713,545.6282333791717,41.22081429299211,91.10259711099879
796.6928812616846,546.1311447048025,41.19649476607013,90.91453522528975
794.089812870275,546.6362089180972,40.934759882935005,90.89212186417969
791.4434252038108,547.679246220793,40.92080828333772,91.0395241360007
790.2576755321251,548.2106378997979,40.726637851699955,90.69021159460286
787.1731786005807,550.0177917058478,40.74881927582375,90.61008295474741
784.7650518598033,551.5662205188561,40.655933601037106,90.56269479970865
782.9391794457938,552.1128267522391,40.813043800760056,90.8025284116246
781.7857905605774,552.2274006334478,40.62858488448646,90.36210268747618
777.4071581442576,554.316132238778,40.624391320214535,90.03585698513186
776.4986471272858,555.2158771491346,40.19667453694306,89.42185038165795
773.7219085669465,557.763755180141,40.19354488805988,89.06207006198537
771.5947992896762,559.1729549626166,40.05508756598313,88.79081681737713
769.384159607189,560.3431320108431,39.90521424388485,88.58842267804692
767.4546852855391,562.1536735666475,39.75048147544131,88.85037856408835
764.9835975686485,563.279991203922,39.49740019917009,88.91892768628314
762.0879564970112,564.9925163091455,39.08488833991173,88.99180943308096
760.0656150147231,566.3921663530979,38.79792867677184,89.02916520035497
757.4590306980848,568.8630070346521,38.640510437947555,88.85462708675814
754.8361990190465,570.7780721786344,38.460912298526594,88.66670203713605
752.2803478036407,571.9001029199266,38.49973446124145,88.79652809346162
750.0182964505957,574.6076063291856,38.34067781598252,88.68128781547082
747.4687461914034,576.113126402702,38.102272040116425,88.43138086240765
745.2637535868158,577.8388580747167,38.02614370101278,88.46603798079607
743.9381372564164,579.4083046394074,37.934749933207534,88.61517023059538
741.1345933685049,580.605171360425,37.79991914518801,88.34830146026755
737.4847151655163,582.8694224958989,38.237250223863974,87.50798631166448
735.9541177620638,585.5204581930363,38.36554245622989,87.98019260446245
734.2186303086789,586.2002297485509,38.46781852762649,87.90250912974015
731.5608568534283,589.5409928444677,38.42965478673017,88.26583042630975
729.732828963531,590.9361590760378,38.33907417583874,88.23841357443659
727.0133230592885,594.2054712336359,38.39888171109995,88.44839689473868
724.4331767808563,596.1235205064623,38.78975745888218,88.61088118905158
723.0625502422707,599.0189899745498,39.11580505738521,88.42720629477728
720.7436726907042,602.193386463238,39.35668001067677,88.53551370878881
718.6292608323645,603.5801166420525,39.34041896478311,88.2117410705047
717.7731555368471,606.7628444040967,39.63745840942514,88.28815957366879
715.186283198061,609.8487391658588,39.867631996299,87.60297331018486
714.4149658134321,612.474538602655,39.95134259124801,87.65704755899843
711.8328039232335,615.4969237527648,40.07964180118001,87.74740480318174
