1
45.7997,44.2108,18.6938,63.7363
36.8744,40.7945,20.5216,64.0723
29.1069,43.6082,20.9888,65.8029
34.7601,39.5085,21.3499,65.7948
31.9322,40.3496,22.1134,66.0648
28.7111,41.5969,22.7336,65.9152
30.0836,43.1792,22.8324,65.3011
34.1351,41.5207,23.1965,64.8348
35.4175,37.7645,23.0469,65.1202
38.3684,34.8870,23.3619,64.6611
40.3881,35.1751,23.0328,65.1090
54.6370,39.2987,22.9031,64.2094
58.7405,37.2285,22.9369,63.5985
59.0192,34.0292,22.7656,64.5961
78.6574,33.7660,23.3722,64.1373
93.3537,35.8775,23.5817,64.0500
89.6540,29.8988,24.2488,65.6050
81.5636,27.1004,24.1876,66.8774
82.9272,25.0114,23.8412,68.1812
82.1467,25.2496,24.1175,68.7614
79.4527,27.0990,24.6811,69.8068
78.6014,32.4671,24.7300,70.1999
84.2116,38.1147,24.9517,69.4930
76.0131,44.0441,25.8408,69.0732
72.9712,41.3523,26.3456,69.6500
77.2349,31.2605,26.6434,69.2820
75.5453,25.4897,25.8759,69.3510
66.8667,18.2400,26.0459,69.1765
63.1150,14.6813,27.3412,69.6116
58.9336,17.8218,28.1544,69.5528
63.0638,23.2273,28.1686,68.1900
73.0357,27.3918,27.6322,67.3729
81.6270,26.9816,26.7500,68.0802
96.9675,23.3900,26.0811,68.4346
111.5671,26.3355,25.3433,69.3498
111.1515,23.3484,25.4364,71.1483
109.0425,21.9559,25.8560,71.9156
123.1446,26.0717,26.1455,70.6566
131.8276,29.5486,26.0080,71.1144
140.8414,31.3094,25.9163,71.3589
144.2496,33.4083,25.7725,70.9613
146.2991,32.2788,25.2853,72.6048
145.7053,28.8358,25.3545,73.5441
147.2653,26.0426,25.4018,73.6870
146.5520,31.8164,25.9483,73.0431
123.0473,33.9318,28.3818,72.4345
101.2774,32.0389,28.8703,72.8494
99.0811,30.1748,29.2074,73.6881
97.2624,31.3817,28.9617,74.8621
98.8345,23.7347,27.7292,75.2346
99.4325,15.4093,27.5633,74.7166
101.2925,14.5508,27.2509,74.0254
109.5701,22.2171,26.8330,73.1293
112.4611,21.0746,26.7481,73.5151
113.8894,31.1215,26.5231,74.0163
105.4633,29.2774,26.8635,75.0627
105.4659,31.0478,26.8832,76.4333
100.4251,26.9972,27.8251,77.3539
98.5532,21.2329,27.4564,77.8171
115.1087,19.1740,28.1646,76.6434
126.1120,21.3171,28.7355,73.8868
124.4476,23.4765,28.8177,74.5660
126.0133,31.8305,28.6801,74.5852
124.7698,35.0743,29.0806,76.0194
123.8119,37.0569,29.3033,76.7652
126.4227,43.4490,29.0965,78.2513
135.9383,53.4396,29.2435,77.7680
135.4033,59.2312,29.7486,78.6493
118.2211,60.2307,30.7340,77.9596
117.5552,52.3701,30.8119,77.1684
115.5543,50.5311,31.3723,77.7989
106.3092,52.3116,32.2138,79.1615
95.2911,40.9484,32.5388,80.3246
92.3375,44.4548,32.4823,81.0978
100.6005,53.0211,32.3338,80.5713
109.5967,59.9299,31.2805,82.8068
117.2595,64.6324,30.8604,83.3926
125.6111,61.9217,30.8760,84.8015
133.1628,64.5015,32.0683,85.1799
129.3802,60.3669,33.6647,84.8530
131.8149,57.1023,33.8207,84.5788
148.1035,53.5056,33.7303,84.0511
156.0141,49.7576,33.7888,84.2009
162.9691,50.5680,33.8042,83.9238
172.3800,53.1222,32.7476,83.7627
173.2180,54.2855,31.8249,85.1094
171.0220,50.5779,32.8657,86.5906
170.2246,53.4246,33.5904,86.3345
166.0707,47.5718,34.9198,86.9632
128.2702,53.3747,37.6922,84.8792
114.3634,40.6581,37.8637,83.9556
117.7979,38.6126,36.0252,84.2932
125.5943,35.1157,33.3610,84.9864
128.2668,30.1203,31.4731,86.3291
127.2500,28.6917,31.3279,87.2175
128.8283,37.7967,31.2207,87.4200
137.4023,42.7093,33.6851,85.8118
137.3781,46.7457,34.9679,84.5385
135.8168,45.5188,34.7400,86.0519
135.9345,41.1640,33.9797,87.3055
138.5924,41.1918,32.5427,88.6850
137.2362,29.7367,32.2707,89.2959
126.8812,21.6233,33.5425,88.4354
158.0518,20.3827,35.0200,88.5907
167.2075,23.8702,36.3035,88.8920
167.2113,22.6537,37.8351,89.0079
177.2826,25.4474,36.7989,89.0988
184.8564,32.2612,35.8628,88.6513
168.6459,33.7861,34.7366,89.9328
168.2230,35.7613,34.4611,90.6297
166.8289,37.0014,35.6734,90.9084
164.4315,40.6749,36.2957,90.8280
136.4720,41.0994,36.9480,90.5162
124.7874,39.4231,37.6666,89.6329
116.6356,44.2994,36.6013,90.4042
117.3338,41.7598,34.6192,92.3536
117.6982,41.8457,33.1929,93.5161
116.3452,44.1415,33.3630,93.7949
116.4447,41.2021,33.5882,94.3331
132.8716,42.2832,33.7393,94.6266
140.0409,44.2652,34.9900,94.5803
138.0458,40.7177,36.1743,93.6039
136.2319,41.7579,36.2301,93.3866
140.7316,27.3986,36.2220,91.9646
140.4754,21.4776,35.7922,91.6411
165.7290,19.5553,34.9170,92.1654
166.7507,19.5705,34.4690,93.2639
173.8099,27.4128,35.9556,92.5713
164.1633,32.0061,37.5032,92.0721
160.4345,29.6812,38.4096,92.4951
159.3665,31.0395,37.7452,93.0566
159.6236,32.4491,36.6493,94.3549
150.9460,27.9455,36.4610,94.1573
133.2229,29.8400,37.8517,92.2900
122.6141,27.1011,38.2213,92.2581
124.0663,16.5611,37.5068,91.4759
113.1810,18.4460,38.6489,90.3957
120.3264,16.8502,38.8099,90.8725
127.7022,23.5522,37.0662,91.5101
