0.010637
0.016597
0.019368
0.020356
0.016950
0.018027
0.016872
0.016817
0.018088
0.017385
0.016871
0.016746
0.015806
0.015592
0.015362
0.015396
0.015702
0.016358
0.023556
0.023421
0.022272
0.019496
0.015792
0.015929
0.015700
0.016032
0.016180
0.016319
0.015700
0.015793
0.015736
0.015620
0.015757
0.016092
0.016021
0.016007
0.015777
0.015569
0.015523
0.015759
0.016114
0.016562
0.015496
0.015647
0.015547
0.015482
0.015984
0.016397
0.016707
0.015819
0.016201
0.015635
0.015558
0.015973
0.016395
0.016153
0.015690
0.015441
0.015532
0.015751
0.016003
0.016312
0.016240
0.015790
0.015594
0.015531
0.015628
0.015969
0.016297
0.016109
0.016047
0.016023
0.016055
0.016424
0.016399
0.015728
0.015784
0.015893
0.017437
0.016353
0.016666
0.016498
0.015866
0.015881
0.015552
0.015700
0.016089
0.017209
0.015924
0.015788
0.015740
0.015779
0.016030
0.016397
0.015698
0.015851
0.015441
0.015485
0.015518
0.016032
0.016862
0.016446
0.015948
0.015638
0.017247
0.016160
0.016527
0.016296
0.016185
0.015925
0.016047
0.016855
0.016500
0.015572
0.015732
0.015393
0.015369
0.015437
0.017044
0.017047
0.015919
0.015872
0.015992
0.015883
0.016179
0.017021
0.015761
0.015676
0.015390
0.015613
0.015670
0.016244
0.016019
0.016458
0.015886
0.015622
0.015660
0.015898
0.016350
0.016206
0.015611
0.015698
0.015571
0.015619
0.016009
0.016280
0.016783
0.015894
0.015587
0.015608
0.015768
0.015982
0.016611
0.016014
0.016225
0.015581
0.015395
0.015554
0.015689
0.016009
0.016376
0.016174
0.015800
0.015624
0.016060
0.016261
0.016244
0.015796
0.015809
0.015400
0.015771
0.016148
0.016121
0.016756
0.015935
0.016308
0.015612
0.015749
0.016345
0.016182
0.015921
0.015711
0.016030
0.015621
0.015734
0.016188
0.016139
0.015855
0.015942
0.015971
0.015646
0.015912
0.016167
0.016223
0.015607
0.015712
0.016234
0.015596
0.015973
0.016446
0.016289
0.015973
0.015891
0.016072
0.016390
0.016334
0.016496
0.016030
0.015656
0.015474
0.015839
0.015731
0.016121
0.016181
0.015842
0.015804
0.015714
0.016196
0.016325
0.016272
0.016083
0.015709
0.015734
0.015602
0.016189
0.016146
0.016096
0.016098
0.016007
0.015365
0.015555
0.016127
0.016325
0.016196
0.015648
0.015643
0.015511
0.015521
0.015857
0.016061
0.016006
0.015870
0.015782
0.015481
0.015677
0.015867
0.016170
0.016022
0.015804
0.015808
0.015378
0.015320
0.015445
0.015812
0.016137
0.016049
0.015846
0.015878
0.015767
0.016075
0.016237
0.016344
0.016097
0.015646
0.015342
0.015493
0.015343
0.016062
0.016308
0.016414
0.015841
0.015664
0.015527
0.015461
0.016149
0.016521
0.016567
0.016039
0.015753
0.016072
0.016360
0.016806
0.016249
0.016252
0.016139
0.015891
0.016118
0.016516
0.016461
0.015819
0.016343
0.015802
0.016044
0.016422
0.016629
0.016070
0.015959
0.016067
0.016246
0.016611
0.016652
0.016052
0.015992
0.015845
0.015775
0.015945
0.016261
0.016183
0.016431
0.016052
0.015927
0.016457
0.016584
0.016367
0.015986
0.016107
0.016012
0.016445
0.016400
0.016275
0.015677
0.016018
0.016055
0.016008
0.015993
0.016336
0.016173
0.016125
0.016169
0.016354
0.016492
0.016438
0.016501
0.015940
0.015912
0.015736
0.016069
0.016375
0.016438
0.016100
0.015785
0.016081
0.016073
0.016510
0.016661
0.016140
0.015934
0.015861
0.017594
0.016520
0.016561
0.016218
0.016056
0.015789
0.015605
0.015936
0.016349
0.016532
0.015917
0.016068
0.016101
0.015980
0.016188
0.016520
0.016201
0.015801
0.015679
0.015658
0.015666
0.015968
0.016319
0.016516
0.016397
0.016105
0.015812
0.016303
0.016509
0.016372
0.015863
0.015748
0.015743
0.015656
0.016013
0.016320
0.016392
0.016443
0.016205
0.015962
0.016070
0.016468
0.016370
0.015942
0.016186
0.016170
0.016085
0.016329
0.016557
0.015994
0.016110
0.015977
0.015877
0.016227
0.016488
0.016387
0.016344
0.015998
0.016058
0.016252
0.016346
0.016345
0.015770
0.015783
0.015792
0.015805
0.016180
0.016747
0.016585
0.015991
0.015939
0.015918
0.016566
0.016629
0.016395
0.015883
0.015955
0.015831
0.015766
0.016334
0.016656
0.016104
0.015763
0.016016
0.016042
0.016213
0.016679
0.016522
0.016035
0.016065
0.015900
0.016122
0.016266
0.016381
0.015765
0.015921
0.015891
0.015848
0.016158
0.016716
0.016356
0.015895
0.015999
0.016001
0.016229
0.016524
0.016308
0.016050
0.016249
0.015968
0.016069
0.016395
0.016303
0.015836
0.016186
0.016358
0.016525
0.016683
0.016570
0.015932
0.016001
0.015841
0.016121
0.016362
0.016353
0.015826
0.015698
0.015793
0.016013
0.016198
0.016593
0.016421
0.016127
0.016133
0.016265
0.016750
0.017159
0.016288
0.016152
0.016337
0.016169
0.016332
0.016466
0.015902
0.015837
0.015930
0.015944
0.016388
0.016498
0.016874
0.015942
0.015923
0.016092
0.015974
0.016055
0.016089
0.015892
0.015736
0.015657
0.015842
0.016619
0.016452
0.016627
0.016005
0.015814
0.015829
0.016007
0.016463
0.016632
0.015844
0.016236
0.015613
0.015614
0.015923
0.017084
0.019179
0.018767
0.018037
0.017614
0.017734
0.021608
0.018392
0.017892
0.018533
0.018211
0.017894
0.015801
0.015976
0.016462
0.016681
0.015813
0.015600
0.015328
0.015321
0.021503
0.019415
0.017082
0.017343
0.016800
0.016412
0.015858
0.015997
0.016538
0.017152
0.015927
0.015910
0.015838
0.015901
0.016317
0.017395
0.016205
0.015972
0.016235
0.015777
0.017183
0.016743
0.015658
0.016128
0.015788
0.015865
0.015816
0.016276
0.016687
0.015894
0.015688
0.015456
0.015487
0.015794
0.016051
0.016358
0.015801
0.015264
0.015139
0.015130
0.015326
0.015833
0.016327
0.015826
0.015666
0.015515
0.015494
0.015324
0.015473
0.015719
0.015675
0.015389
0.015436
0.015333
0.015371
0.015301
0.015531
0.015841
0.015778
0.015633
0.015484
0.015190
0.015079
0.015206
0.015705
0.015987
0.015882
0.015803
0.015792
0.015260
0.015124
0.015111
0.015441
0.016062
0.015921
0.015636
0.015663
0.015703
0.015378
0.015409
0.015386
0.015668
0.015711
0.015658
0.015841
0.015394
0.015443
0.015275
0.015441
0.015906
0.015968
0.015415
0.015459
0.015169
0.015123
0.015064
0.015585
0.016017
0.015871
0.015746
0.015672
0.015137
0.015013
0.015004
0.015119
0.015405
0.015845
0.015965
0.015780
0.015534
0.015398
0.015287
0.015107
0.015170
0.015395
0.015988
0.015893
0.015589
0.015583
0.015134
0.015079
0.015232
0.015557
0.015671
0.015789
0.015906
0.015684
0.015345
0.015354
0.015192
0.015697
0.015776
0.015879
0.015587
0.015540
0.015104
0.015423
0.015442
0.015686
0.016060
0.015746
0.015568
0.015448
0.015473
0.015137
0.015097
0.015566
0.016058
0.015987
0.015779
0.015576
0.015035
0.015153
0.015075
0.015506
0.015697
0.015887
0.016137
0.015688
0.015312
0.015272
0.015059
0.015401
0.015737
0.016160
0.015801
0.015567
0.015300
0.015413
0.015276
0.015651
0.015852
0.015743
0.015795
0.015358
0.015630
0.015147
0.015207
0.015366
0.015581
0.015973
0.015973
0.015580
0.015464
0.015512
0.015236
0.015529
0.015710
0.015763
0.015893
0.015751
0.015403
0.015337
0.015271
0.015534
0.015714
0.016078
0.015780
0.015582
0.015471
0.015355
0.015449
0.015582
0.015935
0.015809
0.015529
0.015502
0.015411
0.015267
0.015165
0.015405
0.015910
0.015976
0.015795
0.015649
0.015087
0.015130
0.015142
0.015562
0.015689
0.015819
0.015947
0.015760
0.015295
0.015322
0.015311
0.015429
0.015762
0.015896
0.015778
0.015542
0.015088
0.015323
0.015345
0.015673
0.015836
0.015737
0.015753
0.015496
0.015690
0.015260
0.015141
0.015487
0.015927
0.015996
0.015824
0.015617
0.015056
0.015096
0.015211
0.015470
0.015719
0.015893
0.016121
0.015671
0.015351
0.015379
0.015316
0.015369
0.015794
0.015992
0.015717
0.015602
0.015324
0.015366
0.015391
0.015681
0.015857
0.015744
0.015634
0.015475
0.015480
0.015236
0.015192
0.015383
0.015981
0.015941
0.015840
0.015614
0.015213
0.015251
0.015232
0.015603
0.015785
0.015861
0.016053
0.015693
0.015351
0.015357
0.015146
0.015564
0.015875
0.015951
0.015730
0.015571
0.015140
0.015402
0.015323
0.015570
0.015861
0.015861
0.015716
0.015657
0.015555
0.015141
0.015214
0.015653
0.016005
0.015918
0.015903
0.015532
0.015219
0.015120
0.015253
0.015618
0.015764
0.015666
0.015818
0.015566
0.015322
0.015317
0.015271
0.015459
0.015689
0.016049
0.015493
0.015503
0.015341
0.015302
0.015402
0.015701
0.016292
0.016142
0.015542
0.015427
0.015386
0.015151
0.015429
0.015477
0.016004
0.015971
0.015761
0.015753
0.015601
0.015408
0.015586
0.015824
0.015732
0.015612
0.015672
0.015478
0.015473
0.015433
0.015564
0.015678
0.015691
0.015617
0.015511
0.015178
0.015336
0.015092
0.015678
0.016441
0.016359
0.015693
0.015553
0.015142
0.015425
0.015431
0.015394
0.015695
0.015906
0.015676
0.015684
0.015306
0.015232
0.015354
0.015467
0.015808
0.015802
0.015423
0.015453
0.015323
0.015322
0.015289
0.015502
0.015878
0.015758
0.015575
0.015972
0.015149
0.015190
0.015280
0.015664
0.016153
0.015918
0.015568
0.015578
0.015257
0.015433
0.015349
0.015408
0.015677
0.015782
0.015543
0.015743
0.015379
0.015339
0.015202
0.015533
0.015864
0.015740
0.015593
0.015828
0.015376
0.015299
0.015278
0.015554
0.015778
0.015718
0.015597
0.015551
0.015222
0.015132
0.015206
0.015733
0.015999
0.016045
0.015550
0.015585
0.015131
0.015408
0.015168
0.015404
0.015712
0.015817
0.015884
0.015695
0.015330
0.015340
0.015309
0.015683
0.015921
0.015828
0.015729
0.015608
0.015339
0.015437
0.015482
0.015517
0.015828
0.015845
0.015883
0.015503
0.015134
0.015217
0.015181
0.015684
0.015953
0.016034
0.015635
0.015392
0.015111
0.015423
0.015215
0.015353
0.015824
0.016091
0.015906
0.015741
0.015410
0.015263
0.015204
0.015588
0.015842
0.015778
0.015542
0.015512
0.015350
0.015396
0.015289
0.015544
0.015787
0.015892
0.015647
0.015528
0.015191
0.015198
0.015116
0.016235
0.016964
0.016449
0.016102
0.015547
0.015444
0.015681
0.015739
0.015712
0.015503
0.015597
0.015322
0.015196
0.015327
0.015685
0.016074
0.016079
0.015393
0.015527
0.015111
0.015168
0.015141
0.015577
0.016011
0.015995
0.015587
0.015752
0.015502
0.015331
0.015409
0.015706
0.015770
0.015796
0.015540
0.015408
0.015325
0.015420
0.015778
0.015988
0.015926
0.015645
0.015471
0.015120
0.015144
0.015271
0.015556
0.015970
0.016104
0.015910
0.015524
0.015128
0.015061
0.015184
0.015497
0.015819
0.016273
0.015809
0.015607
0.015492
0.015658
0.015240
0.015461
0.015639
0.015696
0.015468
0.015453
0.015127
0.015439
0.015529
0.015852
0.015985
0.015752
0.015518
0.015504
0.015051
0.015098
0.015169
0.015466
0.015463
0.015868
0.016204
0.015665
0.015131
0.015154
0.015178
0.015377
0.015393
0.015804
0.015949
0.015647
0.015774
0.015527
0.015272
0.015408
0.015739
0.015738
0.015790
0.015517
0.015568
0.015368
0.015467
0.015731
0.015837
0.015852
0.015568
0.015519
0.015112
0.015095
0.015141
0.015630
0.015979
0.016115
0.015963
0.015654
0.015206
0.015174
0.015189
0.015424
0.015746
0.015869
0.016016
0.015762
0.015450
0.015426
0.015199
0.015419
0.015738
0.015722
0.015919
0.015466
0.015354
0.015260
0.015406
0.015669
0.015858
0.015643
0.015600
0.015595
0.015183
0.015055
0.015110
0.015327
0.015532
0.015970
0.016174
0.015577
0.015335
0.015131
0.015178
0.015170
0.015391
0.015889
0.015913
0.015760
0.015624
0.015389
0.015134
0.015054
0.015321
0.015659
0.015708
0.015906
0.015720
0.015382
0.015467
0.015384
0.015528
0.015712
0.015885
0.015701
0.015505
0.015119
0.015326
0.015423
0.015756
0.016143
0.016018
0.015731
0.015506
0.015119
0.015233
0.015092
0.015482
0.016003
0.015971
0.015602
0.015607
0.015537
0.015241
0.015123
0.015372
0.015723
0.015743
0.015931
0.015710
0.015569
0.015373
0.015274
0.015591
0.015651
0.015885
0.015769
0.015554
0.015304
0.015070
0.015287
0.015280
0.015556
0.015800
0.015848
0.015307
0.015474
0.015182
0.015104
0.015267
0.015641
0.015874
0.015873
0.015803
0.015799
0.015220
0.015172
0.015176
0.015463
0.015717
0.015976
0.015746
0.015609
0.015229
0.015589
0.015321
0.015487
0.015693
0.015720
0.015566
0.015617
0.015543
0.015437
0.015368
0.015544
0.015813
0.015829
0.015364
0.015480
0.015083
0.015045
0.015388
0.015740
0.015916
0.015771
0.015716
0.015670
0.015255
0.015102
0.015149
0.015379
0.015714
0.015848
0.015797
0.015649
0.015408
0.015139
0.015543
0.015439
0.015779
0.015739
0.015893
0.015655
0.015320
0.015379
0.015224
0.015453
0.015827
0.015816
0.015702
0.015434
0.015342
0.015165
0.015391
0.015325
0.015610
0.015793
0.015821
0.015703
0.015549
0.015291
0.015170
0.015135
0.015726
0.015924
0.016054
0.015412
0.015561
0.015060
0.015495
0.015088
0.015498
0.015859
0.016122
0.015791
0.015658
0.015342
0.015273
0.015161
0.015595
0.015791
0.015737
0.015666
0.015748
0.015382
0.015327
0.015445
0.015523
0.015850
0.015712
0.015756
0.015496
0.015275
0.015280
0.015252
0.015777
0.015997
0.015958
0.015644
0.015610
0.015111
0.015435
0.015736
0.015420
0.015847
0.015970
0.015725
0.015707
0.015330
0.015310
0.015903
0.015848
0.016018
0.015598
0.015657
0.015190
0.015230
0.015358
0.015847
0.015994
0.015745
0.015445
0.015710
0.015178
0.015112
0.015107
0.015402
0.015747
0.015964
0.015681
0.015782
0.015290
0.015496
0.015335
0.015439
0.015687
0.015864
0.015811
0.015768
0.015429
0.015499
0.015359
0.015439
0.015742
0.015826
0.015667
0.015573
0.015234
0.015301
0.015322
0.015670
0.015886
0.015653
0.015701
0.015687
0.015188
0.015260
0.015203
0.015478
0.015937
0.016174
0.015861
0.015818
0.015587
0.015584
0.015705
0.015694
0.015765
0.015721
0.015631
0.015279
0.015534
0.015525
0.015738
0.015819
0.016344
0.015749
0.015513
0.015098
0.015216
0.015142
0.015503
0.016050
0.016105
0.015823
0.015547
0.015382
0.015136
0.015098
0.015425
0.015653
0.015723
0.015944
0.015785
0.015373
0.015344
0.015359
0.015671
0.015699
0.015844
0.015767
0.015585
0.015251
0.015716
0.015508
0.015643
0.015845
0.015985
0.015420
0.015600
0.015100
0.015113
0.015100
0.015571
0.015961
0.016082
0.016005
0.015722
0.015735
0.015378
0.015653
0.015681
0.015799
0.015706
0.015571
0.015832
0.015393
0.015366
0.015692
0.015885
0.015900
0.015683
0.015634
0.015137
0.015114
0.015113
0.015423
0.015467
0.015972
0.016121
0.015546
0.015308
0.015109
0.015155
0.015098
0.015427
0.015919
0.015919
0.015658
0.015817
0.015699
0.015211
0.015446
0.015360
0.015673
0.015670
0.015633
0.015630
0.015282
0.015466
0.015481
0.015559
0.015682
0.015691
0.015673
0.015591
0.015217
0.015188
0.015360
0.015665
0.016150
0.015972
0.015763
0.015408
0.015075
0.015111
0.015061
0.015429
0.015959
0.015947
0.015806
0.015677
0.015606
0.015259
0.015120
0.015401
0.015663
0.015723
0.015716
0.015756
0.015434
0.015521
0.015321
0.015540
0.015705
0.015772
0.015601
0.015508
0.015241
0.015092
0.015420
0.015566
0.015850
0.015985
0.015704
0.015525
0.015148
0.015141
0.015181
0.015377
0.016007
0.016119
0.015964
0.015589
0.015431
0.015252
0.015167
0.015400
0.015657
0.015724
0.015658
0.015630
0.015389
0.015546
0.015436
0.015573
0.015787
0.015794
0.015634
0.015569
0.015116
0.015314
0.015346
0.015656
0.015888
0.016091
0.015436
0.015488
0.015109
0.015198
0.015055
0.015384
0.015983
0.015960
0.015863
0.015668
0.015375
0.015189
0.015141
0.015368
0.015689
0.015882
0.015758
0.015710
0.015505
0.015406
0.015307
0.015558
0.015695
0.015727
0.015416
0.015491
0.015216
0.015141
0.015330
0.015734
0.015863
0.015965
0.015661
0.015495
0.015111
0.015144
0.015135
0.015230
0.015600
0.016030
0.015890
0.015867
0.015694
0.015105
0.015160
0.015109
0.015398
0.015766
0.015999
0.015622
0.015652
0.015484
0.015215
0.015548
0.015736
0.015794
0.015627
0.015538
0.015442
0.015475
0.015421
0.015640
0.015900
0.015972
0.015676
0.015429
0.015073
0.015185
0.015097
0.015185
0.015548
0.015965
0.015939
0.015404
0.015593
0.015198
0.015200
0.015098
0.015353
0.015823
0.015912
0.015682
0.015799
0.015242
0.015232
0.015343
0.015439
0.015725
0.015691
0.015483
0.015792
0.015466
0.015433
0.015650
0.015961
0.015999
0.015645
0.015452
0.015219
0.015152
0.015339
0.015545
0.015941
0.015977
0.015562
0.015512
0.015669
0.015319
0.015084
0.015404
0.015673
0.015803
0.015784
0.015718
0.015502
0.015547
0.015370
0.015652
0.015701
0.015747
0.015383
0.015440
0.015477
0.015197
0.015304
0.015691
0.015987
0.016064
0.015405
0.015477
0.015271
0.015129
0.015119
0.015452
0.016000
0.016172
0.015649
0.015788
0.015710
0.015268
0.015369
0.015426
0.015704
0.015710
0.015519
0.015730
0.015503
0.015425
0.015785
0.015805
0.015727
0.015670
0.015382
0.015389
0.015437
0.015343
0.015671
0.015876
0.016011
0.016013
0.015606
0.015292
0.015206
0.015146
0.015406
0.015649
0.015830
0.015863
0.015642
0.015443
0.015668
0.015161
0.015446
0.015650
0.015747
0.015518
0.015475
0.015597
0.015529
0.015387
0.015612
0.015825
0.015807
0.015651
0.015391
0.015155
0.015129
0.015206
0.015627
0.015937
0.015954
0.016038
0.016046
0.015187
0.015220
0.015075
0.015467
0.015700
0.015715
0.015749
0.015636
0.015623
0.015699
0.015192
0.015439
0.015629
0.015748
0.015552
0.015427
0.015640
0.015449
0.015338
0.015796
0.015766
0.015840
0.015624
0.015423
0.015220
0.015247
0.015142
0.015726
0.015957
0.016012
0.015641
0.015471
0.015161
0.015294
0.015024
0.015418
0.015667
0.015705
0.015921
0.015610
0.015426
0.015719
0.015221
0.015352
0.015663
0.015857
0.015733
0.015490
0.015449
0.015395
0.015363
0.015537
0.015823
0.015672
0.015648
0.015428
0.015219
0.015221
0.015042
0.015688
0.015899
0.016068
0.015957
0.015453
0.015241
0.015172
0.015084
0.015430
0.015653
0.015868
0.015756
0.015621
0.015353
0.015648
0.015127
0.015441
0.015685
0.015772
0.015798
0.015534
0.015401
0.015549
0.015300
0.015645
0.015864
0.015846
0.015596
0.015419
0.015134
0.015225
0.015164
0.015797
0.015928
0.016049
0.015793
0.015445
0.015261
0.015193
0.015112
0.015369
0.015725
0.015933
0.015715
0.015657
0.015476
0.015654
0.015093
0.015460
0.015694
0.015729
0.015809
0.015602
0.015414
0.015482
0.015450
0.015747
0.015862
0.015702
0.015536
0.015372
0.015190
0.015333
0.015197
0.015714
0.015976
0.016134
0.015745
0.015397
0.015238
0.015314
0.015159
0.015360
0.015663
0.015738
0.015988
0.015574
0.015446
0.015620
0.015263
0.015385
0.015665
0.015722
0.015562
0.015408
0.015514
0.015588
0.015288
0.015625
0.015876
0.015835
0.015694
0.015368
0.015100
0.015276
0.015170
0.015612
0.015929
0.015958
0.015974
0.015507
0.015298
0.015258
0.015079
0.015496
0.015836
0.015834
0.015886
0.015612
0.015956
0.015503
0.015216
0.015385
0.015591
0.015710
0.015647
0.015638
0.015495
0.015488
0.015229
0.015679
0.015777
0.015714
0.015831
0.015372
0.015292
0.015352
0.015412
0.015677
0.015987
0.016037
0.015639
0.015490
0.015306
0.015355
0.015080
0.015385
0.015706
0.015940
0.015782
0.015611
0.015350
0.015497
0.015161
0.015415
0.015670
0.015718
0.015648
0.015732
0.015429
0.015517
0.015310
0.015735
0.015803
0.015770
0.015593
0.015391
0.015380
0.015344
0.015806
0.015739
0.015991
0.016086
0.015732
0.015596
0.015331
0.015471
0.015119
0.015379
0.015722
0.016162
0.015933
0.015654
0.015381
0.015590
0.015498
0.015388
0.015751
0.015714
0.015367
0.015571
0.015482
0.015475
0.015346
0.015563
0.015900
0.015699
0.015696
0.015426
0.015208
0.015381
0.015149
0.015673
0.015968
0.015932
0.015730
0.015507
0.015205
0.015305
0.015049
0.015418
0.015796
0.016616
0.015928
0.015553
0.015546
0.015627
0.015499
0.015668
0.015747
0.015499
0.015438
0.015288
0.015333
0.015452
0.015896
0.016209
0.016020
0.015771
0.015558
0.015257
0.015145
0.015175
0.015683
0.015837
0.015862
0.015586
0.015728
0.015373
0.015355
0.015161
0.015378
0.015757
0.015717
0.015610
0.015598
0.015480
0.015582
0.015842
0.015880
0.015705
0.015662
0.015521
0.015440
0.015200
0.015090
0.015282
0.015487
0.016028
0.015941
0.015472
0.015422
0.015274
0.015206
0.015155
0.015373
0.015846
0.015978
0.015907
0.015697
0.015391
0.015274
0.015350
0.015382
0.015747
0.015736
0.015894
0.015613
0.015463
0.015850
0.015718
0.015750
0.015864
0.015637
0.015611
0.015223
0.015374
0.015120
0.015431
0.015953
0.016244
0.015599
0.015585
0.015372
0.015241
0.015445
0.015750
0.015693
0.015932
0.015703
0.015293
0.015638
0.015467
0.015953
0.015852
0.016132
0.015455
0.015397
0.015240
0.015188
0.015114
0.015750
0.016137
0.015994
0.015741
0.015433
0.015168
0.015324
0.015424
0.015666
0.015691
0.016081
0.015796
0.015444
0.015479
0.015249
0.015430
0.015626
0.015741
0.015564
0.015469
0.015212
0.015382
0.015562
0.015644
0.016003
0.015787
0.015753
0.015470
0.015395
0.015185
0.015440
0.015713
0.015869
0.016128
0.015681
0.015412
0.015319
0.015211
0.015462
0.015715
0.015685
0.015495
0.015475
0.015511
0.015530
0.015296
0.015642
0.015845
0.015686
0.015706
0.015516
0.015118
0.015174
0.015279
0.015750
0.015929
0.015900
0.015556
0.015672
0.015246
0.015279
0.015060
0.015364
0.015705
0.016269
0.015906
0.015580
0.015403
0.015472
0.015671
0.015969
0.015841
0.015737
0.015508
0.015215
0.015474
0.015273
0.015708
0.015974
0.015938
0.015986
0.015501
0.015581
0.015325
0.015147
0.015421
0.015942
0.015757
0.015892
0.015556
0.015548
0.015336
0.015596
0.015800
0.015709
0.015593
0.015709
0.015456
0.015270
0.015150
0.015698
0.016012
0.015951
0.015626
0.015562
0.015239
0.015198
0.015338
0.015520
0.015760
0.015979
0.015753
0.015739
0.015464
0.015469
0.015163
0.015422
0.015830
0.015819
0.015542
0.015526
0.015364
0.015334
0.015398
0.015519
0.015636
0.015728
0.015669
0.015474
0.015507
0.015215
0.015124
0.015600
0.015977
0.015940
0.015632
0.015523
0.015206
0.015357
0.015413
0.015413
0.015790
0.015994
0.015875
0.015774
0.015427
0.015350
0.015113
0.015410
0.015777
0.015843
0.015558
0.015692
0.015526
0.015496
0.015326
0.015485
0.015815
0.015693
0.015450
0.015610
0.015355
0.015270
0.015171
0.015594
0.015983
0.015978
0.015666
0.015545
0.015333
0.015356
0.015703
0.015373
0.015686
0.015765
0.015863
0.015645
0.015522
0.015275
0.015510
0.015719
0.016123
0.015631
0.015651
0.015379
0.015203
0.015395
0.015587
0.016068
0.016085
0.015724
0.015659
0.015455
0.015244
0.015489
0.015668
0.015705
0.015854
0.015725
0.015388
0.015545
0.015204
0.015606
0.015772
0.015742
0.015576
0.015445
0.015460
0.015583
0.015358
0.015654
0.015958
0.015911
0.015799
0.015455
0.015106
0.015174
0.015068
0.015497
0.016036
0.016113
0.015889
0.015808
0.015469
0.015641
0.015408
0.015672
0.015699
0.015854
0.015553
0.015378
0.015545
0.015375
0.015643
0.016172
0.016063
0.015438
0.015402
0.015101
0.015185
0.015167
0.015513
0.015887
0.016029
0.016098
0.015751
0.015177
0.015231
0.015222
0.015468
0.015721
0.015906
0.015777
0.015647
0.015367
0.015546
0.015514
0.015418
0.015653
0.015685
0.015421
0.015416
0.015306
0.015559
0.015518
0.015626
0.015913
0.015829
0.015660
0.015431
0.015108
0.015116
0.015074
0.015423
0.015904
0.016020
0.015811
0.015651
0.015344
0.015147
0.015272
0.015391
0.015707
0.015923
0.015655
0.015664
0.015418
0.015652
0.015662
0.015404
0.015661
0.015658
0.015662
0.015557
0.015274
0.015409
0.015585
0.015975
0.015923
0.015626
0.015422
0.015218
0.015183
0.015193
0.016166
0.015828
0.016041
0.015843
0.015696
0.015646
0.015322
0.015137
0.015563
0.015721
0.015742
0.015773
0.015742
0.015411
0.015493
0.015642
0.016009
0.015705
0.015564
0.015482
0.015196
0.015282
0.015167
0.015392
0.015631
0.015933
0.016036
0.015558
0.015365
0.015197
0.015191
0.015152
0.015404
0.015754
0.015887
0.015675
0.015840
0.015497
0.015520
0.015442
0.015788
0.015728
0.015568
0.015594
0.015208
0.015134
0.015365
0.015759
0.016150
0.015885
0.015789
0.015386
0.015154
0.015174
0.015104
0.015417
0.015984
0.015971
0.015999
0.015700
0.015284
0.015363
0.015062
0.015402
0.015786
0.015713
0.015542
0.015692
0.015386
0.015649
0.015161
0.015512
0.015778
0.015746
0.015492
0.015604
0.015090
0.015168
0.015423
0.015757
0.016128
0.016042
0.015675
0.015579
0.015296
0.015217
0.015116
0.015351
0.015918
0.016285
0.016220
0.015702
0.015288
0.015187
0.015357
0.015789
0.015747
0.015737
0.015562
0.015424
0.015547
0.015526
0.015666
0.015892
0.015890
0.015470
0.015396
0.015147
0.015128
0.015042
0.015459
0.016034
0.016086
0.015804
0.015635
0.015266
0.015160
0.015236
0.015371
0.015657
0.015707
0.015772
0.015925
0.015436
0.015559
0.015335
0.015433
0.015654
0.015774
0.015709
0.015662
0.015290
0.015331
0.015594
0.015711
0.015948
0.015975
0.015635
0.015443
0.015189
0.015098
0.015234
0.015341
0.016100
0.016078
0.015924
0.015510
0.015481
0.015184
0.015431
0.015764
0.015830
0.015664
0.015691
0.015799
0.015614
0.015424
0.015713
0.015987
0.015728
0.015661
0.015409
0.015131
0.015114
0.015399
0.015441
0.015949
0.015909
0.015909
0.015444
0.015320
0.015106
0.015136
0.015346
0.015641
0.015892
0.015793
0.015657
0.015385
0.015193
0.016010
0.016581
0.017101
0.015828
0.015377
0.015323
0.015372
0.016171
0.016093
0.016029
0.015582
0.015799
0.015412
0.015194
0.015360
0.015737
0.016023
0.015744
0.015636
0.015368
0.015485
0.015438
0.015693
0.015863
0.015936
0.015698
0.015452
0.015650
0.015267
0.015259
0.015513
0.015967
0.015905
0.015643
0.015622
0.015131
0.015052
0.015277
0.015840
0.015728
0.015967
0.015703
0.015546
0.015528
0.015397
0.015541
0.015818
0.015708
0.015756
0.015478
0.015207
0.015256
0.015102
0.015663
0.015963
0.016180
0.015882
0.015550
0.015141
0.015453
0.015222
0.015355
0.015793
0.016019
0.015918
0.015691
0.015423
0.015432
0.015100
0.015642
0.015864
0.015747
0.015383
0.015588
0.015362
0.015398
0.015462
0.015574
0.015791
0.015744
0.015458
0.015534
0.015280
0.015173
0.015162
0.015652
0.015915
0.015882
0.015473
0.015561
0.015064
0.015542
0.015118
0.015390
0.015668
0.016129
0.015511
0.015764
0.015332
0.015431
0.015209
0.015423
0.015886
0.015726
0.015740
0.015556
0.015451
0.015419
0.015711
0.015959
0.015907
0.015802
0.015534
0.015406
0.015181
0.015210
0.015385
0.015736
0.016077
0.015770
0.015849
0.015334
0.015329
0.015451
0.015401
0.015650
0.015850
0.015691
0.015711
0.015520
0.015500
0.015728
0.015873
0.015978
0.015788
0.015445
0.015269
0.015275
0.015097
0.015426
0.015861
0.015995
0.015796
0.015611
0.015619
0.015197
0.015081
0.015417
0.015734
0.015690
0.015807
0.015721
0.015442
0.015481
0.015298
0.015575
0.015700
0.015738
0.015548
0.015547
0.015151
0.015275
0.015369
0.015785
0.015855
0.016083
0.015874
0.015457
0.015223
0.015267
0.015101
0.015362
0.015983
0.016016
0.015901
0.015744
0.015529
0.015143
0.015077
0.015398
0.015682
0.015741
0.015975
0.015807
0.015296
0.015428
0.015449
0.015643
0.015704
0.015839
0.015650
0.015385
0.015091
0.015179
0.015313
0.015675
0.015859
0.015966
0.015672
0.015431
0.015095
0.015226
0.015056
0.015420
0.015664
0.015930
0.016041
0.015609
0.015555
0.015136
0.015042
0.015579
0.015364
0.015689
0.015849
0.015832
0.015597
0.015547
0.015384
0.015695
0.015719
0.015743
0.015559
0.015502
0.015468
0.015162
0.015354
0.015794
0.015958
0.016264
0.015952
0.015310
0.015204
0.015135
0.015057
0.015450
0.015842
0.016006
0.015800
0.015763
0.015750
0.015186
0.015037
0.015499
0.015781
0.015707
0.015624
0.015619
0.015370
0.015398
0.015292
0.015579
0.015720
0.015758
0.015631
0.015502
0.015301
0.015326
0.015393
0.015557
0.015835
0.015973
0.015807
0.015419
0.015128
0.015103
0.015074
0.015273
0.015693
0.015996
0.016006
0.015524
0.015739
0.015243
0.015264
0.015508
0.015678
0.015695
0.015832
0.015689
0.015406
0.015522
0.015499
0.015652
0.015741
0.015776
0.015548
0.015519
0.015246
0.015388
0.015347
0.015820
0.015789
0.016370
0.015693
0.015362
0.015180
0.015050
0.015115
0.015424
0.015652
0.015926
0.015793
0.015705
0.015833
0.015305
0.015179
0.015542
0.015702
0.015704
0.015651
0.015669
0.015377
0.015402
0.015488
0.015670
0.015691
0.015728
0.015621
0.015607
0.015103
0.015187
0.015365
0.015819
0.015882
0.015967
0.015810
0.015454
0.015168
0.015278
0.015160
0.015446
0.015996
0.015991
0.015874
0.015593
0.015665
0.015253
0.015130
0.015390
0.015655
0.015754
0.015993
0.015769
0.015443
0.015382
0.015480
0.015704
0.015699
0.015827
0.015659
0.015517
0.015283
0.015220
0.015508
0.015748
0.015921
0.016062
0.015615
0.015129
0.015190
0.015173
0.015461
0.015373
0.015605
0.015903
0.015738
0.015733
0.015535
0.015211
0.015392
0.015369
0.015697
0.015682
0.015357
0.015783
0.015430
0.015421
0.015698
0.016006
0.015772
0.015549
0.015387
0.015393
0.015228
0.015188
0.015775
0.016177
0.016031
0.016509
0.015596
0.015194
0.015185
0.015059
0.015409
0.015686
0.015799
0.015983
0.015688
0.015306
0.015520
0.015222
0.015384
0.015861
0.015826
0.015552
0.015655
0.015230
0.015471
0.015353
0.015745
0.016021
0.015863
0.015635
0.015517
0.015030
0.015170
0.015126
0.015543
0.016060
0.015996
0.016204
0.015628
0.015182
0.015253
0.015118
0.015410
0.015803
0.015783
0.015841
0.015768
0.015316
0.015597
0.016169
0.015724
0.015888
0.015677
0.015455
0.015489
0.015233
0.015145
0.015604
0.016111
0.016066
0.015805
0.015548
0.015251
0.015454
0.015269
0.015448
0.015766
0.016284
0.015684
0.015926
0.015415
0.015405
0.015647
0.015913
0.015898
0.015825
0.015521
0.015675
0.015360
0.015547
0.015871
0.016531
0.016504
0.015902
0.015613
0.015218
0.015149
0.015456
0.015354
0.015671
0.016549
0.015589
0.015711
0.015467
0.015283
0.015522
0.015680
0.015786
0.015690
0.015584
0.015382
0.015845
0.015529
0.015706
0.015998
0.015867
0.015559
0.015393
0.015290
0.015318
0.015132
0.015548
0.016191
0.016018
0.016110
0.015528
0.015447
0.015262
0.015345
0.015458
0.015711
0.015694
0.015985
0.015738
0.015601
0.015324
0.015348
0.015393
0.015623
0.015893
0.015747
0.015594
0.015329
0.015437
0.015618
0.015645
0.015984
0.015814
0.015552
0.015527
0.015402
0.015033
0.015134
0.015426
0.015918
0.016124
0.015976
0.015542
0.015414
0.015191
0.015454
0.015361
0.015740
0.015732
0.015861
0.015637
0.015609
0.015329
0.015678
0.015867
0.015873
0.015844
0.015337
0.015363
0.015389
0.015574
0.015582
0.015968
0.015926
0.015680
0.015526
0.015336
0.015177
0.015260
0.015371
0.015661
0.015999
0.015892
0.015615
0.015631
0.015349
0.015602
0.015841
0.015752
0.015604
0.015441
0.015523
0.015592
0.015219
0.015700
0.016054
0.016089
0.016122
0.015449
0.015421
0.015276
0.015303
0.015486
0.015712
0.015759
0.016068
0.015540
0.015617
0.015662
0.015722
0.015709
0.015809
0.016063
0.015529
0.015279
0.015417
0.015402
0.015577
0.015967
0.015888
0.015836
0.015395
0.015230
0.015386
0.015154
0.015400
0.015585
0.015799
0.015676
0.015662
0.015440
0.015117
0.014997
0.015123
0.015407
0.015511
0.015840
0.015972
0.015411
0.015179
0.015223
0.014910
0.015235
0.015215
0.015514
0.015903
0.015688
0.015670
0.015228
0.015065
0.014970
0.015371
0.015559
0.015562
0.015632
0.015497
0.015458
0.015285
0.015119
0.015322
0.015206
0.015426
0.015588
0.015447
0.015495
0.015110
0.015411
0.015275
0.015473
0.015660
0.015672
0.015505
0.015279
0.015252
0.015029
0.014953
0.015428
0.015714
0.015949
0.015866
0.015441
0.015447
0.014942
0.015003
0.015037
0.015249
0.015604
0.015812
0.015789
0.015737
0.015521
0.014979
0.014895
0.015008
0.015261
0.015518
0.015872
0.015753
0.015681
0.015479
0.014988
0.014988
0.014959
0.015154
0.015486
0.015930
0.015693
0.015618
0.015453
0.015143
0.014952
0.015034
0.015234
0.015534
0.015808
0.015713
0.015608
0.015256
0.014946
0.015201
0.015283
0.015287
0.015496
0.015670
0.015752
0.015704
0.015161
0.015249
0.014991
0.015357
0.015876
0.015688
0.015614
0.015606
0.015536
0.015217
0.014990
0.015065
0.015252
0.015557
0.015649
0.015938
0.015504
0.015315
0.015214
0.015124
0.015034
0.015353
0.015432
0.015596
0.015464
0.015380
0.015485
0.015257
0.015161
0.015178
0.015177
0.015466
0.015597
0.015451
0.015404
0.015365
0.015236
0.015400
0.015083
0.015202
0.015482
0.015573
0.015414
0.015396
0.015514
0.015283
0.015114
0.015459
0.015747
0.015786
0.015548
0.015391
0.015377
0.015018
0.015045
0.014924
0.015522
0.015945
0.016101
0.015493
0.015424
0.015067
0.015044
0.014942
0.015014
0.015265
0.015855
0.015922
0.015518
0.015727
0.015089
0.015019
0.014933
0.015369
0.015298
0.015920
0.015691
0.015725
0.015562
0.014970
0.015131
0.015055
0.015213
0.015601
0.015689
0.015656
0.015677
0.015257
0.015124
0.014915
0.015023
0.015359
0.015641
0.015584
0.015686
0.015550
0.015042
0.015068
0.015014
0.015229
0.015179
0.015613
0.015788
0.015358
0.015565
0.015106
0.015255
0.015082
0.015157
0.015206
0.015650
0.015529
0.015505
0.015745
0.015207
0.015304
0.015051
0.015193
0.015564
0.015689
0.015475
0.015333
0.015624
0.015473
0.015202
0.015170
0.015449
0.015623
0.015826
0.015278
0.015404
0.014880
0.015050
0.015324
0.015589
0.015705
0.015611
0.015419
0.015318
0.015345
0.014912
0.015093
0.015059
0.015379
0.015841
0.015731
0.015427
0.015331
0.015506
0.014879
0.014860
0.014898
0.015396
0.015742
0.015758
0.015852
0.015508
0.015072
0.014884
0.014900
0.014931
0.015282
0.015895
0.015728
0.015650
0.015563
0.015824
0.015034
0.014948
0.015243
0.015159
0.015569
0.015913
0.015465
0.015390
0.015008
0.015004
0.015151
0.015252
0.015547
0.015612
0.015722
0.015586
0.015698
0.015231
0.014921
0.014904
0.015250
0.015712
0.015534
0.015642
0.015627
0.015316
0.015038
0.014946
0.015001
0.015277
0.015612
0.015731
0.015653
0.015670
0.015213
0.015178
0.015134
0.015294
0.015497
0.015560
0.015531
0.015335
0.015919
0.015348
0.015206
0.015171
0.015408
0.015654
0.015543
0.015343
0.015434
0.015301
0.014943
0.015846
0.015530
0.015769
0.015803
0.015498
0.015283
0.015405
0.015020
0.014951
0.015009
0.015550
0.015949
0.015815
0.015475
0.015417
0.015162
0.014986
0.014964
0.014982
0.015166
0.015678
0.015804
0.015718
0.015488
0.015292
0.015036
0.014879
0.015064
0.015225
0.015766
0.015750
0.015538
0.015676
0.015418
0.014909
0.014892
0.015023
0.015240
0.015801
0.015900
0.015685
0.015417
0.015251
0.015208
0.014991
0.015048
0.015210
0.015636
0.015822
0.015644
0.015662
0.015262
0.015070
0.015183
0.015701
0.015629
0.015623
0.015814
0.015615
0.015342
0.015414
0.015255
0.015406
0.015204
0.015622
0.015908
0.015582
0.015687
0.015236
0.015179
0.015201
0.015471
0.015611
0.015587
0.015472
0.015510
0.015184
0.014951
0.015167
0.015215
0.015307
0.015619
0.015543
0.015419
0.015422
0.015086
0.015255
0.015131
0.015181
0.015498
0.015658
0.015570
0.015374
0.015450
0.015006
0.015003
0.015265
0.015402
0.015582
0.015713
0.015697
0.015418
0.015299
0.014970
0.014951
0.014993
0.015194
0.015388
0.015946
0.015702
0.015473
0.015413
0.015033
0.014954
0.014977
0.015036
0.015495
0.015704
0.015963
0.015499
0.015438
0.014918
0.015077
0.015080
0.015275
0.015536
0.015840
0.015767
0.015445
0.015488
0.015047
0.014906
0.015048
0.015246
0.015492
0.015848
0.015710
0.015652
0.015201
0.015098
0.015176
0.015073
0.015244
0.015590
0.015581
0.015631
0.015607
0.015148
0.014903
0.014892
0.015209
0.015493
0.015541
0.015788
0.015624
0.015584
0.015319
0.015107
0.014906
0.015045
0.015266
0.015782
0.015948
0.015732
0.015668
0.015141
0.015210
0.015068
0.015226
0.015376
0.015607
0.015854
0.015887
0.015819
0.015159
0.015198
0.015259
0.015252
0.015546
0.015649
0.015468
0.015432
0.015149
0.015528
0.015333
0.015542
0.015688
0.015729
0.015513
0.015403
0.015479
0.015072
0.014922
0.015140
0.015680
0.015858
0.015670
0.015562
0.015373
0.014901
0.014955
0.014876
0.014972
0.015480
0.015951
0.015916
0.015723
0.015476
0.014961
0.015064
0.015003
0.015297
0.015470
0.015812
0.016075
0.015689
0.015364
0.015194
0.014965
0.015232
0.015190
0.015528
0.015612
0.015726
0.015684
0.015352
0.015428
0.015132
0.015223
0.015563
0.015654
0.015568
0.015385
0.015718
0.015238
0.015361
0.015426
0.015743
0.015618
0.015632
0.015305
0.015561
0.014867
0.015078
0.015263
0.015330
0.015524
0.015702
0.015509
0.015472
0.015077
0.015254
0.015049
0.015295
0.016313
0.016334
0.015757
0.015419
0.015289
0.015121
0.015012
0.015277
0.015520
0.015844
0.015944
0.015757
0.015230
0.015233
0.015336
0.015699
0.015749
0.015697
0.015441
0.015659
0.015236
0.015140
0.015334
0.015372
0.015332
0.015523
0.016090
0.015404
0.015604
0.015113
0.014948
0.015346
0.015505
0.015756
0.015626
0.015357
0.015250
0.015072
0.015182
0.015007
0.015259
0.015477
0.015692
0.015845
0.015620
0.015417
0.014973
0.015174
0.015038
0.015267
0.015808
0.015800
0.015761
0.015538
0.015216
0.014907
0.014949
0.015307
0.015514
0.015597
0.015875
0.015813
0.015653
0.015080
0.015047
0.014899
0.015384
0.015242
0.015516
0.016168
0.015834
0.015622
0.015286
0.015083
0.015085
0.015264
0.015588
0.015573
0.015466
0.015747
0.015396
0.015245
0.015141
0.015267
0.015656
0.015565
0.015561
0.015359
0.015485
0.015015
0.015426
0.015178
0.015441
0.015595
0.015562
0.015403
0.015382
0.015062
0.015125
0.014975
0.015352
0.015528
0.015754
0.015582
0.015311
0.015410
0.014933
0.014908
0.014982
0.015422
0.016038
0.015883
0.015592
0.015545
0.015053
0.014990
0.015013
0.015055
0.015208
0.015696
0.015752
0.015633
0.015690
0.015091
0.015003
0.014960
0.014982
0.015210
0.015476
0.015864
0.015730
0.015606
0.015206
0.015095
0.015004
0.015285
0.015550
0.015577
0.016088
0.015509
0.015523
0.015091
0.014991
0.015151
0.015450
0.015788
0.015555
0.015512
0.015628
0.015235
0.015170
0.015056
0.015264
0.015175
0.015578
0.015701
0.015381
0.015636
0.015296
0.015265
0.015101
0.015482
0.015560
0.015627
0.015542
0.015409
0.015215
0.015131
0.015118
0.015225
0.015419
0.015525
0.015585
0.015398
0.015426
0.015211
0.015137
0.015377
0.015505
0.015742
0.015639
0.015686
0.015674
0.015524
0.014962
0.014917
0.015176
0.015523
0.015712
0.015871
0.015577
0.015511
0.014931
0.014899
0.015016
0.015000
0.015217
0.015708
0.015910
0.015753
0.015596
0.015027
0.014977
0.014879
0.015019
0.015260
0.015839
0.015817
0.016378
0.015620
0.015113
0.014934
0.014983
0.015299
0.015590
0.015593
0.015840
0.015570
0.015634
0.015354
0.015109
0.015307
0.015255
0.015539
0.015608
0.015550
0.015637
0.015188
0.015285
0.015239
0.015584
0.015695
0.015704
0.015519
0.015402
0.015671
0.015242
0.015245
0.015265
0.015427
0.015726
0.015842
0.015628
0.015422
0.015002
0.014988
0.015312
0.015636
0.015832
0.015744
0.015524
0.015595
0.014970
0.015006
0.015000
0.015361
0.015676
0.015749
0.015837
0.015507
0.015427
0.014945
0.015209
0.015029
0.015243
0.015624
0.015809
0.015619
0.015494
0.015411
0.014985
0.014967
0.015169
0.015462
0.015591
0.015819
0.015790
0.015628
0.015154
0.015111
0.015132
0.015349
0.015522
0.015569
0.016060
0.015661
0.015690
0.015284
0.016123
0.016220
0.016457
0.016389
0.015796
0.015772
0.015992
0.016015
0.016467
0.016385
0.016037
0.016050
0.016014
0.016253
0.016640
0.016449
0.016473
0.016070
0.015940
0.016135
0.016391
0.015881
0.015390
0.015442
0.014887
0.014974
0.015204
0.015519
0.015718
0.015616
0.015654
0.015319
0.015354
0.014895
0.014975
0.014952
0.015429
0.016011
0.015893
0.015571
0.015502
0.015319
0.014940
0.014992
0.014976
0.015404
0.015792
0.015809
0.015986
0.015862
0.015103
0.015009
0.014920
0.015227
0.015214
0.015813
0.015776
0.015664
0.015512
0.015277
0.015008
0.015035
0.015224
0.015588
0.015622
0.015723
0.015743
0.015537
0.014995
0.015074
0.015185
0.015292
0.015506
0.015581
0.015720
0.015661
0.015537
0.015145
0.014902
0.015037
0.015250
0.015669
0.015634
0.015480
0.015618
0.015235
0.015125
0.015165
0.015316
0.015265
0.015520
0.016071
0.015510
0.015774
0.015071
0.015229
0.015232
0.015533
0.015632
0.015638
0.015465
0.015464
0.015592
0.015353
0.015402
0.015609
0.015723
0.015625
0.015590
0.015385
0.015395
0.015019
0.015060
0.015229
0.015533
0.015769
0.015843
0.015466
0.015485
0.014910
0.015031
0.015055
0.014962
0.015310
0.015945
0.016004
0.015687
0.015507
0.015049
0.014923
0.014956
0.015068
0.015238
0.015650
0.016163
0.015706
0.015516
0.014993
0.014942
0.015435
0.015887
0.016405
0.015850
0.015795
0.015657
0.015418
0.015210
0.015469
0.015290
0.015574
0.015604
0.015466
0.015425
0.015012
0.015285
0.015410
0.015650
0.015852
0.015777
0.015445
0.015396
0.015291
0.015033
0.014923
0.015263
0.015368
0.015697
0.015732
0.015467
0.015480
0.015043
0.014988
0.014962
0.014981
0.015515
0.015793
0.015647
0.015987
0.015442
0.014883
0.015001
0.014865
0.014969
0.015437
0.015810
0.015867
0.015504
0.015510
0.015573
0.014977
0.014965
0.015242
0.015754
0.015791
0.015961
0.015653
0.015278
0.015043
0.015202
0.015286
0.015284
0.015572
0.015805
0.015663
0.015614
0.015138
0.015156
0.015073
0.015321
0.015717
0.015740
0.015699
0.015573
0.015489
0.015134
0.015054
0.014990
0.015291
0.015558
0.015640
0.015717
0.015534
0.015189
0.015177
0.015145
0.015055
0.015204
0.015546
0.015574
0.015387
0.015430
0.015682
0.015422
0.015256
0.015272
0.015174
0.015476
0.015582
0.015419
0.015434
0.015005
0.015321
0.015518
0.015522
0.015625
0.015559
0.015450
0.015576
0.015360
0.014991
0.014976
0.015198
0.015513
0.015897
0.015670
0.015559
0.015399
0.014958
0.014942
0.014867
0.014933
0.015416
0.015758
0.015831
0.015958
0.015469
0.014948
0.015034
0.014867
0.014977
0.015261
0.015810
0.015784
0.015540
0.015487
0.014900
0.014913
0.014948
0.014898
0.015217
0.015732
0.015788
0.015480
0.015605
0.015181
0.015104
0.014899
0.014975
0.015187
0.015813
0.015780
0.015656
0.015664
0.015134
0.014916
0.015084
0.015070
0.015253
0.015778
0.015832
0.015757
0.015360
0.015174
0.015123
0.015094
0.015072
0.015280
0.015742
0.015922
0.015763
0.015612
0.015131
0.014879
0.014927
0.015238
0.015260
0.015557
0.016229
0.015758
0.015706
0.015280
0.015309
0.015456
0.015201
0.015579
0.015672
0.015393
0.015386
0.015636
0.015238
0.015372
0.015574
0.015719
0.015565
0.015443
0.015355
0.015298
0.014948
0.015402
0.015354
0.015498
0.015867
0.015669
0.015443
0.015382
0.014937
0.014917
0.014995
0.015160
0.015461
0.015792
0.015621
0.015414
0.015406
0.015059
0.015049
0.014903
0.015029
0.015428
0.015832
0.015965
0.015556
0.015419
0.014955
0.014972
0.015021
0.015006
0.015521
0.015787
0.015809
0.015572
0.015844
0.015453
0.015040
0.015017
0.015213
0.015573
0.015846
0.015580
0.015710
0.015193
0.014957
0.015134
0.015028
0.015264
0.015549
0.015899
0.015707
0.015721
0.015064
0.015069
0.014927
0.015073
0.015390
0.015604
0.015739
0.015761
0.015596
0.015236
0.015054
0.015093
0.015228
0.015362
0.015684
0.015702
0.015659
0.015714
0.015287
0.015039
0.015237
0.015248
0.015532
0.015609
0.015686
0.016022
0.015649
0.015261
0.015244
0.015432
0.015633
0.015535
0.015668
0.015593
0.015493
0.015056
0.015288
0.015819
0.015644
0.015709
0.015680
0.015544
0.015468
0.015048
0.015004
0.015017
0.015380
0.015931
0.015920
0.015683
0.015528
0.015184
0.015082
0.014944
0.015048
0.015245
0.015752
0.015907
0.015714
0.015455
0.015062
0.014947
0.014934
0.015074
0.015274
0.015677
0.015839
0.015732
0.015778
0.015113
0.014991
0.014902
0.014995
0.015245
0.015544
0.015861
0.015687
0.015654
0.015203
0.015093
0.015049
0.015333
0.015249
0.015485
0.015713
0.015713
0.015682
0.015200
0.015134
0.015175
0.015502
0.015828
0.015725
0.015492
0.015659
0.015191
0.015181
0.015128
0.015382
0.015209
0.015604
0.015661
0.015465
0.015577
0.015262
0.015112
0.015239
0.015384
0.015623
0.015570
0.015689
0.015849
0.015187
0.015053
0.015213
0.015175
0.015384
0.015543
0.015584
0.015418
0.015381
0.015523
0.015120
0.014967
0.015262
0.015357
0.015761
0.015575
0.015414
0.015415
0.015001
0.014939
0.015178
0.015146
0.015411
0.015699
0.015584
0.015472
0.015359
0.015094
0.015034
0.014970
0.015133
0.015361
0.015961
0.015967
0.015603
0.015423
0.014953
0.015134
0.014995
0.015062
0.015331
0.015778
0.016265
0.015852
0.015711
0.015171
0.014978
0.015086
0.015340
0.015460
0.015750
0.015736
0.015661
0.015711
0.015309
0.015029
0.015306
0.015598
0.015633
0.015933
0.015754
0.015696
0.015285
0.015375
0.015780
0.015631
0.015625
0.015741
0.015452
0.015470
0.015052
0.015260
0.015338
0.015423
0.015855
0.015729
0.015458
0.015460
0.015171
0.014961
0.015182
0.015175
0.015434
0.015777
0.015713
0.015865
0.015620
0.015194
0.015053
0.015001
0.015247
0.015796
0.015854
0.015677
0.015580
0.015178
0.015252
0.015103
0.015267
0.015227
0.015525
0.015805
0.015695
0.015770
0.015104
0.014932
0.015185
0.015460
0.015647
0.015658
0.015606
0.015566
0.015788
0.015284
0.015148
0.015246
0.015239
0.015679
0.015713
0.015432
0.015669
0.015197
0.015146
0.015178
0.015297
0.015528
0.015588
0.016115
0.015817
0.015586
0.015303
0.015386
0.015579
0.015771
0.015798
0.015481
0.015448
0.015421
0.015058
0.015220
0.015594
0.015806
0.016281
0.016089
0.015649
0.015220
0.015191
0.015101
0.015402
0.015379
0.015575
0.015947
0.015792
0.015778
0.015302
0.015248
0.015005
0.015221
0.015597
0.015716
0.015748
0.015596
0.015305
0.015293
0.015221
0.015220
0.015285
0.015570
0.015668
0.015430
0.015543
0.015579
0.015339
0.015350
0.015400
0.015568
0.015570
0.015394
0.015407
0.015464
0.015186
0.015573
0.015658
0.016452
0.015927
0.015603
0.015361
0.015342
0.015057
0.015312
0.014966
0.015294
0.015813
0.016080
0.015882
0.015650
0.015091
0.014901
0.015042
0.015206
0.015287
0.015888
0.015949
0.016020
0.015598
0.015040
0.015041
0.014957
0.015268
0.015720
0.015556
0.015927
0.015545
0.015293
0.015236
0.015097
0.014942
0.015204
0.015659
0.015557
0.015758
0.015581
0.015204
0.015126
0.015378
0.015407
0.015215
0.015565
0.015596
0.015417
0.015642
0.015190
0.015227
0.015087
0.015400
0.015695
0.015832
0.015880
0.015623
0.015587
0.015229
0.015186
0.015538
0.015311
0.015725
0.015747
0.015825
0.015537
0.015210
0.015156
0.015377
0.015539
0.015852
0.015751
0.015466
0.015435
0.015018
0.015155
0.015036
0.015489
0.015550
0.015837
0.016241
0.015580
0.015194
0.014972
0.014919
0.015170
0.015313
0.015620
0.015874
0.015621
0.015760
0.015141
0.015027
0.015015
0.015062
0.015283
0.015633
0.016056
0.015548
0.015631
0.015032
0.014946
0.014966
0.014993
0.015268
0.015498
0.015710
0.015948
0.015573
0.015483
0.015002
0.014934
0.015131
0.015305
0.015593
0.015572
0.015891
0.015631
0.015424
0.015240
0.015141
0.015276
0.015649
0.015627
0.015949
0.015936
0.015422
0.015201
0.015344
0.015445
0.015245
0.015508
0.015633
0.015474
0.015408
0.014959
0.015248
0.015316
0.015204
0.015183
0.015609
0.015641
0.015413
0.015361
0.015368
0.015148
0.015258
0.015358
0.015209
0.015471
0.015864
0.015428
0.015428
0.015258
0.015134
0.015236
0.015462
0.015489
0.015562
0.015652
0.015662
0.015737
0.015061
0.015127
0.015215
0.015530
0.015790
0.015796
0.015415
0.015395
0.015418
0.014991
0.015140
0.015099
0.015645
0.016067
0.015986
0.015629
0.015563
0.014969
0.015033
0.015047
0.015269
0.015672
0.015786
0.015867
0.015596
0.015159
0.014912
0.014963
0.015023
0.015225
0.015554
0.015937
0.015740
0.015754
0.015207
0.014939
0.014978
0.015031
0.015193
0.015498
0.015702
0.015762
0.015817
0.015351
0.015219
0.015102
0.015274
0.015512
0.015792
0.015804
0.015511
0.015609
0.015343
0.015546
0.015559
0.015685
0.015604
0.015741
0.015456
0.015611
0.015226
0.015365
0.015458
0.015634
0.015764
0.016092
0.015583
0.015462
0.015082
0.014970
0.015049
0.015309
0.015755
0.015952
0.015917
0.015540
0.014994
0.014976
0.015053
0.015082
0.015277
0.015920
0.015852
0.015664
0.015584
0.015376
0.015065
0.014995
0.015299
0.015631
0.015675
0.015730
0.015680
0.015323
0.015012
0.015164
0.015165
0.015364
0.015760
0.015596
0.015711
0.015534
0.015369
0.015286
0.016050
0.016369
0.016512
0.016395
0.015744
0.015807
0.015876
0.016105
0.016510
0.016626
0.016072
0.015950
0.016260
0.016459
0.016996
0.016517
0.016040
0.015946
0.015944
0.015264
0.015542
0.015586
0.015862
0.015784
0.015335
0.015310
0.015351
0.015622
0.015683
0.015565
0.015476
0.015356
0.015366
0.015102
0.015282
0.015136
0.015490
0.015819
0.015798
0.015357
0.015468
0.014961
0.015032
0.014941
0.015079
0.015740
0.015875
0.015866
0.015570
0.015603
0.014964
0.014949
0.015140
0.015319
0.015769
0.016093
0.015840
0.015789
0.015173
0.015017
0.015089
0.015378
0.015554
0.015586
0.015598
0.015740
0.015977
0.015419
0.015462
0.015457
0.015646
0.015631
0.015676
0.015501
0.015478
0.014967
0.015317
0.015461
0.015480
0.015487
0.015624
0.015659
0.015440
0.014968
0.015034
0.015074
0.015170
0.015665
0.015812
0.015673
0.015476
0.015455
0.014945
0.014923
0.014944
0.015421
0.015454
0.015693
0.015908
0.015564
0.015430
0.014954
0.014925
0.015018
0.015317
0.015478
0.015783
0.016067
0.015490
0.015681
0.015078
0.015030
0.015104
0.015243
0.015631
0.015849
0.015638
0.015583
0.015414
0.015020
0.015296
0.015113
0.015328
0.015666
0.015940
0.015724
0.015726
0.015191
0.015100
0.015111
0.015324
0.015775
0.015609
0.015865
0.015741
0.015493
0.015269
0.015098
0.015282
0.015210
0.015661
0.015976
0.015577
0.015671
0.015341
0.015192
0.015315
0.015247
0.015663
0.015734
0.015582
0.015422
0.015483
0.015103
0.015230
0.015515
0.015846
0.015704
0.015416
0.015395
0.015236
0.014970
0.015121
0.015480
0.016322
0.015934
0.015598
0.015564
0.015261
0.015112
0.014930
0.015109
0.015365
0.015540
0.015885
0.015877
0.015639
0.015230
0.015081
0.014963
0.015257
0.015685
0.015716
0.015825
0.015577
0.015691
0.015253
0.015209
0.015602
0.015559
0.015559
0.015543
0.015403
0.015541
0.014969
0.015337
0.015438
0.015511
0.015670
0.015742
0.015470
0.015463
0.015004
0.014988
0.015060
0.015503
0.015981
0.015893
0.015546
0.015502
0.015178
0.014964
0.015124
0.015031
0.015333
0.015873
0.016293
0.016014
0.015635
0.015165
0.015096
0.015067
0.015237
0.015562
0.015553
0.015637
0.015545
0.015716
0.015438
0.015335
0.015359
0.015609
0.015639
0.015537
0.015490
0.015460
0.015351
0.015454
0.015641
0.015888
0.015781
0.015422
0.015388
0.015004
0.015003
0.015032
0.015609
0.015879
0.015913
0.015780
0.015468
0.015335
0.014996
0.015075
0.015054
0.015284
0.015852
0.015917
0.015863
0.015959
0.015204
0.014920
0.015071
0.015250
0.015627
0.015594
0.015726
0.015603
0.015720
0.015203
0.015297
0.015403
0.015666
0.015621
0.015670
0.015510
0.015719
0.015129
0.015278
0.015239
0.016098
0.016235
0.016267
0.015506
0.015030
0.015113
0.015064
0.015548
0.015545
0.015842
0.015761
0.015617
0.015182
0.014970
0.015079
0.015029
0.015222
0.015860
0.015821
0.015691
0.015517
0.015055
0.015201
0.015285
0.015419
0.015515
0.015637
0.015603
0.015541
0.015560
0.015182
0.015086
0.015327
0.015347
0.015665
0.015631
0.015402
0.015669
0.015180
0.015020
0.014976
0.015256
0.015202
0.015700
0.015831
0.015527
0.015664
0.015352
0.015216
0.015102
0.015281
0.015468
0.015719
0.015424
0.015776
0.015252
0.015818
0.015431
0.015588
0.015807
0.015695
0.015387
0.015501
0.015309
0.014960
0.015253
0.015580
0.015878
0.015805
0.015670
0.015378
0.015405
0.015022
0.015092
0.015054
0.015273
0.015985
0.015776
0.015751
0.015608
0.014945
0.014956
0.014962
0.014964
0.015205
0.015606
0.016254
0.015763
0.015682
0.015198
0.015096
0.014948
0.015218
0.015636
0.015645
0.015740
0.015892
0.015924
0.015283
0.015146
0.015296
0.015630
0.015860
0.015563
0.015360
0.014951
0.014965
0.015354
0.015754
0.015761
0.015712
0.015542
0.015367
0.015501
0.015003
0.015016
0.015066
0.015599
0.015905
0.015879
0.015469
0.015440
0.015045
0.015014
0.015008
0.015331
0.015273
0.015877
0.015819
0.015895
0.015610
0.014955
0.014956
0.014966
0.015215
0.015582
0.015757
0.015813
0.015574
0.015141
0.015280
0.014957
0.014965
0.015198
0.015521
0.015646
0.015550
0.015821
0.015347
0.015256
0.015259
0.015377
0.015789
0.015720
0.015553
0.015668
0.015335
0.015181
0.015253
0.015423
0.015687
0.015677
0.015740
0.015705
0.015507
0.015106
0.015313
0.015495
0.015611
0.015876
0.015665
0.015459
0.015664
0.014983
0.015007
0.015002
0.015294
0.015850
0.015890
0.015538
0.015362
0.015351
0.014974
0.015444
0.015298
0.015674
0.015838
0.015951
0.015669
0.015663
0.015015
0.015195
0.015011
0.015249
0.015766
0.015600
0.015657
0.015608
0.015273
0.015040
0.015033
0.014931
0.015317
0.015638
0.015832
0.015835
0.015700
0.015204
0.015205
0.015028
0.015234
0.015522
0.015621
0.015603
0.015408
0.015627
0.015242
0.015601
0.015482
0.015766
0.015568
0.015508
0.015425
0.015490
0.015009
0.015296
0.015556
0.015537
0.015790
0.015718
0.015477
0.015448
0.014962
0.014926
0.015009
0.015067
0.015555
0.015948
0.015962
0.015547
0.015550
0.014942
0.014958
0.014932
0.015282
0.015545
0.015782
0.016297
0.015837
0.015141
0.015070
0.014921
0.015040
0.015242
0.016119
0.016379
0.015790
0.015751
0.015591
0.015150
0.015287
0.015534
0.015629
0.015588
0.015413
0.015552
0.015269
0.015332
0.015435
0.015564
0.015803
0.015681
0.015439
0.015450
0.014905
0.015064
0.015046
0.015589
0.015813
0.016057
0.015612
0.015384
0.015278
0.014956
0.015113
0.014948
0.015320
0.015642
0.015899
0.015569
0.015668
0.015204
0.014920
0.014945
0.015035
0.015185
0.015768
0.015987
0.015625
0.015553
0.015106
0.015143
0.015092
0.015293
0.015507
0.015591
0.015877
0.015636
0.015581
0.015122
0.014963
0.015207
0.015411
0.016473
0.015660
0.015695
0.015673
0.015365
0.015237
0.015081
0.015255
0.015589
0.016262
0.015651
0.015719
0.015332
0.015189
0.015198
0.015387
0.015681
0.015650
0.015516
0.015592
0.015372
0.014998
0.014941
0.015275
0.015442
0.015674
0.015752
0.015443
0.015284
0.015400
0.014927
0.015247
0.015098
0.015506
0.015847
0.015916
0.015557
0.015556
0.014936
0.015083
0.015001
0.015307
0.015701
0.015970
0.015870
0.015738
0.015365
0.014969
0.015023
0.014955
0.015310
0.015517
0.015971
0.015679
0.015723
0.015066
0.014929
0.014935
0.014968
0.015294
0.015552
0.015633
0.015649
0.015763
0.015470
0.015391
0.015032
0.015324
0.015176
0.015498
0.015623
0.015714
0.015705
0.015132
0.015389
0.015066
0.015229
0.015566
0.015634
0.015565
0.015301
0.015669
0.015114
0.015081
0.015285
0.015410
0.015541
0.015655
0.015512
0.015416
0.015493
0.015071
0.015173
0.015115
0.015185
0.015521
0.015662
0.015540
0.015364
0.015453
0.015103
0.015258
0.015254
0.015361
0.015696
0.015688
0.015726
0.015517
0.014875
0.014997
0.015183
0.015623
0.015764
0.015706
0.015637
0.015362
0.015485
0.015187
0.015010
0.015242
0.015483
0.015878
0.015802
0.015527
0.015485
0.015190
0.014918
0.015096
0.015132
0.015196
0.015809
0.015817
0.015550
0.015385
0.015273
0.014975
0.014902
0.014924
0.015298
0.015923
0.015860
0.015632
0.015596
0.015146
0.014919
0.015005
0.015039
0.015227
0.015805
0.016188
0.015756
0.015647
0.015076
0.014961
0.015012
0.015303
0.015619
0.015596
0.015821
0.015958
0.015480
0.015267
0.015024
0.015123
0.015193
0.015620
0.015637
0.015542
0.015713
0.015223
0.015292
0.015345
0.015416
0.015826
0.015754
0.015460
0.015412
0.015223
0.015072
0.015309
0.015218
0.015502
0.015807
0.015638
0.015449
0.015466
0.015014
0.014975
0.015047
0.015153
0.015511
0.015665
0.015874
0.015604
0.015537
0.014948
0.014977
0.015015
0.015492
0.015724
0.015800
0.015647
0.015473
0.015427
0.014976
0.015017
0.014958
0.015368
0.016413
0.016727
0.016218
0.015322
0.015172
0.015228
0.015428
0.015607
0.015638
0.015651
0.015744
0.015639
0.015201
0.015132
0.015199
0.015165
0.015691
0.015792
0.015487
0.015534
0.015276
0.015295
0.015174
0.015315
0.015528
0.015662
0.015590
0.015872
0.015512
0.014959
0.015059
0.015190
0.015388
0.015625
0.015674
0.015407
0.015404
0.015060
0.015990
0.015467
0.015889
0.016166
0.016053
0.015637
0.015637
0.015597
0.015352
0.015552
0.016025
0.016148
0.015859
0.015573
0.015211
0.015759
0.015871
0.016091
0.016122
0.015795
0.015566
0.015593
0.015436
0.015561
0.015980
0.016089
0.015959
0.015836
0.015513
0.015622
0.015503
0.015797
0.016082
0.016150
0.015899
0.015406
0.015294
0.015311
0.015586
0.016183
0.016124
0.016107
0.015952
0.015627
0.015690
0.015867
0.016011
0.016142
0.015643
0.015474
0.015375
0.015381
0.015817
0.016340
0.016206
0.016138
0.015438
0.015315
0.015269
0.015554
0.015885
0.015980
0.015997
0.016063
0.015533
0.015715
0.015864
0.016147
0.016216
0.015891
0.015583
0.015334
0.015292
0.015771
0.015989
0.016153
0.016014
0.015772
0.015664
0.015565
0.015742
0.015956
0.015935
0.015796
0.015738
0.015399
0.015583
0.015773
0.015900
0.016186
0.015886
0.015794
0.015694
0.015461
0.015956
0.016021
0.016776
0.016648
0.016154
0.016457
0.016743
0.017050
0.016808
0.016297
0.016588
0.017020
0.017121
0.016849
0.016344
0.015682
0.015566
0.015882
0.016082
0.015709
0.015885
0.015600
0.015341
0.015364
0.015601
0.015838
0.015960
0.016035
0.015672
0.015516
0.015517
0.016030
0.016194
0.015993
0.015741
0.015708
0.015415
0.015328
0.015386
0.015834
0.016286
0.015836
0.016227
0.015601
0.015432
0.015521
0.015603
0.015875
0.015945
0.015860
0.015613
0.015549
0.015684
0.016072
0.016171
0.016022
0.015770
0.015479
0.015315
0.015295
0.015673
0.015879
0.016003
0.016486
0.015759
0.015653
0.015602
0.015933
0.016141
0.015963
0.015815
0.015539
0.015292
0.015462
0.015855
0.015963
0.016277
0.016038
0.015819
0.015647
0.015559
0.015728
0.015937
0.016091
0.016117
0.015722
0.015453
0.015463
0.015753
0.016226
0.016267
0.016063
0.015763
0.015652
0.015853
0.015753
0.015826
0.016166
0.015845
0.015385
0.015287
0.015327
0.015326
0.015492
0.015819
0.016047
0.015559
0.015535
0.014988
0.015019
0.015075
0.015248
0.015662
0.015850
0.015645
0.015498
0.015370
0.014988
0.014920
0.015015
0.015226
0.015534
0.015795
0.015728
0.015738
0.015436
0.015341
0.015231
0.015327
0.015722
0.015630
0.015769
0.015693
0.015580
0.015236
0.015176
0.015460
0.015651
0.015761
0.015661
0.015631
0.015597
0.015408
0.015336
0.015555
0.015964
0.015815
0.015681
0.015754
0.015123
0.015066
0.015166
0.015308
0.015540
0.015840
0.015872
0.015597
0.015593
0.015174
0.015147
0.014939
0.015325
0.015526
0.015846
0.015719
0.015781
0.015095
0.015064
0.015061
0.015345
0.015666
0.015503
0.015766
0.015660
0.015712
0.015208
0.015142
0.015096
0.015234
0.015612
0.015843
0.015493
0.015800
0.015711
0.015263
0.015247
0.015505
0.016069
0.016221
0.015550
0.015460
0.015367
0.014994
0.015054
0.015440
0.015756
0.015714
0.015635
0.015422
0.015509
0.014970
0.015121
0.015165
0.015512
0.016272
0.015954
0.015652
0.015474
0.014974
0.014963
0.015150
0.015087
0.015287
0.015897
0.015771
0.015658
0.015469
0.015122
0.014900
0.014949
0.015033
0.015242
0.015867
0.016252
0.015696
0.015712
0.015044
0.015030
0.014967
0.015264
0.015583
0.015685
0.015804
0.015598
0.015734
0.015092
0.015164
0.015256
0.015645
0.015639
0.015549
0.015477
0.015749
0.015293
0.015517
0.015638
0.015735
0.015722
0.015431
0.015482
0.015479
0.014976
0.014990
0.015374
0.015549
0.015796
0.015804
0.015413
0.015750
0.015146
0.015042
0.014962
0.015393
0.015870
0.015907
0.015622
0.015806
0.015353
0.014885
0.015017
0.015033
0.015385
0.015832
0.015841
0.015626
0.015713
0.015160
0.015246
0.014938
0.015334
0.015644
0.015585
0.015661
0.015802
0.015446
0.015164
0.015052
0.015345
0.015258
0.015588
0.015621
0.015473
0.015616
0.015191
0.015155
0.015148
0.015265
0.015595
0.015654
0.015707
0.015493
0.015564
0.015279
0.015319
0.015193
0.015324
0.015708
0.015663
0.015496
0.015678
0.015126
0.015434
0.015367
0.015566
0.015785
0.015765
0.015417
0.015689
0.015111
0.014982
0.015124
0.014966
0.015582
0.015900
0.015847
0.015617
0.015508
0.015028
0.014977
0.014982
0.015315
0.015392
0.015870
0.015867
0.015701
0.015543
0.015065
0.014946
0.014974
0.015323
0.015538
0.015870
0.015740
0.015592
0.015537
0.015193
0.014959
0.014979
0.015212
0.015520
0.015644
0.015526
0.016193
0.015434
0.015059
0.015105
0.015031
0.015205
0.015616
0.015561
0.015668
0.015676
0.015473
0.015274
0.014948
0.015363
0.015365
0.015663
0.015663
0.015343
0.015632
0.015284
0.015248
0.015100
0.015321
0.015599
0.015703
0.015607
0.015468
0.015403
0.015238
0.015265
0.015585
0.015673
0.015736
0.015468
0.015410
0.015439
0.014978
0.014990
0.014962
0.015593
0.015824
0.015830
0.015508
0.015727
0.015138
0.014992
0.015043
0.015006
0.015537
0.015810
0.015832
0.015767
0.015430
0.015088
0.015154
0.015048
0.015306
0.015505
0.015781
0.015700
0.015653
0.015270
0.015125
0.015107
0.015160
0.015509
0.015686
0.016144
0.016079
0.015536
0.015302
0.015078
0.015321
0.015611
0.015563
0.015986
0.015866
0.015329
0.015235
0.015324
0.015727
0.015813
0.015688
0.015847
0.015609
0.015415
0.015250
0.014986
0.015256
0.015230
0.015802
0.016232
0.015845
0.015444
0.015153
0.015058
0.015553
0.015321
0.015566
0.015807
0.016022
0.015841
0.015194
0.015145
0.015317
0.015180
0.015574
0.016158
0.015836
0.015579
0.015197
0.015311
0.015658
0.015854
0.015701
0.015607
0.015755
0.015590
0.015282
0.015057
0.015241
0.015650
0.015744
0.016034
0.015785
0.015379
0.015119
0.014960
0.015443
0.015387
0.015569
0.016200
0.015750
0.015890
0.015387
0.015079
0.015009
0.015246
0.015549
0.016197
0.015646
0.015703
0.015051
0.015142
0.015149
0.015362
0.015559
0.015755
0.015693
0.015749
0.015630
0.015297
0.014917
0.015419
0.015690
0.015954
0.015686
0.015673
0.014998
0.015055
0.015137
0.015542
0.016337
0.016049
0.015744
0.015924
0.015349
0.015214
0.014990
0.015185
0.015611
0.016075
0.015889
0.015969
0.015524
0.015229
0.015552
0.015641
0.015570
0.015716
0.015775
0.015491
0.015247
0.014979
0.014956
0.015475
0.015671
0.016054
0.015781
0.015717
0.014973
0.014955
0.015012
0.015367
0.015614
0.016053
0.015813
0.015864
0.015063
0.014951
0.014934
0.015251
0.015277
0.015596
0.016009
0.015921
0.015342
0.015132
0.015235
0.015046
0.015211
0.015658
0.015871
0.015714
0.015946
0.015220
0.015308
0.015261
0.015454
0.015633
0.015808
0.015673
0.015716
0.015101
0.015320
0.015386
0.015572
0.015849
0.016139
0.015979
0.015636
0.015017
0.014947
0.015239
0.015316
0.015633
0.016314
0.015876
0.015920
0.015248
0.015200
0.015433
0.015241
0.015584
0.015865
0.015725
0.015934
0.015287
0.015292
0.015332
0.015365
0.015735
0.015824
0.015656
0.015697
0.015037
0.015133
0.015219
0.015525
0.015833
0.015956
0.015598
0.015610
0.015036
0.015080
0.015029
0.015330
0.015500
0.016029
0.015861
0.015972
0.015710
0.015229
0.015059
0.015257
0.015189
0.015548
0.015909
0.016242
0.015717
0.015335
0.015671
0.015415
0.015551
0.015786
0.015570
0.015695
0.015307
0.015030
0.015614
0.015575
0.015831
0.015946
0.015679
0.015758
0.015162
0.014890
0.014940
0.015044
0.015250
0.015802
0.015985
0.015675
0.015758
0.015108
0.015087
0.014912
0.014925
0.015240
0.015767
0.016257
0.015870
0.015746
0.014941
0.014917
0.014966
0.015215
0.015175
0.015495
0.016047
0.015917
0.016051
0.015304
0.014950
0.015317
0.015179
0.015580
0.015790
0.015782
0.015926
0.015202
0.015547
0.015563
0.015342
0.015742
0.016062
0.015702
0.015484
0.014905
0.015198
0.015182
0.015526
0.015799
0.015913
0.015572
0.015641
0.015078
0.015100
0.014984
0.015280
0.015320
0.015780
0.015873
0.015843
0.015561
0.014902
0.014934
0.015007
0.015228
0.015838
0.015970
0.015820
0.015729
0.015126
0.015295
0.015025
0.015220
0.015166
0.015715
0.016102
0.015810
0.015821
0.015270
0.014958
0.015340
0.015444
0.015587
0.015772
0.015812
0.015932
0.015303
0.015161
0.015402
0.015191
0.015499
0.016150
0.015808
0.015810
0.015232
0.015107
0.015274
0.015589
0.015732
0.015928
0.015737
0.015675
0.015241
0.015029
0.014885
0.015216
0.015525
0.015886
0.015805
0.015775
0.015387
0.015126
0.015060
0.015437
0.015274
0.015534
0.016159
0.015944
0.015813
0.015156
0.015006
0.014934
0.015240
0.015825
0.015891
0.016219
0.015929
0.015191
0.015178
0.015077
0.015646
0.015853
0.016335
0.015811
0.016070
0.015128
0.014978
0.015048
0.015360
0.015850
0.015992
0.015612
0.015531
0.015092
0.015092
0.015406
0.015312
0.015526
0.016117
0.015791
0.015752
0.015542
0.014905
0.015056
0.015034
0.015250
0.015689
0.015997
0.015785
0.015857
0.014957
0.015094
0.014963
0.015239
0.015271
0.015554
0.016425
0.016021
0.015224
0.015166
0.015099
0.014949
0.015255
0.015551
0.015765
0.015944
0.015860
0.015845
0.015352
0.015174
0.015461
0.015618
0.015831
0.015677
0.015633
0.015101
0.015138
0.015125
0.015804
0.015822
0.015923
0.015636
0.015724
0.015089
0.014925
0.014932
0.015103
0.015329
0.015663
0.016256
0.015831
0.015793
0.015131
0.014949
0.014929
0.015231
0.015545
0.016155
0.015998
0.016101
0.015353
0.015181
0.015142
0.015211
0.015589
0.015845
0.015369
0.015583
0.015676
0.015354
0.015538
0.015406
0.015645
0.015643
0.015284
0.015471
0.015444
0.014950
0.015238
0.015244
0.015359
0.015766
0.015678
0.015339
0.015451
0.015154
0.014922
0.014940
0.015146
0.015508
0.015734
0.015897
0.015603
0.015413
0.015063
0.014973
0.014950
0.015011
0.015316
0.015793
0.015738
0.015416
0.015790
0.015250
0.014952
0.015272
0.015051
0.015390
0.015770
0.015776
0.015527
0.015575
0.015055
0.015306
0.014998
0.015176
0.015320
0.015864
0.015992
0.015545
0.015541
0.014976
0.014896
0.015008
0.015440
0.015612
0.015596
0.015841
0.015696
0.015677
0.015183
0.014910
0.014933
0.015234
0.015630
0.015783
0.015791
0.015798
0.015180
0.015144
0.015060
0.015172
0.015548
0.015609
0.015551
0.015690
0.015800
0.015227
0.015175
0.015101
0.015387
0.016423
0.016247
0.016210
0.015908
0.016168
0.016394
0.016377
0.017095
0.016445
0.016084
0.016181
0.016328
0.016666
0.016224
0.015530
0.015472
0.014961
0.014866
0.014924
0.015206
0.015554
0.015656
0.015499
0.015505
0.015290
0.014963
0.015172
0.014986
0.015202
0.015448
0.015862
0.015597
0.015494
0.015490
0.014883
0.014963
0.015034
0.015285
0.015511
0.015777
0.015399
0.015740
0.015261
0.014924
0.014860
0.014963
0.015264
0.015653
0.015897
0.015587
0.015650
0.015695
0.015244
0.015053
0.015168
0.015212
0.015691
0.015750
0.016080
0.015711
0.015237
0.015337
0.015433
0.015450
0.015531
0.015490
0.015395
0.015406
0.015029
0.015544
0.015327
0.015468
0.015655
0.015575
0.015431
0.015375
0.015314
0.014876
0.014926
0.014975
0.015563
0.015729
0.015642
0.015586
0.015424
0.015293
0.014954
0.014928
0.014935
0.015489
0.015841
0.015805
0.015446
0.015502
0.014976
0.014982
0.014967
0.014929
0.015225
0.015726
0.015842
0.016009
0.015509
0.014958
0.015030
0.015037
0.015273
0.015280
0.015682
0.015847
0.015615
0.015545
0.015373
0.015046
0.014967
0.015648
0.015618
0.015604
0.015940
0.015753
0.015287
0.015280
0.015216
0.015333
0.015617
0.015636
0.015368
0.015489
0.015738
0.015288
0.015119
0.015377
0.015275
0.015686
0.015819
0.015464
0.015567
0.015191
0.015214
0.015229
0.015445
0.015628
0.015723
0.015331
0.016005
0.015193
0.014992
0.014951
0.015194
0.015431
0.015656
0.015659
0.015364
0.015559
0.015109
0.015167
0.015001
0.015056
0.015416
0.015806
0.015773
0.015528
0.015389
0.015138
0.014985
0.015084
0.015346
0.015797
0.015860
0.016104
0.015676
0.015180
0.015013
0.014931
0.015276
0.015722
0.015807
0.015837
0.015652
0.015205
0.015271
0.015170
0.015165
0.015253
0.015557
0.015710
0.015433
0.015921
0.015270
0.015182
0.015094
0.015278
0.015541
0.015675
0.015457
0.015609
0.015485
0.015337
0.015481
0.015535
0.015664
0.015732
0.015466
0.015445
0.015545
0.014930
0.015041
0.015018
0.015468
0.015943
0.015968
0.015567
0.015594
0.015080
0.015021
0.015030
0.014915
0.015235
0.015814
0.016148
0.015813
0.015638
0.015087
0.015078
0.014964
0.015245
0.015520
0.015879
0.015542
0.015836
0.015631
0.015265
0.015038
0.015275
0.015597
0.015614
0.015655
0.015678
0.015607
0.015193
0.015472
0.015514
0.015259
0.015657
0.015722
0.015546
0.015541
0.015133
0.015259
0.015164
0.015321
0.015606
0.015823
0.015524
0.015442
0.015443
0.014981
0.015027
0.015168
0.015448
0.015693
0.015823
0.016115
0.015681
0.015071
0.015145
0.015092
0.015227
0.015834
0.015869
0.015440
0.015625
0.015148
0.015375
0.015054
0.014937
0.015279
0.015865
0.015894
0.015781
0.015668
0.015197
0.015034
0.015035
0.015345
0.015653
0.015713
0.015506
0.015662
0.015353
0.015138
0.014969
0.014898
0.015234
0.015619
0.015753
0.015649
0.015762
0.015275
0.015222
0.015033
0.015314
0.015533
0.015711
0.015408
0.015615
0.015677
0.015268
0.015178
0.015239
0.015220
0.015649
0.015626
0.015680
0.015412
0.015024
0.015237
0.015299
0.015519
0.015698
0.015783
0.015486
0.015538
0.015317
0.014933
0.015074
0.015009
0.015615
0.015851
0.015963
0.016289
0.015616
0.014928
0.014973
0.014868
0.015270
0.015564
0.016036
0.015711
0.015749
0.015425
0.015399
0.015074
0.015235
0.015732
0.015721
0.015490
0.015768
0.015774
0.015375
0.015219
0.015426
0.015547
0.015730
0.015522
0.015466
0.015472
0.015172
0.015335
0.015348
0.015565
0.015714
0.015714
0.015494
0.015545
0.015033
0.014987
0.014910
0.015548
0.015462
0.015848
0.015658
0.015454
0.015477
0.015114
0.015030
0.014926
0.015216
0.015839
0.015924
0.016261
0.015744
0.015087
0.015068
0.015367
0.015292
0.015557
0.015710
0.015739
0.015768
0.015333
0.015330
0.014970
0.014939
0.015237
0.015659
0.015687
0.015759
0.015678
0.015257
0.015291
0.015258
0.015365
0.015557
0.015681
0.015473
0.015445
0.015454
0.015306
0.015152
0.015166
0.015200
0.015579
0.015875
0.015691
0.015432
0.015113
0.015225
0.015255
0.015692
0.016057
0.016117
0.015713
0.015745
0.015278
0.015003
0.014969
0.015268
0.015595
0.016150
0.015502
0.015530
0.015364
0.014952
0.015630
0.015437
0.015231
0.015730
0.016026
0.015750
0.015755
0.015311
0.015019
0.015084
0.015423
0.015734
0.015694
0.015373
0.015733
0.015368
0.015349
0.015215
0.014929
0.015185
0.015694
0.015977
0.015586
0.015820
0.015334
0.015431
0.015239
0.015324
0.015564
0.015721
0.015512
0.015520
0.015478
0.015051
0.015172
0.015145
0.015425
0.015640
0.015688
0.015484
0.015630
0.015143
0.015398
0.015221
0.015574
0.015843
0.015895
0.015621
0.015512
0.015018
0.015034
0.014933
0.015130
0.015216
0.015944
0.015911
0.015667
0.015987
0.015062
0.014961
0.014961
0.015284
0.015200
0.015934
0.016026
0.015762
0.015596
0.015259
0.015142
0.015277
0.015576
0.015681
0.015577
0.015705
0.015714
0.015609
0.015248
0.015354
0.015323
0.015676
0.015657
0.015497
0.015392
0.015130
0.015411
0.015296
0.015480
0.015696
0.015666
0.015216
0.015490
0.016481
0.016690
0.015549
0.015543
0.015951
0.015744
0.015815
0.015244
0.015146
0.015062
0.015059
0.015259
0.015504
0.015718
0.015715
0.015803
0.015614
0.015319
0.015055
0.015292
0.015933
0.015813
0.015862
0.015674
0.015362
0.015477
0.015299
0.015570
0.015751
0.015653
0.015457
0.015576
0.015270
0.015067
0.014950
0.015237
0.015496
0.015720
0.015900
0.015455
0.015532
0.015009
0.015036
0.014999
0.015258
0.015371
0.015623
0.015655
0.015451
0.015842
0.015052
0.014951
0.015088
0.014971
0.015411
0.015804
0.015782
0.015321
0.015842
0.015361
0.015111
0.014934
0.014979
0.015391
0.015817
0.015923
0.015746
0.015535
0.015100
0.015125
0.015495
0.015582
0.015882
0.016103
0.015996
0.015721
0.015509
0.015642
0.015579
0.015794
0.016076
0.016159
0.015848
0.015188
0.015303
0.015289
0.015751
0.016149
0.016097
0.015847
0.015597
0.015535
0.015317
0.015527
0.015481
0.015792
0.016090
0.015888
0.015608
0.015464
0.015381
0.015556
0.015936
0.015942
0.015790
0.015640
0.015206
0.015233
0.015380
0.015788
0.016135
0.016016
0.016070
0.015466
0.015307
0.015237
0.015549
0.015806
0.015961
0.016143
0.015888
0.015548
0.015702
0.016000
0.015908
0.015979
0.015821
0.015821
0.015190
0.015267
0.015210
0.015474
0.016098
0.016547
0.016095
0.015787
0.015334
0.015139
0.015508
0.015820
0.016164
0.015432
0.015847
0.015389
0.015740
0.015596
0.015654
0.015912
0.015962
0.015692
0.015539
0.015145
0.015169
0.015221
0.015512
0.016212
0.016236
0.015931
0.015589
0.015365
0.015172
0.015241
0.015579
0.015709
0.016030
0.016378
0.015569
0.015513
0.015330
0.015715
0.015819
0.015855
0.015605
0.015518
0.015194
0.015393
0.015496
0.015780
0.016026
0.016114
0.015904
0.015554
0.015119
0.015139
0.015103
0.015537
0.015789
0.016117
0.015954
0.015671
0.015452
0.015381
0.015458
0.015795
0.015923
0.015458
0.015710
0.015732
0.015258
0.015384
0.015724
0.016168
0.015990
0.015660
0.015503
0.015126
0.015199
0.015290
0.015512
0.015813
0.016064
0.015824
0.015728
0.015574
0.015409
0.015448
0.015719
0.016114
0.016024
0.015601
0.015241
0.015190
0.015362
0.015663
0.015964
0.015812
0.015660
0.015480
0.015238
0.015623
0.015235
0.015460
0.016136
0.016317
0.015901
0.015655
0.015364
0.015251
0.015570
0.015887
0.015990
0.015392
0.015818
0.015643
0.015458
0.015433
0.015720
0.015918
0.015828
0.015973
0.015880
0.015224
0.015194
0.015231
0.015430
0.016013
0.015996
0.015865
0.015538
0.015276
0.015359
0.015712
0.015798
0.015813
0.015537
0.016073
0.015409
0.015513
0.015412
0.015652
0.015783
0.016179
0.015771
0.015574
0.015262
0.015118
0.015156
0.015790
0.015990
0.016096
0.015864
0.015519
0.015497
0.015218
0.015462
0.015879
0.015964
0.015401
0.015933
0.015447
0.015376
0.015402
0.015506
0.015806
0.015874
0.015262
0.015822
0.015292
0.015201
0.015473
0.015737
0.016019
0.015974
0.016365
0.015616
0.015205
0.015107
0.015146
0.015490
0.015692
0.016065
0.016134
0.015770
0.015448
0.015362
0.015379
0.015400
0.015749
0.015913
0.015629
0.015689
0.015455
0.015440
0.015542
0.015947
0.015995
0.015273
0.015860
0.015223
0.015261
0.015164
0.015427
0.015880
0.015992
0.015427
0.016246
0.015245
0.015288
0.015130
0.015633
0.015857
0.015823
0.015797
0.015804
0.015554
0.015530
0.015773
0.015759
0.015834
0.015389
0.015739
0.015506
0.015188
0.015290
0.015671
0.015941
0.016400
0.016294
0.015585
0.015173
0.015201
0.015187
0.015435
0.015709
0.015816
0.016128
0.015853
0.015658
0.015475
0.015624
0.015873
0.015762
0.015387
0.015592
0.015444
0.015231
0.015405
0.015803
0.016158
0.016197
0.015877
0.015557
0.015216
0.015141
0.015105
0.015420
0.015681
0.016130
0.015967
0.015898
0.015370
0.015278
0.015518
0.015452
0.015760
0.015825
0.015647
0.015542
0.015476
0.015538
0.015402
0.015519
0.015705
0.015846
0.015681
0.015477
0.015236
0.015293
0.015160
0.015715
0.016132
0.016113
0.015948
0.015515
0.015167
0.015104
0.015417
0.015422
0.015866
0.016119
0.017016
0.016321
0.016204
0.015665
0.015867
0.015865
0.015603
0.015636
0.015209
0.015105
0.015219
0.015489
0.016114
0.016120
0.015898
0.015626
0.015382
0.015210
0.015438
0.015511
0.015915
0.015970
0.015925
0.015446
0.015424
0.015855
0.015788
0.015894
0.015944
0.015629
0.015525
0.015446
0.015535
0.015231
0.015455
0.016137
0.016084
0.015948
0.015607
0.015293
0.015138
0.015421
0.015864
0.015968
0.015566
0.015828
0.015446
0.015577
0.015401
0.015598
0.015793
0.015782
0.015181
0.015918
0.015250
0.015231
0.015261
0.015624
0.016075
0.016235
0.016053
0.015739
0.015213
0.015353
0.015672
0.015730
0.015952
0.015791
0.015959
0.015489
0.015395
0.015243
0.015525
0.015737
0.016201
0.015268
0.015896
0.015121
0.015503
0.015515
0.015755
0.016090
0.016126
0.015784
0.015518
0.015431
0.015139
0.015420
0.015390
0.015898
0.016044
0.015975
0.015588
0.015528
0.015310
0.015633
0.015814
0.015872
0.015376
0.015800
0.015386
0.015366
0.015399
0.015709
0.015993
0.016070
0.016024
0.015573
0.015149
0.015139
0.015132
0.015413
0.016121
0.016100
0.015887
0.015690
0.015509
0.015305
0.015472
0.015773
0.015835
0.015658
0.015950
0.015578
0.015373
0.015390
0.015709
0.015923
0.016048
0.015768
0.015476
0.015272
0.015344
0.015241
0.015471
0.015951
0.016035
0.015874
0.015848
0.015244
0.015141
0.015150
0.015409
0.015869
0.015956
0.015895
0.015793
0.015331
0.015525
0.015797
0.015936
0.015815
0.015346
0.015726
0.015109
0.015167
0.015123
0.015663
0.015936
0.016141
0.015421
0.015813
0.015088
0.015149
0.015162
0.015439
0.015345
0.016077
0.015931
0.015891
0.015741
0.015386
0.015172
0.015402
0.015755
0.015814
0.015302
0.015721
0.015416
0.015395
0.015580
0.015637
0.015974
0.015830
0.015738
0.015630
0.015306
0.015238
0.015136
0.015467
0.015946
0.016326
0.016062
0.015261
0.015191
0.015109
0.015667
0.015771
0.015837
0.015492
0.015868
0.015527
0.015837
0.015448
0.015586
0.015841
0.015836
0.015709
0.015482
0.015323
0.015190
0.015095
0.015668
0.015994
0.016030
0.015798
0.015389
0.015178
0.015127
0.015122
0.015397
0.015742
0.016149
0.016213
0.015612
0.015446
0.015297
0.015461
0.015817
0.015893
0.015933
0.015568
0.015192
0.015483
0.015501
0.015648
0.015992
0.015960
0.015831
0.015788
0.015149
0.015119
0.015142
0.015423
0.015800
0.016162
0.015868
0.015887
0.015298
0.015208
0.015418
0.015737
0.015888
0.015325
0.015818
0.015541
0.015461
0.015359
0.015687
0.015981
0.015832
0.015637
0.015574
0.015089
0.015156
0.015201
0.015655
0.016040
0.016137
0.015851
0.015833
0.015262
0.015172
0.015409
0.015790
0.015884
0.015670
0.016022
0.015324
0.015460
0.015351
0.015581
0.015894
0.015843
0.015787
0.015666
0.015221
0.015516
0.015220
0.015457
0.016040
0.016323
0.015868
0.015269
0.015243
0.015093
0.015627
0.015941
0.015942
0.015476
0.015785
0.015282
0.015486
0.015211
0.015350
0.015715
0.015874
0.015608
0.015900
0.015122
0.015261
0.015336
0.015666
0.015972
0.016065
0.015241
0.015611
0.015320
0.015183
0.015413
0.015563
0.015843
0.016002
0.015680
0.015946
0.015254
0.015146
0.015103
0.015465
0.015829
0.015988
0.015698
0.015669
0.015403
0.015487
0.015777
0.016013
0.015923
0.015559
0.015461
0.015622
0.015141
0.015134
0.015393
0.016241
0.016024
0.015850
0.015289
0.015311
0.015215
0.015644
0.016017
0.015801
0.015445
0.015816
0.015153
0.015361
0.015260
0.015614
0.015673
0.015793
0.015533
0.015770
0.015103
0.015265
0.015144
0.015801
0.016065
0.016035
0.015390
0.015744
0.015213
0.015248
0.015148
0.015418
0.015692
0.015834
0.015476
0.015843
0.015282
0.015253
0.015165
0.015444
0.016030
0.015864
0.015236
0.015738
0.015186
0.015434
0.015334
0.015581
0.015762
0.015781
0.016186
0.015720
0.015273
0.015125
0.015158
0.015546
0.016181
0.015906
0.015747
0.015363
0.015328
0.015399
0.015487
0.015760
0.015806
0.015389
0.015952
0.015377
0.015474
0.015411
0.015602
0.016010
0.015942
0.015559
0.015517
0.015428
0.015164
0.015395
0.015633
0.016076
0.015745
0.015839
0.015697
0.015209
0.015123
0.015437
0.015679
0.015807
0.015524
0.015920
0.015376
0.015380
0.015444
0.015774
0.015806
0.015755
0.015670
0.015510
0.015286
0.015206
0.015471
0.015876
0.015966
0.015702
0.015971
0.015151
0.015120
0.015162
0.015506
0.015710
0.015793
0.015470
0.015756
0.015389
0.015471
0.015216
0.015529
0.015746
0.015853
0.016006
0.015546
0.015196
0.015199
0.015363
0.015784
0.016069
0.015631
0.015607
0.015353
0.015116
0.015167
0.015413
0.015693
0.015877
0.015675
0.015986
0.015407
0.015269
0.015135
0.015405
0.015869
0.015760
0.015086
0.015795
0.015330
0.015462
0.015568
0.015712
0.015888
0.015856
0.015855
0.015475
0.015140
0.015171
0.015202
0.015422
0.016141
0.015995
0.015840
0.015575
0.015305
0.015253
0.015384
0.015763
0.015817
0.015383
0.015727
0.015853
0.015454
0.015412
0.015608
0.016007
0.015824
0.015629
0.015681
0.015132
0.015186
0.015580
0.015985
0.015995
0.015332
0.015958
0.015281
0.015165
0.015122
0.015416
0.015781
0.015878
0.015452
0.016080
0.015336
0.015272
0.015334
0.015469
0.015849
0.015829
0.015595
0.015522
0.015313
0.015518
0.015635
0.015985
0.016070
0.015758
0.016059
0.015415
0.015237
0.015135
0.015513
0.015926
0.015910
0.015694
0.015575
0.015486
0.015507
0.015675
0.015706
0.015823
0.015319
0.015657
0.015718
0.015167
0.015165
0.015496
0.016048
0.016241
0.015391
0.015733
0.015314
0.015147
0.015304
0.015825
0.015764
0.015842
0.015910
0.015590
0.015399
0.015246
0.015306
0.015515
0.015783
0.016108
0.015733
0.015304
0.015173
0.015159
0.015650
0.015937
0.016014
0.015326
0.015770
0.015250
0.015367
0.015168
0.015432
0.015712
0.015834
0.016072
0.015809
0.015401
0.015251
0.015426
0.015744
0.016017
0.015325
0.015755
0.015106
0.015366
0.015377
0.015727
0.016056
0.015990
0.015800
0.015871
0.015249
0.015168
0.015362
0.015868
0.015817
0.015336
0.015872
0.015440
0.015389
0.015347
0.015632
0.015740
0.015921
0.015666
0.015497
0.015210
0.015183
0.015351
0.015637
0.015998
0.016010
0.015739
0.015251
0.015154
0.015126
0.015424
0.015753
0.016276
0.016205
0.015730
0.015432
0.015578
0.015600
0.015844
0.015807
0.015330
0.015834
0.015183
0.015233
0.015170
0.015584
0.016144
0.016084
0.015983
0.015605
0.015432
0.015354
0.015504
0.015694
0.015784
0.015604
0.015914
0.015919
0.015446
0.015392
0.015563
0.015748
0.015839
0.015600
0.015444
0.015146
0.015083
0.015199
0.015894
0.016366
0.016387
0.015928
0.015405
0.015298
0.015083
0.015449
0.015775
0.015856
0.015550
0.015994
0.015388
0.015321
0.015299
0.015417
0.015770
0.015816
0.015950
0.015562
0.015230
0.015425
0.015478
0.015955
0.016088
0.015599
0.015862
0.015129
0.015158
0.015153
0.015418
0.015731
0.015870
0.015534
0.016059
0.015375
0.015443
0.015270
0.015405
0.015700
0.015851
0.015256
0.015889
0.015221
0.015322
0.015414
0.015707
0.015884
0.015856
0.015611
0.015414
0.015132
0.015301
0.015289
0.015416
0.016064
0.015929
0.015899
0.015486
0.015157
0.015131
0.015478
0.015747
0.015869
0.015535
0.015949
0.015343
0.015358
0.015425
0.015570
0.015797
0.015793
0.015640
0.015527
0.015569
0.015355
0.015400
0.015732
0.016109
0.015706
0.015924
0.015293
0.015217
0.015114
0.015516
0.016005
0.015854
0.015329
0.015836
0.015740
0.015447
0.015307
0.015456
0.015783
0.015894
0.016203
0.015542
0.015316
0.015222
0.015213
0.015648
0.016173
0.015661
0.015897
0.015247
0.015141
0.015428
0.015454
0.015736
0.015915
0.015620
0.015801
0.015413
0.015357
0.015389
0.015456
0.015761
0.016098
0.015918
0.015504
0.015194
0.015132
0.015376
0.015626
0.015967
0.015857
0.015631
0.015844
0.015281
0.015138
0.015449
0.015693
0.015853
0.015558
0.015887
0.015414
0.015297
0.015192
0.015474
0.015733
0.015860
0.015138
0.015904
0.015754
0.015457
0.015456
0.015553
0.016020
0.015902
0.015869
0.015089
0.015306
0.015188
0.015399
0.015712
0.016100
0.015601
0.015820
0.015397
0.015626
0.015195
0.015425
0.015730
0.015826
0.015135
0.016039
0.015432
0.015389
0.015500
0.015625
0.016046
0.015679
0.015633
0.015415
0.015192
0.015290
0.015175
0.015731
0.016021
0.016136
0.015931
0.015881
0.015231
0.015193
0.015393
0.015672
0.015849
0.015381
0.015982
0.015398
0.015463
0.015500
0.015568
0.015682
0.015833
0.015653
0.015649
0.015191
0.015449
0.015368
0.015740
0.016111
0.016126
0.015687
0.015633
0.015152
0.015088
0.015516
0.015723
0.015823
0.015785
0.015903
0.016034
0.015465
0.015321
0.015473
0.015765
0.015804
0.015725
0.015384
0.015155
0.015459
0.015482
0.015740
0.015923
0.015800
0.015646
0.015373
0.015291
0.015124
0.015109
0.015439
0.016166
0.016275
0.015874
0.015604
0.015392
0.015214
0.015401
0.015874
0.015791
0.015409
0.015864
0.015396
0.015688
0.015535
0.015695
0.015899
0.015855
0.015699
0.015397
0.015135
0.015139
0.015157
0.015498
0.016201
0.016083
0.015838
0.015619
0.015199
0.015133
0.015146
0.015430
0.015786
0.016113
0.016153
0.015877
0.015485
0.015309
0.015573
0.015814
0.015835
0.015108
0.015668
0.015318
0.015295
0.015736
0.015739
0.016073
0.015949
0.015718
0.015146
0.015119
0.015142
0.015415
0.015717
0.015839
0.015711
0.015939
0.015420
0.015423
0.015338
0.015497
0.015678
0.015867
0.015130
0.015707
0.015527
0.015228
0.015432
0.015680
0.016078
0.016162
0.015653
0.015636
0.015130
0.015113
0.015456
0.015847
0.015828
0.015822
0.015870
0.015344
0.015275
0.015274
0.015418
0.015716
0.015819
0.015587
0.015926
0.015256
0.015408
0.015450
0.015664
0.016012
0.015795
0.015189
0.015633
0.015208
0.015313
0.015134
0.015438
0.016118
0.016081
0.015444
0.015796
0.015279
0.015128
0.015139
0.015448
0.015899
0.015892
0.015652
0.015837
0.015381
0.015371
0.015102
0.015414
0.015785
0.015811
0.015583
0.015894
0.015353
0.015404
0.015421
0.015843
0.016110
0.015622
0.015658
0.015612
0.015219
0.015304
0.015426
0.015696
0.016078
0.015617
0.015848
0.015463
0.015352
0.015159
0.015418
0.015770
0.016061
0.015263
0.015670
0.015743
0.015433
0.015426
0.015472
0.015848
0.015759
0.015360
0.015845
0.015317
0.015191
0.015098
0.015572
0.015973
0.016211
0.015280
0.015864
0.015228
0.015347
0.015286
0.015399
0.015788
0.016007
0.015590
0.016022
0.015432
0.015381
0.015401
0.015407
0.015865
0.015969
0.015182
0.015946
0.015431
0.015520
0.015499
0.015487
0.015735
0.015766
0.015686
0.015878
0.015255
0.015173
0.015401
0.015699
0.016056
0.015694
0.015895
0.015501
0.015210
0.015239
0.015963
0.015723
0.015889
0.015376
0.015890
0.015429
0.015446
0.015347
0.015417
0.015680
0.015934
0.015448
0.015790
0.015231
0.015318
0.015370
0.015761
0.016032
0.015995
0.015613
0.015709
0.015392
0.015082
0.015029
0.015313
0.015650
0.015963
0.015403
0.015727
0.015348
0.015022
0.015110
0.015464
0.015747
0.015755
0.015515
0.015798
0.015381
0.015414
0.015158
0.015446
0.015765
0.015802
0.015464
0.015507
0.015485
0.015248
0.015295
0.015240
0.015497
0.015822
0.015688
0.015694
0.015765
0.015215
0.015106
0.015051
0.015465
0.015870
0.015812
0.015033
0.015536
0.015291
0.015086
0.015264
0.015331
0.015477
0.015803
0.015845
0.016616
0.017015
0.016059
0.015495
0.015762
0.015953
0.015741
0.015623
0.015174
0.015080
0.015235
0.015562
0.015930
0.015825
0.015535
0.015640
0.015364
0.015046
0.015011
0.015309
0.015753
0.016202
0.016111
0.015915
0.015129
0.015176
0.015396
0.015795
0.015808
0.015364
0.015545
0.015640
0.015216
0.015236
0.015440
0.015310
0.015639
0.016149
0.015963
0.015649
0.014979
0.015060
0.015187
0.015569
0.015769
0.015798
0.015509
0.015356
0.015429
0.015058
0.014999
0.015317
0.016001
0.016031
0.015705
0.015945
0.015169
0.015386
0.015215
0.015437
0.015634
0.015846
0.015353
0.015927
0.015347
0.015249
0.015145
0.015365
0.015649
0.015900
0.015426
0.015555
0.015595
0.015239
0.015490
0.015634
0.015742
0.015767
0.015212
0.015552
0.015652
0.015048
0.015062
0.015365
0.015742
0.015937
0.015600
0.015591
0.015222
0.015010
0.015177
0.015478
0.015602
0.015867
0.015745
0.015722
0.015345
0.015073
0.014999
0.015327
0.015628
0.015745
0.015442
0.015545
0.015653
0.015278
0.015269
0.015408
0.015592
0.015739
0.015540
0.015492
0.015893
0.015149
0.015183
0.015617
0.016132
0.015997
0.015295
0.015555
0.015696
0.015062
0.015241
0.015427
0.015775
0.015961
0.015699
0.015852
0.015333
0.015259
0.015054
0.015353
0.015838
0.015789
0.015678
0.015798
0.015852
0.015224
0.015288
0.015490
0.015683
0.015698
0.015256
0.015493
0.015834
0.015212
0.014998
0.015597
0.015958
0.015952
0.015304
0.015595
0.015114
0.015049
0.015220
0.015467
0.015704
0.016002
0.015651
0.015762
0.015256
0.015162
0.014976
0.015354
0.015286
0.015722
0.015923
0.015816
0.015577
0.015371
0.015217
0.015312
0.015262
0.015686
0.015956
0.015663
0.015868
0.015430
0.015280
0.015262
0.015417
0.015837
0.015795
0.015496
0.015394
0.015134
0.015087
0.015352
0.015510
0.015867
0.015991
0.015159
0.015512
0.015022
0.015159
0.015023
0.015013
0.015310
0.015901
0.015957
0.015722
0.015647
0.015060
0.014995
0.015008
0.015356
0.015576
0.015832
0.015848
0.015938
0.015304
0.015179
0.015048
0.015290
0.015649
0.015745
0.015598
0.015785
0.016345
0.015523
0.015350
0.015531
0.015932
0.015750
0.015097
0.015636
0.015028
0.015011
0.014959
0.015307
0.015739
0.015933
0.015624
0.015527
0.015658
0.015149
0.015013
0.015025
0.015274
0.016031
0.016367
0.015933
0.015842
0.015261
0.015028
0.015311
0.015620
0.015716
0.015287
0.015627
0.015828
0.015542
0.015249
0.015355
0.015294
0.015741
0.015747
0.015898
0.015490
0.015120
0.015055
0.015330
0.015866
0.015918
0.015824
0.015590
0.015365
0.015069
0.014993
0.014970
0.015274
0.015774
0.016017
0.015603
0.015713
0.015141
0.015078
0.015059
0.015298
0.015296
0.015876
0.015905
0.015769
0.016049
0.015197
0.015080
0.015317
0.015632
0.016263
0.015325
0.015596
0.015592
0.015319
0.015352
0.015551
0.015696
0.015722
0.015250
0.015514
0.015344
0.015128
0.015036
0.015300
0.015609
0.015810
0.015824
0.014986
0.015548
0.015026
0.015046
0.014979
0.015054
0.015519
0.015946
0.015861
0.015552
0.015890
0.015028
0.014974
0.014971
0.015330
0.015606
0.015894
0.015675
0.015728
0.015490
0.015161
0.015184
0.015304
0.015697
0.015684
0.015833
0.015756
0.015249
0.015236
0.015127
0.015384
0.015780
0.015718
0.015543
0.015575
0.015535
0.015342
0.015491
0.015248
0.015460
0.015823
0.016079
0.015586
0.015313
0.015169
0.015024
0.015063
0.015573
0.016002
0.015919
0.015705
0.015478
0.015321
0.015360
0.015059
0.015305
0.015658
0.015798
0.015290
0.015674
0.015128
0.015106
0.015162
0.015474
0.015345
0.015618
0.015833
0.015866
0.015666
0.015356
0.015124
0.015287
0.015610
0.015705
0.015798
0.015621
0.015528
0.015270
0.015284
0.015232
0.015536
0.015615
0.015806
0.015080
0.015949
0.015255
0.015050
0.015222
0.015439
0.016253
0.015917
0.015055
0.015471
0.015059
0.015143
0.015253
0.015464
0.015505
0.015944
0.015935
0.015643
0.015746
0.015024
0.015042
0.015035
0.015360
0.015717
0.015928
0.015745
0.015730
0.015374
0.015207
0.015572
0.015264
0.015665
0.015737
0.016247
0.015965
0.015327
0.015375
0.015623
0.015947
0.015884
0.015007
0.015521
0.015048
0.015079
0.015297
0.015127
0.015503
0.015901
0.015803
0.015695
0.015436
0.015034
0.014997
0.015108
0.015301
0.015758
0.016001
0.015303
0.015802
0.015355
0.015152
0.015042
0.015318
0.015289
0.015724
0.016248
0.015780
0.015887
0.015260
0.015167
0.015337
0.015582
0.015697
0.015643
0.015545
0.015496
0.015329
0.015352
0.015281
0.015458
0.015629
0.015675
0.015020
0.015489
0.015112
0.015175
0.015385
0.015847
0.015944
0.015828
0.015206
0.015479
0.015295
0.015094
0.015015
0.015095
0.015539
0.015829
0.016021
0.015618
0.015427
0.015056
0.014975
0.014972
0.015442
0.015561
0.015898
0.015436
0.015871
0.015418
0.015129
0.015056
0.015352
0.016101
0.015836
0.015147
0.015682
0.015785
0.015292
0.015442
0.015519
0.015651
0.015643
0.015319
0.015475
0.015459
0.015077
0.015098
0.015318
0.015673
0.015891
0.015637
0.015528
0.015389
0.014987
0.014970
0.015046
0.015370
0.015862
0.016037
0.015354
0.015689
0.015108
0.014992
0.015036
0.015262
0.015291
0.016050
0.015833
0.015727
0.016231
0.015365
0.015126
0.015347
0.015684
0.015816
0.015059
0.015647
0.015478
0.015345
0.015249
0.015494
0.015949
0.015761
0.015038
0.015514
0.015467
0.015260
0.015090
0.015543
0.015900
0.016102
0.015248
0.015609
0.015221
0.015042
0.014986
0.015032
0.015300
0.015951
0.015969
0.016115
0.015743
0.015142
0.015085
0.015332
0.015646
0.015760
0.015540
0.015700
0.015639
0.015268
0.015204
0.015709
0.015888
0.015794
0.015265
0.015472
0.015254
0.015052
0.014996
0.015602
0.015903
0.015965
0.015472
0.015607
0.015524
0.015101
0.015029
0.015356
0.015322
0.015924
0.015890
0.015750
0.015749
0.015445
0.015089
0.015306
0.015585
0.015703
0.015705
0.015772
0.015350
0.015271
0.015285
0.015545
0.015748
0.015738
0.015186
0.015517
0.015703
0.015094
0.015487
0.015528
0.015900
0.015883
0.015240
0.015536
0.015000
0.015035
0.015053
0.015300
0.015552
0.015988
0.015613
0.015708
0.015373
0.015263
0.015084
0.015314
0.015738
0.015689
0.015876
0.015428
0.015879
0.015337
0.015172
0.015365
0.015760
0.015792
0.015365
0.015553
0.015812
0.015248
0.015282
0.015602
0.015959
0.016033
0.015271
0.015637
0.015506
0.015072
0.014973
0.015344
0.015933
0.016023
0.015596
0.015775
0.015359
0.015266
0.015100
0.015362
0.015700
0.015745
0.015774
0.015715
0.015381
0.015294
0.015084
0.015386
0.015782
0.015766
0.015593
0.015587
0.015676
0.015003
0.015244
0.015444
0.015461
0.015684
0.015916
0.015652
0.015606
0.015176
0.014985
0.015067
0.015458
0.015920
0.015859
0.015769
0.016280
0.015178
0.015083
0.015323
0.015582
0.015725
0.015596
0.015788
0.015435
0.015292
0.015178
0.015478
0.015774
0.015850
0.015321
0.015553
0.015761
0.017099
0.016795
0.017249
0.016169
0.016570
0.016299
0.016552
0.016894
0.016547
0.016715
0.016154
0.015025
0.015304
0.015270
0.015708
0.015886
0.015993
0.015567
0.015305
0.015209
0.015442
0.015705
0.015769
0.015231
0.015508
0.015519
0.015283
0.015379
0.015577
0.015837
0.015988
0.015451
0.015539
0.015638
0.015101
0.015034
0.015404
0.015742
0.015778
0.015634
0.015790
0.015275
0.015208
0.015155
0.015331
0.015654
0.015746
0.015301
0.015701
0.015842
0.015254
0.015247
0.015525
0.015743
0.015827
0.015410
0.015538
0.015391
0.015218
0.015176
0.015654
0.015805
0.015983
0.015117
0.015643
0.015536
0.015060
0.014960
0.015358
0.015709
0.016150
0.015532
0.015762
0.015444
0.015264
0.015163
0.015292
0.015698
0.015762
0.015317
0.015639
0.015525
0.015280
0.015233
0.015396
0.015615
0.015909
0.015254
0.015532
0.015768
0.015193
0.015124
0.015495
0.015904
0.015998
0.015394
0.015633
0.015533
0.015136
0.014989
0.015337
0.015842
0.015895
0.015412
0.015864
0.015356
0.015326
0.015170
0.015308
0.015665
0.015919
0.015341
0.015863
0.015225
0.015294
0.015205
0.015350
0.015636
0.015784
0.015285
0.015511
0.015659
0.015195
0.015316
0.015523
0.015769
0.015879
0.015404
0.015512
0.015257
0.015024
0.014976
0.015352
0.015510
0.015999
0.015709
0.015714
0.015665
0.015002
0.015060
0.015305
0.015614
0.016044
0.015540
0.015831
0.015623
0.015370
0.015095
0.015359
0.015669
0.015768
0.015297
0.015523
0.015398
0.015331
0.015315
0.015602
0.015875
0.015931
0.015403
0.015671
0.015295
0.015007
0.014973
0.015119
0.015575
0.015876
0.015828
