240.0,4.0,208.0,472.0
210.31184299798468,-27.478472384073882,208.8052995997338,478.31533557625323
215.1681005306169,-38.283180236816406,207.08176864244052,480.0
209.95639898673974,-37.994671016931534,206.6583909532173,480.0
209.0218932459038,-38.17433214187622,207.01479414517053,480.0
204.90383508600752,-37.3434596657753,207.49646538897434,480.0
203.46318013535117,-34.675847351551056,207.5894549873238,480.0
199.38073182406615,-41.37201529741287,208.2567830025635,480.0
195.47562396924326,-32.006910622119904,209.39414953389507,480.0
193.14559041354232,-37.94209939241409,209.56005217843904,480.0
190.6668793082984,-35.66766005754471,210.9656929729875,480.0
188.9953820544839,-39.76794749498367,212.0446005188703,480.0
189.9927629444466,-36.00269490480423,211.88547797730246,480.0
188.3414601772941,-40.191550552845,212.4708930075334,480.0
189.57953901933857,-36.644985020160675,211.65422066356285,480.0
188.4031041119481,-39.100092232227325,212.56502321283324,480.0
189.2754199607552,-35.18938881158829,211.59476474853741,480.0
190.91013074354075,-38.32899671792984,211.63775115339473,480.0
188.23464211375955,-36.15202480554581,212.38987577852717,480.0
187.71557550189408,-38.040028154850006,212.66084000353987,480.0
184.440840277996,-36.73696941137314,213.09557437116638,480.0
180.86107791532874,-39.28085368871689,213.84880045911075,480.0
180.45533137287134,-37.920635402202606,216.15478094884884,480.0
181.00035801784713,-39.729933083057404,216.4794149347838,480.0
182.05823613552155,-37.417247116565704,216.04202702943678,480.0
184.77439132502354,-41.08591991662979,213.4142453636591,480.0
189.46874835637317,-44.25782757997513,210.2710118383744,480.0
200.577437631225,-45.49792414903641,207.33174188547255,480.0
212.3097784987965,-46.979295998106466,201.8775105134887,478.8744205818376
221.12377278867797,-44.14253563394817,195.89599009626238,478.60616184692924
223.35406465448446,-46.956654369831085,190.7267144696413,480.0
222.0757585500005,-46.81038125588026,187.08526425871787,476.99945501950435
219.3628556007264,-39.28771003385003,183.46038522837205,474.00714068213335
217.67567277238942,-34.508957626162584,178.93888925937463,474.12994039404117
212.28280771334227,-32.786105405279045,176.97212075075993,471.3393818954389
204.97704737793987,-28.845386172241433,173.76386488653054,465.2601447004208
198.82619273454517,-27.151188741747035,171.18213701664268,459.11377974475124
195.13008915741398,-19.866483182752404,168.93175841651055,452.1655296108013
190.88634104051985,-24.282060026996817,166.27684914035007,445.4428912994732
188.15781720606896,-11.248258959088531,163.51208360734756,438.44982262618106
185.91313600783832,-20.771130613685386,163.2980906914614,436.28687719941286
183.07703262113247,-13.201979265947301,162.32240117504767,430.19558683303825
181.79421533741453,-9.952561440306738,161.95473667784734,428.5033775016424
181.74911778240147,-7.679260922539129,162.43252678575627,426.6638120076416
185.79131607069087,-8.676809948261024,160.23837469312522,422.2247011891513
185.64328137474985,1.5263984787949312,158.17845820510925,418.83919269075227
188.28695846465777,0.5725598110520309,158.64895324175455,417.3717508169485
187.7958010194556,1.674206882517126,156.53777371687565,411.79535019437355
188.35651402785348,2.6270185975602374,156.84264083476927,415.04043782385764
189.09634792507617,14.502374898989046,155.55674291251245,417.0116643079141
190.4781264846995,0.893396571697167,153.591584168777,414.1213026336404
188.17968667690312,18.750073324346374,150.95513115039756,408.53561369438205
188.3597601820787,14.852740628398209,149.41196867431,405.6868521911368
189.2863818590989,15.521045417029853,147.87839912669853,404.15160189481736
195.3881967837276,13.123628941888484,147.54820715891086,402.7892402306897
198.94282199705214,13.867281622589587,147.68075179528057,401.60302239775467
199.61926035303273,16.34778128670189,145.92989454232855,397.1289540359073
199.9976607352026,22.127342538611146,145.37063441881983,395.71173064097553
199.51939343343543,24.795524945780073,143.61358364561465,392.61949405387156
197.3657791199381,36.9644075573801,141.66906704861026,393.0679303077223
196.3897978607954,30.59402608078861,139.99109668649407,390.347827286479
192.6713063489262,27.198808072448003,139.58655701659842,389.8897729696031
189.76028267132654,30.566631841359936,139.7453191163656,390.45494149089177
188.26441244489462,29.936625784985836,138.49911973463475,387.7648069285301
188.4741531152088,36.21920531431104,137.64951154816976,382.9141025207586
193.92436221361032,37.59668521053095,137.41002875328323,381.1723386006256
201.5722550046173,34.99364745131223,137.1215120769089,379.96300979929987
204.98996544824766,32.28308178460472,136.27115521934178,381.1398770068909
203.67897235389108,37.84830440793371,134.77472128400098,385.27559940091896
202.12593628729715,31.068559425788976,134.43058952162,385.19566218014984
199.65977452058956,37.970610192869344,133.57180730781226,382.7570925673758
195.88727266649877,49.01995643209099,133.31487772741963,380.6992974583173
196.10124842884375,44.43822194805716,132.18700405831666,378.73782460051825
196.01498423911903,44.87898882832917,131.42088802858646,384.26538708097155
192.5497369579482,43.94527983339708,130.66271672407626,385.94954154546895
187.10131704912305,46.178076682456975,130.7195258715606,389.69362363622855
185.97547968943155,49.007656803229,129.99066031536987,394.21916436056586
187.0195318949518,41.01545969622828,130.38540240281873,394.5088573798041
183.65896068877947,44.461211870339184,130.949847541909,385.05771929974026
182.64283581848906,38.40104851018066,130.7087682629433,380.14828565933954
181.94125085344828,40.94340781615065,130.8290586020367,375.67942482737925
179.13569851507071,48.978844481312876,129.493404531691,383.0108818956144
173.52809743916714,45.471162544464505,129.24644848037312,389.90571862851493
165.55822853920424,44.73911163640824,129.37567373757435,385.288547365709
161.02340107446446,39.2074775880713,129.77981944311588,383.4155237677418
158.33492768580328,43.89290299844558,130.95590190540528,386.38133237845074
158.02822212201673,36.780782335786455,131.40423445259893,384.8817339439423
159.91041145188427,30.299360858326708,132.82650225435066,386.1079788840303
160.95228942768892,33.08712691500111,133.263981053489,388.54471674443636
160.81468919877585,29.806420269891134,134.83708266487966,388.2332576820562
159.23481936479692,35.38625812266616,135.7275967354559,382.3564465471238
155.4425505552077,40.296621924038504,137.202318280263,374.55709841520434
149.3511349361054,42.63167932217726,137.63655237338702,369.4911658920763
141.8753014429793,49.10800313720449,137.2524306328326,366.83370716583045
139.47733730506533,46.53669491623086,135.966338149078,371.0501863988391
138.36489560697163,40.904739047436436,136.0904067259295,372.80030323744114
136.5799372424301,41.57214515993289,136.13509471622777,375.76077099215405
133.74270415106824,42.17380577441986,136.51121008794684,375.15589535749086
131.71461935450904,39.08976425534047,136.17381450314775,372.33948609370873
127.52797130230789,43.18629024576427,137.32203488580933,366.3605044329905
124.45766920081869,42.27192746823232,138.0482828570983,367.55031319756904
129.01948777804796,38.36013314204354,138.9255335734283,373.0153815805527
149.75333105207318,38.375726128437435,137.44705143211618,371.6567232786252
154.59258917705185,29.912805383092774,136.84292463986145,379.7275719027984
151.97132293036339,40.91390421661916,137.49706344503645,377.4626312395298
151.88993690311062,44.3197975660085,137.15375987889075,378.9841184283854
155.38360374176926,36.22916639229305,137.30158569406618,373.48985320318445
158.8768922424019,43.12798985173936,136.7713184881805,372.15968885112534
163.2538409255343,41.37010446589562,135.87841259988204,367.67402625031525
163.90646351688403,42.45909597199011,135.49522874130213,375.6240310997596
165.40750130556782,45.92829344917675,134.9997182579287,379.5341592853399
162.48659838279485,41.31039746079509,134.50995633919243,372.18060342274777
160.5082365585252,44.084412843884536,134.76045340043615,365.4743454512924
166.26381051899355,42.89717675888102,133.82856821295894,364.5992944584576
169.79620330590794,41.789497218387254,133.63113893948417,363.23436655976985
191.84231339442596,51.529835911298676,132.43302276635438,359.69154107976976
188.36342198030792,63.6514235631912,130.70594059672666,351.8294979018392
190.9434661759992,56.292411965046114,129.50917269904227,348.22372005747997
191.29746885665244,56.370561348303,127.78576406701434,354.2686880565607
180.77883138409004,64.86804779478891,126.503708796685,362.15239443910156
173.3591666989865,61.03667259638655,127.42039259804442,364.7079508890679
169.58484141725273,54.304656367151495,127.28050317966995,363.01593838751603
172.78683808906482,50.09613121588768,128.52310102256925,361.42905382981417
177.26518700480324,44.60166831585914,129.46334246874127,362.64596691929995
184.28962572756126,44.489891755462935,129.18964774722426,365.21769890361776
189.79747211117245,38.5075417455393,129.4234266444306,363.5833274207795
188.88189102627553,39.01948342964016,129.96503290697498,355.03024063766077
187.07903964611782,54.007034160129365,129.12736675554726,348.41852342350853
182.66869670524989,58.54355364510576,127.93901943415813,342.5411817611424
177.01632549778395,62.830089834151096,126.99220259158264,343.96795774883543
173.1352868750825,61.53193011941454,126.5389382689924,345.8578239741536
172.1810482714444,58.353324014781975,127.20251787227994,346.5370552836079
174.12033770647952,59.70577176338762,127.9731923705874,348.7362902452284
175.02904161979149,62.811029178620686,128.5711585845671,339.11451290255525
169.2706867323323,60.809713735606124,129.48803105632388,352.2465058949076
173.98775312853434,54.155120256159876,131.34367792700576,355.8860723398841
195.99303638257237,55.46085948121993,130.6432119743496,364.1340337396175
197.37266705627107,47.60980239045222,131.39954439411832,367.6489702630719
198.2514945534205,34.4963901022644,130.11581829839233,366.14206261593677
197.8332730499133,40.629307274834616,130.52740130479646,360.16625684287885
192.3193969688675,46.88900546516794,131.0584407822567,359.77569995501005
183.69379601065657,48.98267537572201,129.87175741425472,359.30640942169794
179.38915578423237,47.440199786030405,129.75775409940292,363.9203476511376
177.83376584015113,47.61651854679985,129.68827905134714,365.5843643826047
190.05632215073567,47.848061683325,129.56787155407943,368.9481654787103
214.3119980678521,55.99851814949881,139.80285761047156,374.1653265820072
213.1768357078893,31.598836564132625,147.54229615714888,384.2193017217337
210.98706645764912,4.961622024359173,154.69300861163924,405.82077624195443
183.4648854852402,-4.736185481130633,158.59913355694542,423.4251729721418
151.94691377476823,-13.483169567336546,161.59168098179555,433.382153363029
129.28456712942366,-21.03025152255634,165.6401825610589,439.04789053091486
115.8297175513695,-25.497460610603184,170.731497546635,442.7362778995134
111.86952000705811,-24.51321330821176,175.86142060461813,441.8037575588755
98.65033205658334,-17.385931552035004,176.85562650739874,437.5622117009409
49.02760743016174,-12.179973573614518,172.4936920322146,429.22008896843465
29.287854788267538,-17.321085914088457,167.45107207186237,428.4741373417043
6.966836425919723,-22.72426122768786,163.57086529680214,422.1041764759832
-10.405628370576977,-28.194473262921974,158.0231847213385,420.0747633577307
-23.975746030495117,-31.814733431928914,153.54853661832323,425.14741794257077
-30.314166182441127,-39.78435902055523,147.6057041469467,430.30638805292887
-35.798192847372675,-42.996450796891196,141.26467163086252,432.3722771186013
-14.43540516994625,-29.962854236766788,138.32281438514053,428.09238410821575
-24.19716104291895,-36.202496671126795,135.68522192881542,424.4846805278391
-5.789812742802297,-21.60756017924382,137.10445019430477,414.07130443128017
8.528880196248295,-33.681023273835336,139.60819285624265,403.3248323355511
-2.4817006138019337,-19.136193648579876,141.76963806093784,398.03543553621205
-10.574360898292156,-35.21071154454904,142.30014963181037,392.3884393762461
-16.984844745972296,-19.002419816696147,141.40515682454614,389.4929931580891
-0.7228159165040751,-56.231130146027965,141.35596031062923,385.1875125106004
-10.342552044301257,-37.33256782195039,140.25944738250777,384.3329461510195
-18.721663883648475,-23.12077902313166,136.89623589579693,384.1234856035529
-26.1927237294788,-12.457781889438508,135.39742426726716,382.93804194956994
-11.92801899683353,-30.075303752749903,134.88484333896392,383.3770651683802
-22.345810577880897,-18.00208347572695,133.33918756368072,381.8374933582308
190.88537658161243,58.04228921254884,131.81223804938156,364.1829673420308
185.3379183842591,73.89640818005137,128.84542310558726,353.45244966764585
181.7970313292531,76.59830816987389,126.60011172060416,344.93265285038484
176.66958577906797,81.80374881360169,125.0709232692776,336.3730265029622
172.51274777547246,86.53031168742854,122.2958913525795,335.2215193313583
169.1466400384534,84.72837846105685,120.56062330610979,332.90525648493787
167.517672976254,80.94419519711255,119.74983327508254,332.1956355326629
168.3303384108179,78.83124630232953,118.9605777118935,329.18972370614006
167.59542078694233,79.64489846283391,117.86447210271106,331.6212057773432
167.479806744938,79.62977418687782,118.26084769987085,333.489829778436
166.72343715254635,81.4889598459973,119.03315062872232,330.34659226070363
166.9159841150211,83.32090618882296,120.33939285871055,320.99879063569074
167.48283840192164,85.19760737124741,118.77913726423574,329.94958424709915
165.8967516091451,82.82819004191884,118.79810020983521,335.47607759716254
162.7276226274701,84.29779774856513,118.24501982479646,327.9218662274491
159.5403723502352,84.58912657379108,118.16619939919431,327.207382608374
160.45864857498512,80.65670781240047,118.89215529434472,331.4818988287413
160.17841471166219,76.35140603039568,119.31867481408904,333.21308974168886
162.60674832661232,76.7922514616634,120.16125208339531,333.31494257317274
160.75390387091994,72.2333390645851,121.41880228094342,335.34620568748926
160.018317258933,79.54790366850165,121.633547859234,339.3059360377616
154.94303615086142,74.70638382626075,121.81066513671749,347.48127957051
156.04302654293036,73.05654055334301,123.80042357987449,337.5409348739749
156.49173965328762,67.92883393678528,124.30736885917526,334.3769059302715
153.01576598398992,69.12981353731618,124.90962289943081,343.38737844612865
155.94238586020813,64.52438228968822,126.77361775850564,339.64906796775176
