254.0, 73.5, 168.0, 405.0
2.232102086289029330e+02,6.523457687916351233e+01,1.694836850676336155e+02,4.030246397292218035e+02
2.208137716976711431e+02,7.092476195084898904e+01,1.713525775019507762e+02,4.012738538982898149e+02
2.167930991649425891e+02,7.257392705428648583e+01,1.727653410435126489e+02,3.985462692787637593e+02
2.125735203164577456e+02,7.562203195854817750e+01,1.733811111176490556e+02,3.949117248621623730e+02
2.081895137089591685e+02,7.816818119260599929e+01,1.726074525797165222e+02,3.919396542077674326e+02
2.081391752117220619e+02,8.007507084195768243e+01,1.726949449671618027e+02,3.893026444040744423e+02
1.930583768708911236e+02,8.074693879191482893e+01,1.720578298720902808e+02,3.876298699437696769e+02
1.870465444339675685e+02,8.310660301228162439e+01,1.709934725138817271e+02,3.850824408217311543e+02
1.800218727255845579e+02,9.474424607845719493e+01,1.689333140919636378e+02,3.797149229388917320e+02
1.712759595733901392e+02,1.027885269558497328e+02,1.666249408876854829e+02,3.747633688974245274e+02
1.619361221141100771e+02,1.023184678197634412e+02,1.642623546825884091e+02,3.715034206031298254e+02
1.543806708264294798e+02,1.025777781132302664e+02,1.620567289376371036e+02,3.682417639844731525e+02
1.484020664055679788e+02,1.026569868782497679e+02,1.611464746674826642e+02,3.657752670925185612e+02
1.594240291834516654e+02,1.076299239034521520e+02,1.596305833219203691e+02,3.632341276536250234e+02
1.668901313659813752e+02,1.078308043883417611e+02,1.587929805880255003e+02,3.607408904818346969e+02
1.654245853373061834e+02,1.146054479529146306e+02,1.570055970651604298e+02,3.563456990024081961e+02
1.806487710666858675e+02,1.269434692421326361e+02,1.539956735586715411e+02,3.499411751312475758e+02
1.769021804277109027e+02,1.362226779650131618e+02,1.505513672343876408e+02,3.425821786144416023e+02
2.001562936381322402e+02,1.384060470312203108e+02,1.476070141045605908e+02,3.368372130693266513e+02
2.188059237641678294e+02,1.431547689042323839e+02,1.458631928478507120e+02,3.328513116435539700e+02
2.170078984058490050e+02,1.416668038337078315e+02,1.439030063437242291e+02,3.282017363372153795e+02
2.430588911626121558e+02,1.336324970413282358e+02,1.446944610767799304e+02,3.279904407880634380e+02
2.517360450978254107e+02,1.488039935120408757e+02,1.456407456288387721e+02,3.255291712505688224e+02
2.487579200063911173e+02,1.505624628115761539e+02,1.451880912592476420e+02,3.208598102084660013e+02
2.602014740874537893e+02,1.467376592251909528e+02,1.464250332375031292e+02,3.204784329795335225e+02
2.532566743548669024e+02,1.535888109140735764e+02,1.445037453659459459e+02,3.168909233792340956e+02
2.509363132363038744e+02,1.549095072404686277e+02,1.452819185365284511e+02,3.137021696505658497e+02
2.476237179834360518e+02,1.369331744446259904e+02,1.474478838644992038e+02,3.160028004827296400e+02
2.380393450730072686e+02,1.388021333848123220e+02,1.496059714211966423e+02,3.201414366146555608e+02
2.284812859314907882e+02,1.443900950782643804e+02,1.507128600441953665e+02,3.220167827590014440e+02
2.175032910520777421e+02,1.375880919665098077e+02,1.517316130171328155e+02,3.235202364236116637e+02
2.080720940608716205e+02,1.325242534238985854e+02,1.519335665545987410e+02,3.261516027979271257e+02
2.084171082835794664e+02,1.339862220060834943e+02,1.510863629109857413e+02,3.260855636304597738e+02
2.267674675945611682e+02,1.456165345923789971e+02,1.501991475544031687e+02,3.254109350856763854e+02
2.370103497188031838e+02,1.538700564399853477e+02,1.491159940847277596e+02,3.230810268579929811e+02
2.468748143601839047e+02,1.578408874783187059e+02,1.490914276712289848e+02,3.205134959840240185e+02
2.539595263736454172e+02,1.498204976606857599e+02,1.473112257893864978e+02,3.188701821439481137e+02
2.526592807965420207e+02,1.304702353280129330e+02,1.468600149210408290e+02,3.223439268715496269e+02
2.696461309966803697e+02,1.246547310129701600e+02,1.453423348759887404e+02,3.276984696088434248e+02
2.656403726948158805e+02,1.233515744532893450e+02,1.441526548091854920e+02,3.298827952840426860e+02
2.658287802805131150e+02,1.290541886992467653e+02,1.440897141208995151e+02,3.293546744123671033e+02
2.648218660876129888e+02,1.350571323688195093e+02,1.434724678397228104e+02,3.283046586552528652e+02
2.594461031282084491e+02,1.343986234830975945e+02,1.418725104135002084e+02,3.285538986738204130e+02
2.534341656263565881e+02,1.336477125337702319e+02,1.409789621689129149e+02,3.271852288293873698e+02
2.600575265194254371e+02,1.445933890430706583e+02,1.406329323688591728e+02,3.264187060567581966e+02
2.544222881174509610e+02,1.430239741796989392e+02,1.398171788947930168e+02,3.241919437806329825e+02
2.659105195096538523e+02,1.453012515531071074e+02,1.397179877626089421e+02,3.240592177806123004e+02
2.782199093433865187e+02,1.274066863633874220e+02,1.396072361255391172e+02,3.273434233858817493e+02
2.921533078318058188e+02,1.175700035403038441e+02,1.414573065955998459e+02,3.344352403412530066e+02
2.793328629264924530e+02,1.156024419379458266e+02,1.428551143597177884e+02,3.383809946322738256e+02
2.794972255334649844e+02,1.221133093731941130e+02,1.454985542534997762e+02,3.415961276664403385e+02
2.751958016371256690e+02,1.214082342632220843e+02,1.469314792175041475e+02,3.438458745155271572e+02
2.606937433909843094e+02,1.332030628190501886e+02,1.486936389989713803e+02,3.417637647824109877e+02
2.451656259490891898e+02,1.261960410269172428e+02,1.500186231198222231e+02,3.403183309420552973e+02
2.380557441135263730e+02,1.299987791145529741e+02,1.494535528828667736e+02,3.394891222953177703e+02
2.250544294664507845e+02,1.413065511324841168e+02,1.473437439751136822e+02,3.351702835054271645e+02
2.348998381672624873e+02,1.500316639053284007e+02,1.457652274462930109e+02,3.307011551811131085e+02
2.409806643473618522e+02,1.542047701996696105e+02,1.448168948645366640e+02,3.277250297391897220e+02
2.530719994596714173e+02,1.429760484605810689e+02,1.448871466980230309e+02,3.268228788722740319e+02
2.578411356150986649e+02,1.439989486271906287e+02,1.451557438940043880e+02,3.269950315057449757e+02
2.475635496316853619e+02,1.501008308586950193e+02,1.454135640236728761e+02,3.220073238664666633e+02
2.626323337289129540e+02,1.517597817742119730e+02,1.459964262033632281e+02,3.193692037703761457e+02
2.743242069475420521e+02,1.471934155028821465e+02,1.475945694908364487e+02,3.200414231981065996e+02
2.851987687411472052e+02,1.506007718684095380e+02,1.488587401235968741e+02,3.181667014643662696e+02
2.854058112995994065e+02,1.488648239135798974e+02,1.488947786744093946e+02,3.183590272713339004e+02
2.804709248922728193e+02,1.455013245352491253e+02,1.493436788007691689e+02,3.179559872897447121e+02
2.764053012697053759e+02,1.524433463408910825e+02,1.513603330168817820e+02,3.169787105699402900e+02
2.742034376956111146e+02,1.473400982539651238e+02,1.514679695621955489e+02,3.175238288369928910e+02
2.606144279434179793e+02,1.338415276309928288e+02,1.518358312907029131e+02,3.203552634484159967e+02
2.468849175519720234e+02,1.128296355368361219e+02,1.523604286269395516e+02,3.308944685504256995e+02
2.330508455051345891e+02,1.158322014842370038e+02,1.534026800814542639e+02,3.355244045953822365e+02
2.213724586769455129e+02,1.068701018207859192e+02,1.538711232782376896e+02,3.399398835243351868e+02
2.096044912870337953e+02,7.417994212809304599e+01,1.551870301344771690e+02,3.536673518049846052e+02
1.952080210167091536e+02,8.604698739431051990e+01,1.567646271997846554e+02,3.585987027856111808e+02
1.952080210167091536e+02,8.604698739431051990e+01,1.567646271997846554e+02,3.585987027856111808e+02
1.896420195884356588e+02,6.488347000535347320e+01,1.540612404852003579e+02,3.718567853515834258e+02
1.991373297802643378e+02,8.915711462399599441e+01,1.563639226375537419e+02,3.759500905967202016e+02
1.883134478199040700e+02,9.257074499336610529e+01,1.591673510022440325e+02,3.736309794818508294e+02
1.803918931339921414e+02,8.198434286453084496e+01,1.592535538646684188e+02,3.747397712120555298e+02
1.966700830555348603e+02,9.449462333509990231e+01,1.628792647808603817e+02,3.715106893816351885e+02
1.869235903218918793e+02,1.014664930761048254e+02,1.668954006921770485e+02,3.657203398303504400e+02
1.800647319471991068e+02,9.923973921926616981e+01,1.679692156166114216e+02,3.612969802497162277e+02
2.020136688524349893e+02,1.079970405100238224e+02,1.703257782990596354e+02,3.574042581995119576e+02
2.210497939037160791e+02,1.135109685013543981e+02,1.732042918988900055e+02,3.528633149442067634e+02
2.311928294897275009e+02,1.117715224001536001e+02,1.733652021569209012e+02,3.517299952039356299e+02
2.340677539306371955e+02,1.150792160938253801e+02,1.731377755887916408e+02,3.501676945742519820e+02
2.375954524140998672e+02,1.216402150445617565e+02,1.743429672678013844e+02,3.473831810325204401e+02
2.335958367610827509e+02,1.346725142626214335e+02,1.744131042592603933e+02,3.422534428258932735e+02
2.333088545649022763e+02,1.360059456538122618e+02,1.754717775568414027e+02,3.384367497617771505e+02
2.341253229756507608e+02,1.298496591429051250e+02,1.748110196713490723e+02,3.367476538535377131e+02
2.297979473544436644e+02,1.292815283746071202e+02,1.747817508713438315e+02,3.360970694080589851e+02
2.297494538068867200e+02,1.252222265019747454e+02,1.740963196409143166e+02,3.361265813755222212e+02
2.241758074660644127e+02,1.356626446399936867e+02,1.737025547358890094e+02,3.339283413061493775e+02
2.130767412767673363e+02,1.343651165258232822e+02,1.736497982900202715e+02,3.337197345191245859e+02
2.061583967104924682e+02,1.258485680151208612e+02,1.736061659198844893e+02,3.340685721258565763e+02
2.040203349793515315e+02,1.280560792828417505e+02,1.722139792167610608e+02,3.342433222916782256e+02
2.016549023996478240e+02,1.270491759433132586e+02,1.714644733777858789e+02,3.337259199787308148e+02
2.013295856936215955e+02,1.310963847742716553e+02,1.709836385533920122e+02,3.326245509847217363e+02
1.977871432115254322e+02,1.282895333010284844e+02,1.717697368774170741e+02,3.335619085828499237e+02
2.062466459010500444e+02,1.387012740432088549e+02,1.712641397777868235e+02,3.319038895923856671e+02
2.021052934333922053e+02,1.303007398992286880e+02,1.717321355265484897e+02,3.318074387687127000e+02
1.954900157455590488e+02,1.425624611363466272e+02,1.715576978449638545e+02,3.309159943566106108e+02
2.063986968598107694e+02,1.411100910351801190e+02,1.730792752832084602e+02,3.295989661797322015e+02
1.979485058321896531e+02,1.446036952981876595e+02,1.746395379765732514e+02,3.306490425047913391e+02
1.962826690259327336e+02,1.404631003131978559e+02,1.749307085640321588e+02,3.314183215593961904e+02
1.926220225793923646e+02,1.153156759657856298e+02,1.733938800620018128e+02,3.356432392239472051e+02
1.927969538515494037e+02,1.140538908503436915e+02,1.740040486694592516e+02,3.381432032736863675e+02
1.945594016081427640e+02,1.069109917189004477e+02,1.749285182952801279e+02,3.417213141586431675e+02
1.951903356897298636e+02,1.110319327712389281e+02,1.751906705655318035e+02,3.448744172529408161e+02
1.970396060934020284e+02,1.174098948657924382e+02,1.756177539380276187e+02,3.445050782994294991e+02
2.104895118318540597e+02,1.153436948467264358e+02,1.749277088490629808e+02,3.440040278294438281e+02
2.087660849733084092e+02,1.056646281040847839e+02,1.728886402295759126e+02,3.465226112964165850e+02
2.054447209694572507e+02,1.013158001320418862e+02,1.718822254951212187e+02,3.498682994289179078e+02
2.003087112467258066e+02,1.009828245449834299e+02,1.715016360691241744e+02,3.528215964892652892e+02
1.950403882851088326e+02,1.006815315140853784e+02,1.715071998390378099e+02,3.547411347796075347e+02
1.869713156803765060e+02,1.018901354097038165e+02,1.731486810012612523e+02,3.561513107450082316e+02
1.923933507815365829e+02,1.095303924643739890e+02,1.745023332339386570e+02,3.558754963426991367e+02
1.895366354432541698e+02,1.117535085281886609e+02,1.752284406263543133e+02,3.548606504474458916e+02
1.918164702013245915e+02,1.117121065446600596e+02,1.764013393742210383e+02,3.531528293191356624e+02
1.931309074729099962e+02,1.087119727172740795e+02,1.761215434862931488e+02,3.523990104794618219e+02
1.957960702476059680e+02,1.122402019407181228e+02,1.767622777360955411e+02,3.533419226075249071e+02
1.930364912127162142e+02,1.118367467934700414e+02,1.778029964748203895e+02,3.540337651443549589e+02
1.865461050956552356e+02,1.157519659829999910e+02,1.792309294297675137e+02,3.531198492681942298e+02
1.825581945794335752e+02,1.163404308463568668e+02,1.797143746115333727e+02,3.554337814341806734e+02
1.948907681161130654e+02,1.265934618649166055e+02,1.801097477102935045e+02,3.510816348023346336e+02
1.904375366713645406e+02,1.078887700437823014e+02,1.803670759638652612e+02,3.518051129880602730e+02
1.792640183145098263e+02,8.633600818819050460e+01,1.796299718999867991e+02,3.577482831836188666e+02
1.748422812577402965e+02,8.715173183003548729e+01,1.796091195364750490e+02,3.633070700841940379e+02
1.690908565355555027e+02,8.069073773673369487e+01,1.807918071613866573e+02,3.682902259877776032e+02
1.613037294211716812e+02,7.895597765356907871e+01,1.805543481714653069e+02,3.784400444825064938e+02
1.537081574078960671e+02,9.170523421498393191e+01,1.810153085966371975e+02,3.775410682554287405e+02
1.724954512032808225e+02,8.795401983721876604e+01,1.826304068274008330e+02,3.772714361398348046e+02
1.866329253242964512e+02,9.361049376440803371e+01,1.829089616218686274e+02,3.746547306179147654e+02
1.916749087527792881e+02,9.359662769490836354e+01,1.843046118837384029e+02,3.729639226844730047e+02
1.905025709767694480e+02,6.630770893810489497e+01,1.824322774145483663e+02,3.777297027029627543e+02
1.905025709767694480e+02,6.630770893810489497e+01,1.824322774145483663e+02,3.777297027029627543e+02
1.781768869162339115e+02,1.188954866881510952e+01,1.738064213193042633e+02,3.972474659762020792e+02
1.693203955553945832e+02,4.998088777132551286e+01,1.752892252079751074e+02,4.038315953273336163e+02
1.767447985334508189e+02,6.171256767431950152e+01,1.780453730177318050e+02,4.061510972309403655e+02
1.797142374659912889e+02,7.053031595292992506e+01,1.812961142169818913e+02,4.025687050743542841e+02
1.738530310612475205e+02,7.434786459876085019e+01,1.831660737946579047e+02,3.966768178599782004e+02
1.699825046431486726e+02,6.894347760614365939e+01,1.853912365093956680e+02,3.935538367792946133e+02
1.828640876576173184e+02,6.942491966588846708e+01,1.855638309785052229e+02,3.946301012289120536e+02
1.911570145694112739e+02,5.711938015866911655e+01,1.864130395633645776e+02,3.978013971470372780e+02
2.008925405408448341e+02,6.872690338449334035e+01,1.879644294845111290e+02,3.978238022487335570e+02
2.094897799115672683e+02,6.383886054232982588e+01,1.878280028060545703e+02,3.971755753415078516e+02
2.002307763360100807e+02,6.155993942639281613e+01,1.877146069878085655e+02,3.962614164976372422e+02
1.964925943271698827e+02,4.840064143692652010e+01,1.878899646883502896e+02,4.004380447031323342e+02
1.950692506214771527e+02,4.684615155516019058e+01,1.883370465871167312e+02,4.036681970140053863e+02
1.957880505899655645e+02,4.862433100159987021e+01,1.889896082121058782e+02,4.064707839676836443e+02
1.953084530178545037e+02,5.269878259215485627e+01,1.901632549077653778e+02,4.062003330875990628e+02
1.941277335463800284e+02,4.921495684094674061e+01,1.911162028054777124e+02,4.076763220877264757e+02
1.921670905997510772e+02,4.909375172507887441e+01,1.908035457132009469e+02,4.089225682359813732e+02
1.929721312244999183e+02,4.414105367806206459e+01,1.914931377825661798e+02,4.117574143651102077e+02
1.902198574471843244e+02,4.734179406465602824e+01,1.924965235234614340e+02,4.154121641369662257e+02
1.871860838700509930e+02,4.709503312918170082e+01,1.923007268666929406e+02,4.162070218195298708e+02
1.988730578573086234e+02,4.698970230093138412e+01,1.915210381542626124e+02,4.178828691182729358e+02
1.914252361696977687e+02,5.124352081316408203e+01,1.911420977129560299e+02,4.191583722763026572e+02
1.953418926322241873e+02,5.274151846586994452e+01,1.903843558480838283e+02,4.190998490759171773e+02
1.987607323311519849e+02,5.899975181136701963e+01,1.881319068007226178e+02,4.150336902309923630e+02
2.025441721178082162e+02,6.328508009156016101e+01,1.853788466358269034e+02,4.098309426252264416e+02
1.907824972012981846e+02,6.028691800661451339e+01,1.841598945279289978e+02,4.067477141446660767e+02
1.824785891708904728e+02,5.829992601880175584e+01,1.845274886115105346e+02,4.069223461896733056e+02
1.774826511640820286e+02,5.969298401205179516e+01,1.843738453685356546e+02,4.043221677270150849e+02
1.701301500164504432e+02,5.436898263759152883e+01,1.836266181639819308e+02,4.043335461396929418e+02
1.608725817401410723e+02,5.751610203970696489e+01,1.828515478074209568e+02,4.048863465581793548e+02
1.552720075681226604e+02,6.042971620684969025e+01,1.813598241040334926e+02,4.019162740237596267e+02
1.771834972598687727e+02,7.266189291202150002e+01,1.800464768311369426e+02,3.980968161670048744e+02
1.683887022293242239e+02,6.750020274926663433e+01,1.801178345466450139e+02,3.974129466603612855e+02
1.633115424402711255e+02,6.204695243642373725e+01,1.803144438586379010e+02,3.974901759695187593e+02
1.602053039263367111e+02,6.064064266126320035e+01,1.806239577250382240e+02,3.996446484828105667e+02
1.573224709262458987e+02,5.767892935178764446e+01,1.819896214840852053e+02,4.015160686186836756e+02
1.536685868348639588e+02,5.374043323727204324e+01,1.830900751755770841e+02,4.027130343164953956e+02
1.502142329785374102e+02,6.520913441077780703e+01,1.847996466310585788e+02,4.015459852867446102e+02
1.610383384221820506e+02,6.346871160031130898e+01,1.835605505814157823e+02,4.030576014479150331e+02
1.508478247111982853e+02,6.728174002292993805e+01,1.837222634281880005e+02,4.032831724293684488e+02
1.607236037838795824e+02,6.724676831265747978e+01,1.845109903932990676e+02,4.048563355736148424e+02
1.532692194420210399e+02,2.849694863752125684e+01,1.854117615641987129e+02,4.123385036104107257e+02
1.491840885388160700e+02,3.497023561436083128e+01,1.872796485308259946e+02,4.169030018155450534e+02
1.509559311833262427e+02,3.987066605749393489e+01,1.870039009020228775e+02,4.184683947821230845e+02
1.465291735184868571e+02,4.702006339695645920e+01,1.880254517389038256e+02,4.177067752817258679e+02
1.444483732694147875e+02,3.689580263162272900e+01,1.874535250535152215e+02,4.187844746688386408e+02
1.411964738966681807e+02,2.824843751278478976e+01,1.870051472281161296e+02,4.238827527657064138e+02
1.377638550342548456e+02,3.504625710890931600e+01,1.880740654682321349e+02,4.269200500511184941e+02
1.377638550342548456e+02,3.504625710890931600e+01,1.880740654682321349e+02,4.269200500511184941e+02
1.621020576357181540e+02,-1.212580752892591818e+00,1.826731921947642263e+02,4.338742891098287373e+02
1.734866619978850792e+02,3.135381496861185724e+01,1.834834760394001592e+02,4.372166716170151517e+02
1.932570961761746560e+02,3.231785257350477991e+01,1.860486104904381932e+02,4.358623788512295505e+02
2.024453874500661072e+02,3.024179647126481996e+01,1.877137473793008269e+02,4.369654886467281472e+02
2.089165025792076165e+02,2.845847501670797897e+01,1.884915669791110417e+02,4.391247788997158068e+02
1.989014793638974368e+02,1.721167408337615257e+01,1.904709008242821824e+02,4.422127411179419596e+02
2.184188924191815886e+02,2.701783117662807854e+01,1.911133894720146884e+02,4.430222084713550998e+02
2.262610959477348160e+02,3.191294359470757058e+01,1.892051436087558329e+02,4.395347666475862525e+02
2.204129084129360479e+02,3.171949498833109260e+01,1.880349987503748821e+02,4.383049173155012568e+02
2.060767354668022335e+02,2.455565544713195436e+01,1.891229044113192685e+02,4.377925971989859590e+02
2.133382882415486392e+02,2.300801872400555226e+01,1.887534253037820520e+02,4.402349593994158568e+02
2.016647152695075533e+02,1.693707806318676035e+01,1.889293542831425157e+02,4.411657964095300031e+02
1.893849643794380597e+02,1.433210925066580899e+01,1.895917422632326748e+02,4.404194161329605777e+02
1.845163596441130665e+02,1.410824615584684238e+01,1.892157591755940871e+02,4.407209860562668382e+02
2.755205873726498567e+02,8.343595611641654841e+01,1.436853991987920267e+02,3.934728362641761805e+02
2.879496011777067679e+02,8.185972825357322336e+01,1.436579475316713967e+02,3.954872230754493785e+02
3.048999455800902751e+02,8.500742930335817960e+01,1.442444299000001138e+02,3.946636413303411359e+02
3.224684851821937741e+02,8.758501092142461175e+01,1.387251275665206549e+02,3.944787978421330763e+02
3.263577481653110794e+02,9.727718057872169766e+01,1.335054440208640756e+02,3.923479165506101936e+02
3.210239960265856212e+02,9.957064095068889742e+01,1.300200809811152567e+02,3.913605400934036993e+02
3.152796349988430507e+02,1.071383398154900704e+02,1.276547867325842418e+02,3.869172295372632675e+02
3.149577945488792921e+02,9.935508170736844136e+01,1.253659214937483881e+02,3.871072246429718575e+02
3.068679125444301690e+02,1.076511841523297903e+02,1.238031241623145746e+02,3.868502706075413471e+02
2.978014624065976363e+02,1.081152459162841524e+02,1.222563998804845085e+02,3.843055665933350156e+02
2.840975634527738407e+02,1.268180731365250153e+02,1.238398340796360628e+02,3.752882845741179381e+02
2.829933507852543357e+02,1.108186079199772962e+02,1.246503453328630968e+02,3.764355723985707982e+02
2.687538283550543383e+02,1.179632114260035394e+02,1.260789579880629532e+02,3.748624317469919447e+02
2.574743863537225366e+02,1.132895850083770881e+02,1.304871461899452925e+02,3.716868793683166246e+02
2.557175179750577740e+02,1.173679434000653998e+02,1.327158850072113410e+02,3.708945276858005968e+02
2.593165517261286936e+02,1.143846386567495870e+02,1.354814186174352528e+02,3.722957236973956014e+02
2.589937422808881706e+02,1.069158937770997113e+02,1.367244831747063074e+02,3.754880781493833410e+02
2.594574001283341431e+02,1.123280921431654065e+02,1.391369444726121287e+02,3.763629554803623023e+02
2.539293851921561327e+02,1.131793930810584925e+02,1.414524586360448666e+02,3.758814579880447582e+02
2.392872841484930859e+02,1.093677526487752516e+02,1.435705955073065354e+02,3.769712162467152439e+02
2.271493813538738209e+02,1.232827006265097225e+02,1.434067248117549696e+02,3.739279547364367318e+02
2.141026091025167659e+02,1.187030023586230243e+02,1.435391811339271158e+02,3.718197950817194055e+02
2.060243802022324076e+02,1.282166114167733895e+02,1.438322413362292309e+02,3.664176027146252181e+02
2.026288140024150835e+02,1.340581977683818025e+02,1.444892079720089271e+02,3.620379788242746031e+02
2.058007464786776382e+02,1.314289954787099077e+02,1.442809807796461143e+02,3.590703888166738125e+02
1.961057861925345946e+02,1.277235964270776378e+02,1.436308947143589876e+02,3.576521177823651101e+02
1.989357291761012334e+02,1.094259867805699855e+02,1.413394779855069601e+02,3.604163548671284616e+02
1.864515450008276503e+02,1.008134934078606477e+02,1.400135176464789595e+02,3.661047205187971372e+02
1.846595876282339361e+02,1.241290535610601751e+02,1.394071166682471699e+02,3.642647569811969106e+02
1.801305798482649152e+02,1.401144167029506207e+02,1.386372742569937770e+02,3.565447192502724647e+02
1.892281875579894859e+02,1.468891319700553879e+02,1.385524046779987657e+02,3.488176139457077056e+02
1.933793142098746216e+02,1.638852963634947741e+02,1.386268374704198720e+02,3.402678033930818629e+02
2.005104268348716801e+02,1.626863681060636964e+02,1.384295765148594057e+02,3.338361845051119872e+02
2.090031413358277632e+02,1.637595147842445158e+02,1.379295658326493310e+02,3.284598393928451969e+02
2.170266984692119081e+02,1.536549161618687549e+02,1.376691623050168118e+02,3.275138795483633203e+02
2.122303091032926829e+02,1.384114723712698094e+02,1.372862683149924692e+02,3.293207820831744925e+02
2.082196697111960475e+02,1.115451282445013987e+02,1.350577740736730448e+02,3.397789609067796732e+02
1.975275672269230540e+02,1.174012257151275378e+02,1.344267851030100474e+02,3.434607478991211451e+02
1.835085478049701351e+02,1.201974873818410288e+02,1.342321636533367837e+02,3.473650068685506085e+02
1.729025279015026229e+02,1.459685160545053861e+02,1.348650122523860659e+02,3.442383280937785344e+02
1.650688152160138600e+02,1.531577481618065804e+02,1.357515242703972831e+02,3.394516330976209701e+02
1.624990933404830571e+02,1.730559623128391706e+02,1.363396994438832053e+02,3.311324920880362583e+02
1.598477748435174135e+02,1.824676108585381940e+02,1.382237783170869534e+02,3.198445724990796180e+02
1.605162383307565506e+02,1.988282143926484480e+02,1.395838761648438151e+02,3.079486027050290318e+02
1.649440490691355592e+02,1.978083524651519554e+02,1.410221485021726835e+02,3.001725392446533647e+02
1.752680481323000095e+02,1.808668752592886619e+02,1.416581183476455408e+02,3.015324242746660843e+02
1.711365443886876392e+02,1.826608834783627344e+02,1.410182504114388564e+02,2.990666660228582714e+02
1.685181164860767353e+02,1.774205082676315897e+02,1.403932039797222160e+02,2.986044909911345258e+02
1.570444463164737101e+02,1.652287887784385703e+02,1.392648378369946727e+02,3.030675655896377521e+02
1.399324658743852865e+02,1.563661592614246274e+02,1.372912012175094105e+02,3.118428915716026495e+02
1.273030638867398068e+02,1.516461380521530202e+02,1.354964532506903083e+02,3.336819069782745260e+02
1.355240530706430206e+02,1.598858498409598212e+02,1.350896101520489196e+02,3.299083902686418810e+02
1.530584083013205827e+02,1.652873714172966118e+02,1.344122418537797614e+02,3.245545138907180558e+02
1.798850988114256779e+02,1.731954586265736111e+02,1.308978989195070426e+02,3.182549677375449164e+02
1.841790813803492881e+02,1.854651191349403803e+02,1.281968628168465898e+02,3.110672149428572766e+02
1.799393516459052762e+02,1.938609554805268544e+02,1.253967393084397202e+02,3.038113489075681173e+02
1.775823607367066472e+02,2.037976399141278421e+02,1.220992608225767100e+02,2.962447074497289350e+02
1.767239778190123616e+02,2.082809599621752170e+02,1.191651477517152813e+02,2.893658652338069146e+02
1.725320857099538898e+02,2.144016176777120108e+02,1.163689955608356286e+02,2.825036238994130144e+02
1.703347885663937404e+02,2.198853478261311523e+02,1.129079460987188952e+02,2.769550359589895265e+02
1.688853147471651539e+02,2.255156954737180115e+02,1.082257570336848289e+02,2.722062506255162475e+02
1.688853147471651539e+02,2.255156954737180115e+02,1.082257570336848289e+02,2.722062506255162475e+02
1.527713452884412675e+02,2.298339744512396692e+02,1.054396643810745786e+02,2.624141237573830949e+02
1.673396088549379215e+02,2.316108146533981085e+02,1.009277386122170128e+02,2.582456841462943657e+02
1.718479312152139755e+02,2.352492324851963872e+02,9.602299803595198568e+01,2.557102048555310887e+02
1.760287443879530542e+02,2.382847868685523736e+02,9.219756935282738652e+01,2.527352011875434528e+02
1.804747898508103390e+02,2.393087542468519189e+02,8.967300448149514125e+01,2.488814081169070391e+02
1.820953011551053464e+02,2.434384850429464109e+02,8.837404210506757352e+01,2.458636462203051849e+02
1.848708762339868770e+02,2.467669999640141896e+02,8.829526161817246077e+01,2.427519373658711004e+02
1.881742619243710237e+02,2.493346887848892948e+02,8.778485330503113460e+01,2.393375940125272336e+02
1.917279215191052231e+02,2.491641723152314114e+02,8.763764764095330406e+01,2.367945446344907054e+02
1.942575628709598732e+02,2.519462048534194878e+02,8.755271538966712797e+01,2.350051284629149961e+02
1.988868327666037885e+02,2.544152446317224587e+02,8.740742633080114388e+01,2.326050521125620776e+02
2.035546738081653189e+02,2.533763855079253915e+02,8.660017995477038255e+01,2.307636083251678087e+02
2.072986943971233984e+02,2.529885920847845000e+02,8.602694752700682557e+01,2.291720546399096747e+02
2.150841828965601223e+02,2.563784030557056326e+02,8.602852607012555097e+01,2.293511395538413069e+02
2.226753798768037598e+02,2.543003836686224872e+02,8.591856844234091284e+01,2.298981156563462491e+02
2.303387893947963221e+02,2.540123639576405594e+02,8.561279985954186600e+01,2.309850673774663221e+02
2.382845047610863674e+02,2.518076621122730216e+02,8.506040606849008157e+01,2.317957624385931865e+02
2.450707270942281752e+02,2.517321233583598143e+02,8.461210881736759859e+01,2.323150766073769660e+02
2.478339453129609069e+02,2.522862069579957165e+02,8.415996027129004631e+01,2.330702991385586813e+02
2.513715632274646339e+02,2.524749381173954248e+02,8.450426389388171344e+01,2.337854209529074581e+02
2.520932877532013379e+02,2.513842604761186408e+02,8.399953077716173766e+01,2.335033414200541984e+02
2.540455695855054046e+02,2.536196764539760977e+02,8.372057364941881019e+01,2.334792605820455833e+02
2.556989284899625261e+02,2.513102196405698976e+02,8.395132332021040611e+01,2.334845212642931642e+02
2.563593081668012701e+02,2.518747579060966757e+02,8.461114143540493160e+01,2.341782963911070397e+02
2.594617713557762499e+02,2.505288355247743652e+02,8.676750980385392609e+01,2.341175867370951664e+02
2.619652447734264342e+02,2.508292482594372927e+02,8.860926730662737327e+01,2.347404183989643798e+02
2.600671472919132157e+02,2.471051536277032596e+02,8.900809646116680085e+01,2.355810904200008054e+02
2.628613910957004691e+02,2.481803180053513529e+02,8.938980414701887867e+01,2.366850479539197352e+02
2.601359406081353427e+02,2.436401896771580766e+02,9.032415648857369206e+01,2.382722788305821382e+02
2.619987708556193979e+02,2.435429691043916591e+02,9.105296758174024774e+01,2.403953872830149692e+02
2.598433690172574870e+02,2.393669007261692627e+02,9.215212946998138932e+01,2.417970669433599085e+02
2.605613194051982191e+02,2.362789859213931152e+02,9.265758129991969838e+01,2.441501657732644048e+02
2.615442631796114483e+02,2.298170103260788153e+02,9.348955794977788969e+01,2.481410715766249382e+02
2.626041041284174753e+02,2.231291939464080940e+02,9.433006754043185538e+01,2.521236131341841542e+02
2.621979443657784827e+02,2.177999831443993628e+02,9.583223298531886769e+01,2.557850140167660697e+02
2.618607929406373955e+02,2.145193479543406738e+02,9.717333776507491905e+01,2.602423782422508793e+02
2.623077736416485664e+02,2.091387589743446540e+02,9.834088525701932326e+01,2.639381675227385244e+02
2.640628629957319617e+02,2.058858249157918294e+02,9.943949933068233804e+01,2.681611738110401575e+02
2.660555858820113713e+02,2.013109603929398190e+02,1.009254714620236939e+02,2.723149056662687144e+02
2.722511387334737378e+02,1.971455211152362210e+02,1.038211756803635524e+02,2.775206988678245921e+02
2.763436492278239029e+02,1.828085630671266983e+02,1.058067641658454079e+02,2.853773008160944187e+02
2.814638245346986878e+02,1.739723206049862085e+02,1.080115582054161081e+02,2.930635072064398514e+02
2.840254049944417147e+02,1.630330551886121953e+02,1.105318642353930159e+02,3.008336281575960811e+02
2.814683128363786295e+02,1.565804404287503075e+02,1.126996731814934947e+02,3.089852165487798175e+02
2.831271768909185766e+02,1.488532833562871645e+02,1.149708356249344092e+02,3.158168114058337892e+02
2.816796437663930419e+02,1.444076977981709433e+02,1.180256090625916983e+02,3.221770947990971763e+02
2.795551500593880405e+02,1.378595919849477696e+02,1.212249969110361008e+02,3.282599201760012875e+02
2.798679873667745710e+02,1.226791543478427116e+02,1.260869130860580043e+02,3.349202472782143332e+02
2.728341804134253721e+02,1.124682696899371308e+02,1.295427115401807043e+02,3.433005556031197330e+02
2.733780387300599841e+02,1.047023839279971469e+02,1.341054804225059627e+02,3.537377312178810485e+02
2.666243604991664142e+02,9.474478512163022970e+01,1.388359709251255936e+02,3.657144870772274317e+02
2.696576316717016653e+02,8.075928124237853467e+01,1.425644553592298962e+02,3.773385233238900014e+02
2.711347512854125625e+02,7.443181120678190155e+01,1.454993925005214237e+02,3.883136618117931675e+02
2.770504821486259743e+02,4.933260290262688841e+01,1.475405380052347937e+02,4.014528209127789751e+02
2.836139884602675352e+02,3.846612874152140193e+01,1.479782464894345821e+02,4.131572000134933660e+02
2.883910307190284357e+02,3.411468826220885830e+01,1.464590216292003220e+02,4.239888441709709923e+02
2.892824179710151498e+02,2.420102040298672819e+01,1.442201419525927975e+02,4.335114571034655455e+02
2.971334172289926983e+02,1.678810503734666781e+01,1.429099281046065357e+02,4.393669647489607542e+02
2.984192584642275392e+02,3.089874726989782516e+01,1.435254585781675303e+02,4.437934387677451582e+02
2.984064035506681876e+02,1.387703903995179644e+01,1.455445642106451487e+02,4.480656493255376063e+02
3.017498590119246273e+02,2.267850562411206283e+01,1.502468124907078959e+02,4.489072180340481282e+02
3.122132872634908267e+02,2.740735990946700440e+01,1.562346784302025071e+02,4.502438972807210575e+02
3.206731061058197270e+02,2.945738601420612213e+01,1.604697400711062016e+02,4.510490946668849119e+02
3.238591554238455501e+02,2.715687991868006179e+01,1.641768984464681580e+02,4.503368982779199428e+02
3.251522639741816647e+02,2.868263824130877993e+01,1.671445296123975197e+02,4.487477582272059635e+02
3.272337049581200290e+02,2.975132471987055283e+01,1.686657239537248643e+02,4.480533884477252400e+02
3.247962319862612048e+02,3.040460492980935214e+01,1.693736438545042517e+02,4.462502530895503696e+02
3.235659835751756077e+02,3.134271294244871342e+01,1.693988171998840926e+02,4.449430652033860270e+02
3.170822069738121627e+02,2.919612550316134048e+01,1.687237989533311975e+02,4.439411885072537416e+02
3.077693477380850595e+02,2.450338709237615831e+01,1.682866988975636957e+02,4.455143894422884614e+02
3.018005270125391348e+02,2.319918005251741988e+01,1.671395844511336009e+02,4.482466226347836482e+02
2.902427569858699599e+02,1.392548185863310550e+01,1.666355432819378279e+02,4.540871251016538395e+02
2.776934691341134567e+02,1.260259542291561274e+01,1.670754905217056034e+02,4.570779591560645940e+02
2.666203983087075358e+02,-2.569387140001367698e+00,1.663544675607010959e+02,4.640555016287003127e+02
2.578887109541553855e+02,2.921176217591749946e+00,1.677316091307672536e+02,4.643604848378304837e+02
2.537012437361278785e+02,-5.395737476008378053e+00,1.692404337187998351e+02,4.680350884777773217e+02
2.497933454534977500e+02,-2.464724159412241988e+00,1.699689495337854908e+02,4.710974411933399324e+02
2.474941940126446696e+02,-4.658072406574007118e+00,1.704614446342721408e+02,4.755002645587724714e+02
2.487179041808668671e+02,4.385382727423348115e-02,1.707186856671514761e+02,4.782819007919426895e+02
2.523444062720362240e+02,-2.528206144004514044e+00,1.737029461179915018e+02,4.785934632946961074e+02
2.572788530019252562e+02,1.250979893785881814e-01,1.769058309556377253e+02,4.783715393998781451e+02
2.657496641810705000e+02,4.134510031516782647e+00,1.816122970525474329e+02,4.744083636424755355e+02
2.787373422549354700e+02,9.031527272587112520e+00,1.861141252004717614e+02,4.701959427009842898e+02
2.905586548488268477e+02,1.175390615992134258e+01,1.886348587010434983e+02,4.688008422711339449e+02
3.005958128545091768e+02,1.308097205922973671e+01,1.885201603044249339e+02,4.668561490349103451e+02
3.003627308897156354e+02,1.123249554931433636e+01,1.870740794968637601e+02,4.644169941331408040e+02
2.981813790592664191e+02,1.439971680813232524e+01,1.860920260776840962e+02,4.611828833987995040e+02
2.999131870963844904e+02,1.532211154532100750e+01,1.835551216819528690e+02,4.594352609394978231e+02
2.987480324694874980e+02,1.862490268393483461e+01,1.815062803067033315e+02,4.571912313775716825e+02
2.909632288948051269e+02,2.574981605643731086e+01,1.799494817401256341e+02,4.522143900909407535e+02
2.805488253473699274e+02,3.518149250249112470e+01,1.769721460279891687e+02,4.453326780145679891e+02
2.714608175872094193e+02,4.622289852359710949e+01,1.737544638096627523e+02,4.374402804010669570e+02
2.584948634011559534e+02,5.234501675863975834e+01,1.716308149307931217e+02,4.303551969156007999e+02
2.408047778804055952e+02,5.686775560585803646e+01,1.701261364239539660e+02,4.242465182705416851e+02
2.284427202464682978e+02,5.866289702046040588e+01,1.680256743602856204e+02,4.188886895624497697e+02
2.228576284267077199e+02,6.073651813819321887e+01,1.660085153560689548e+02,4.146368822430035834e+02
2.181988631448286355e+02,6.162666957242902299e+01,1.638404254211699538e+02,4.108027705662052540e+02
2.107785166460651283e+02,6.276543173745508852e+01,1.615510792036090493e+02,4.086047991250233622e+02
2.045286549635850690e+02,6.035987849301855590e+01,1.586895822087669217e+02,4.097319482755632976e+02
2.001116743688817223e+02,6.645747220215642415e+01,1.559003229544480291e+02,4.109048352744018189e+02
1.930154337736027799e+02,6.777719738595567378e+01,1.539573938361680234e+02,4.116447136345254876e+02
1.853404734659391693e+02,6.472647920188302351e+01,1.518129811842833590e+02,4.114228529788975948e+02
1.803211767207984622e+02,7.388040612848396904e+01,1.495546434077800768e+02,4.108681367141966803e+02
1.738768003302680540e+02,7.441147574355431971e+01,1.487770553608990269e+02,4.061423510244765112e+02
1.727845063893255997e+02,7.661598817948561191e+01,1.482295383452848228e+02,4.047359883344681748e+02
1.781482889612011604e+02,8.172046596653754591e+01,1.468475151555742571e+02,4.002923878705327638e+02
1.760669516095449296e+02,8.646984422058088171e+01,1.474827524103851033e+02,3.948590486521799789e+02
1.686600011482936452e+02,9.193364930931514323e+01,1.499508147861347425e+02,3.901283521938887020e+02
1.647172430829392908e+02,1.028778331970798092e+02,1.522746205591774356e+02,3.840928286566406200e+02
1.602574021801253537e+02,1.110364096645321297e+02,1.531830633129864623e+02,3.780000609832716236e+02
1.588089466405117491e+02,1.185852274016217507e+02,1.525083014758013178e+02,3.721680028253765613e+02
1.549203896697331118e+02,1.210911224619501638e+02,1.518191821638795886e+02,3.671974544697420129e+02
1.503986671477808841e+02,1.280933118067237331e+02,1.508759681577962510e+02,3.625100876133857923e+02
1.488620969232082416e+02,1.339382002153610074e+02,1.496778476301501826e+02,3.572824952252799449e+02
1.474510426138150478e+02,1.382857833174061284e+02,1.481867037999008971e+02,3.524707962186079158e+02
1.429868545038931131e+02,1.385079201348070796e+02,1.469327002971495517e+02,3.494953958462114088e+02
1.390241342809327421e+02,1.406605906865393649e+02,1.451831395986611142e+02,3.466126163882546507e+02
1.353225260362244740e+02,1.364073329856047110e+02,1.415891799177285293e+02,3.470419247016534996e+02
1.327616905459136092e+02,1.284637438969089658e+02,1.395853011051068790e+02,3.494615859799361033e+02
1.422487671706119272e+02,1.043717405139155403e+02,1.381623677958957330e+02,3.589303331939210011e+02
1.516048118449427591e+02,1.144175993938212628e+02,1.376587630968923008e+02,3.627742920088165874e+02
1.658011330595382447e+02,1.095065438431900873e+02,1.365813233807139966e+02,3.670379071116963701e+02
1.792877377145070454e+02,1.073660909328664843e+02,1.365154512594970981e+02,3.703897481965733505e+02
1.804671373648172619e+02,1.018800834244931934e+02,1.370748011917410736e+02,3.767869674903585064e+02
1.968859051429955684e+02,9.610674328229521279e+01,1.405653982647789917e+02,3.792489347925767333e+02
2.148689266965451168e+02,9.251003697662503100e+01,1.432253317201798950e+02,3.835102069343660105e+02
2.315298730350241954e+02,9.005819425151642577e+01,1.465998501760342378e+02,3.859950364790503841e+02
2.475762015529402902e+02,6.837889109626740947e+01,1.482380586187176448e+02,3.980393269936499792e+02
2.651318123418579376e+02,5.847929375023434773e+01,1.494994833726694878e+02,4.081859604979719620e+02
2.782910297638370594e+02,5.005626767724987758e+01,1.519551936550539892e+02,4.133876082326249843e+02
2.873881492843852357e+02,8.488276451723805849e+00,1.558495299771167879e+02,4.273752447364115028e+02
2.968003948271938839e+02,1.673959329674596574e+01,1.629066325957231811e+02,4.320220155721240189e+02
3.077310403030199382e+02,2.156552551362995018e+01,1.680653516385778801e+02,4.361213050842789016e+02
3.254879927835953026e+02,2.348463389765382203e+01,1.733393533241557236e+02,4.409847646849445368e+02
3.472741044151081269e+02,3.419724595977510262e+01,1.760338765821261404e+02,4.412370574979578350e+02
3.538790808120520524e+02,3.467871931190751411e+01,1.774611651517636801e+02,4.388236676152777136e+02
3.471538974791022838e+02,4.664164233460417108e+01,1.774532855865841157e+02,4.325020867828970950e+02
3.372694131540823150e+02,5.741813350348988365e+01,1.764636730751250298e+02,4.263509122301598495e+02
3.347512730624541177e+02,7.227034987837998870e+01,1.737420158270460036e+02,4.185613468815026863e+02
3.309941586560091764e+02,8.175527928254405197e+01,1.697033128543523333e+02,4.099173461893244621e+02
3.270614398839352930e+02,8.978423679452100714e+01,1.652670164278580387e+02,4.001324314056964795e+02
3.224311867054525464e+02,9.769020532427609282e+01,1.607824761692229174e+02,3.906239058299509566e+02
3.219227349633672475e+02,1.120658954224662125e+02,1.571297684378021700e+02,3.813651556384535297e+02
3.157052358066277975e+02,1.200333314253856827e+02,1.543190744981681917e+02,3.742296601203465229e+02
3.086257362001383058e+02,1.308347235291403479e+02,1.518036390492819407e+02,3.662356024143020363e+02
2.980366495379246885e+02,1.392729758484598221e+02,1.497442788043732946e+02,3.563898480503212909e+02
2.742974588904176017e+02,1.462249143014033166e+02,1.481919823039772552e+02,3.475486547267402102e+02
2.557134667238955217e+02,1.369603924249794318e+02,1.463117603076757121e+02,3.459917266473125892e+02
2.396090432997276025e+02,1.475238569418298766e+02,1.476090566341610213e+02,3.417748756623177542e+02
2.152238076383624161e+02,1.461833070144948294e+02,1.471130827969792279e+02,3.395457098328600409e+02
2.001115925538769034e+02,1.412117439638203678e+02,1.464276065786211802e+02,3.384587847028246870e+02
1.816492039040112161e+02,1.436637578502239307e+02,1.484958012367509923e+02,3.354221754576207104e+02
1.589640699586359744e+02,1.513691244408079513e+02,1.483520882620229600e+02,3.321757660832153647e+02
1.445070913042845575e+02,1.533829729767865047e+02,1.474993162158673954e+02,3.295816703906527891e+02
1.331146459504050767e+02,1.545061487018035677e+02,1.457223058310970885e+02,3.281501418528348495e+02
1.184316292392992125e+02,1.461908098359027690e+02,1.453015712937140620e+02,3.296685024993703337e+02
9.993672349917311237e+01,1.418180278707288267e+02,1.466532792888588403e+02,3.324648691373903375e+02
7.749222522483674425e+01,1.341844615368717086e+02,1.480955061231761078e+02,3.356982465026753744e+02
6.452555177435638711e+01,1.370079675614867369e+02,1.491470800291417049e+02,3.371445429022368216e+02
5.295177489557255512e+01,1.456750429152426420e+02,1.496274375129056580e+02,3.365019147929916130e+02
4.040241104661615168e+01,1.502636135355513147e+02,1.493184637185088945e+02,3.334662349247497559e+02
3.600424407640528557e+01,1.451691554312174617e+02,1.476424198818310174e+02,3.326689126538032042e+02
4.865046596302983062e+01,1.500224781001639656e+02,1.444150910835575132e+02,3.295820025568464757e+02
4.452849690922198533e+01,1.552368272614373268e+02,1.420642263347278913e+02,3.259922806175089818e+02
4.233894554389875964e+01,1.610165330507761894e+02,1.391264097385921161e+02,3.218924532749762761e+02
3.506808911790849947e+01,1.665669458839838057e+02,1.372621958861658982e+02,3.175624434578652426e+02
2.599605507294813833e+01,1.788771719081236142e+02,1.375978209066286126e+02,3.115656162112213678e+02
1.960874015313959262e+01,1.801823926211010019e+02,1.375617379319146494e+02,3.075663702601296450e+02
7.375467302391825797e+00,1.835713210150752843e+02,1.380936389343135033e+02,3.049158375764901621e+02
9.472343345230214595e+00,1.582732622064955024e+02,1.387514522096596750e+02,3.093213080684055853e+02
3.162048764285597713e+01,1.569082977320198893e+02,1.402498718663612749e+02,3.118842386309737549e+02
5.032457766246881192e+01,1.499370336898342373e+02,1.397789133542352147e+02,3.144130437234016995e+02
6.719734132854215147e+01,1.590639055220879925e+02,1.422879484000182231e+02,3.167144338784742672e+02
1.092966825637409727e+02,1.535023201643970765e+02,1.387638951410463619e+02,3.205670238252708941e+02
1.268214526386171741e+02,1.284378874836053228e+02,1.372698397630224747e+02,3.300991904258680734e+02
1.404196316986554223e+02,1.484991842340328105e+02,1.364065981743180487e+02,3.333868676159310667e+02
1.480235208379326082e+02,1.376650744336452306e+02,1.345114801130488047e+02,3.361934958775948985e+02
1.589649739151324752e+02,1.413469060693223867e+02,1.339535060570377709e+02,3.388096662091458597e+02
1.716789761189393175e+02,1.239657844058193632e+02,1.341397327590432553e+02,3.453547369134712426e+02
1.884205632249418727e+02,1.275307350826006711e+02,1.376809573507490825e+02,3.487195264549891931e+02
2.371705560752559450e+02,1.071855169416933222e+02,1.385724511423084380e+02,3.556202479235714691e+02
2.761153988730175683e+02,1.048615021003753327e+02,1.405548358592851912e+02,3.597729633657518207e+02
2.956202860262379204e+02,1.051499892681785013e+02,1.454858116749147996e+02,3.619985615189302735e+02
3.513162709388877829e+02,1.072542079658104512e+02,1.530169451821346343e+02,3.641220008784271158e+02
4.320154329671673850e+02,1.080670455211233616e+02,1.589087517408098051e+02,3.639201553233127697e+02
4.813527494967023586e+02,9.791696467014327254e+01,1.589355804737319886e+02,3.692990170908857408e+02
4.813527494967023586e+02,9.791696467014327254e+01,1.589355804737319886e+02,3.692990170908857408e+02
4.813527494967023586e+02,9.791696467014327254e+01,1.589355804737319886e+02,3.692990170908857408e+02
4.813527494967023586e+02,9.791696467014327254e+01,1.589355804737319886e+02,3.692990170908857408e+02
4.813527494967023586e+02,9.791696467014327254e+01,1.589355804737319886e+02,3.692990170908857408e+02
4.813527494967023586e+02,9.791696467014327254e+01,1.589355804737319886e+02,3.692990170908857408e+02
4.813527494967023586e+02,9.791696467014327254e+01,1.589355804737319886e+02,3.692990170908857408e+02
4.813527494967023586e+02,9.791696467014327254e+01,1.589355804737319886e+02,3.692990170908857408e+02
4.813527494967023586e+02,9.791696467014327254e+01,1.589355804737319886e+02,3.692990170908857408e+02
4.813527494967023586e+02,9.791696467014327254e+01,1.589355804737319886e+02,3.692990170908857408e+02
4.813527494967023586e+02,9.791696467014327254e+01,1.589355804737319886e+02,3.692990170908857408e+02
4.813527494967023586e+02,9.791696467014327254e+01,1.589355804737319886e+02,3.692990170908857408e+02
4.813527494967023586e+02,9.791696467014327254e+01,1.589355804737319886e+02,3.692990170908857408e+02
4.813527494967023586e+02,9.791696467014327254e+01,1.589355804737319886e+02,3.692990170908857408e+02
4.813527494967023586e+02,9.791696467014327254e+01,1.589355804737319886e+02,3.692990170908857408e+02
4.813527494967023586e+02,9.791696467014327254e+01,1.589355804737319886e+02,3.692990170908857408e+02
4.813527494967023586e+02,9.791696467014327254e+01,1.589355804737319886e+02,3.692990170908857408e+02
4.813527494967023586e+02,9.791696467014327254e+01,1.589355804737319886e+02,3.692990170908857408e+02
4.813527494967023586e+02,9.791696467014327254e+01,1.589355804737319886e+02,3.692990170908857408e+02
4.917332087496004078e+02,1.415625408303970971e+02,1.554544280506996188e+02,3.578588932127609041e+02
4.993771871225102359e+02,1.477714029144010510e+02,1.506570022725922513e+02,3.478021779272755793e+02
5.003053414940031871e+02,1.536365154893759666e+02,1.472913792905812613e+02,3.394980325273867834e+02
5.004588048958950708e+02,1.597827033460843609e+02,1.437302954204523076e+02,3.328858721727041257e+02
4.984408027751323402e+02,1.676800368711910494e+02,1.417467426627711973e+02,3.268750433945854752e+02
4.937970507495173820e+02,1.662488932515680631e+02,1.405796187232785144e+02,3.216574232165340845e+02
4.854727343529760901e+02,1.710933079320382717e+02,1.422744770641515970e+02,3.152578571040372708e+02
4.721640841809745552e+02,1.728365601286406275e+02,1.442700790286380652e+02,3.114002192045344941e+02
4.538657779131779080e+02,1.749332246525061407e+02,1.458319396721414591e+02,3.089824829607585457e+02
4.413310991893745836e+02,1.722475698122060237e+02,1.449549355780001463e+02,3.090100793578199614e+02
4.251647740108159041e+02,1.715108756445532663e+02,1.434655148596780805e+02,3.079639575431697267e+02
4.123203017483732538e+02,1.694768161678571801e+02,1.402948116337088322e+02,3.074562472290600681e+02
4.046071868826907689e+02,1.662901455368907762e+02,1.364857298568950910e+02,3.081437230887711962e+02
3.982862493228553831e+02,1.655115164127901437e+02,1.337033991965366226e+02,3.093060383976909975e+02
3.935994224677655211e+02,1.649392605895469046e+02,1.318847425734643650e+02,3.111385149604067237e+02
3.915500950857623934e+02,1.599192296278595222e+02,1.300416749444346749e+02,3.125447143883591252e+02
3.929483608502284824e+02,1.575425416797797595e+02,1.291135427971401270e+02,3.157322131449503217e+02
3.918621458903476196e+02,1.451512331363506689e+02,1.288061531806927746e+02,3.220593763591278389e+02
3.894763562462150048e+02,1.346030565404017807e+02,1.285178917897892177e+02,3.317743342110597951e+02
3.877349579385132188e+02,1.202644070397161613e+02,1.291988838626512859e+02,3.419318349336224401e+02
3.824906269535764523e+02,1.084586020357674840e+02,1.309646249379020446e+02,3.491688836317053415e+02
3.808335907594109813e+02,1.022860026977704138e+02,1.329966761911412050e+02,3.558228520106108590e+02
3.761929611157797808e+02,9.740854932919415887e+01,1.351610998842263029e+02,3.649875105802485677e+02
3.698835245221764580e+02,9.297747760211973400e+01,1.376650858338842340e+02,3.735876396453593316e+02
3.616895658311535726e+02,8.768087971373037703e+01,1.403065833093137655e+02,3.820583469234503013e+02
3.562090412976359630e+02,7.437605521307492040e+01,1.435667289606689963e+02,3.906339058826469568e+02
3.475395409413560515e+02,6.717130217985516083e+01,1.450980113962513371e+02,3.973862187651875502e+02
3.389759520065870788e+02,5.919567358934932599e+01,1.441188927264826418e+02,4.039121524598710948e+02
3.291327407053303205e+02,5.494605192575613728e+01,1.437026980652022417e+02,4.103056098211379776e+02
3.273175304756366586e+02,4.303651474452811954e+01,1.441307626629257470e+02,4.179362266945803412e+02
3.180634117972055037e+02,3.599244088485158954e+01,1.452609101150027868e+02,4.269536184553762723e+02
3.008648367164182105e+02,2.506295900573610425e+01,1.501331522107815317e+02,4.362019941398767742e+02
2.938057667668622344e+02,1.230493561329876684e+01,1.566449970010983179e+02,4.454756779486772302e+02
2.928710151874230405e+02,4.111716326871658111e+00,1.623705878446080533e+02,4.554697229325116723e+02
2.902372254040403732e+02,-1.048892193790257465e+01,1.687302244010431309e+02,4.640792846030513488e+02
2.890732196797048914e+02,-7.453061203906941046e+00,1.753729607718943555e+02,4.681257577151382065e+02
2.882432224349228704e+02,-1.145696966759550151e+01,1.808236742937459383e+02,4.730007394927503128e+02
2.874046015651844073e+02,-1.203105243591917883e+01,1.840240438274886969e+02,4.771668894196564565e+02
2.834467317281720966e+02,-1.522447262618968011e+01,1.881769065140559860e+02,4.795793781556814679e+02
2.771509349562645639e+02,-1.593121433234716733e+01,1.923339044730016667e+02,4.800000000000000000e+02
2.762306707612012246e+02,-1.617475882149244626e+01,1.964826232088925053e+02,4.800000000000000000e+02
2.746277363678003667e+02,-1.159737911797071774e+01,2.006510091379900587e+02,4.800000000000000000e+02
2.667152741923297299e+02,-1.206691839150096257e+01,2.035567821827789885e+02,4.800000000000000000e+02
2.620175595046487729e+02,-1.586232580066905484e+01,2.063234979503528450e+02,4.793827745809094267e+02
2.500510518015424850e+02,-1.433076519570670371e+01,2.091823346608867098e+02,4.791437042743050370e+02
2.341256154073606695e+02,-1.967668171916517394e+01,2.130240769713450675e+02,4.793526481458069384e+02
2.101912521743781781e+02,-1.742150318710201873e+01,2.180609972544486936e+02,4.773410896904605352e+02
1.894114537111090044e+02,-1.339971690640240354e+01,2.240179864539362313e+02,4.745340316973901622e+02
1.736608878502366906e+02,-1.658374591830272493e+01,2.311693314172580358e+02,4.748346177401422210e+02
1.589843530918678596e+02,-1.775699397669333734e+01,2.360880099122671822e+02,4.757522438048242179e+02
1.483867219614571127e+02,-2.055670836128325618e+01,2.404906190892874065e+02,4.784781333646382109e+02
1.366141938592704150e+02,-2.552720421901847203e+01,2.435488550727135362e+02,4.800000000000000000e+02
1.455867150143921833e+02,-1.743884152523185094e+01,2.452687411987492965e+02,4.800000000000000000e+02
1.582688492095894901e+02,-1.641701799980307896e+01,2.439310154719289017e+02,4.800000000000000000e+02
1.348938082495322419e+02,-1.712658499314139249e+01,2.482386649884789733e+02,4.799836870388635930e+02
1.418040226339054470e+02,-1.810649325302745183e+01,2.484372820495054839e+02,4.800000000000000000e+02
1.303129100054011076e+02,-1.467094995430613835e+01,2.508387310919145534e+02,4.800000000000000000e+02
1.306911638722919520e+02,-1.351301397732402165e+01,2.530881204032683627e+02,4.800000000000000000e+02
1.256919932600973624e+02,-1.415584826818610509e+01,2.540364566685510965e+02,4.800000000000000000e+02
1.201835783564263522e+02,-5.322040779225176266e+00,2.613360668847523698e+02,4.769509687012773611e+02
1.334753154610702381e+02,-3.893337366497121366e+00,2.574322305844001448e+02,4.758186979174624867e+02
1.345243634419855994e+02,-4.774083345824521984e+00,2.530804981431917042e+02,4.767078560514827359e+02
1.314879517378073501e+02,-7.617660097145972031e+00,2.517917817108499605e+02,4.784641964800136975e+02
1.376978661232249408e+02,-4.660800090867269319e+00,2.503044261226929734e+02,4.783048028109926690e+02
1.500699000771571718e+02,-8.781973037635339097e+00,2.472594663386078366e+02,4.800000000000000000e+02
1.645798335164509467e+02,1.381787173368422827e-01,2.407300112184431100e+02,4.785039366786542701e+02
1.687843502649724314e+02,6.862257588523874574e+00,2.350843761302899111e+02,4.757606329478158500e+02
1.797556622181963633e+02,1.462295130279463251e+01,2.284586162375139224e+02,4.700220738502679865e+02
1.773832986200439166e+02,2.570359719434330259e+01,2.230593624538993822e+02,4.635615076225905682e+02
1.848439372981503084e+02,3.284544958782817048e+01,2.170468194192808369e+02,4.562073282109870433e+02
1.872377757783197012e+02,4.143436327066189051e+01,2.098534520273471742e+02,4.482277468475168689e+02
1.895518968761306269e+02,5.045031357024689100e+01,2.045170760448085900e+02,4.402069479710641531e+02
1.945147897395723362e+02,6.105445933406741688e+01,2.006665976871573775e+02,4.310207435405910701e+02
1.997804552420310529e+02,7.008985347467572069e+01,1.976507276502575223e+02,4.216033528194940914e+02
2.074488683305948769e+02,8.083415803155619983e+01,1.951374669562231361e+02,4.112458519897297151e+02
2.154249417496266972e+02,9.726168253635435690e+01,1.915255644113723861e+02,4.003591352707828150e+02
2.235696794202262936e+02,1.040115007821669906e+02,1.883564904526194539e+02,3.910265543859995887e+02
2.369006132219609242e+02,1.112753596326014645e+02,1.840009125220017836e+02,3.823682438621020765e+02
2.372246775208960514e+02,1.215349483231017871e+02,1.819900353608418868e+02,3.735119960160135406e+02
2.400749291094942066e+02,1.283785443716636792e+02,1.791945288171752395e+02,3.651899629536187604e+02
2.435048355384512888e+02,1.381795456284450552e+02,1.762755166260701287e+02,3.576674224914476099e+02
2.419260814770643151e+02,1.454310359504870291e+02,1.744374190416754971e+02,3.504678075547611229e+02
2.403699943688768599e+02,1.524813805556171076e+02,1.717740462304625737e+02,3.435779442646059465e+02
2.353868164823168456e+02,1.633277849278990743e+02,1.716897895539365777e+02,3.360035742407451380e+02
2.321217192821185336e+02,1.688290472141928831e+02,1.719286803196896756e+02,3.281840726440791514e+02
2.319285218830825670e+02,1.737485103899325907e+02,1.720277494971103067e+02,3.204411810578432664e+02
2.317343438360639993e+02,1.791756584838724677e+02,1.699361270297461033e+02,3.150769537824696158e+02
2.319785890261856025e+02,1.849783302517100196e+02,1.674622214888469500e+02,3.099366661893299124e+02
2.309201218297772016e+02,1.835900000263487755e+02,1.650322722985948758e+02,3.059490525197215902e+02
2.335668655686046122e+02,1.816424987143444980e+02,1.623256280731220613e+02,3.046922750152511412e+02
2.332548929396818949e+02,1.659649931966376926e+02,1.599615662623334345e+02,3.091771097353571349e+02
2.368810455747245669e+02,1.728598489150124919e+02,1.582469068090511257e+02,3.082476001342398604e+02
2.343733613543328147e+02,1.681599475334479621e+02,1.566629534076409982e+02,3.089163772015681388e+02
2.365576372864206860e+02,1.649277910289303577e+02,1.556474582127004851e+02,3.101609507735000761e+02
2.419812001141476401e+02,1.565283249522580604e+02,1.532324614634965769e+02,3.140716478346815848e+02
2.425314473168836855e+02,1.569247399481031096e+02,1.514348926447249255e+02,3.192000777230574045e+02
2.419561050321163975e+02,1.369155527588669941e+02,1.501338770036882124e+02,3.273650757129798308e+02
2.451339035171838816e+02,1.397455089679325511e+02,1.493747561115866915e+02,3.336833689756958847e+02
2.420195774950092016e+02,1.252187899101526227e+02,1.497627347092807781e+02,3.434064237904744914e+02
2.375191812098755122e+02,1.257690559165955619e+02,1.505175236517710289e+02,3.490546076551215720e+02
2.382190036410240737e+02,1.203727627371214624e+02,1.514115635104670048e+02,3.541876123528454059e+02
2.335423872156893594e+02,1.203411524288299574e+02,1.530746251193761793e+02,3.570930687730325417e+02
2.403205075797456516e+02,1.247780935879073354e+02,1.549021562876258429e+02,3.561154781876658717e+02
2.491760597094450418e+02,1.196592782456485224e+02,1.576755567279341506e+02,3.567581925284945328e+02
2.591092102275892444e+02,1.188350858665631904e+02,1.587248536072951595e+02,3.562694835042402701e+02
2.612996199407255062e+02,1.297959130811167086e+02,1.591714043478011718e+02,3.546002227976674135e+02
2.605574702024533735e+02,1.274556040906792589e+02,1.568363907750289741e+02,3.527059597017295687e+02
2.616525689796463894e+02,1.353876379392073659e+02,1.559912309193887836e+02,3.482108800417827297e+02
2.618258850733487293e+02,1.445379776110526393e+02,1.543844839131726587e+02,3.439662300178553664e+02
2.656587079490650467e+02,1.491130262535481279e+02,1.532797865336272025e+02,3.381572763409576510e+02
2.667436381205141060e+02,1.556661819161335529e+02,1.532060355809878160e+02,3.320475460933624845e+02
2.704475351782169810e+02,1.639844724137757339e+02,1.535486505918638045e+02,3.262146340739082007e+02
2.751618873500434574e+02,1.686131593273984492e+02,1.553583724567070590e+02,3.207642036632582290e+02
2.686629362936866414e+02,1.748713965031972464e+02,1.544633454922721967e+02,3.149377985102690332e+02
2.724969425961194247e+02,1.781412020045045210e+02,1.555489015366986507e+02,3.093865024938834267e+02
2.684917155523929750e+02,1.845454011953251552e+02,1.554594973401549112e+02,3.043575116134628615e+02
2.679231759459352702e+02,1.874523686303786292e+02,1.555906161379529067e+02,2.993951274416362480e+02
2.679986233830131255e+02,1.892966353902492642e+02,1.573426784648012244e+02,2.948592502535533413e+02
2.648511877759754043e+02,1.942986424724111885e+02,1.588182473583962917e+02,2.911051612257956549e+02
2.605856699365352824e+02,1.949609270371797152e+02,1.604116724110558607e+02,2.880462485079063981e+02
2.596541952428199238e+02,2.017801835627472826e+02,1.626547103662203142e+02,2.843477235930627671e+02
2.571085521300446999e+02,2.067624631030750493e+02,1.638048440191388977e+02,2.806032749288195873e+02
2.549678950711582957e+02,2.077566112823523667e+02,1.622483771844581497e+02,2.776367250213000943e+02
2.523476515999823846e+02,2.232588398790398685e+02,1.617717883020724230e+02,2.712871864985793877e+02
2.476016676686385836e+02,1.999728933538454498e+02,1.611919568865007193e+02,2.748494245501889282e+02
2.562295960668957377e+02,2.144087753812382573e+02,1.598623810653282931e+02,2.718556149784355398e+02
2.479730545117824363e+02,2.152788031693604012e+02,1.592995516999689016e+02,2.699984665543671554e+02
2.519669530284632515e+02,2.040953038061188636e+02,1.571702632534908162e+02,2.730903283332183946e+02
2.507732200971677514e+02,2.111489114419672148e+02,1.569180581480260912e+02,2.703725602737409304e+02
2.537510162221883547e+02,2.099360404543035656e+02,1.557245971121267019e+02,2.712154743233861609e+02
2.559653255571510897e+02,1.995221306901820526e+02,1.535185760412308014e+02,2.747873410165461792e+02
2.501695762352588872e+02,1.916489433136169112e+02,1.521969868401665735e+02,2.791739116162340792e+02
2.503401411151167224e+02,1.777943838817310507e+02,1.527366330089482176e+02,2.884239278493905658e+02
2.398983166996986256e+02,1.559431795661779461e+02,1.512208124641740312e+02,3.021004899991735329e+02
2.270516894260039749e+02,1.481095617487414131e+02,1.523493621165438299e+02,3.122382389778576339e+02
2.192505750412155976e+02,1.371266610837413396e+02,1.533639377260253696e+02,3.233491409014246756e+02
2.227743901525577144e+02,1.372058490809713192e+02,1.569341444555505802e+02,3.301792597800115914e+02
2.227743901525577144e+02,1.372058490809713192e+02,1.569341444555505802e+02,3.301792597800115914e+02
2.227743901525577144e+02,1.372058490809713192e+02,1.569341444555505802e+02,3.301792597800115914e+02
2.227743901525577144e+02,1.372058490809713192e+02,1.569341444555505802e+02,3.301792597800115914e+02
2.963260715107102214e+02,1.486430156727579686e+02,1.625030687265502536e+02,3.303114192111843863e+02
3.071029790484042792e+02,1.467512335394093270e+02,1.648113122906885053e+02,3.300962182477028364e+02
3.096470820250611382e+02,1.562306220001144936e+02,1.678542537220183704e+02,3.260907713662705305e+02
3.179048597740614923e+02,1.670766552970450789e+02,1.708120792664981877e+02,3.209935762934054537e+02
3.231052119738610600e+02,1.799493670767090521e+02,1.739009864925703823e+02,3.131265420925980152e+02
3.280239563517128545e+02,1.794718597857327609e+02,1.764039814023331019e+02,3.081687773433433222e+02
3.233970995891827442e+02,1.889906288857387722e+02,1.768284426843513870e+02,3.029527284774377449e+02
3.227619154790812672e+02,1.901139368826937357e+02,1.787992004089869340e+02,2.985109101329113628e+02
3.238870889615957367e+02,1.910230023702798405e+02,1.793483276833074456e+02,2.951384817105345633e+02
3.222455743390532916e+02,1.973426253157888937e+02,1.790300469136675190e+02,2.919645096766331562e+02
3.223831344056249009e+02,1.959155243903094004e+02,1.777038084066534509e+02,2.892775247180523479e+02
3.234634362462926447e+02,1.979495157412571587e+02,1.759073365037966141e+02,2.878895880976998001e+02
3.215624672022566415e+02,2.013301939299484502e+02,1.745581930298263842e+02,2.854499742549546681e+02
3.215411237573307517e+02,2.010554681570772289e+02,1.730884491325916201e+02,2.830538689216535317e+02
3.225237579794214753e+02,2.028350670184086653e+02,1.722147738347343306e+02,2.816273222896126072e+02
3.245279236765118185e+02,2.030823900344625486e+02,1.709158662209949284e+02,2.808545380073923070e+02
3.257014887731956492e+02,2.033961261933471292e+02,1.702239037264874923e+02,2.798801074696181104e+02
3.272570220520561861e+02,2.061139135273438967e+02,1.703416009875073200e+02,2.783260125417673976e+02
3.301508288851042607e+02,2.074220117802506138e+02,1.706624901862488173e+02,2.767336493107952720e+02
3.344454040437836397e+02,2.095961415962935064e+02,1.712991976035701498e+02,2.754768859078812397e+02
3.370271046359636102e+02,2.088483898245365538e+02,1.703720959339807166e+02,2.749350039876805454e+02
3.396051813678246276e+02,2.126195573461986896e+02,1.740289755742015814e+02,2.718308851537678947e+02
3.390128278849254002e+02,2.060610337055123011e+02,1.726783348398809608e+02,2.716207983027554178e+02
3.387004099513628717e+02,2.097787314967425232e+02,1.712656152508446041e+02,2.708894236973152374e+02
3.416519180748256304e+02,2.079899180996589507e+02,1.712481490260443024e+02,2.716475920068327241e+02
3.436328611131522166e+02,2.082272087414400801e+02,1.724397377571303878e+02,2.722261593505516544e+02
3.430907363364648859e+02,2.100352427953580730e+02,1.739966840916634965e+02,2.720386624669283151e+02
3.440318584924356173e+02,2.111841725397645178e+02,1.774563763680093302e+02,2.709581023202708820e+02
3.415874487866130949e+02,2.127638001133003058e+02,1.806200033520192392e+02,2.690168947920652727e+02
3.444885343623279823e+02,2.103951581409571361e+02,1.832323877502111031e+02,2.675443570357018075e+02
3.444885343623279823e+02,2.103951581409571361e+02,1.832323877502111031e+02,2.675443570357018075e+02
3.444885343623279823e+02,2.103951581409571361e+02,1.832323877502111031e+02,2.675443570357018075e+02
3.443094347732505867e+02,2.162071899624106095e+02,1.841412317433339751e+02,2.659966159483368529e+02
3.432720330873747798e+02,2.130712921977628866e+02,1.859979826682433952e+02,2.649277060828874255e+02
3.419150060955487334e+02,2.162241098495067604e+02,1.864702423041324550e+02,2.649718828101919144e+02
3.436949635644359660e+02,2.150734887606837731e+02,1.879039029393254623e+02,2.641439362118216536e+02
3.384735923864831193e+02,2.136705773406625894e+02,1.876178035136148878e+02,2.636020410514520336e+02
3.421084172496563269e+02,2.199216415654267962e+02,1.888356329971684602e+02,2.623832273068186396e+02
3.390839656564623965e+02,2.121076902945030156e+02,1.888607343799674538e+02,2.615420727655363180e+02
3.382819124440632095e+02,2.171446772361588273e+02,1.883344277493459344e+02,2.618195374045635617e+02
3.393291431298149519e+02,2.179724949799098113e+02,1.897192256303906106e+02,2.604715258398864535e+02
3.357085967833321547e+02,2.157825965920829105e+02,1.898964579069438514e+02,2.611154291276099570e+02
3.329800971745933111e+02,2.138847489891617215e+02,1.899475161149000542e+02,2.616922844496480138e+02
3.311477275159972464e+02,2.155789034983642694e+02,1.900143664855589805e+02,2.631211007516774885e+02
3.251873086546069089e+02,2.127138929900234530e+02,1.901489722137107492e+02,2.639581721872128810e+02
3.246930361786575077e+02,2.154921120741790617e+02,1.900991833919965472e+02,2.654332653528250034e+02
3.225661547837044623e+02,2.102696230220646214e+02,1.911568290191981703e+02,2.648968887436139426e+02
3.222321446008848511e+02,2.177929218908407165e+02,1.926114449081947839e+02,2.647984111232492523e+02
3.171752448929101433e+02,2.122010254157249847e+02,1.945461872028673724e+02,2.648058067498723176e+02
3.171752448929101433e+02,2.122010254157249847e+02,1.945461872028673724e+02,2.648058067498723176e+02
3.363908030666137279e+02,2.118917870405120425e+02,1.957503743527746849e+02,2.644088598447882532e+02
3.406492813168941325e+02,2.136298074519988575e+02,1.959861434534101647e+02,2.639849091898138909e+02
3.435548494832216306e+02,2.132308640709989334e+02,1.965764582315949838e+02,2.640171632032099183e+02
3.435548494832216306e+02,2.132308640709989334e+02,1.965764582315949838e+02,2.640171632032099183e+02
3.435548494832216306e+02,2.132308640709989334e+02,1.965764582315949838e+02,2.640171632032099183e+02
3.435548494832216306e+02,2.132308640709989334e+02,1.965764582315949838e+02,2.640171632032099183e+02
3.388884058103520829e+02,2.046866603928164068e+02,1.954771975975977796e+02,2.661214444685715534e+02
2.738375097307686588e+02,1.885024837652818519e+02,1.909625651962177244e+02,2.747064877871172257e+02
2.756452238809415007e+02,1.814950398746771612e+02,1.863124185015925889e+02,2.821125565604530721e+02
2.777592862580881956e+02,1.566402552129995343e+02,1.847684051040343434e+02,2.955680556018259040e+02
2.759890605484590651e+02,1.489815485774316244e+02,1.832274546983415178e+02,3.067011050309512257e+02
2.828807233753689729e+02,1.419137173018800979e+02,1.821924934930690654e+02,3.166865014115525696e+02
2.872933338630527942e+02,1.370274919400178248e+02,1.843574677920543934e+02,3.265114643861177797e+02
2.895787816325168365e+02,1.260186208337211724e+02,1.882390230053846096e+02,3.350070546516896002e+02
2.866770894937849903e+02,1.240000503997647456e+02,1.917365260210227405e+02,3.410230655538202882e+02
2.832059059793330107e+02,1.142619887904438940e+02,1.944889664256286608e+02,3.485238164580088664e+02
2.829758886126407447e+02,1.052429849189054494e+02,1.972135215657361584e+02,3.569601758703972791e+02
2.732592153658894745e+02,9.944194419892249925e+01,2.012761576863138941e+02,3.652850804533685505e+02
2.675798891476562176e+02,8.961969105303228389e+01,2.056708499520345299e+02,3.729252618321240789e+02
2.629656204566941824e+02,7.800293780778312680e+01,2.103333530169420271e+02,3.822789560820218071e+02
2.560016289746888560e+02,6.896536919013124134e+01,2.148623110175738589e+02,3.912998702567176679e+02
2.517874899250834915e+02,6.155124011957633456e+01,2.152809622513975683e+02,3.991263965252688877e+02
2.461541143920699142e+02,4.376093461323651468e+01,2.168914308924979935e+02,4.108729525910491134e+02
2.379618422718297097e+02,2.953728053140991960e+01,2.164925946245554940e+02,4.259894664202906824e+02
2.336790924981652040e+02,1.935518971380940911e+01,2.193461553138523072e+02,4.385549176821091351e+02
2.293136728974545804e+02,7.092389794121061186e+00,2.218390789993739247e+02,4.503644606977553622e+02
2.253915587112272476e+02,8.013784849949274758e-01,2.243804266078209935e+02,4.597236201186809694e+02
2.254723578427151267e+02,-1.428064379522908212e+00,2.267286809926266073e+02,4.687556073682549709e+02
2.199788234043631689e+02,-2.594556905018379211e+00,2.303393851613837455e+02,4.750245093198806785e+02
2.282954907275612300e+02,-8.708935869981360156e-01,2.328958832023655532e+02,4.760503720377830632e+02
2.282769143723960212e+02,-3.109821040220253963e+00,2.348031900550757314e+02,4.786867869222355694e+02
2.422889371164306738e+02,-5.823390550342253391e+00,2.345980532584126763e+02,4.795496418562521512e+02
2.449718399764049082e+02,-2.229844036278677777e+00,2.328260676335264634e+02,4.800000000000000000e+02
2.542965638248398932e+02,-2.393005533127563922e+00,2.308952173487658968e+02,4.794416913524886468e+02
2.574429734159130021e+02,1.250953699202170810e+00,2.302561953162777968e+02,4.790368919941219019e+02
2.674769082483589955e+02,-8.744838661280823544e+00,2.286415765363956893e+02,4.800000000000000000e+02
2.737698300389737938e+02,-7.613195127574158505e+00,2.272847568885766520e+02,4.800000000000000000e+02
2.833416786660781668e+02,-1.366025609406585772e+01,2.245430314513845360e+02,4.800000000000000000e+02
2.931064965077747502e+02,-1.399101818236465533e+01,2.208350148018048458e+02,4.800000000000000000e+02
2.840570933028397462e+02,-1.235147488745803912e+01,2.175358986958057130e+02,4.800000000000000000e+02
2.762983751139954620e+02,-1.229031760129089434e+01,2.153402460842365258e+02,4.800000000000000000e+02
2.716905413671397014e+02,-1.173139411839599688e+01,2.147845178946594444e+02,4.800000000000000000e+02
2.617324650402981092e+02,-1.125090641411895831e+01,2.146202872475613219e+02,4.800000000000000000e+02
2.524557863633486647e+02,-1.020017105969543536e+01,2.151889720550735206e+02,4.800000000000000000e+02
2.439211928443678516e+02,-1.220536739262695392e+01,2.160973638812431545e+02,4.800000000000000000e+02
2.347427472618416004e+02,-1.051611215504760821e+01,2.161531724352116726e+02,4.800000000000000000e+02
2.228400089982700081e+02,-1.201780862244720538e+01,2.155306208556654042e+02,4.800000000000000000e+02
2.123126413564853294e+02,-1.284314191969986041e+01,2.178469623556654255e+02,4.800000000000000000e+02
2.115939762163014279e+02,-8.946032888022614316e+00,2.187428951538765034e+02,4.800000000000000000e+02
2.053585688515492507e+02,-1.301047218474502642e+01,2.200811987444648423e+02,4.800000000000000000e+02
2.055938943493780471e+02,-1.039018071326370318e+01,2.210202774679692084e+02,4.800000000000000000e+02
2.048550294550779256e+02,-1.210904324683303912e+01,2.222696545310636225e+02,4.800000000000000000e+02
1.988459046425443262e+02,-1.102088726195449908e+01,2.252157853969755763e+02,4.800000000000000000e+02
1.976806937043360506e+02,-6.381399518576813534e+00,2.304041987303775727e+02,4.800000000000000000e+02
2.012746766896384258e+02,-1.137022579344863971e+01,2.319048113654246777e+02,4.800000000000000000e+02
2.041337702250233406e+02,-1.071359396609420855e+01,2.328643448413772603e+02,4.800000000000000000e+02
1.928782626430452467e+02,-1.224344102694055891e+01,2.347101778916859871e+02,4.799885717137794927e+02
1.860713938620008889e+02,-1.161310896830457295e+01,2.360669364651272417e+02,4.794099819049029065e+02
1.832987413139314015e+02,-8.722501390479806105e+00,2.391683940242255062e+02,4.779441468456889197e+02
1.805954247737480500e+02,-9.670577134255694318e+00,2.413088711464165499e+02,4.786119012916814768e+02
1.813471014582187308e+02,-8.917161563916010891e+00,2.432238384332979422e+02,4.768511691462108502e+02
1.762208726842048918e+02,-6.288317149462187672e+00,2.444637446736474260e+02,4.757730819866147272e+02
1.796726197991657727e+02,-8.132684571572639243e+00,2.456831304257202930e+02,4.767794504596808451e+02
1.734487422726145383e+02,-6.957525258200206508e+00,2.463379920690937297e+02,4.752372947605635432e+02
1.781101886280819429e+02,-8.168379222372863069e+00,2.470665148015793307e+02,4.754609195266011170e+02
1.736117297344646886e+02,-5.955530510390531163e+00,2.475013183500748255e+02,4.751679330363217559e+02
1.781937735262841329e+02,-6.427853553468537484e+00,2.484688511735404006e+02,4.757331880482971656e+02
1.727780522156346308e+02,-4.598475655081699642e+00,2.482527512228179489e+02,4.754237388349280309e+02
1.722841231278397345e+02,-4.921678749922762108e+00,2.505245480447242414e+02,4.753647984700924098e+02
1.709084017643632194e+02,-7.335626873915714441e+00,2.512996012443564382e+02,4.757978485171353213e+02
1.685127767261825511e+02,-4.103553170361749380e+00,2.533654191632012669e+02,4.755253252746086901e+02
1.695724959475024889e+02,-4.356044694783520299e+00,2.540626566219744120e+02,4.758106354647371745e+02
1.658802378944687632e+02,-6.152287169377842702e+00,2.539861231713096572e+02,4.753801962291266250e+02
1.604691830884495403e+02,-4.095188813346908319e+00,2.550539174070663648e+02,4.749399773689324320e+02
1.576812825379256537e+02,-4.029279112540933738e+00,2.552464310783045391e+02,4.745661704409037043e+02
1.507700647161940424e+02,-4.419108592997446294e+00,2.552261495510524298e+02,4.738337658985513485e+02
1.482261628824036563e+02,-3.622537655425702496e+00,2.546017683126273710e+02,4.727082523832024776e+02
1.472165050315421979e+02,-3.510912722757922211e+00,2.506625721849740671e+02,4.736662497522113995e+02
1.497178465695740783e+02,-5.611332775259711525e+00,2.471981967756888707e+02,4.742664130822363404e+02
1.532308777587415136e+02,-3.462314434941220043e+00,2.417665057161711388e+02,4.753890454804262617e+02
1.560997277663289537e+02,2.923006307486616606e+00,2.386397623698499899e+02,4.739236493950456861e+02
1.662106978788539493e+02,9.653601865356961298e+00,2.356087935193117460e+02,4.707185312773518717e+02
1.742663675227883573e+02,1.727445938812277859e+01,2.313215547258277240e+02,4.670715504237147684e+02
1.770509478890595290e+02,2.567566371845219919e+01,2.287267878378898445e+02,4.614988304074651069e+02
1.955944382532341024e+02,3.508815511903088691e+01,2.240300544545114292e+02,4.546629661823575361e+02
1.889745927571166533e+02,4.497272755252890875e+01,2.221825510039972755e+02,4.477400050922169612e+02
1.999450974279079674e+02,5.684309722711972768e+01,2.204475276853638945e+02,4.378654976613702843e+02
1.953162704998837569e+02,6.718749017878218410e+01,2.202117256545714667e+02,4.289582459529916605e+02
2.022518155539065106e+02,7.720615743524945174e+01,2.185970099056568188e+02,4.189027630178159143e+02
1.948972940876640791e+02,7.591974578658278006e+01,2.188859268768379422e+02,4.133645352325381737e+02
1.902126982170569818e+02,8.215378116927351471e+01,2.204457504845072435e+02,4.056123567820675930e+02
1.723558181747718834e+02,6.145740212599616825e+01,2.230303334755715809e+02,4.078136361393742391e+02
1.810460409769544867e+02,6.518614339958213577e+01,2.222868355030423402e+02,4.067068387118312103e+02
1.827496029967774689e+02,6.119943960651588100e+01,2.205407098078177341e+02,4.104242565080009513e+02
1.780096865158383252e+02,6.380281520493727498e+01,2.187655712654845956e+02,4.107960556499032805e+02
1.819296872779148657e+02,6.458131853048729454e+01,2.174068476839890138e+02,4.110861537866297795e+02
1.781313981193497114e+02,4.455921786126396000e+01,2.174664410806175852e+02,4.179072945171662923e+02
1.740377821278666488e+02,4.786689359335309746e+01,2.158392418730929592e+02,4.195434241092013963e+02
1.732024769430757658e+02,5.232627758663170425e+01,2.139419394256734108e+02,4.195915178474976983e+02
1.724075237743103912e+02,4.766751487241012342e+01,2.138452309517837193e+02,4.211700982686166412e+02
1.706727565159522726e+02,3.358630144897603031e+01,2.121160526427248101e+02,4.273889769129701790e+02
1.680617713050419297e+02,3.715155993286217040e+01,2.095458654145515993e+02,4.335196694331129379e+02
1.650893032800087497e+02,3.528053871058111213e+01,2.086558610311157622e+02,4.347384971798372248e+02
1.670721558088535517e+02,2.546000786321067721e+01,2.076966357135689520e+02,4.387247117294975283e+02
1.598099831292292663e+02,3.236017527859755205e+01,2.069018387312037817e+02,4.432191156682550286e+02
1.534577920332069141e+02,1.471167640204768645e+01,2.084136702640687986e+02,4.485372640103440176e+02
1.387399970014227506e+02,1.685395004741846492e+01,2.080449047062992065e+02,4.552835213536966990e+02
1.362506206363753449e+02,7.800658931218293901e+00,2.069744020653002679e+02,4.618551361636116894e+02
1.368444162244411473e+02,4.009844792195565333e+00,2.067336132668694688e+02,4.646644813644171563e+02
1.394209771987461863e+02,3.186429247971773293e+00,2.064100048680641066e+02,4.697216427484274845e+02
1.406432682863037655e+02,-8.831932863705418413e+00,2.066150923401657451e+02,4.754366468484908523e+02
1.424778185484721007e+02,-6.586194964371742344e+00,2.082901323454616147e+02,4.759098722255131975e+02
1.407386390031884389e+02,4.675289085029532998e+00,2.108518548796420475e+02,4.740128673377702171e+02
1.426917366148881285e+02,-5.599820669152904884e+00,2.113126664349596808e+02,4.753567117240647804e+02
1.386222626385693388e+02,-2.738886113401889588e+00,2.115616269188778062e+02,4.755832898400407771e+02
1.393693579537184348e+02,-4.153464506607065232e-01,2.116483224141441610e+02,4.750208925023208621e+02
1.410691898173359959e+02,-5.084124174611758917e+00,2.135984955132335017e+02,4.739275263956575373e+02
1.520189952079168165e+02,1.892427810759386375e+00,2.165138757293863421e+02,4.708328876196173951e+02
1.666207059643137995e+02,5.380149436413972808e+00,2.211509121328521132e+02,4.684543071612769722e+02
1.952846752405364441e+02,3.211058690232675872e+00,2.260405791712271650e+02,4.698325106692111603e+02
2.229006266837444343e+02,4.240105868094730113e+00,2.284184365692349843e+02,4.692140174964246739e+02
2.363572761472923105e+02,-9.107843058984030904e-01,2.247323467333257554e+02,4.699298946766863310e+02
2.304136322113439519e+02,-1.217486889475139833e+00,2.237025432355935664e+02,4.698461475868741672e+02
2.279989207498179837e+02,-5.313433689079232636e+00,2.213537206142119089e+02,4.706840382335066693e+02
2.243399065659281746e+02,-3.147309823338588330e+00,2.176198843579681181e+02,4.696580110334890037e+02
2.299539616540826046e+02,-3.762317157510352672e+00,2.145616350215030081e+02,4.695041850813148017e+02
2.215035572772655428e+02,-6.448071988108040387e+00,2.122505907477933533e+02,4.704053559210990443e+02
2.205330502383791611e+02,-7.177072348328465523e+00,2.112043229070404209e+02,4.699926959192841878e+02
2.260087832617699064e+02,-9.808311496169864085e+00,2.096003214217213326e+02,4.710523229194957935e+02
2.260586052386936444e+02,-9.527438658732279464e+00,2.072603036180050537e+02,4.713651415346673161e+02
2.308552229311784458e+02,-1.001632331903493878e+01,2.052074944873079119e+02,4.723999759845527251e+02
2.280128704781854481e+02,-6.937699854495292584e+00,2.038655518255448840e+02,4.724398029919358351e+02
2.313899029005141301e+02,-7.611407651695799359e+00,2.041946407055579868e+02,4.751417124427669023e+02
2.332151252906630816e+02,-1.507050491007919391e+01,2.055832922806983163e+02,4.800000000000000000e+02
2.334381659324012332e+02,-1.034339990096822248e+01,2.051749810301046750e+02,4.793454430350617486e+02
2.340631657587462939e+02,-1.039630011664314679e+01,2.050594816425360136e+02,4.772369538011894292e+02
2.323970339654714223e+02,-1.174370516099102701e+01,2.042237748101557031e+02,4.765256118799212004e+02
2.365834314628480683e+02,-1.013030181481107661e+01,2.042196989163545595e+02,4.745511836513064168e+02
2.335595452967870074e+02,-6.407933745999031316e+00,2.028332738226343679e+02,4.741697285729474629e+02
2.397990834413006382e+02,-1.126535841719169184e+01,2.032488928155895849e+02,4.748875810357551472e+02
2.363203429993977238e+02,-4.018009070037408037e+00,2.009849219400570348e+02,4.754859075489661109e+02
2.283727664486634694e+02,-5.792583380513406155e+00,2.001256480853487858e+02,4.752248685917168132e+02
2.303364099469347934e+02,-2.101346700195435346e+01,2.013540837069091083e+02,4.788004210824014422e+02
2.229747953706542773e+02,-3.305978525963180914e+01,2.030452484216039579e+02,4.798624503742456113e+02
1.989195997651531513e+02,-2.755465412768478473e+01,2.073798751672741787e+02,4.800000000000000000e+02
1.909242796159968520e+02,-2.747476785182735171e+01,2.114424034355574520e+02,4.782963969939356161e+02
1.820838174106501697e+02,-1.862481192382927020e+01,2.111411672780135405e+02,4.800000000000000000e+02
1.730271530550267016e+02,-1.462829760345573504e+01,2.106607898582790028e+02,4.800000000000000000e+02
1.675023265924534712e+02,-1.561227158340568621e+01,2.137367088814479246e+02,4.800000000000000000e+02
1.695262487238023539e+02,-1.172456530365104754e+01,2.139389194550233810e+02,4.800000000000000000e+02
1.544876814720977336e+02,-1.379144791397209246e+01,2.179506395297216557e+02,4.800000000000000000e+02
1.428643179453528091e+02,-1.140291146072502215e+01,2.202076471923423924e+02,4.800000000000000000e+02
1.408873918851577400e+02,-1.293224755558128436e+01,2.216811059030034983e+02,4.800000000000000000e+02
1.434648465894464096e+02,-1.389577288064117511e+01,2.220882997659105627e+02,4.800000000000000000e+02
1.452208634241345351e+02,-1.337502843770141681e+01,2.250619075760264991e+02,4.800000000000000000e+02
1.289225562321828988e+02,-1.035008127125854571e+01,2.270294898249199775e+02,4.800000000000000000e+02
1.222470007633900622e+02,-1.351174647244567950e+01,2.304727762462092926e+02,4.800000000000000000e+02
