292.5, 19.5, 139.0, 421.0
2.902074838039396809e+02,1.759807680189473444e+01,1.383681430107119184e+02,4.206043866050270594e+02
2.951485436719999598e+02,3.387411288583604119e+01,1.376174853717593010e+02,4.189339195854598756e+02
3.009802979555790898e+02,2.576598160808751459e+01,1.364546052759756662e+02,4.184137615095482374e+02
3.023528139866002107e+02,3.895476641920387806e+01,1.356488863872274067e+02,4.169436988300645339e+02
3.012957427841942604e+02,3.085694631458960657e+01,1.353238484178937995e+02,4.185357938503892683e+02
2.957405712187489826e+02,2.829103293383542450e+01,1.355032223105031903e+02,4.211715063578998297e+02
2.943348696369358777e+02,2.534459322900582379e+01,1.359763314448935319e+02,4.211961415964164530e+02
2.849885685399563613e+02,2.122396291789149814e+01,1.360241506188330050e+02,4.248640918434314813e+02
2.816543239175089752e+02,2.425884170064836098e+01,1.362587767007333923e+02,4.228268445585268864e+02
2.806489913809519976e+02,2.895927708948869395e+01,1.379574814939057603e+02,4.224285353500600877e+02
2.770160830861024124e+02,3.861373948779259990e+01,1.385736641991749707e+02,4.190153453404395805e+02
2.740878657088333057e+02,3.090187158771789200e+01,1.401635999112023114e+02,4.184485768757574533e+02
2.707399131842868769e+02,3.438369975747835383e+01,1.413539049847091746e+02,4.176101498949096253e+02
2.767936185091937773e+02,2.344350696295407488e+01,1.421348457753250329e+02,4.188477284771222457e+02
2.746206442463691815e+02,2.787056400619098895e+01,1.423446262978919776e+02,4.161716310532460739e+02
2.690602335329846255e+02,2.991154090731180304e+01,1.413860915311185522e+02,4.201028513080112816e+02
2.662618883440628679e+02,3.259278111262239008e+01,1.423517725686759263e+02,4.174384717026727003e+02
2.655659247653367174e+02,3.527135575354205344e+01,1.424006025460001297e+02,4.204392087352254634e+02
2.671475346582636803e+02,3.323445768943020084e+01,1.420370150710134567e+02,4.214479122998200182e+02
2.674027699798270987e+02,2.732426283258266153e+01,1.421813317299038033e+02,4.219914360543476164e+02
2.746694003165477511e+02,2.265986934257676921e+01,1.415484845696461491e+02,4.214737064251675065e+02
2.798324679261667143e+02,2.737277371133203019e+01,1.419332973408256748e+02,4.236552346856428244e+02
2.899247271490359026e+02,2.796883466925513062e+01,1.416647907053899758e+02,4.281477455479643481e+02
3.016316293136846980e+02,2.888366242139341011e+01,1.420127375510192564e+02,4.344355703217029259e+02
3.108029000194638343e+02,3.924643360485003996e+01,1.428249488707841692e+02,4.313933012702193537e+02
3.162026467455864918e+02,3.432232707077690748e+01,1.436344174775598503e+02,4.275640517605457944e+02
3.126827034749479139e+02,2.575091194857532173e+01,1.424825930698928858e+02,4.251073298504079503e+02
3.119988565118898123e+02,2.896657306591873748e+01,1.412415031548759430e+02,4.235515707604049567e+02
3.120892203672938763e+02,2.582757715713452740e+01,1.405161555560006263e+02,4.243416413400278202e+02
3.099800505899081600e+02,2.494464891460086164e+01,1.409793462231377532e+02,4.278544396299810160e+02
3.005566185646934514e+02,3.007353191555492344e+01,1.412563173902664460e+02,4.254917961561490642e+02
2.851607311866951022e+02,3.218688246813854903e+01,1.425243036941147068e+02,4.204478969532759720e+02
2.790781911207429857e+02,2.711356782839817470e+01,1.435658448550716741e+02,4.187007130995169746e+02
2.728119774789308281e+02,2.393725544235303460e+01,1.427367895184567317e+02,4.211352346535286415e+02
2.657029340977169909e+02,2.076955868499101143e+01,1.436640008460088893e+02,4.222974719068085960e+02
2.699075205769499348e+02,2.274421430340277084e+01,1.451011375494082074e+02,4.258176888682272647e+02
2.749558472282047319e+02,2.543269537519702794e+01,1.463783026444206143e+02,4.283273644123218560e+02
2.832700590605937236e+02,2.157906072062260705e+01,1.471840563783242999e+02,4.308537302867172798e+02
2.899279128034647783e+02,1.532459611784167919e+01,1.484075973590738613e+02,4.343253231427918308e+02
2.950661656817690073e+02,1.444166018145219255e+01,1.507504220086543967e+02,4.339032936378928866e+02
2.933512390980705504e+02,1.980717503839659344e+01,1.512750050764114462e+02,4.340216692127003739e+02
2.911725831274862912e+02,1.487127111453446560e+01,1.514941234102495855e+02,4.391972852727049030e+02
2.903579932033688351e+02,1.622754042883269676e+01,1.504590096116720304e+02,4.373531633110929988e+02
2.844418305573203725e+02,1.120786834352259120e+01,1.490886676674408875e+02,4.361810025454949482e+02
2.823554753916779418e+02,1.214039863680818598e+01,1.475802251781386190e+02,4.354860405020908729e+02
2.786284696266117180e+02,2.474470459120385613e+01,1.467965534120673965e+02,4.304410676619030482e+02
2.720610414564549728e+02,2.308628819779335117e+01,1.456430224537969025e+02,4.306558315476620464e+02
2.677839393677277258e+02,2.812695044230582653e+01,1.447386771317396210e+02,4.249540255675482285e+02
2.591463028791645229e+02,2.952039395142514877e+01,1.439276978963417264e+02,4.197192697253044571e+02
2.533623420690939838e+02,3.437323225360836432e+01,1.426767756749299849e+02,4.156972464755828014e+02
2.471881915988234937e+02,3.179884611437958597e+01,1.421344592448654964e+02,4.169488978014341569e+02
2.438370626820023119e+02,3.591925541222207130e+01,1.405195569489607692e+02,4.159881247150875652e+02
2.357932816444007074e+02,3.746671161988200538e+01,1.410939344767396619e+02,4.122558784000312926e+02
2.322790399652965334e+02,4.464300329932621025e+01,1.405511964833245031e+02,4.074457049379934688e+02
2.296772577453680242e+02,4.032961359689639380e+01,1.401725499055728221e+02,4.080342052863040294e+02
2.245314383499490418e+02,4.323309776044388286e+01,1.411545611634518593e+02,4.090162183968921568e+02
2.234648117163796996e+02,4.497996436155781907e+01,1.409781760495861533e+02,4.037642490248492209e+02
2.227520894583645372e+02,4.478028596745724599e+01,1.406625463015669482e+02,4.059273213186503426e+02
2.094903590858622522e+02,4.702360341271506172e+01,1.407481427429826795e+02,4.036794833775213078e+02
1.941061957316761095e+02,4.539865012713732995e+01,1.404542574609985479e+02,4.020441143463360731e+02
1.866282817921567414e+02,5.786283684222703982e+01,1.400823694663189940e+02,4.017068950146673956e+02
1.750438158325458460e+02,4.668242097391720336e+01,1.403283163086364880e+02,4.043999544581962482e+02
1.664728331717242895e+02,4.302152340436802547e+01,1.412642898852844553e+02,4.070424407059982173e+02
1.699198732976020096e+02,4.322085013512295859e+01,1.425273970953820424e+02,4.053762849067941829e+02
1.810239982705278408e+02,4.467999806861615752e+01,1.437294559874210336e+02,4.021690005687765961e+02
1.851176600649941975e+02,5.538679703115747088e+01,1.444276237696431053e+02,4.019430437874927975e+02
1.917837777789490872e+02,5.470783384310732345e+01,1.428294581659520759e+02,4.042922736075017838e+02
1.891706514007501596e+02,4.862170623057133412e+01,1.427739592896594729e+02,4.019162967540215163e+02
1.782928743576858039e+02,3.855765805983077144e+01,1.436472559142403611e+02,4.050374999375436573e+02
1.668982820544779884e+02,2.520822478734743299e+01,1.453645964197038438e+02,4.089615747649810373e+02
1.713115501855965590e+02,2.367254045988372013e+01,1.457222108532674554e+02,4.129105639977206579e+02
1.767651791409528528e+02,2.596330044623192634e+01,1.463797522513317233e+02,4.115915199924314720e+02
1.834680373332523118e+02,3.271686254013474127e+01,1.462269312219574431e+02,4.112267202522576781e+02
1.896362098940202827e+02,2.838127534648856454e+01,1.450911151989322718e+02,4.129617908187492503e+02
1.970016993810572217e+02,3.432143144623040598e+01,1.443781644841357092e+02,4.122813620802641026e+02
1.967437409830676529e+02,3.094007868058645272e+01,1.458715363000656851e+02,4.082870619200236888e+02
1.959709883632240235e+02,2.786255702231122200e+01,1.464579269546811702e+02,4.076299709706744920e+02
2.124076641170684070e+02,3.830608345215344457e+01,1.458387868727736532e+02,4.081550313006873125e+02
2.218372019109755229e+02,3.416265992375144833e+01,1.437290475276352026e+02,4.083814473539207484e+02
2.235537491657694886e+02,4.249051494454369049e+01,1.428575146025199558e+02,4.090918280868723969e+02
2.217055479586275908e+02,3.963530458277540447e+01,1.417785609624976928e+02,4.049627712713464689e+02
2.171032025822533740e+02,4.006884804080169715e+01,1.407530137544306967e+02,4.024872381744734184e+02
2.219735002438505376e+02,3.665030541148681209e+01,1.404831711473007942e+02,4.043697979623695460e+02
2.256857322221164850e+02,3.384724803569602614e+01,1.403203067314793486e+02,4.065481811999740671e+02
2.245104766047478222e+02,3.944564508620479160e+01,1.397971153209148838e+02,4.038982544695620049e+02
2.225260871966730178e+02,4.423650507985871627e+01,1.388801612478891059e+02,4.019753603565827689e+02
2.202577278958887632e+02,4.573902827773636659e+01,1.383396513033150370e+02,4.008551675622831567e+02
2.232315851134090678e+02,3.914039482565110006e+01,1.378688555656315771e+02,4.011487622481309359e+02
2.208239067544298564e+02,3.713379883250581770e+01,1.382329219145562149e+02,4.017660549386146158e+02
2.164061934091533885e+02,3.846443852381219131e+01,1.395432979650029210e+02,4.067303038915731577e+02
2.103452940521809182e+02,4.276458860294223996e+01,1.390972828056568460e+02,4.134692638346314197e+02
1.980170971275673253e+02,3.702820959850532745e+01,1.387356140633312975e+02,4.137776379552606159e+02
1.995850742964984192e+02,4.638237672449949400e+01,1.379620523894247981e+02,4.061838542937874195e+02
2.064744528198322939e+02,4.306982294814869761e+01,1.384072810147541190e+02,4.027816610118332505e+02
2.097660094187844209e+02,4.300818623809504970e+01,1.380802236487590449e+02,4.018933094735743907e+02
2.066098038997531035e+02,4.741866308992291579e+01,1.387199190229117676e+02,3.990819201696378968e+02
2.068601775381346783e+02,3.922989554507148569e+01,1.393466071919341402e+02,4.031663339214501320e+02
2.186517498838325082e+02,4.505889235268287507e+01,1.394619946050306396e+02,3.984714374017168552e+02
2.338133653320541043e+02,4.295327615146800326e+01,1.393287756867368898e+02,3.983046955323723068e+02
2.438752310923512141e+02,3.787127186608111629e+01,1.379932025828907172e+02,3.990137575852017449e+02
2.454584323431653843e+02,4.226497907042335100e+01,1.368482703895662098e+02,3.995984173037145410e+02
2.451471031055967558e+02,3.831086920405141427e+01,1.366697262694695496e+02,3.982286905642904458e+02
2.405969655248115373e+02,4.143042259886829015e+01,1.366399755673925256e+02,4.007993953667587448e+02
2.349781321780693020e+02,5.696975306971995678e+01,1.356204706300175928e+02,3.972723205761784584e+02
2.432898985200837387e+02,4.183560503793228236e+01,1.353089878117114324e+02,3.996806713425125963e+02
2.530515927867827486e+02,4.310996626174227231e+01,1.334567113388602309e+02,3.972187625831708147e+02
2.477181366032199605e+02,3.810278826416742959e+01,1.348457087050703080e+02,3.975410781349000899e+02
2.426043614950450262e+02,3.394002542534494182e+01,1.379070749729033309e+02,4.018076090424950166e+02
2.389848607736343524e+02,4.172590054719157138e+01,1.402782487618397624e+02,4.040734080083964841e+02
2.377395096710762346e+02,4.501682559517874438e+01,1.429861973801869226e+02,4.097882908149489936e+02
2.379826803245639439e+02,3.545820387184591027e+01,1.460679980104673348e+02,4.127137408198422008e+02
2.445643020518425885e+02,3.603858461146131731e+01,1.491126231319598787e+02,4.120284876728638892e+02
2.528356632349063489e+02,2.884629394924672852e+01,1.503671267179807955e+02,4.176018879288726566e+02
2.542373002808619731e+02,3.071662021857611080e+01,1.493377719700178829e+02,4.194792263608254643e+02
2.539586872802961750e+02,3.070768185261866279e+01,1.502720784116707478e+02,4.228814386106236611e+02
2.547512373480941221e+02,2.487986436876929019e+01,1.511883277252325684e+02,4.279148902554159122e+02
2.550894701156698829e+02,2.408994201141661051e+01,1.517899416998161257e+02,4.305352298889445137e+02
2.551092600946653306e+02,1.389457938946236482e+01,1.538416579378091456e+02,4.329299186033119895e+02
2.572568647828069857e+02,4.744233889252143399e+00,1.557987731426721041e+02,4.364152247389253034e+02
2.529767881686227327e+02,-1.306410072738685813e+00,1.569668513092424860e+02,4.459130852527812294e+02
2.581828895465756659e+02,-4.571382058507253987e-01,1.582262813200602523e+02,4.479597841146779160e+02
2.575900022695973348e+02,-3.441946732437628498e+00,1.604677504540950679e+02,4.536520074095547557e+02
2.591433052399470398e+02,1.286385198534202345e+01,1.614441919033797603e+02,4.527017869271204518e+02
2.612051977636494939e+02,1.583461677541978929e+01,1.625459904092891179e+02,4.508615795210371857e+02
2.644953688375466641e+02,1.576472103359128596e+01,1.629392944254351789e+02,4.503829286779100585e+02
2.711656563929043386e+02,1.912164125213675447e+01,1.612728058854595474e+02,4.525014418327380668e+02
2.788125728528325453e+02,5.122086808746701081e+00,1.622850356639673635e+02,4.516957163536734470e+02
2.763982112406947635e+02,1.604421954433621522e+01,1.616048935317976145e+02,4.511211652379631687e+02
2.705621256488180961e+02,1.632381459431258008e+00,1.610419391738639092e+02,4.533603725662203487e+02
2.645427271087139616e+02,1.066430316757589480e+00,1.596257897361279561e+02,4.557076428840231301e+02
2.510911726335731942e+02,5.699882423693907185e+00,1.573911728563312806e+02,4.515644140165250064e+02
2.400213254289442943e+02,4.397079561830992134e-01,1.563993384112189631e+02,4.517103294340905677e+02
2.379688992686214988e+02,1.132871104132559026e+01,1.549956138618999546e+02,4.467776868807489450e+02
2.360682950200553023e+02,1.197083190085822935e+01,1.553721418876120595e+02,4.482664182222915770e+02
2.344550807226113989e+02,9.102967884179747671e+00,1.557879523203447718e+02,4.512833668109540213e+02
2.354690133365439237e+02,2.353801995989755369e+01,1.555985017615165589e+02,4.473311093392059092e+02
2.303416571193757250e+02,2.227169426174208411e+01,1.563724345480257796e+02,4.443188545961430691e+02
2.291157586856372745e+02,1.608815073075058422e+01,1.558654691274091419e+02,4.453764819718467720e+02
2.256636315147312928e+02,8.270216156454637257e+00,1.564496841969127559e+02,4.433181200871134706e+02
2.249216279380814854e+02,7.937338942692406363e+00,1.559990084445383900e+02,4.412777053862199637e+02
2.276861218790021155e+02,1.155325767390084479e+01,1.552158768477923445e+02,4.426025915184686141e+02
2.303206957101552064e+02,1.371654040450397360e+01,1.549653596900943171e+02,4.395722992887687042e+02
2.251218583926380461e+02,2.117506281565601967e+01,1.541385441594181884e+02,4.348190423082614871e+02
2.192489774482548341e+02,1.920475266166880601e+01,1.537071352947056084e+02,4.360619958519765760e+02
2.200311090073315086e+02,2.631685645977290733e+01,1.530016216854099866e+02,4.330234791355901507e+02
2.178776163282427660e+02,1.578789997396714284e+01,1.521018332856529014e+02,4.352967641927729687e+02
2.141892703363413943e+02,2.698423856571434953e+01,1.508039013032386322e+02,4.303162097357189850e+02
2.052682490492857426e+02,2.154240864688830470e+01,1.493054535361633839e+02,4.291964983346625786e+02
2.000105063484584207e+02,2.983505753959900630e+01,1.486588429142584573e+02,4.273518631240092418e+02
1.915528904372845886e+02,3.294482259664391677e+01,1.486178455267061906e+02,4.237642140085308711e+02
1.922511893047750959e+02,3.022533149947247466e+01,1.475518630737839487e+02,4.218799401870961674e+02
2.050873248438298333e+02,2.947107775168970534e+01,1.483152952732623362e+02,4.199049741433092890e+02
2.106860491380646749e+02,1.685359875330928503e+01,1.479271814397364722e+02,4.193913016163884890e+02
2.137905242440794495e+02,1.665139874124767516e+01,1.471310630110016575e+02,4.164387413438808494e+02
2.066963950227447526e+02,3.349498626964808068e+01,1.473389614225430648e+02,4.119669231138622649e+02
2.035160935812850198e+02,2.955923841660006701e+01,1.451696055804869729e+02,4.159223407292905677e+02
1.983893524351617259e+02,3.304896318770704511e+01,1.453364599125284826e+02,4.148709259694862794e+02
1.933869370284617162e+02,2.384274626138426356e+01,1.443663828508674385e+02,4.188869546021001042e+02
1.880197421451061928e+02,2.508866695453119178e+01,1.433005292398929669e+02,4.151389018753788491e+02
1.843339243464334913e+02,3.201283458585547237e+01,1.437525509990425405e+02,4.133745500340559715e+02
1.819424419132916739e+02,3.984427397228529344e+01,1.435346365776064772e+02,4.107151397746850989e+02
1.909612637896798333e+02,3.541487479969546825e+01,1.422004401667490754e+02,4.142863080386879915e+02
1.993199012112842468e+02,4.249191122642017149e+01,1.420515037177053159e+02,4.058838163772551866e+02
1.982300034043214225e+02,3.549267637756494764e+01,1.430992201922791196e+02,4.045857715638572358e+02
1.947707462608169351e+02,4.154443000248159024e+01,1.420543517583408288e+02,4.001612050870342046e+02
1.895570858290333263e+02,4.166275089019694633e+01,1.420557092201136413e+02,3.940574015608100353e+02
1.840241671330639974e+02,4.539200325395000846e+01,1.423018816569131104e+02,3.912699144800934619e+02
1.845213362958284051e+02,4.792244215545099451e+01,1.418512777626510513e+02,3.895272830416849956e+02
1.841198173207959030e+02,4.922475591219983926e+01,1.412494529214162924e+02,3.881495243960614516e+02
1.891943013147528632e+02,4.026404422033800756e+01,1.403592291733094441e+02,3.941764508620605056e+02
1.952198335241659493e+02,5.024727638403732044e+01,1.391944018989535152e+02,3.902175568013855127e+02
1.991202698067731376e+02,4.808980128652814301e+01,1.392653383394764433e+02,3.924013048946964091e+02
2.038887085741025089e+02,5.133780598925972072e+01,1.379396004837727503e+02,3.883280066231901628e+02
2.139316964734829583e+02,5.561189134898188513e+01,1.381284392907247707e+02,3.857484986425458828e+02
2.127202924825887749e+02,4.784007957516158172e+01,1.383069525099017767e+02,3.849810584237069975e+02
2.171933671825490251e+02,4.448007983713381464e+01,1.379509653872028991e+02,3.860948119051946605e+02
2.203097798444512421e+02,4.542512145906729870e+01,1.369856838561231029e+02,3.868233047111323799e+02
2.206113837729121769e+02,6.172662070035511306e+01,1.350463364096531507e+02,3.862415350188399543e+02
2.178620029099765247e+02,5.683199578718625844e+01,1.342760580277973474e+02,3.895044796465082300e+02
2.098993660099733347e+02,6.186227568653924891e+01,1.332856433130942833e+02,3.837993452056208525e+02
2.031042190775804670e+02,6.115080769353022561e+01,1.332102467558219416e+02,3.814939751365699294e+02
1.973691128323581836e+02,5.236839852524622074e+01,1.337393915506488042e+02,3.840962623833552243e+02
1.908762283611328030e+02,5.153439731239535604e+01,1.340077647106288907e+02,3.851350173224656146e+02
1.865361958990228004e+02,5.455084944546831593e+01,1.337988130065834866e+02,3.802384613038477710e+02
1.865863923784454528e+02,6.041363213801147936e+01,1.340113184451838890e+02,3.788622268208610535e+02
1.835156384552468865e+02,6.124355243266475668e+01,1.344957160773475948e+02,3.784691604091057684e+02
1.827383960642645775e+02,6.268906130301169810e+01,1.352443419790307644e+02,3.831790585772253621e+02
1.733417879814597882e+02,5.763663604805196883e+01,1.350215573969596505e+02,3.825837328481311488e+02
1.760638251700306967e+02,6.160967374481538172e+01,1.347183173513303132e+02,3.784808867484275652e+02
1.834087171116754007e+02,6.578118495408548938e+01,1.343222680185169793e+02,3.775155927921065881e+02
1.830796818414027598e+02,6.809058014219885990e+01,1.334705676888535208e+02,3.770373186970077768e+02
1.897915692584661826e+02,6.805660127666916992e+01,1.334230097431544095e+02,3.788255618437165708e+02
1.862677781599707032e+02,6.893125288414938723e+01,1.343988622801112172e+02,3.756710889927450125e+02
1.906923100877908439e+02,6.673996094697730541e+01,1.340735287024860440e+02,3.746099139025506020e+02
1.901701207446988064e+02,6.701531593512930840e+01,1.343391602920123944e+02,3.742674428855590349e+02
1.870257832573715575e+02,7.946324983153650123e+01,1.339951763082318053e+02,3.672437121624467977e+02
1.904503380618241408e+02,8.240147600815373607e+01,1.337428713181621163e+02,3.631077955452963124e+02
2.023307258429627780e+02,7.802279284469045706e+01,1.336535492318369620e+02,3.611686382058410345e+02
2.090710864620582186e+02,7.931119045519741917e+01,1.337099573958067253e+02,3.622601645943241806e+02
2.101190796726152712e+02,7.206225898796361662e+01,1.324127478396981417e+02,3.637027601948074107e+02
2.129422753560626234e+02,7.491337079639208696e+01,1.318983464287055369e+02,3.607412449290857239e+02
2.121831927663239696e+02,7.465602541737831643e+01,1.316869683991068882e+02,3.583088492336754598e+02
2.155546689011697765e+02,7.957604528759395635e+01,1.320666929787805088e+02,3.549498924095039456e+02
2.250228448392286396e+02,7.857517108176477905e+01,1.315953851242692565e+02,3.558709245688353349e+02
2.386626922963074549e+02,6.987614535931325577e+01,1.320177184846477303e+02,3.595394981313531275e+02
2.491021189094918213e+02,7.206608252216145161e+01,1.311728866358424455e+02,3.561449399629977393e+02
2.554671108953332919e+02,7.976185811654875124e+01,1.318919249572503247e+02,3.556130508301923783e+02
2.632149616405102392e+02,7.366625188601153695e+01,1.324868053608173852e+02,3.593507487153085549e+02
2.614248277614028098e+02,6.902669934113001204e+01,1.333486852768538711e+02,3.607820702395503645e+02
2.566330229403233716e+02,7.081105314169622034e+01,1.332694788713442335e+02,3.608158621234338170e+02
2.505960158447023787e+02,6.868910254248518754e+01,1.340252929511971445e+02,3.632353085970672169e+02
2.604877790040859509e+02,5.601544151856788289e+01,1.339445521243733594e+02,3.706399655448041699e+02
2.635854698773185874e+02,7.353100259973604125e+01,1.344363427907803157e+02,3.674846101366182438e+02
2.570552227528916660e+02,6.241429408775371712e+01,1.355386251408305043e+02,3.686072559813836733e+02
2.492068773124116206e+02,6.589685396470295586e+01,1.355624310806895210e+02,3.659075647705760161e+02
2.371748660050014337e+02,6.119902651653490011e+01,1.356118643858174835e+02,3.638658884672661316e+02
2.254707126231748759e+02,5.742500703682912899e+01,1.364338693458817602e+02,3.671059421208915410e+02
2.147133568195002908e+02,5.480635786314365987e+01,1.361055080619956072e+02,3.681464426205146765e+02
2.153149559074002468e+02,5.492735632746075680e+01,1.355394229805255009e+02,3.660121561725704851e+02
2.191801068297463075e+02,5.859437313701246808e+01,1.348804073373104018e+02,3.601202202173464570e+02
2.343608725411002922e+02,6.046296410020383405e+01,1.346848514852811718e+02,3.597566244687896528e+02
2.583471356655671229e+02,5.779832454561071131e+01,1.357998916120799038e+02,3.576157383252903514e+02
2.786018947363973552e+02,6.557418396105100555e+01,1.349057451745210585e+02,3.538281701139165989e+02
2.867156173672594832e+02,6.915879194952438525e+01,1.322627506345375252e+02,3.501791968280098786e+02
2.905135544239873298e+02,7.147631518675629536e+01,1.289219801091859949e+02,3.454444980035971753e+02
2.936503328041854957e+02,7.839620220184480104e+01,1.254409300435833927e+02,3.396796455813913553e+02
2.938515414426698271e+02,8.845324415189548972e+01,1.220249140861185424e+02,3.324522842459872436e+02
2.947731187551175935e+02,9.294399795337693604e+01,1.184756713355172622e+02,3.254262884514197367e+02
2.967548816802248552e+02,9.796037223845502240e+01,1.159052033084838911e+02,3.189425863976820210e+02
3.008859221163536972e+02,1.026256593423802315e+02,1.128735182301410305e+02,3.137501619281433705e+02
3.032234297334164808e+02,1.055575695548405406e+02,1.101158773684978058e+02,3.083909937649567610e+02
3.069391223164973326e+02,1.104459312011359486e+02,1.077957569079940185e+02,3.027814243076625758e+02
3.094011745458438440e+02,1.163511980243933976e+02,1.052976761709959845e+02,2.972733956774745820e+02
3.123951909790622494e+02,1.211384586040420857e+02,1.037325525643552879e+02,2.905737896411630459e+02
3.144225224991708956e+02,1.241452265820088314e+02,1.026925227028489758e+02,2.844647354538376476e+02
3.157988607656747035e+02,1.305813111082062505e+02,1.009715119718432561e+02,2.790803183621972039e+02
3.167326334753423112e+02,1.327647812605368358e+02,9.906950523306144873e+01,2.744485466933812177e+02
3.160846840466592198e+02,1.364815138595002963e+02,9.761761625721388214e+01,2.706892457906508298e+02
3.179389827927104761e+02,1.363397940896618366e+02,9.652647353233848548e+01,2.668699660233819486e+02
3.134670360934650830e+02,1.400100374476507170e+02,9.611285731779219077e+01,2.634619458143621955e+02
3.129635167123024075e+02,1.408149340543510561e+02,9.525150492392097590e+01,2.604472749383028258e+02
3.125046973948041682e+02,1.431284048773939048e+02,9.372254264491597553e+01,2.592675903341482808e+02
3.130150024781592037e+02,1.441427801557878468e+02,9.244094585205768055e+01,2.580516259988646084e+02
3.156134621711725003e+02,1.443630399010950782e+02,9.183773736538407206e+01,2.573179842166852040e+02
3.198349103990020126e+02,1.433888012390104336e+02,9.148500414062107211e+01,2.568787645594244395e+02
3.237335126416076605e+02,1.440467674934263016e+02,9.212269707820031783e+01,2.566527423193762729e+02
3.247780050707411306e+02,1.427311349211954621e+02,9.324996407006156574e+01,2.557530786136640018e+02
3.284337118018061119e+02,1.413342974651506267e+02,9.488253273226015949e+01,2.552578157186705425e+02
3.310050454322213795e+02,1.402207848044355956e+02,9.494459693581568160e+01,2.548105778011937730e+02
3.332090728403067033e+02,1.389763206930025774e+02,9.549401110615622201e+01,2.537157429015011871e+02
