1
276.8662,67.0123,20.9952,63.9045
277.9427,66.4921,20.7709,63.8764
277.1953,67.1067,20.4556,63.8668
277.2647,68.0291,20.4488,63.9632
276.7640,68.3348,20.2311,63.6877
276.3364,68.1746,20.2955,63.9351
276.9073,66.8049,20.4122,63.8276
276.4115,66.0679,20.6204,64.3356
276.2522,66.6383,21.1172,64.5757
276.8825,67.5277,21.1994,65.0102
277.3118,66.7449,21.5576,65.1785
277.0838,67.1290,21.5910,65.5388
277.2666,64.9445,21.5321,65.6124
278.1533,65.1317,21.2329,65.1428
278.0536,66.4890,21.0414,64.6817
277.9315,66.7144,20.8945,64.7952
276.7028,65.9309,20.8131,64.5119
275.8713,67.1288,21.0022,64.6514
275.5547,66.2908,21.1254,64.7019
276.4048,65.8896,21.0889,64.7553
276.5422,67.1008,21.1163,64.8036
277.8894,66.7494,21.2342,64.7668
277.9478,66.1388,21.0331,64.4848
277.5833,65.7447,21.2001,64.8696
277.7598,63.8595,21.0515,64.5550
277.9854,64.2940,21.0181,64.4231
277.6496,65.2036,20.9889,64.2171
277.9232,65.5099,21.0153,63.8647
277.6309,65.8197,21.1485,63.8147
276.8907,64.8554,21.5667,64.5392
275.9920,63.4515,21.7867,64.8429
276.6636,63.4692,21.8762,64.8419
275.9181,63.7915,21.8570,64.7672
277.0126,65.0058,21.6880,64.5874
277.7079,64.6111,21.5163,64.5649
278.0146,63.8114,21.3107,65.1481
277.8839,62.6514,21.0477,65.2348
279.0435,63.6281,20.7416,64.8270
278.0629,62.8983,20.8558,64.7288
278.5627,63.8085,20.8731,64.3326
278.0313,64.5015,20.9381,64.7075
276.5751,65.2057,21.2514,65.2397
275.8893,63.6155,21.2886,65.9630
275.3930,61.9281,21.3848,65.8077
275.9726,63.0486,21.4016,65.5005
277.0670,64.3600,21.4886,64.9886
277.4116,65.9847,21.5947,64.8605
276.5797,64.5767,21.5607,65.3914
277.1372,64.3845,21.4247,65.4796
277.6092,63.4620,21.2829,64.5803
277.5757,64.0114,21.4283,64.2122
277.9141,64.3479,21.2729,63.8181
276.6672,64.8013,21.5042,64.2849
276.2231,64.7507,21.7643,65.1820
275.4628,62.6564,22.0730,65.2317
275.3600,62.2446,22.6128,64.7137
275.1563,63.3889,22.5303,64.5384
275.6834,63.3964,22.8255,63.9348
275.7379,64.6591,22.9110,63.8224
275.2164,64.2859,22.5930,64.8016
275.6211,64.7206,22.0623,65.2383
276.2182,63.3176,21.7510,64.5872
275.7354,64.8530,21.5478,64.3795
275.7182,64.4875,21.6766,64.2416
275.0732,65.6435,21.9297,65.3013
273.9330,65.0220,22.2336,66.0640
272.8789,63.2423,23.1521,65.5115
273.1120,63.2326,23.5057,64.8226
273.5300,64.1051,23.6306,64.2705
273.5458,65.2257,23.7491,64.2782
274.5729,65.3366,23.7827,64.7688
273.7736,64.4390,23.4138,66.0647
273.3094,63.7303,23.0102,66.8608
273.0524,63.6070,22.7884,66.3017
273.5860,63.4592,22.6076,66.3033
272.9800,64.6074,22.9370,66.7857
272.3819,65.9475,23.3584,67.6161
271.4539,64.7843,23.8085,68.4549
270.2876,61.7390,24.2118,68.4660
270.2348,60.3699,24.5983,67.4061
269.7306,61.5450,24.7646,66.8243
269.7050,62.6279,24.9350,66.6636
269.5150,63.2743,24.6144,66.9928
269.1198,61.4928,24.1419,67.0817
269.2290,61.0842,23.7724,66.8876
268.7463,60.9356,23.6993,66.4189
268.2449,62.7544,23.8889,66.3660
267.7723,63.5882,24.2547,66.6876
267.5873,65.4329,24.7701,67.9502
267.3759,66.0301,25.0338,69.3747
267.3190,64.2737,25.1767,70.0350
267.2051,63.3784,25.3826,69.7106
268.1656,63.8300,25.7903,68.8323
269.4827,69.1171,26.0423,68.6716
268.2915,72.9501,25.8842,70.0623
269.0612,73.7956,25.7267,71.3542
269.2489,74.3647,25.7114,72.4087
270.2187,74.9168,25.7693,73.3299
270.2272,75.2283,25.8332,74.3638
270.1544,75.3674,26.2056,75.0259
268.9324,74.9655,26.6781,75.6766
266.4154,74.1520,26.9438,75.3129
266.2854,71.3629,27.3476,74.8734
266.8755,72.3024,27.9075,74.9826
266.3575,72.1635,28.0572,74.8646
265.7377,72.7908,28.0764,76.0829
264.7281,71.2946,27.9914,77.2771
263.7189,69.8685,28.0182,78.4283
263.5330,68.7200,27.7381,79.7506
263.4994,68.3189,28.0807,80.9312
262.4868,68.4831,28.3927,81.9982
261.7190,68.8614,28.7249,82.9031
262.1271,67.3280,28.8880,83.0065
262.5887,67.7915,28.8395,83.0686
262.7201,67.1882,28.8801,83.2388
262.9900,68.1861,29.2019,82.8742
264.2310,69.0095,29.5589,82.3065
264.5786,67.7157,29.6763,82.6013
265.4762,66.5142,29.6166,82.6237
266.9116,65.0666,29.5468,82.6062
268.5598,66.9179,29.7161,83.2351
269.7187,67.6753,30.0848,84.4324
270.5289,67.7917,30.5648,85.1094
271.8521,67.4182,30.6814,85.5091
272.9695,66.1452,30.4288,86.0568
273.6674,65.4830,30.0779,86.5340
274.0569,63.9397,29.8661,86.4815
275.1549,65.3748,29.8307,86.1891
274.6969,66.5284,30.4296,85.2281
275.5066,66.3063,30.4447,84.8769
275.0966,65.1904,30.4906,85.1475
276.3578,65.8145,30.7845,85.0763
277.0805,66.6733,30.8529,85.9459
277.2776,68.0827,30.8871,86.4887
276.6745,68.1588,31.1999,86.5486
275.5552,65.8555,31.1455,86.9315
276.1148,64.4022,31.2534,86.7401
276.8549,64.1067,31.0711,86.8421
277.5520,63.3555,31.2507,86.9360
279.5103,64.8294,31.1772,87.2632
279.5243,65.7947,31.7799,87.2499
278.7461,64.8407,31.9887,87.4800
278.8699,63.2084,32.4212,87.1464
280.1355,63.6298,32.2412,86.9379
281.1775,63.9367,32.1836,86.8428
282.1329,64.7427,32.6862,86.0892
281.7013,66.0763,33.0812,85.2740
282.9141,66.5197,32.8921,84.8608
283.4942,66.2406,32.8727,84.4466
284.6180,65.0527,32.8869,83.8059
284.4138,67.4817,32.8402,82.7647
283.9462,67.6826,32.9591,82.3735
283.6818,67.8608,32.6716,82.5471
283.5795,66.5049,32.9141,82.6869
285.1074,65.3870,33.3023,82.3323
285.1866,64.8129,33.2275,82.0798
286.5168,65.1030,33.2866,81.4876
287.3073,65.4023,33.1522,81.2869
287.4958,62.8619,32.6261,81.6416
287.6620,61.0753,32.3262,82.2543
286.6587,59.3623,32.6051,82.7094
287.7248,59.4116,32.7208,83.4001
287.3922,59.6153,32.9800,83.7674
288.2844,59.3236,32.8491,84.6003
287.9765,57.2855,32.3001,86.1363
287.3654,53.7348,32.0699,86.5656
284.8953,51.8822,32.0197,86.4229
288.2463,51.3680,31.4860,85.3825
289.9552,55.2375,31.4067,85.9801
288.4692,57.4124,31.7396,87.0861
289.0773,57.7109,31.7915,88.1668
289.6676,55.9784,31.9677,88.1113
289.6954,54.6081,31.8645,88.3163
288.9951,55.9379,31.9509,88.9081
290.3461,57.6802,32.1273,89.6500
290.2133,58.3279,32.5261,90.6013
289.6394,56.5510,32.7224,90.9393
290.0141,54.1276,32.6595,90.4675
290.7519,54.3108,32.5494,89.5479
291.8876,54.7473,32.2613,89.0737
292.1137,57.0169,32.2476,89.3964
292.1470,58.2307,32.0156,89.9684
291.8097,57.5670,32.0099,90.4425
292.0026,55.5778,31.9768,89.9241
292.5520,54.7034,31.9306,89.4691
292.3232,54.8520,31.6539,89.2603
292.5542,57.7545,31.2646,89.8477
292.5562,58.6538,31.3396,90.7471
293.4107,55.9718,30.9334,91.0555
293.2780,55.4994,30.7919,90.7095
293.9461,54.3849,30.4704,89.2025
294.4939,54.4713,29.9791,88.3428
294.6732,57.1367,30.1976,88.7601
295.2043,60.0813,30.3682,89.6208
295.3237,59.8619,30.3106,90.6553
295.3912,57.9222,30.2624,90.6288
294.5681,57.4260,30.4794,91.1984
294.6145,55.0166,30.5390,90.4403
295.0128,59.2338,30.5103,91.5822
295.4701,59.9577,30.4513,92.3456
294.7539,58.0376,30.3623,93.1681
294.7434,55.9825,30.4503,93.0276
294.8206,53.7401,30.3894,92.3348
294.1798,53.9695,30.0371,90.7705
294.7825,57.1794,30.1297,90.4838
295.7474,59.7163,30.3236,91.2600
295.8873,60.4460,30.2941,92.7067
295.2468,57.8609,29.9839,92.3929
295.1381,58.1284,30.0614,93.2960
295.0087,56.6548,30.3314,93.9466
294.9782,58.8355,30.4287,94.9374
295.2232,60.1322,30.6231,95.5307
295.7065,59.8088,30.6725,96.7668
296.1534,58.8343,30.7627,97.0052
296.3908,56.1406,30.4841,96.3561
296.0846,54.9915,30.0189,95.0986
297.0757,57.6037,29.6816,94.7483
297.3193,60.5883,29.5563,95.3441
297.5084,60.8511,29.5254,95.7352
297.4108,59.2560,29.6721,95.5113
297.4619,57.0755,29.4104,96.2293
297.7420,57.0737,29.5626,95.8992
297.1069,58.3978,29.2081,96.2778
297.5531,58.8531,29.3346,97.0987
298.5184,59.1492,29.8479,98.2733
298.3768,56.4697,29.6944,98.2923
298.6418,54.2969,29.4308,96.8989
299.4029,53.8162,28.7823,95.2349
300.0506,55.6485,28.4621,93.7504
299.7949,60.6982,28.6631,93.8627
299.9691,61.7225,28.8081,95.0746
299.6988,59.9807,28.8377,95.3774
299.6642,59.4062,28.9358,95.6552
300.6803,59.8336,29.1230,96.7033
301.1768,61.3438,29.0533,98.0288
301.3736,61.7232,29.6138,99.2075
301.7343,59.8721,29.7658,99.6142
302.4018,58.5309,29.3491,99.2538
301.4062,53.9410,28.9648,97.5234
302.1981,53.7016,28.4109,95.8932
303.1345,55.6495,27.8683,94.3366
302.8840,58.8954,28.1023,93.8353
302.8582,61.8737,28.5628,95.0013
302.8877,59.1374,28.8517,95.9949
303.4707,58.4187,28.3316,97.4057
303.6197,59.6459,27.8594,99.3741
304.3658,62.4859,27.6633,101.6617
304.8792,62.5421,27.9128,103.3356
305.2572,57.8463,27.9007,103.7967
305.0943,56.4442,27.9743,103.8815
304.6870,53.4194,27.9622,102.0435
304.6271,54.0202,28.3038,100.5878
304.6334,53.9452,28.7085,98.6080
305.6474,57.3959,28.5669,98.2701
306.5934,57.7990,28.4374,99.6745
306.7772,50.9373,28.3240,99.9221
301.3272,57.0259,27.7731,101.1448
302.1997,58.9032,27.3690,103.4343
302.5683,60.8456,27.6520,105.7245
302.8852,61.8914,28.4786,107.5627
302.8625,57.4548,29.0132,109.0518
302.9112,55.2047,28.9469,109.5691
302.8889,51.6973,28.5784,106.9641
303.5757,52.9722,28.6111,104.6746
304.0237,52.3356,29.4715,102.5683
304.6404,53.7993,29.5531,102.4050
306.0843,55.7982,29.3007,103.2125
307.0323,55.8440,29.2603,102.7791
301.4949,56.0609,28.6268,102.5475
303.1319,59.7797,28.2760,104.2679
304.4248,61.1470,28.4738,104.9986
305.7937,58.8378,28.6010,105.9488
306.0988,53.1399,28.4853,105.8060
306.0940,54.2122,28.7751,105.1715
305.4032,48.1422,28.7242,104.1094
305.1102,48.1925,29.1368,102.7480
304.7956,50.2979,29.6731,100.8378
305.3958,59.6590,30.4357,99.9046
305.6595,60.1297,30.1771,101.3222
305.9294,61.2615,30.0402,102.8946
300.4933,54.2562,29.4393,103.2829
302.5159,64.4658,29.0777,105.1441
304.1839,65.0107,28.8990,107.4683
304.7007,63.1106,29.4138,109.4335
305.9086,57.4270,29.3195,110.3202
299.0204,53.8590,29.3729,110.4804
301.0206,52.8946,29.5103,109.0180
302.4568,54.0011,29.5918,107.7200
301.6649,54.3327,30.1676,105.1566
301.6208,58.2505,30.4032,105.9066
301.5117,60.6150,30.3588,107.8996
301.2091,63.2997,30.7642,110.1273
299.6658,64.7762,31.1792,112.9755
299.8390,66.7989,31.6373,116.3111
301.2209,65.3923,31.7257,119.0974
300.6179,66.8488,32.5570,121.8453
301.1230,63.0200,33.0498,123.9314
299.7075,60.3019,33.2535,124.0271
299.7566,57.1916,33.2648,122.3798
299.4036,58.3792,33.1715,120.1588
298.4837,59.9133,33.5936,117.7621
296.2645,63.4528,33.8879,117.9519
295.1956,64.1681,34.1004,119.3076
293.0464,62.2885,34.2387,120.2990
291.4431,60.9492,34.8022,121.0193
291.2941,61.6128,34.7790,122.2310
290.3151,62.4670,34.9611,124.4834
288.4330,61.9602,35.3778,127.1162
285.5486,59.5836,36.7747,129.2849
284.5846,56.2978,38.1414,130.3110
283.6749,56.0635,38.2809,130.0162
282.5865,57.6513,38.2360,129.6618
282.3134,60.6088,38.8808,130.3138
280.8682,62.1894,40.0618,130.9433
279.4626,60.6635,41.3989,131.6189
277.2756,58.6329,42.5352,130.5871
275.1955,57.6462,43.8864,129.6931
273.0878,61.0177,44.8155,128.6661
271.5004,65.0366,45.8089,129.9440
272.4141,66.4041,46.4111,131.8801
272.4842,63.6199,47.1582,134.2086
272.2802,59.7919,47.2838,134.6864
271.3560,58.6757,47.5551,135.1034
268.9090,59.4208,48.8759,135.0578
270.2060,60.7513,49.3846,134.8135
270.0416,63.3393,50.0047,134.7303
268.1074,60.7045,50.3997,135.3820
267.5623,57.1882,51.1002,134.2704
268.1305,55.4458,50.7762,133.5585
266.7329,56.2617,50.6754,132.5920
266.9900,54.8136,50.3719,130.8055
267.8306,56.5589,49.7833,129.0408
268.0091,62.6753,49.8205,130.7965
267.0250,63.2891,49.6706,133.0722
266.4137,59.7232,49.3421,133.7435
265.2119,61.8444,48.7021,134.5810
264.2767,64.0073,48.4917,135.8981
263.2715,65.8823,48.6295,136.9240
261.3927,63.8880,49.4608,138.4623
259.4615,60.2860,50.0253,139.3883
259.3633,58.2856,50.9747,139.3236
258.4946,55.9904,52.4989,139.1627
258.0807,53.6565,53.4106,138.6553
258.3456,56.8390,54.2929,138.2328
258.6818,58.7729,55.2394,139.5373
257.2964,59.8684,55.7356,141.4899
255.8357,55.0542,55.9151,141.4292
257.5421,54.7150,54.1356,142.9263
257.8085,56.9860,52.7884,145.2494
257.8910,60.8362,52.6696,146.0141
257.2348,62.3562,52.5097,147.2343
257.1825,60.5011,53.0091,148.3714
255.7572,54.5565,53.3751,148.0696
255.9329,53.8108,54.2434,148.6529
255.0913,56.0759,54.8493,149.7738
256.4926,59.4513,55.1537,151.4368
256.7507,60.3481,55.6353,152.0280
257.9219,56.7196,55.6686,154.0880
258.3914,51.6109,55.5703,154.4189
259.0323,52.2040,54.9762,154.3042
261.9657,54.0959,53.9597,154.9114
261.7618,57.3266,54.0961,156.1370
262.4083,57.9397,54.4468,157.3483
262.6736,57.4857,54.9725,158.4463
262.2448,54.9248,54.9977,158.8136
262.6074,52.5321,55.6291,158.8453
262.3585,53.0715,56.4429,160.2791
263.2620,53.7608,56.7714,161.8204
264.3096,57.4987,57.4996,162.5963
266.6452,55.3629,57.4998,162.8862
267.5970,53.3906,57.1582,162.3242
268.5013,50.1819,57.1529,161.4045
270.1242,52.3144,56.5459,160.9081
269.6892,54.8989,56.2667,162.6758
272.7616,55.0762,56.1277,162.4414
272.5970,56.8780,55.7272,162.5089
272.5547,55.7807,56.1381,164.1426
271.5727,52.3868,57.2199,163.6428
272.5728,52.1777,57.3504,163.9510
274.6369,52.3703,57.2672,163.3962
275.1968,52.1126,56.7780,161.2723
274.7754,54.1444,56.6810,160.6561
278.1328,55.1269,56.2730,162.5295
280.0809,52.7017,56.4187,163.0058
282.4567,49.6854,56.3244,163.0387
283.8396,50.2319,55.5147,162.8776
282.7981,51.0371,55.8393,161.0679
283.8943,53.0926,56.1760,160.4215
285.6365,55.1838,56.3872,161.8967
285.6986,56.1393,56.9340,163.6886
284.7871,52.0529,57.7245,163.6607
284.1549,49.3357,57.8318,163.3816
286.9237,44.8490,57.3964,162.6519
286.4922,48.2847,57.6512,161.5246
286.2749,50.5458,58.0108,162.4751
288.6579,52.8023,58.6811,164.6327
289.8949,50.4476,59.1874,166.7072
291.0411,47.9899,59.4850,168.2110
292.5245,46.4474,59.0619,167.5426
293.3298,47.4191,58.7682,166.3379
294.2294,48.2086,59.7979,165.1346
295.4419,50.0448,60.4179,166.7600
294.6801,52.8643,61.0473,168.4882
293.0390,48.0925,62.0771,167.1968
292.5280,45.2471,62.8938,166.9721
292.4647,46.2190,62.7248,165.5281
292.0973,50.1473,63.0285,165.8363
292.8745,52.1458,62.8488,168.7353
292.0353,50.0206,62.7735,171.8053
290.1815,47.6104,62.7320,173.2948
290.2226,44.1627,61.9978,173.9269
289.8661,42.9557,60.9338,171.9977
291.3128,45.6259,61.5128,169.9845
290.0129,46.8864,62.4179,170.2024
288.4077,47.9646,62.9322,171.9371
287.7836,48.9082,63.3951,174.2214
286.2235,44.7081,64.3113,175.2239
286.1796,40.6758,65.8762,174.2830
285.8755,46.2174,67.0007,173.1173
286.3783,48.7492,67.5138,173.1240
286.7489,50.7181,67.3610,176.1254
287.1650,51.0572,67.8473,178.3393
286.9982,47.3522,68.0797,179.8606
288.2058,43.7019,67.4633,179.8968
287.9639,43.9714,67.1307,178.4492
288.9229,45.7510,67.7995,177.9002
289.9567,46.1072,68.2417,179.8194
288.0757,44.8084,68.8004,181.9181
287.1068,43.5066,69.6160,183.4691
286.4209,39.2356,70.2939,184.2625
287.1219,35.6001,71.2014,182.8571
287.5355,39.4785,72.5577,181.5398
286.1513,42.1525,73.3298,181.3542
287.2121,45.9382,73.9784,183.0186
287.6111,44.5851,73.4164,184.2381
287.7588,43.1021,72.9935,185.2825
287.9645,42.2065,72.9350,183.7551
288.6346,45.3139,73.5072,183.1117
291.0323,47.9219,74.7327,182.3983
290.2975,50.2362,75.4021,183.5484
289.2350,47.2046,76.4680,185.2388
287.9571,45.0176,77.6349,186.4966
286.6377,37.8359,77.5303,186.9700
289.5035,38.7596,78.2310,186.9976
287.9391,43.1336,79.0868,186.7737
288.4501,44.1630,79.1202,186.5170
286.2891,44.0941,79.4065,188.1803
286.9356,40.9448,79.5977,189.2105
288.7423,41.9616,79.8045,190.1708
292.9667,38.8793,78.0139,190.7731
297.0363,41.0271,76.3135,190.6478
298.1274,43.6399,76.9694,189.0240
297.2042,47.2151,77.9162,188.9958
298.3674,45.8787,78.6449,189.9610
301.5938,44.8384,79.2333,190.2577
303.6993,40.8878,79.6596,192.5552
305.2057,38.0668,80.1245,194.4303
306.1451,41.6108,80.1377,194.9208
305.5668,43.9907,80.7115,194.5952
308.9275,44.0975,80.6601,194.7204
310.0506,43.5555,80.6366,194.7350
311.5302,42.5604,80.8635,195.5430
312.5328,42.0046,79.6298,197.1655
312.0999,44.6710,80.0707,196.3507
311.2608,47.8326,81.8966,194.0549
309.8264,47.7754,83.5359,193.2919
300.6580,48.5637,85.0690,192.2512
302.3320,52.3042,86.8907,191.3820
302.8450,44.0710,87.4990,192.9937
303.7288,42.7530,87.7282,194.0385
302.1585,43.9705,88.9999,194.7966
300.6584,45.7015,88.4140,195.4843
291.6863,44.4942,86.9628,197.0670
295.3187,45.4485,86.9389,197.0959
293.1205,37.2014,86.3188,198.2499
289.4156,42.3943,85.6589,199.4676
288.8268,46.3641,85.5767,199.9025
286.9489,47.5567,87.3684,196.5358
285.4998,46.4475,89.3278,194.5402
284.5428,48.4398,91.5179,192.7610
284.9537,38.8252,92.1902,192.5636
285.6481,37.9818,92.0729,193.5720
285.1418,41.9956,92.4520,192.4295
281.5245,46.7076,92.9721,190.6895
278.3196,46.9849,92.4778,190.4188
280.7014,46.2778,92.3493,191.1681
282.3260,46.2768,91.9391,192.5427
282.4505,46.3586,92.5820,193.6221
282.6755,45.3817,92.7300,195.2970
281.9037,49.0146,93.2291,195.0534
281.9024,49.7484,95.6195,193.1196
270.4242,47.2494,96.6495,191.6995
274.1676,54.4547,98.1467,190.3964
277.0015,44.1980,98.1100,191.3424
280.1401,41.6156,97.3294,192.3740
284.9285,39.8064,97.3670,192.4514
272.8409,34.4241,95.4865,193.3416
272.1698,45.6057,94.3312,192.5569
270.8610,41.2050,93.2004,193.2666
269.6664,37.1083,91.2386,194.0699
272.5020,47.3520,90.5142,193.4588
268.6300,43.7797,89.7963,193.7115
268.4019,36.5969,88.7747,195.3043
268.3493,45.0110,88.9049,195.0195
269.6699,41.5658,88.7184,195.0250
257.8086,48.4720,88.8203,194.5965
262.0983,44.8866,89.3780,194.5247
266.8435,45.1961,89.6481,193.9362
255.7880,40.4739,87.7191,194.8898
260.4993,38.6568,87.4512,195.2071
260.7859,47.1150,88.1878,194.5447
248.3010,36.7865,87.5136,193.6301
252.5504,44.6929,87.9917,193.6401
253.0858,42.7404,88.2413,193.1117
252.9286,58.4294,91.8641,189.7262
238.4014,54.6647,92.9492,188.5306
238.0996,49.9589,94.4238,188.0180
221.7227,43.7770,95.3288,187.7437
220.6989,50.9852,96.2760,186.6933
218.9686,48.1235,95.2028,185.6436
218.7589,50.3393,94.4501,185.0224
217.8584,56.5093,95.9859,181.3486
213.7404,61.6121,98.2590,177.9312
200.4088,65.1142,96.5115,176.5977
198.8026,70.4492,94.0384,174.6942
199.9138,70.4531,90.5627,174.0944
213.4925,68.8167,88.8446,171.6979
228.0818,71.9985,88.0375,169.5594
230.3607,76.0277,86.7248,168.5349
246.7110,69.9621,85.0584,168.3890
268.0027,79.3267,83.5861,165.8223
276.1117,82.6931,82.6141,162.5940
277.8340,82.4408,81.2573,161.1488
276.6192,87.6594,80.4788,158.7522
278.4065,95.0733,79.7804,155.1320
275.3479,96.5336,78.9437,152.4350
267.2083,96.8881,77.9199,149.9758
257.4673,98.4220,78.5987,147.3371
263.9991,104.7657,83.9507,141.3767
263.8314,109.6782,90.0207,136.0067
261.4052,112.0848,93.7438,131.6829
256.9917,110.5937,94.2745,129.5726
263.9261,111.5572,92.5458,127.9108
269.2804,112.3423,89.8929,127.3772
273.8231,112.9436,88.2169,127.0769
277.6049,114.8349,88.7002,126.1587
283.8186,115.9865,90.2896,125.4106
288.8745,115.3018,90.2227,125.3531
292.4127,112.8118,87.2719,125.4430
295.1548,112.5000,83.6017,125.2778
300.7830,113.0299,78.3111,125.4013
302.0842,114.5761,76.5131,124.2341
308.8439,119.8250,76.3967,123.0286
310.0582,119.1641,76.7348,122.4163
310.2765,117.8484,75.9341,121.8844
310.5212,113.4437,70.7710,122.9757
312.6440,119.8949,69.8107,121.7721
307.2485,117.5382,69.9713,120.3953
306.2929,121.7302,70.6975,117.8413
305.6465,123.5390,71.4341,116.7132
305.6559,127.0874,71.8298,114.7305
302.2044,127.5301,71.0077,113.1474
298.3818,128.7010,69.7602,111.9438
297.7283,127.8854,65.6111,112.0748
286.9173,132.0323,64.8001,111.2582
286.1143,128.0710,64.5574,110.6544
284.7915,127.1288,64.6792,110.1150
282.0836,128.2603,65.1994,108.4562
280.8018,127.0711,63.2569,107.9072
281.4186,130.8937,63.7085,105.7736
273.9709,136.2462,63.2050,105.1321
267.6082,133.3361,62.7741,104.5127
272.7291,134.6851,62.0248,103.2758
271.7621,134.3854,61.4854,101.8920
273.8022,136.0465,60.7241,100.3334
273.3667,140.4538,59.4284,99.0927
274.4593,137.5639,55.3796,98.5494
272.9503,144.0844,53.7394,97.6393
274.4548,143.2972,52.3846,96.2389
279.2457,144.0475,52.0899,94.5433
282.6622,142.8694,51.0261,93.9735
285.4301,142.5164,50.0088,92.6737
286.8778,144.3026,48.4219,90.5714
287.5391,149.4769,48.4575,88.0834
286.5888,153.9969,47.8007,86.4534
289.1429,155.9474,47.4243,85.2041
291.8685,156.0484,46.9595,83.7977
294.6414,155.9059,46.5181,82.3687
297.3707,156.8017,46.0601,80.8586
296.6243,158.7735,45.4353,79.7425
296.0429,162.0990,44.8420,78.7132
296.0643,161.7863,43.8995,77.6988
296.4168,162.1845,43.2111,76.5315
299.1247,164.4007,42.7705,75.4037
298.1631,164.4329,42.7948,74.1516
297.2578,163.3876,42.4924,72.8330
295.7733,166.3559,41.8294,71.7326
293.6831,166.8130,40.9071,70.7814
291.3847,167.8596,40.4467,69.8697
290.0949,169.1600,40.0728,68.6217
288.2595,169.0344,39.6316,67.3401
287.3488,168.3651,39.1727,66.1412
285.6555,168.1582,38.6317,65.0111
279.5020,168.4299,38.6458,63.7110
280.3380,168.9805,38.4419,62.3485
280.5708,168.6282,38.3821,61.4456
281.1054,168.8180,38.3948,60.4630
283.3897,167.7808,37.9536,59.9755
286.7179,166.5027,37.6052,59.5782
288.1307,164.2352,37.4457,59.2328
290.9419,163.5541,37.6313,58.6067
294.2354,165.6542,38.2731,57.4898
296.0044,165.6858,37.2072,57.2544
293.1154,165.8396,37.8539,56.0102
288.1590,166.4374,37.2071,55.2019
288.4930,166.8282,37.1858,54.1717
287.8535,165.2220,36.8258,53.3674
287.6082,165.9347,36.9096,52.0985
283.2033,165.5734,36.7758,51.0387
285.3792,166.6509,36.0328,50.1264
287.3159,165.4055,35.2223,49.6608
288.8407,163.3660,34.7190,49.1375
292.4325,159.1473,34.7549,48.7725
289.9085,161.0719,34.6264,48.4864
288.9789,161.7632,34.4693,47.6221
289.7634,161.8933,34.2389,46.7762
288.6544,157.8095,33.9268,46.4223
285.0890,153.9433,32.0692,47.5535
285.5621,153.9992,31.0230,48.0805
285.6298,152.1389,30.2011,48.3347
285.4453,154.6871,29.5600,48.3411
285.3519,154.0926,28.5743,48.4103
282.1140,155.1118,27.8815,48.5290
282.6613,152.6501,27.1671,48.6922
282.8781,156.0143,26.4176,48.4717
279.9549,157.3514,25.4201,48.1012
277.4246,158.1688,24.2286,47.3546
277.0850,158.7388,23.3374,46.2700
275.6833,159.1633,22.8346,45.0125
272.8310,159.4866,22.1557,43.9743
272.3694,160.0103,21.4120,43.3568
271.1014,160.4416,20.6953,42.7759
269.8943,161.0335,19.8664,42.3608
267.3387,161.9714,19.1267,41.9266
265.0402,161.3492,18.4298,41.5546
265.0756,161.5139,17.9070,41.1075
263.9812,161.5790,17.9383,40.4676
262.3530,161.7505,17.8163,40.0073
258.9016,162.6868,17.3648,39.5638
257.4661,162.8854,17.0281,39.1558
255.6840,165.6740,16.9187,38.6915
254.6676,165.0068,16.8260,38.2325
253.3481,162.6740,16.8711,38.1327
250.6877,163.2648,16.8230,37.7590
249.2839,162.7098,16.7383,37.5049
245.9872,163.6153,16.4782,37.0968
244.4349,163.2847,16.1237,36.4327
243.0000,163.6641,15.7761,35.6742
240.0156,163.2753,15.1853,35.1636
239.1782,164.3818,14.7455,34.8734
238.5759,165.4418,14.5756,34.9928
235.9999,164.6916,14.3723,35.2196
234.9350,164.2773,14.4699,35.1231
231.6545,164.4500,14.1325,34.8626
228.7452,165.0193,13.8776,34.3649
225.7588,165.7938,13.7867,33.9727
225.4757,165.4517,13.9985,33.6492
223.6590,165.0283,14.1474,33.4579
220.7943,165.0037,14.2049,33.6476
218.0152,165.5517,14.0960,33.7791
214.7535,165.1419,13.9970,33.5899
213.6568,167.6378,13.8400,33.2375
210.7997,167.6674,13.4155,32.9600
208.5430,167.9229,13.3520,32.3233
206.8130,167.7200,13.2900,31.7931
205.3430,167.6249,13.4745,31.2450
201.9910,167.6754,13.6143,30.7698
199.9464,168.2785,13.6702,30.3353
198.3595,168.7977,13.6399,29.7162
195.1760,168.9550,13.3883,29.3513
194.2150,169.1000,13.2980,29.0781
192.8213,168.9798,13.3448,28.9639
191.6127,168.8336,13.3964,28.9877
189.0444,168.5599,13.4074,29.1641
188.1828,168.1507,13.5416,29.2833
185.6089,168.2733,13.6138,29.4783
184.5587,168.9903,13.6590,29.6357
182.8026,168.7404,13.7587,29.6211
180.7667,169.0294,13.6397,29.6950
178.8542,169.1652,13.6737,29.6388
176.8904,169.2852,13.5403,29.4662
176.0217,169.4034,13.4474,29.3183
175.2169,168.3338,13.4667,29.3224
174.3390,169.4928,13.6528,29.2089
173.5277,169.0497,13.8562,29.1243
171.7418,169.0162,14.1933,28.7707
169.7887,170.5358,14.1750,28.4161
168.3709,169.8937,14.3214,28.3756
167.4168,168.8047,14.4101,28.2378
168.2280,168.7841,13.7510,29.0602
168.4511,169.1283,13.1500,29.5148
167.8818,168.9943,12.7292,29.8640
167.5134,169.0208,12.4987,30.0321
167.0346,169.0272,12.3393,29.7462
166.4779,168.5144,12.3151,29.8278
165.8206,169.2894,12.3402,29.9057
165.2944,169.2599,12.4789,29.6755
164.9987,168.3466,12.5575,29.8270
164.9260,168.1788,12.6124,30.0205
164.2422,167.3489,12.7457,30.2900
163.7781,168.1607,12.8951,30.3947
163.0835,167.5755,13.1113,30.5062
162.9235,167.5240,13.2430,30.8565
162.7160,166.7899,13.2117,31.1378
163.6203,167.2045,13.1211,31.3326
166.0531,166.8448,13.0928,31.4364
166.0799,166.5122,12.9281,31.5078
166.3914,166.8487,12.6682,31.6078
166.6691,166.7252,12.4817,31.6726
166.9181,167.4005,12.4180,31.4641
167.0559,167.6740,12.2381,31.3658
167.3221,168.2481,12.0224,31.4271
167.5046,167.4421,11.8500,31.5426
167.6866,167.6842,11.5985,31.6804
167.7491,166.4720,11.4138,32.2041
167.8354,166.5687,11.3337,32.3271
167.2960,166.6685,11.3226,32.3474
167.2189,166.4091,11.2054,32.4353
167.0449,165.9380,11.1408,32.6026
167.0831,166.5908,11.1999,32.5584
166.9871,166.7516,11.1532,32.4274
167.1409,165.5205,11.1770,32.4003
167.2198,166.0969,11.1892,32.5198
167.2927,166.6567,11.1974,32.6609
167.3117,166.5287,11.2335,32.7333
168.0415,166.5001,11.2495,32.7662
168.0224,167.0990,11.3564,32.4909
167.7760,167.1047,11.2690,32.3747
167.9761,167.3160,11.2019,32.0142
167.9086,166.7277,11.2155,31.8351
167.7521,166.9701,11.2749,31.9470
167.3428,167.6854,11.4567,31.8131
166.5497,167.7324,11.7988,31.5575
166.7807,166.8563,11.9266,31.4442
166.4413,168.2334,12.1532,31.1665
166.1465,168.7859,12.4141,30.7802
166.1853,169.4686,12.5498,30.4232
166.5525,169.8115,12.6807,30.1095
169.0532,170.4544,12.7249,29.8273
169.6105,170.6165,12.8568,29.3607
170.4008,170.9424,12.8572,29.0610
171.4053,171.2936,12.8308,28.8604
172.6457,171.0855,13.0134,28.6664
174.8183,169.7376,13.0643,28.7700
175.4698,169.6304,13.0460,28.8354
176.1983,169.8864,12.9494,28.7821
179.6210,171.3271,12.9074,28.5987
179.7837,171.9765,12.8817,28.2602
180.9973,172.1407,13.0872,27.9429
183.3998,171.9398,13.1845,27.7947
184.2764,171.7153,13.1706,27.6296
185.4076,170.7954,13.3578,27.3855
188.1399,170.9343,13.3072,27.6068
190.8970,170.6943,12.8505,27.9505
192.1590,170.4309,12.6173,27.9684
193.7461,170.7760,12.6730,27.8811
195.9129,170.4144,12.7454,28.0207
197.8745,169.7472,12.8544,28.2883
200.8702,168.8731,12.9020,28.5401
204.0192,169.3342,12.8720,28.4794
205.4183,170.1933,12.8724,28.3924
206.3211,170.2365,12.8088,28.3374
208.7331,169.5771,12.8623,28.6274
209.3980,168.7367,12.7320,28.7740
211.0662,168.3075,12.6249,28.7196
214.2928,168.4761,12.2684,28.9224
217.7825,168.6262,12.0722,29.3209
220.9265,166.9445,11.7440,29.8856
224.1469,166.8084,11.3922,30.4461
227.2344,165.8224,11.2614,30.5915
230.1946,164.8439,11.1878,30.3506
233.0226,165.6572,11.0223,30.3401
233.8052,165.3201,11.0964,30.2796
238.8590,167.6309,11.2251,30.4425
241.3291,167.0135,11.4123,30.5032
241.5139,166.9134,11.5187,30.5508
244.1412,167.0448,11.6678,30.6226
245.5650,167.8302,11.5512,30.4633
248.6172,167.6600,11.4360,30.2629
252.2914,168.2229,11.3622,30.3241
255.7191,167.5144,11.3019,30.6470
256.5563,166.5208,11.4953,31.2311
259.7133,165.7133,11.9312,31.4206
262.5059,166.2260,12.1351,31.8493
263.4359,165.5645,12.4150,32.2759
267.2712,163.5255,12.2921,32.1522
271.5788,162.9445,12.2325,31.6793
275.1452,163.4770,12.2439,31.4216
276.3916,163.3996,12.6121,31.1660
279.9646,165.1739,12.9006,31.0428
283.6399,165.8038,12.9421,31.3312
287.2614,166.7501,12.7776,31.4707
290.7632,168.0542,12.3045,31.8273
294.4319,167.3907,11.9517,32.5426
297.8289,165.0313,11.8797,33.0731
301.2797,165.3595,11.7568,33.5070
303.7971,164.9204,11.7532,33.8006
309.6679,165.5202,11.3536,34.3432
312.5295,166.7555,11.2294,34.2957
315.3720,167.3230,11.1211,34.1806
321.0966,166.3636,11.2631,33.9407
321.8165,162.1286,11.4005,33.5680
324.3987,163.3101,11.9414,32.3340
329.6716,166.8493,12.2524,31.9196
332.4431,166.1954,12.3568,31.5883
336.1324,166.5225,12.3390,31.5441
339.4430,167.8523,12.4443,31.2819
341.8298,168.5217,12.1962,31.3139
342.5599,168.9855,11.9880,31.4228
345.3102,167.8457,12.1223,31.2775
348.2519,169.0891,12.2929,31.1045
350.2574,167.4877,12.8912,30.4966
352.6645,167.8283,13.0699,29.9020
354.2847,167.0473,14.1118,28.9221
357.1269,167.0995,14.1467,28.4872
359.5031,166.9645,15.0085,27.6442
360.7631,167.7234,15.5408,27.1452
361.8241,167.9099,15.3451,27.3529
364.5592,169.8397,15.2769,27.7785
364.9123,171.6463,15.0379,28.2638
367.9067,172.1176,15.0441,28.5977
368.5331,170.9401,14.7041,28.8761
369.1503,170.1270,14.2750,29.3434
369.7676,169.2058,13.8458,29.6486
370.2115,168.2086,13.4794,29.8932
370.9381,167.4563,13.2822,30.0403
371.1773,168.3270,13.0438,30.2952
371.4603,169.0341,12.9120,30.2666
371.9141,168.5419,12.7794,30.2760
372.0984,167.7637,12.7692,30.1594
372.0425,167.2620,12.5140,30.4026
371.9828,165.2994,12.0997,30.6238
369.7923,165.2470,11.9140,30.8193
