1
241.8898,164.5548,117.3602,113.6479
232.5434,176.6617,117.5015,113.6206
214.2287,195.6946,118.4543,112.0184
211.2243,208.1268,117.6146,112.1240
215.8760,201.2045,116.9922,113.0304
214.2195,192.0500,116.5472,113.0472
213.9977,190.3249,116.3369,113.9532
173.1122,211.8203,118.8689,111.9414
144.3896,247.4446,119.7239,110.0528
145.4570,240.9624,119.6972,110.0390
233.5480,226.0118,121.8563,108.1955
219.6697,209.8990,120.4079,107.4748
213.4050,201.5840,120.7570,106.5848
203.9974,201.0459,119.1197,108.0047
189.4675,203.4777,117.6799,110.6604
190.7220,214.5081,117.0298,111.7648
200.3009,211.0013,117.2520,111.1911
216.0888,186.2066,117.9125,108.1050
213.0642,150.3979,117.6041,107.2661
197.4754,139.5724,116.7333,109.0926
198.0304,159.9358,118.7488,108.7852
220.2067,188.3870,121.6539,107.2715
251.2246,224.8936,122.5951,107.0778
263.8335,239.6682,122.0615,106.4445
253.5287,243.4527,119.9190,107.0656
241.3297,248.2838,121.3620,106.3338
234.9173,250.2522,121.4088,105.7044
228.7883,240.1720,120.9301,105.4041
222.1974,223.8311,121.4269,105.7751
220.8518,215.7731,121.4992,105.9322
228.0106,209.3754,119.2036,107.1248
238.4376,199.3296,119.0434,106.7413
238.5770,172.5019,118.1188,107.7669
225.6823,154.2116,117.6308,108.0901
219.5538,132.1634,117.1996,107.7266
224.0491,118.7484,116.2491,108.8291
243.1189,126.2020,114.8581,109.5938
253.9218,130.2240,113.3962,110.3519
253.3392,136.5194,114.0490,110.4369
262.3665,169.8587,115.0980,109.6408
265.7165,214.4859,115.0816,107.8266
272.5101,231.9538,114.4134,108.4622
275.3505,235.3535,114.1645,109.3979
273.3323,232.2947,113.7960,109.2932
262.1612,218.5934,113.7444,109.2924
262.7647,210.6756,113.2075,110.1008
263.8447,195.0335,113.8624,109.3476
266.1796,162.4802,114.4347,109.7253
268.8539,157.0083,114.1248,110.3413
270.4758,171.1259,113.3178,112.5354
267.5481,182.3942,112.9389,111.5932
265.9548,177.0155,113.0474,111.2282
267.6747,177.6642,113.6280,111.2228
276.9255,182.3985,112.4462,111.2392
284.2723,188.8984,113.0811,112.0282
283.0633,207.7223,113.5410,111.3308
257.5894,209.4459,112.0545,111.7585
221.1764,208.7290,112.9710,111.9346
201.5028,206.9023,112.8639,111.7556
206.7643,203.5097,111.6664,111.7251
224.1508,205.0114,111.2258,112.3079
254.4358,205.1504,110.8689,113.4272
299.7117,207.6753,110.6356,113.8422
331.7390,212.5749,110.5443,113.8517
332.0054,218.0457,110.9438,112.9754
318.8538,207.0643,111.5404,112.5549
295.6329,182.0287,113.6796,112.6799
261.6478,164.9140,115.5431,111.3049
243.1806,155.0935,114.9196,111.9933
242.2819,164.0887,114.9789,111.8371
249.3796,178.4104,114.6153,113.2357
254.1779,191.5354,114.7860,113.7522
266.4933,203.0019,114.7568,114.8292
293.6739,217.5833,114.7761,114.6373
309.2654,226.2547,114.2734,114.5573
307.0894,237.7220,114.8266,113.8712
296.6831,246.7230,115.2849,112.9910
285.5587,245.6251,115.5054,111.1529
259.5244,236.8365,116.9077,109.3068
227.7238,227.3531,116.4391,109.4918
214.0048,225.2549,115.9916,110.2596
211.5733,232.0801,115.4570,110.4039
218.6157,230.2041,115.6280,110.2716
232.3886,202.5423,117.3696,111.9506
248.7520,180.9395,118.0451,110.5053
261.2221,151.9801,119.4427,111.0837
289.8902,139.7122,117.4557,110.8533
316.1799,140.5242,117.8850,111.5220
326.5124,149.2762,116.5939,112.0699
325.5524,166.7194,116.3059,113.2477
314.7436,182.5992,116.4049,110.5496
292.5808,192.8439,116.9870,109.7311
266.2973,211.3522,118.1825,108.1938
246.9678,226.1414,118.0647,108.1057
234.8806,226.0637,117.3008,108.1126
222.0543,215.1414,116.8738,107.8631
212.0336,204.3342,116.0183,108.7381
203.9077,200.5313,115.2739,109.2538
211.9952,194.8183,115.4885,109.4280
231.1200,176.1932,116.2438,109.4042
244.1659,164.6026,115.3905,110.3275
259.1488,167.6978,115.1563,110.7012
274.9879,183.0988,116.2551,112.2701
296.2292,209.9136,116.5918,112.7487
307.4719,220.2362,115.3418,112.6935
293.6011,207.0375,116.7581,111.2016
253.7208,188.5755,116.0344,110.2952
211.1235,196.0375,117.5959,108.9206
174.9886,211.6048,118.7836,108.6782
163.5739,229.5433,117.9223,109.1305
162.9458,234.3129,116.9377,109.7644
177.1467,221.4166,117.8029,108.9314
196.4686,191.0219,118.9137,108.9648
222.9872,171.2910,118.5294,109.6273
229.3893,171.5731,119.5053,109.0718
227.8263,185.6344,118.8523,111.5552
222.3609,203.9400,117.8190,113.0279
221.0193,197.5752,117.0018,113.5137
227.9482,194.0137,116.5533,111.7968
240.2333,190.7224,115.4550,112.4723
235.8954,199.0911,116.2420,114.1204
222.6702,218.7745,117.8546,112.0562
208.1310,219.6478,117.3207,111.7945
200.1891,203.1661,117.3305,112.0468
198.3007,190.9209,117.3567,110.7362
195.2588,186.9940,116.5504,110.5295
196.6936,195.3361,117.0878,112.3961
206.8176,214.7075,116.3820,114.5866
204.7130,246.5243,115.3608,114.9484
202.6964,244.6747,114.8523,113.6698
199.2325,220.2676,116.4820,111.1079
201.8922,195.4783,116.9646,111.2316
191.2429,182.6573,117.9738,109.3984
169.7529,172.1947,117.5776,109.4100
160.2495,181.4920,116.6888,109.8338
168.7875,195.0602,116.7996,109.7117
182.7253,202.5677,116.3805,109.4272
200.3260,202.3504,115.8599,109.6171
223.4286,211.6287,116.5032,108.5526
247.3618,222.8699,116.6864,108.7896
272.9727,241.1236,116.7440,107.2130
294.1090,242.1010,116.3631,108.8121
284.7173,237.3772,116.2770,108.6084
245.1679,227.5709,115.8106,107.6777
203.4535,222.2463,115.0703,106.8611
170.1366,214.5403,114.0572,108.6194
135.8914,225.6904,114.0101,108.0132
106.2406,223.0471,114.2421,107.9545
110.8876,215.1548,115.3207,106.8693
169.7137,200.1488,114.9099,106.3129
214.2428,191.1038,114.0312,107.1961
227.9278,185.7357,113.8687,108.0238
227.4012,185.4830,114.1830,108.5888
235.7852,195.2204,114.8829,108.7418
241.5282,208.1162,115.3228,108.9541
229.8184,214.6908,114.0989,109.2829
199.0702,214.2212,112.8583,110.7549
176.5914,219.0550,112.5909,110.7033
174.7148,222.8522,111.8535,109.4296
208.5914,217.1317,111.1453,109.3981
256.4279,212.7774,109.9753,109.2939
276.0615,211.4087,112.1640,109.8131
270.6758,213.9142,112.7098,109.4184
258.6714,205.2324,113.0719,108.3356
252.6997,194.6770,113.1258,108.6061
248.2663,188.2846,114.1717,109.1454
251.0470,184.6970,114.2469,109.4797
266.3265,189.3346,115.0429,109.8391
275.3611,198.3132,114.9702,110.9329
266.1092,200.8551,113.4263,111.8670
242.4694,209.3575,114.9991,110.2948
203.9139,229.7290,115.4986,109.4548
187.2997,245.6491,116.5606,108.0898
173.7135,245.7269,115.8191,109.6107
180.0715,246.7031,116.0946,108.3635
203.7483,240.2654,115.6954,108.1471
208.8552,234.9102,115.4356,108.5178
193.6156,232.0667,114.7778,108.5363
175.3017,226.8415,114.5606,109.3885
172.5318,218.2316,114.5928,109.6631
191.5888,216.8060,111.6810,109.5861
236.9975,212.1110,111.4979,108.9360
280.4727,198.9725,112.6705,108.4635
278.9839,192.7243,113.5788,108.3054
249.5381,190.3416,113.5787,107.8816
211.7620,184.5845,114.0115,107.0755
197.9088,178.8414,113.5588,107.5101
183.0659,182.3812,113.4096,108.4997
169.3428,185.5566,113.6746,109.7038
170.2178,187.3457,114.5324,109.0772
197.2392,190.3936,114.0943,108.6598
258.1926,190.7793,112.3362,109.9725
293.2992,189.8966,112.2472,110.1865
292.5364,186.9367,112.7056,110.2157
278.5939,191.7265,112.5852,109.8566
255.7740,196.0529,112.7918,109.1206
234.2900,204.6439,114.1618,109.6191
211.2483,211.8025,114.6501,109.4613
174.9773,202.5214,116.2546,107.0918
142.7218,187.0856,116.2118,107.1479
139.3578,182.7018,115.5245,107.7223
158.1517,186.2616,114.2141,108.3576
186.9148,191.8295,113.9537,108.9454
195.5920,192.5828,113.5418,109.3652
190.3754,184.9372,113.9058,109.5872
196.0170,177.3148,114.1264,109.5245
206.0829,167.1823,113.0678,110.5009
216.3345,168.9923,113.3658,110.7100
215.8246,176.3206,114.6547,112.3592
207.2007,186.1981,115.6539,113.0985
199.3451,201.1715,115.5373,112.3026
212.0293,224.6661,116.5037,112.0796
223.5993,242.5040,115.4321,112.8888
212.6828,248.0386,114.9816,112.3165
192.3014,238.4654,115.8632,110.3884
179.7985,213.5123,116.6037,107.6665
178.0461,174.1300,117.1937,106.5478
188.8320,159.4750,115.9631,105.9824
202.2289,159.8686,115.2236,105.7107
219.1696,173.8245,116.0157,105.2894
236.4656,184.7712,115.3347,105.9460
242.0527,186.4790,114.4129,106.4655
235.3276,186.0247,114.1870,106.2062
212.8917,194.9795,113.3173,106.1535
190.1778,201.6985,112.3670,106.9481
186.4165,211.0813,112.9730,106.9534
190.1782,216.1841,112.4675,107.0749
188.8330,209.1353,112.3686,105.7657
186.2133,186.1285,113.4101,105.0975
202.2767,165.1767,113.3940,105.7335
229.6362,162.2073,111.4623,105.6335
275.2992,169.4651,112.3550,104.8071
293.7332,185.6063,112.7254,105.6808
298.3869,208.5160,112.9967,105.5525
294.9174,220.6006,112.6874,105.7734
295.1092,223.0545,112.9856,105.9613
299.5436,218.3964,112.1903,106.0321
291.0706,224.5516,112.5635,105.4870
266.0839,225.5836,110.4859,106.8118
240.5642,226.9803,109.0966,107.1003
234.3351,233.3842,110.1033,107.4457
223.0338,239.3239,109.3149,107.5715
209.1304,231.3670,110.0969,105.7878
210.8227,212.3045,111.0350,106.6583
213.9773,204.0965,110.8926,107.1915
221.9462,201.4785,109.9073,106.8452
237.2246,200.4911,108.3594,107.3819
254.7576,194.9683,109.1504,106.5424
258.7838,178.7720,110.5534,105.8897
260.7311,164.0642,110.7930,106.6962
271.5720,173.6464,112.3472,108.5415
283.3490,213.4094,113.5215,108.9367
280.0835,247.8258,113.8673,107.9509
265.6392,254.8930,113.2607,107.7732
250.7365,234.4885,113.8877,105.0946
247.8240,196.6568,114.0909,102.9500
241.2489,167.2726,113.7079,102.8186
236.4471,156.4892,112.9485,104.1809
224.2220,164.7181,113.2168,104.2041
208.1631,170.0284,111.9285,105.2253
214.7092,174.9026,110.9818,102.9407
247.9192,163.8015,112.3158,102.1869
267.9196,146.1454,112.2376,102.9688
278.2039,141.7051,111.4833,103.4361
279.1358,160.5030,112.6648,103.0573
263.0262,178.9262,113.9624,102.2983
245.9704,185.9858,113.6911,103.0910
236.5639,187.2964,114.1340,102.1625
238.6463,185.6111,115.0422,100.8977
243.5409,188.4718,116.1977,100.8261
240.8151,203.2207,116.0767,100.3309
208.1537,212.7391,114.8272,100.6822
199.7827,211.8238,116.1763,100.0016
212.3653,204.3023,115.8536,100.8007
230.0293,185.9587,114.5629,101.6969
235.4422,183.9499,115.2010,100.9401
237.8526,192.8280,116.2912,100.6986
235.8001,201.2080,117.4617,100.5579
233.6495,205.9300,118.1454,99.5571
228.1743,208.6677,116.3820,101.2389
213.1710,221.1440,115.7863,101.9823
206.6220,232.9087,116.5440,101.3291
214.2366,238.4979,117.7334,99.8039
216.6171,231.7002,117.2642,99.9059
213.1447,227.8152,116.6110,98.7126
210.6800,223.6229,116.6838,98.4292
219.5001,216.0472,114.4298,99.9769
248.7081,184.0954,114.7867,100.8921
274.3175,164.0580,113.1252,101.9395
277.8071,160.1167,113.2506,100.8643
278.0002,170.5035,113.1417,102.0742
271.9160,188.1117,113.0924,103.8470
266.6005,212.1491,111.7921,105.4206
259.3005,228.6418,110.2298,105.2454
242.5823,227.3929,109.4666,103.0015
219.3989,226.9241,108.6957,102.6960
217.4810,237.2476,108.6005,102.9097
229.2957,248.0112,107.5489,103.1209
237.3373,242.5002,107.0857,103.3554
238.2230,226.8498,107.8408,102.6287
240.9045,210.2148,108.0649,102.1657
255.6902,212.5665,107.1951,100.7803
288.5636,213.8479,106.0321,100.9777
302.2927,210.2561,106.3795,101.8501
296.8378,202.3929,105.9369,101.8768
284.9313,202.6929,105.8528,101.8946
271.1108,211.5691,106.4795,102.4597
265.9695,226.7567,106.8923,103.2403
257.8503,238.3775,107.0449,103.6359
255.2426,240.0994,107.2117,103.9416
264.0217,235.2821,106.3235,103.5275
267.4391,227.3675,106.5131,102.6598
263.4602,218.7357,106.5044,101.7218
257.9679,211.7719,106.1629,101.4082
257.1475,207.9456,105.4317,100.9189
261.4298,206.6923,105.6200,100.1396
269.3341,198.3768,105.7093,100.1060
269.9851,191.7011,105.7076,100.2020
271.5800,197.6911,105.8823,100.9328
278.2373,211.8614,106.0276,101.5570
288.2729,225.3121,105.5867,101.0337
291.8121,229.1381,105.1973,101.0702
278.3731,232.0070,104.8821,100.2366
252.4017,237.1304,103.9961,100.4489
228.2578,237.3148,103.5122,100.0803
215.0540,222.8318,104.5453,99.4289
202.8779,200.8141,105.2121,97.0152
203.7928,177.0970,106.2776,95.5855
211.2082,165.5597,105.5335,97.1092
223.8420,172.2057,105.4413,97.7897
239.4194,182.3280,104.3950,98.4121
248.4033,184.2466,103.2932,99.4848
255.6149,187.9229,103.6556,99.3206
267.0677,201.7420,104.7980,99.9655
285.1980,227.6009,105.6575,100.2687
293.1594,248.5987,105.2536,100.3584
287.4088,245.6637,104.8576,99.0824
274.8148,220.2126,105.4107,98.0156
266.7985,201.5704,104.6573,97.2772
248.3385,200.3548,103.3763,95.5664
228.0934,202.2123,103.6477,96.1767
220.4179,217.1313,103.2755,95.9443
229.8952,232.3305,101.7825,96.3644
243.6746,229.1299,102.3214,96.2418
266.3765,229.1539,103.1493,97.1160
278.7714,232.6868,102.9041,98.0860
277.3199,242.2030,103.6691,98.5237
273.1296,254.7637,103.8445,99.1958
272.3328,260.2759,103.3465,99.0259
273.0204,255.7766,103.2651,99.1598
274.7632,250.1445,103.1432,99.2711
276.5821,238.3877,103.2446,99.5606
277.7967,231.0040,103.3987,99.1467
273.4449,232.8071,103.8757,99.3703
262.9284,239.5107,104.0263,99.9655
254.8780,240.1817,102.9869,99.8785
254.0813,232.2726,103.2290,99.2573
253.7047,219.9152,103.7201,98.6099
250.6156,217.2490,103.4071,98.0614
244.0800,220.6728,103.2919,98.6412
249.6877,227.6126,102.0981,98.1662
264.3266,228.5048,100.9196,97.7208
280.0434,221.4270,100.9446,97.3475
293.5464,207.2642,101.4424,97.1811
295.8951,193.7349,101.9071,96.7446
289.6017,192.1442,102.4001,97.2000
284.4647,198.9221,102.3862,97.9694
281.5140,207.1720,102.8508,98.0982
267.2514,210.8056,101.9976,98.7059
241.9860,201.3046,102.8644,98.0753
225.3065,194.2883,101.8959,97.4942
223.3739,197.7234,102.4512,98.0603
227.5708,215.2309,102.8142,97.4718
249.2249,256.9359,103.2608,97.9259
276.8327,280.8770,102.8340,97.7363
298.6813,261.0263,102.6045,98.2976
316.8335,239.6779,102.8067,98.6043
315.2910,229.0412,102.9838,97.7163
298.6399,221.6938,103.8611,97.6019
275.6006,230.1962,103.4566,97.4880
249.5335,239.8988,102.9930,96.5878
227.3117,236.6817,102.9201,96.5647
239.3481,238.7732,101.7703,94.9813
280.4174,240.5031,101.0310,94.1649
314.1343,238.8734,100.0634,93.2052
328.8936,232.6020,100.2283,93.5042
339.2797,231.1125,100.1948,94.4935
347.5727,240.6859,99.7732,94.7415
350.2221,237.0015,100.0692,95.1020
350.1147,229.6138,100.2462,95.4534
343.2684,233.3182,101.1186,95.5958
314.4492,250.3357,101.4496,95.9406
299.0364,261.0838,101.3294,95.5059
296.5526,254.7237,100.7766,95.5703
306.7261,243.2461,101.6366,95.3129
315.0433,240.8323,100.9601,94.9165
325.9219,248.8709,100.9072,95.2294
340.3348,259.8505,100.5484,95.5275
357.4951,249.9135,101.6106,94.3001
341.5084,223.6292,102.4041,94.3222
304.7239,181.9077,103.3068,94.5393
284.8343,164.8346,102.3849,94.4721
281.2679,173.0939,102.1480,94.4031
280.1835,188.5034,102.5793,94.7053
270.0496,213.4794,102.9909,94.2200
247.8998,232.6738,102.8470,93.9900
232.3369,239.9076,102.3861,93.9632
217.8153,243.5150,100.8651,94.8087
219.7052,245.5149,99.8374,94.4311
231.6671,248.5692,98.8729,94.6146
246.5044,238.6960,99.4781,93.8602
249.3405,205.5550,101.0861,92.6713
238.2978,182.8150,101.8594,91.5105
232.2462,176.1226,102.8992,90.3101
228.2616,179.6676,102.4718,91.6527
211.8180,194.0738,102.5746,92.4182
197.6950,205.8253,101.5323,93.5982
186.9499,208.7297,100.1772,94.7569
185.1890,212.6151,99.9926,94.9563
178.6194,226.3012,99.3075,95.5161
182.7034,236.9497,97.9599,94.5522
199.2197,237.2764,98.0619,94.1995
236.6889,231.9251,97.5314,94.0634
265.8074,221.7072,98.6396,93.8646
294.2870,218.8227,97.1836,93.5187
311.4863,222.2102,98.4216,94.1557
312.0237,239.9422,99.4706,93.9591
287.4147,251.2687,99.0814,92.0295
245.5809,231.4667,100.9062,91.9561
210.5409,218.3545,100.9492,91.8324
185.8226,218.1136,99.9364,91.9834
176.6102,225.9236,100.3221,92.2199
204.0082,231.6848,98.3234,92.7490
231.7668,218.8311,98.7158,92.4717
246.9504,201.8296,99.5928,91.8392
262.1942,197.5351,98.0907,91.3834
278.6576,198.2919,99.0663,92.1479
321.7411,202.1780,98.0810,92.6015
335.1927,209.2977,96.6436,93.1482
328.2256,204.3783,96.6982,92.9340
305.8195,197.3306,97.4841,92.3886
271.0800,180.6121,98.6853,92.2556
234.6244,162.0583,99.6955,91.1724
247.9234,149.7193,97.8292,90.6060
279.3451,141.3629,98.0836,91.5524
297.5262,131.4121,98.4122,92.0261
302.3874,119.5587,98.0884,92.8040
302.0151,128.0095,98.6521,92.6018
305.4402,152.6035,98.5250,93.5760
308.7833,190.5298,98.4221,94.3732
306.5117,224.0302,97.7657,93.5303
306.2992,229.8665,97.4268,93.7678
302.9975,217.4839,97.1597,92.6039
295.6948,203.0977,96.9594,92.1223
291.4622,192.2826,96.3098,91.4916
289.2162,178.7929,96.6561,89.4422
287.7952,147.4688,97.7608,87.0535
287.1187,104.6179,99.4853,85.9387
303.9299,82.1392,99.1538,86.7035
323.4252,95.9949,97.9422,88.8794
334.5053,137.9816,97.4203,89.4798
319.2213,174.0945,98.3164,89.1228
303.8149,189.1979,99.2248,89.1097
290.5981,205.7012,99.4715,89.6354
281.5801,219.0273,98.6285,90.7259
273.4388,229.5735,98.3211,91.2853
265.3172,232.8899,98.0432,92.8490
274.4620,238.0970,96.8827,93.3098
281.1213,234.9132,96.8547,93.3178
288.0602,225.0075,97.0579,92.6838
293.6206,214.3907,97.0751,92.1883
306.1973,197.4934,97.5130,92.2963
314.8908,189.6872,96.9057,92.7309
322.3085,192.1537,96.1148,92.7572
332.3499,198.3778,95.7224,92.6969
332.0934,216.9025,96.6011,92.8942
315.6603,234.7118,97.4235,93.4520
296.3950,256.7535,98.5368,92.4459
273.3705,265.0755,96.4941,91.8664
264.0757,259.7800,95.8772,92.0578
261.1053,256.3768,95.5404,91.8242
243.1628,234.1854,95.9552,92.1814
236.3807,200.5734,98.6888,91.3596
257.6664,184.4464,97.5848,89.5183
275.7877,176.5494,97.7523,89.8930
292.9145,181.6014,98.1210,90.3343
309.3690,196.3943,98.3805,90.8686
325.8216,213.0278,98.6102,91.2815
339.4423,230.4119,97.8256,92.8217
348.1748,255.3882,97.0038,93.0532
343.6770,265.9847,96.7817,92.5332
326.9844,267.4416,95.8798,91.3144
297.5393,270.4855,94.9804,90.9203
260.5402,271.8871,94.2148,91.0135
223.6384,266.8403,93.8509,91.4254
214.2816,254.8308,95.3525,90.5579
221.4788,225.7802,97.4361,90.0168
220.6786,203.1350,98.7022,88.8136
235.4493,192.2265,98.0780,87.8490
261.7336,186.9581,97.7230,89.3916
292.6791,186.8275,97.4468,90.8259
310.6165,186.6797,97.8354,91.8348
316.4324,190.9066,97.2129,92.4434
321.0249,202.8342,97.1735,92.3563
325.6989,216.9043,97.4376,92.8952
315.4867,235.5918,98.5824,91.3164
281.8805,236.6106,97.6912,91.7259
240.9147,233.0049,97.2752,92.5946
194.5376,233.6682,95.6637,93.0365
181.2090,229.3608,95.0154,94.0112
193.8231,231.4763,94.1901,94.7295
222.1461,232.6987,95.1770,96.3260
250.0010,228.6329,96.1036,96.1215
256.1054,224.9492,95.4604,95.9410
273.8416,227.0037,94.9530,95.8915
343.3839,220.8348,96.8541,94.2158
368.5145,209.4447,97.1424,94.7050
352.1692,202.6861,96.7772,93.7513
289.9651,204.6847,97.4722,93.0072
209.1867,216.9887,97.5797,91.6673
159.4877,218.4684,95.9750,91.5659
162.0611,213.5707,95.4259,91.1174
125.9773,161.0874,94.3571,90.5032
217.1729,161.4818,96.3146,91.7273
218.9371,157.4921,96.1810,91.5267
221.1482,169.1310,96.4319,91.9032
232.3441,193.9256,96.6893,92.4703
237.3350,225.7286,96.2037,92.4054
233.4518,241.7098,96.0468,91.9685
240.7551,260.8386,95.5012,92.3954
249.3330,265.4648,94.8346,93.0355
238.9068,256.7351,95.9740,92.3094
221.2348,253.3001,95.8896,92.3640
223.6436,267.5652,96.7441,91.4367
255.7176,287.2957,95.6937,92.3537
273.3872,286.6687,95.6418,93.3475
272.7303,274.9403,96.1397,92.4429
270.8920,253.9351,97.6466,91.0603
278.4489,208.7381,97.8803,91.2670
271.1233,159.8194,97.9942,90.7589
253.2647,151.7106,96.9737,91.3375
236.4157,162.1289,97.7029,91.8271
227.8610,184.0406,99.2865,92.3311
223.2549,218.5902,100.0561,92.7699
222.3839,246.8445,100.4254,92.5330
230.8208,257.6791,99.5501,92.8645
240.2015,250.3316,99.2791,93.1859
245.1272,235.2838,98.9880,93.8847
244.1336,225.9310,98.2595,94.4236
257.2678,225.1082,96.6471,93.6559
279.4349,214.1737,97.8380,94.4679
279.4146,202.5254,99.0289,94.1788
267.7191,189.4404,98.6633,93.9351
277.6555,179.9664,98.3800,93.4287
291.6958,177.9852,98.8951,93.1276
294.9933,197.5098,99.1339,93.8125
277.8197,231.9263,99.1533,94.3033
270.4841,248.8252,98.4199,95.0151
282.5665,262.0692,97.3988,94.9521
287.6889,255.8037,97.2784,94.2231
275.1700,241.3737,97.6480,92.6400
269.6424,235.1169,96.2836,92.1245
272.6903,238.7456,96.1372,91.9168
273.9812,234.3161,95.9110,91.4225
267.3400,226.1505,95.7682,91.5419
259.4176,217.9252,95.3272,91.7932
254.7908,220.1072,95.4448,92.4373
249.7716,226.3555,95.7056,92.1450
239.3988,228.8616,95.3520,92.5412
239.3081,224.0868,95.2807,91.8281
265.3920,220.4556,93.5420,91.3188
289.0650,221.6294,94.6782,91.9629
280.6375,235.5198,95.7668,90.3950
260.6149,237.5779,96.0941,91.3841
255.5328,239.7597,96.2608,91.7855
262.7247,231.1257,97.4080,91.2350
267.2800,217.0153,97.5958,91.1990
267.9794,212.1578,97.2325,91.1635
272.0930,219.6358,96.6032,91.2187
283.3154,223.6113,95.5841,91.5392
280.2055,223.2764,96.2174,90.8500
270.6330,219.9733,96.2301,91.5500
271.4940,216.1975,96.2653,91.0366
273.6542,220.0787,96.3991,91.3009
275.7809,229.5416,97.3388,91.5825
268.7646,245.2231,97.0808,91.5899
265.3005,248.4416,96.7169,91.4873
274.2711,237.6901,97.1868,91.4581
284.6433,224.5699,97.0048,91.0504
283.6625,217.3802,97.0152,90.7281
275.3369,227.6015,97.6023,90.8368
266.4398,238.4932,97.1982,91.2456
266.0806,235.0094,96.9676,89.9367
268.0333,214.1603,97.8844,89.0207
272.1628,205.2866,97.0966,89.5814
274.0085,212.7774,97.2808,89.5375
275.1260,227.9818,97.6790,90.0956
269.1842,236.9794,98.0433,90.4825
262.9117,238.0090,98.8558,89.6225
265.3543,233.7431,98.4314,90.0258
268.2216,229.1823,97.5003,90.2236
261.8090,230.0828,97.5589,90.7489
250.4433,241.7203,97.9234,90.8647
248.5739,252.1736,97.0809,90.6664
249.6997,248.6369,96.9330,90.9693
251.3803,240.0786,96.9029,90.9322
249.5936,235.1765,96.4032,90.7603
248.8136,242.8881,97.2147,90.8912
249.0776,254.9468,97.0127,91.4409
251.3261,260.8163,96.6340,91.1011
252.0427,262.8823,95.9718,91.2110
250.1620,261.6529,96.0266,91.0007
249.2767,256.2383,96.4346,90.9345
239.6641,249.4023,96.3247,90.9635
240.4915,245.1968,96.6582,90.8757
241.0666,232.1074,97.6000,89.6523
239.8481,222.0380,97.5106,89.8940
238.7346,220.9405,97.0551,90.0794
241.7412,225.0457,96.7379,90.1556
245.6394,220.6511,96.7048,90.4358
249.2917,212.4763,96.9302,90.5770
252.9905,208.6928,96.4007,90.6871
252.6875,217.8128,97.0384,90.3263
253.6877,236.6786,96.9350,90.2725
255.6553,244.5184,96.3133,90.5660
253.7590,238.8468,96.2563,90.7814
254.1678,230.4760,96.9525,91.1285
263.9498,224.6271,96.7769,91.3273
264.9875,225.7217,96.8799,91.4693
263.1466,235.5286,97.7769,92.0759
254.5275,237.7745,98.4386,92.5909
250.9755,236.1248,97.1121,92.5100
253.3926,227.9923,97.3602,92.0732
251.8761,222.0179,97.5176,91.4909
241.1074,233.4187,98.5126,92.6432
234.4307,250.7885,98.1313,92.6978
237.2914,253.7303,97.9909,92.1289
250.0344,252.2300,97.9914,91.9957
269.7887,241.8946,99.3286,91.6713
277.4467,229.7978,99.0657,91.5610
266.7390,230.5424,100.8172,91.7009
242.5614,244.7906,99.7716,92.6990
256.6945,252.1055,100.1002,93.1884
282.2236,248.9023,100.0416,92.2116
275.7253,233.2653,101.0813,91.0782
256.9169,225.1139,101.4411,90.9395
240.5309,227.1714,100.7927,91.3107
235.2421,231.7044,100.7193,89.7395
237.1220,231.2422,99.9501,89.8503
239.4354,228.1114,98.9454,89.8337
234.2806,227.4417,97.6778,90.3870
231.8422,228.1526,97.1763,90.6178
241.4563,234.5874,96.3809,91.0225
240.9494,244.2557,96.9472,91.2238
257.3898,254.0426,96.5968,91.2255
294.3467,252.8955,98.4570,90.4058
311.8396,246.4736,98.7307,89.9454
287.9135,247.0163,101.3684,88.2088
238.1603,260.1861,102.7835,87.9606
219.4947,267.5291,101.8918,89.3143
221.2854,274.7589,101.6330,88.9962
247.4098,266.5864,101.2120,88.7820
253.1743,261.2733,101.0905,87.6676
244.1646,261.9512,100.1145,87.9186
227.0877,262.1378,99.1748,89.0093
216.1425,263.8759,97.9488,89.7252
224.3098,267.9431,97.1414,89.3523
239.3120,268.2465,96.4922,89.1719
244.5661,262.2079,95.7084,88.9626
245.6774,253.5505,95.4593,89.0585
236.0283,249.9012,95.0848,88.8305
234.8725,247.4517,95.9817,88.3208
244.5998,239.0393,96.1494,88.0183
248.0012,230.5238,95.9483,88.2692
245.9834,226.3651,95.2048,88.3106
245.7089,220.6897,96.3349,87.9003
248.1512,215.1116,96.2187,87.9077
249.7653,226.3057,96.9517,86.5220
241.3376,262.8916,98.5258,85.1318
230.1494,289.8479,97.6439,84.2196
228.9315,289.7731,97.2455,84.0261
235.5929,267.6222,98.4970,84.3141
242.6172,249.8807,98.9970,84.1266
251.4067,234.4684,99.5400,83.4279
256.4453,216.9855,98.9164,82.8218
251.4001,203.8743,98.7663,82.6031
244.8186,186.8120,98.1611,82.9598
247.7655,171.2701,97.7532,82.8517
250.5440,163.3462,98.8407,82.8978
259.0257,167.5643,98.4301,83.5822
266.2112,184.3465,98.7805,83.2464
269.2813,213.6614,99.1591,82.2384
275.9004,243.1163,97.1035,81.4823
276.7284,241.6475,96.9794,80.4735
271.2540,219.3219,97.4587,79.4021
272.0552,203.4857,98.1491,79.8865
284.9688,201.6845,98.9243,78.9031
309.6437,210.5592,98.1745,79.4179
313.0959,217.8741,98.6518,79.7763
304.1028,224.1457,99.2590,79.3715
291.6597,227.0461,99.6641,79.8541
290.9176,231.7813,99.7322,79.9520
294.8670,251.7524,99.3440,79.4938
305.0391,274.7735,99.1382,79.8061
311.1952,282.2396,98.8097,79.8309
304.8203,277.1666,98.6930,80.0031
291.1951,257.1216,98.8946,79.3011
287.4595,235.7776,98.6349,77.9026
285.8121,213.9200,97.9996,78.1924
284.4597,206.2858,98.6084,79.1308
284.1843,213.2951,98.1955,79.8109
292.9445,224.1834,98.3204,80.5050
304.9449,231.2485,99.0396,79.9315
307.2744,236.8085,99.8919,80.3279
303.6700,241.9037,100.5459,80.4514
297.5112,251.9708,100.0945,81.6152
292.3701,252.8708,100.0808,81.8233
290.6568,244.6684,99.8048,81.3646
288.9800,233.9325,99.1638,79.9245
291.8556,214.6549,99.7772,80.3170
294.2806,206.5404,100.3021,80.5174
295.9572,201.3040,100.7762,80.4610
298.7802,201.0398,100.7099,80.4062
303.4796,207.4722,101.9724,79.9459
322.7777,224.5626,101.0887,80.8671
329.4541,241.1593,101.4348,81.1613
308.7305,256.2033,99.5210,81.9329
279.5550,256.4234,98.5404,82.3168
260.8752,251.8062,97.4113,83.0185
247.6549,241.1170,95.6307,84.8922
227.6784,221.8908,95.3798,84.9649
227.0986,192.3324,96.2079,84.2462
241.7704,179.6254,95.0348,84.8610
264.1099,184.4455,93.8153,85.9714
274.1034,193.1257,93.4399,87.2916
282.4945,203.8276,92.8812,87.3424
284.7757,207.9769,92.7685,86.8313
293.5348,213.5701,92.7797,85.6849
293.8622,214.9626,93.0692,85.1666
296.1475,217.0270,92.7375,84.6414
295.5685,217.5064,92.2989,84.5126
