5.970000000000000000e+02,3.950000000000000000e+02,2.700000000000000000e+01,4.400000000000000000e+01
5.973748680070663113e+02,3.937488588339736566e+02,2.511098031389217411e+01,4.564123266505193754e+01
5.950615936045069247e+02,3.928335029748188276e+02,2.406387027120215549e+01,4.528076653836031085e+01
5.930383657469914169e+02,3.926624285989274199e+02,2.363278549322182442e+01,4.437355854346957784e+01
5.917324794488847601e+02,3.928213462725067302e+02,2.333807825392471358e+01,4.308855206374646230e+01
5.893197674396830053e+02,3.931888292912489646e+02,2.467245012160199380e+01,4.146845734937063810e+01
5.878859629346852671e+02,3.929560698541404804e+02,2.376785807034865883e+01,4.697453027021848015e+01
5.855788464234678941e+02,3.922346268839567074e+02,2.513947753878264280e+01,4.879620390694758214e+01
5.835895499520961494e+02,3.921274588954630076e+02,2.599517190288235824e+01,5.013903474267674909e+01
5.821905441004669228e+02,3.929897752884288593e+02,2.609029130267399310e+01,5.095292348498902157e+01
5.804103530157132127e+02,3.934382462504212299e+02,2.651902469326596190e+01,4.790774123316914057e+01
5.785176259324687180e+02,3.936199538324465266e+02,2.877531621441494991e+01,4.460524273133475504e+01
5.804555877468542349e+02,3.941619770714538049e+02,2.394024364221962742e+01,4.391973686935570242e+01
5.791571722073051660e+02,3.956136165640518811e+02,2.363366452501357884e+01,3.973594853147552897e+01
5.796958693622128749e+02,3.950825243192385869e+02,2.069184360234412168e+01,3.923027825902474319e+01
5.780410335148486638e+02,3.950588248931256885e+02,2.083950367369001100e+01,3.631391673527402730e+01
5.765683594742537252e+02,3.927683766275623043e+02,2.110418864605401978e+01,4.075308462679807064e+01
5.762012617225569784e+02,3.916525784931781118e+02,2.110226809777365276e+01,4.554242444491336528e+01
5.749798714657435994e+02,3.904479612911923709e+02,2.250309397482662632e+01,4.671909320748171979e+01
5.735063486456022019e+02,3.891624675903682942e+02,2.428233823495195765e+01,5.120268696765796790e+01
5.714262286405663644e+02,3.872169396156247672e+02,2.529625313363462169e+01,5.386716861542534218e+01
5.699002599714648341e+02,3.862503112135402716e+02,2.500176136226433954e+01,5.259134472348846145e+01
5.681021405170913567e+02,3.881517199946750338e+02,2.588930605142198260e+01,4.608170905742864676e+01
5.677058063237125225e+02,3.881227034297973546e+02,2.490492418145054998e+01,4.525379990689150844e+01
5.663858766505777567e+02,3.879541934768597571e+02,2.588785522686244178e+01,4.109241578673518092e+01
5.635001141030120380e+02,3.878663212835942886e+02,2.799566138316630060e+01,3.931284649070992998e+01
5.629075813454776380e+02,3.854335234453401426e+02,2.762156392387768733e+01,4.110436551469139488e+01
5.608763507592180986e+02,3.834816021989670389e+02,2.825514559696132011e+01,4.424192914448435232e+01
5.603055691293018299e+02,3.812369585431223413e+02,2.632564605352546039e+01,5.197529246973887496e+01
5.584527013887650355e+02,3.835805962795910773e+02,3.037667854335168016e+01,4.962701149982265036e+01
5.563330788245160647e+02,3.841100451615695306e+02,3.434348523510318785e+01,4.856555993504628788e+01
5.528974233830111871e+02,3.799355527707133433e+02,3.157884507593763956e+01,5.179563917247762816e+01
5.517864513855689665e+02,3.793145445862846259e+02,3.523411936829201352e+01,4.952510137263391954e+01
5.479548641402058138e+02,3.810180619065971541e+02,3.473464851905265505e+01,4.653540558012281281e+01
5.454061957353385424e+02,3.817126953863045742e+02,3.287886366664719873e+01,4.474520279202230455e+01
5.346382887654530123e+02,3.819648451727655925e+02,3.177586458761946631e+01,4.409261182498571685e+01
5.380400604192474248e+02,3.794152747027122814e+02,2.765365672924935225e+01,4.441783032170251033e+01
5.355407808895342896e+02,3.762716291764587595e+02,2.655011875422128398e+01,4.229401907928764359e+01
5.343587307799672317e+02,3.746645535305883641e+02,2.936287204547414120e+01,4.245532441613346464e+01
5.327160671971480497e+02,3.741622354680505396e+02,3.263095758040947203e+01,4.384564279623874228e+01
5.295424378333584627e+02,3.707437727113874644e+02,3.207579960190341239e+01,4.674080157067327690e+01
5.294763590344834938e+02,3.688504855016175270e+02,3.485670798166625417e+01,4.680913978225117233e+01
5.296471170114108418e+02,3.680283457589602563e+02,3.745306658339926287e+01,4.716677838507360576e+01
5.262518320010606203e+02,3.667573264752153364e+02,3.696548413827939328e+01,4.793252403245079307e+01
5.252783592966101196e+02,3.657539883250393018e+02,3.089683506475856944e+01,4.763291638199724076e+01
5.263286486032244511e+02,3.655347000294316331e+02,2.924352872244772072e+01,4.467949778163844599e+01
5.303736846164057397e+02,3.671370158658567107e+02,3.359317303519650011e+01,4.152719098497757955e+01
5.270843238745508188e+02,3.647331440603421129e+02,3.351084896760637832e+01,4.372213733572231575e+01
5.268895416267623659e+02,3.608654903778293601e+02,3.302040965325423372e+01,4.393203023388996087e+01
5.283815459735084232e+02,3.590078765075314209e+02,3.130549351957673920e+01,4.516425149712985387e+01
5.346971116999459355e+02,3.557101411149320711e+02,2.816836726994861451e+01,4.822303729239929737e+01
5.427932461787246439e+02,3.541510466060232147e+02,2.437192274476437248e+01,5.036584141918390856e+01
5.502362202528873922e+02,3.533773307662717684e+02,2.472467164844082887e+01,4.789949202797750871e+01
5.568255855724091816e+02,3.520520223152190056e+02,2.536737216937027384e+01,4.571462776324347743e+01
5.613330760580339529e+02,3.498226095959100803e+02,2.328844733520567445e+01,4.512098490199554846e+01
5.735241946361426244e+02,3.472031986712743219e+02,2.049540924515063978e+01,4.479649374391235028e+01
5.752121394683158542e+02,3.441869831888495810e+02,2.092500745197421352e+01,4.223857169667687117e+01
5.835226759300302319e+02,3.422989288155330314e+02,2.130286832065954883e+01,4.312414914181155723e+01
5.909684646885420989e+02,3.388672401454793430e+02,2.254312292643869142e+01,4.467575222807376889e+01
5.969253642224383611e+02,3.373003967713233351e+02,2.430459298553828873e+01,4.407590678606294432e+01
6.028067317003985863e+02,3.338486519216823467e+02,2.164193089033557627e+01,4.681967129613588696e+01
6.113212928673083297e+02,3.325731822098340444e+02,1.953390345092518743e+01,4.922046337119012094e+01
6.166731380926310067e+02,3.309291293784908135e+02,2.315898935983800300e+01,4.622963789297689630e+01
6.214403023256880942e+02,3.279788571670438841e+02,1.954568950776802794e+01,4.598805384831095466e+01
6.261332034614072199e+02,3.273308015425357098e+02,2.168268672821207232e+01,4.255711908444890668e+01
6.313695935640371317e+02,3.261155826851606321e+02,2.317441648694140000e+01,4.134265671565719202e+01
6.366607033621661458e+02,3.264975626054629174e+02,2.370333904919178991e+01,4.176158454843058365e+01
6.385797186214383601e+02,3.227211521261110079e+02,2.716919589789594625e+01,4.003466803460026568e+01
6.393762351589666650e+02,3.205789658081340576e+02,2.696958232700497504e+01,4.141816605583854027e+01
6.423694462471546558e+02,3.206600856221905360e+02,3.119127000628075663e+01,4.053372597444428038e+01
6.457175085485785075e+02,3.181538482060217348e+02,3.300919779448526015e+01,4.072400480000687395e+01
6.431684145481941641e+02,3.155191919880633691e+02,2.854940048946792430e+01,4.404120146176898487e+01
6.475698814256269316e+02,3.133598093176420889e+02,2.693403396864157173e+01,4.418530278207320805e+01
6.479143770692946873e+02,3.131921315815252456e+02,2.662906616887404709e+01,4.214715528456510185e+01
6.514116979025176306e+02,3.121851994050366557e+02,2.387058048921403852e+01,4.152325351472421744e+01
6.545878525482164605e+02,3.103263152879021050e+02,2.387974571182392580e+01,4.145918905398607990e+01
6.546825677948454540e+02,3.059399642095931995e+02,2.475893756925877653e+01,4.245999007992762841e+01
6.531628729735066372e+02,3.033053295521497716e+02,2.524299264391261488e+01,4.146259584348383953e+01
6.542145776394568202e+02,3.027947503044343875e+02,2.464506205175071685e+01,4.140993172138382050e+01
6.548518114524375733e+02,3.016363046881855325e+02,2.386361713587412936e+01,4.230882452076841105e+01
6.553063524557509254e+02,2.997679580440099016e+02,2.287044977652865541e+01,4.329255927297165840e+01
6.577771369518779920e+02,2.976196699580618201e+02,2.698659238553174333e+01,4.061156300376671169e+01
6.576678733462545097e+02,2.956450440168480327e+02,2.768875403886983833e+01,4.122671916971788164e+01
6.523397232436880131e+02,2.947594084451091589e+02,2.454708633323613753e+01,4.146781534256875545e+01
6.577621768717447139e+02,2.941880569557982881e+02,2.530591690823855799e+01,4.062652312198702731e+01
6.546919432831164158e+02,2.906452371410392175e+02,2.703274406321718715e+01,3.994124628956058842e+01
6.561896217319291509e+02,2.904673904717323580e+02,2.970775869803191327e+01,3.870403410678144951e+01
6.550181151644376314e+02,2.867024971428202207e+02,3.073795878942065585e+01,3.869599470335695912e+01
6.553323750903666678e+02,2.841374794772490304e+02,3.116805664862981473e+01,3.911670090623394458e+01
6.526283352693740198e+02,2.806368300066586130e+02,2.553040760714330304e+01,4.452359514999660206e+01
6.506876748313607095e+02,2.802386404476570760e+02,2.424470434758048754e+01,4.470029630712698321e+01
6.546651757623482126e+02,2.774407392648058135e+02,2.536209685663801849e+01,4.264772220798581515e+01
6.494234988959674411e+02,2.757158708937668052e+02,2.361560744975123072e+01,4.415054320432868451e+01
6.544583810781325610e+02,2.752977090250221295e+02,2.435952564157344113e+01,4.447345088995338358e+01
6.493579357401861216e+02,2.727994884826568409e+02,2.378738794374788412e+01,4.304462046360605854e+01
6.567074630705803884e+02,2.717752604198198014e+02,2.646180549670462412e+01,4.174413550155733788e+01
6.570279047502921230e+02,2.685293703716470759e+02,2.766248273946920477e+01,4.201734250448853913e+01
6.560725868355397097e+02,2.663296448053039853e+02,2.698962080629387117e+01,4.403848224152956448e+01
6.570694359744304620e+02,2.642505637479301868e+02,2.501909548074728917e+01,4.517334466221583966e+01
6.602200314477464644e+02,2.625845075847947214e+02,2.344784780956691606e+01,4.725941962448074918e+01
6.596004881538402742e+02,2.596823735215771194e+02,2.157140056864395916e+01,4.632464022360277767e+01
6.684156397660245830e+02,2.588948806887605656e+02,2.333084877860147799e+01,4.673755787985933097e+01
6.704148672090132095e+02,2.588626593228805746e+02,2.363334346614097470e+01,4.695562592108657185e+01
6.727351815091170693e+02,2.567624520022828847e+02,2.235018919302075702e+01,4.670402897704634171e+01
6.760138274498432338e+02,2.564331805319973228e+02,2.510576924455168069e+01,4.462619634732025276e+01
6.772444128296268673e+02,2.535321217671828151e+02,2.544305610751254321e+01,4.380129256423568052e+01
6.815734652654467709e+02,2.542541445006316962e+02,2.238745262823737292e+01,4.903259156450101841e+01
6.845728936442066015e+02,2.510411811740011672e+02,2.172907572148654509e+01,5.251063675757220039e+01
6.865497020310253902e+02,2.506600641936941543e+02,2.392070783777211673e+01,5.105666059130943779e+01
6.899123829148142022e+02,2.490041002756978799e+02,2.371010131921799413e+01,5.060262654184972320e+01
6.965820473388980645e+02,2.479865182458637491e+02,2.472934256992732571e+01,4.904257432725648869e+01
7.010522661967816020e+02,2.490148374630066996e+02,2.303340739856332320e+01,4.938805743685487926e+01
6.992605031385862731e+02,2.459036551981908474e+02,2.141755979287752609e+01,4.775667459862765440e+01
7.022578710948992011e+02,2.459761895802968183e+02,2.217604491525517574e+01,4.584655804579575289e+01
7.048543008448161800e+02,2.454814999279464587e+02,2.266824210182274868e+01,4.444941577266135369e+01
7.126777324917583201e+02,2.442866191657535069e+02,2.580333071223522978e+01,4.155763118117206290e+01
7.164806303848869220e+02,2.442941055828335948e+02,2.423187196974028623e+01,4.669602491271623279e+01
7.179860624397859965e+02,2.407874433706983268e+02,2.447207430624653313e+01,4.830753249204656896e+01
7.211532148657532844e+02,2.437269452555984515e+02,2.492565988857689518e+01,4.983282321306052154e+01
7.248156204902389845e+02,2.421032120690335319e+02,2.532112213432609238e+01,5.083638141930497056e+01
7.305989237397016041e+02,2.403500556369272090e+02,2.234917067232702692e+01,5.200618434050917926e+01
7.286270946261089421e+02,2.397128061790487266e+02,2.166060338605420199e+01,4.877074883091215440e+01
7.305983490414603239e+02,2.418605940533350065e+02,2.205166694304680419e+01,4.636167201040969843e+01
7.355654173977841310e+02,2.405506025758027988e+02,2.303945291411491780e+01,4.693327673633283581e+01
7.355030499201789098e+02,2.396340921289204005e+02,2.495120938707887248e+01,4.624624185922364461e+01
7.363316509983965261e+02,2.403326176296809820e+02,2.580529658878273835e+01,4.679582431583995827e+01
7.367409321124639519e+02,2.377054053306529511e+02,2.691020938773237248e+01,4.497063856614823862e+01
7.380399774611415751e+02,2.377692216984829940e+02,2.636991230762552618e+01,4.521947210474963441e+01
7.387842531828830488e+02,2.381657339133517439e+02,2.818369231174399303e+01,4.465221516826012760e+01
7.375860204264143931e+02,2.415659650114657211e+02,2.631622178189549643e+01,4.770579979362638312e+01
7.404001021570892362e+02,2.391596459609638146e+02,2.601921505119784328e+01,4.847566035633064985e+01
7.398164861011488256e+02,2.385812373249072209e+02,2.497241284415471085e+01,4.868600933477701176e+01
7.372746588231987062e+02,2.390366168239520732e+02,2.434407513626100439e+01,4.915792431549284913e+01
7.426039765377528283e+02,2.363402035742778082e+02,2.556941187512143543e+01,4.949420651094730772e+01
7.436705179241474752e+02,2.366660319463643418e+02,2.754340002518367925e+01,5.051363548206814613e+01
7.453087067593468191e+02,2.344164484537731710e+02,2.797125337857354310e+01,5.401261936178172363e+01
7.417855243817198243e+02,2.400127949555514135e+02,2.737512679319020847e+01,5.855781278705826054e+01
7.426816206517173669e+02,2.372797263414363726e+02,2.800756727931829460e+01,5.948019209979152322e+01
7.394450313494462534e+02,2.325941819999184474e+02,2.841457328406784910e+01,5.681924209416767724e+01
7.420520501968553617e+02,2.324982256590200791e+02,2.767927055934261915e+01,5.168030989681400911e+01
7.482218526636268052e+02,2.325737728808065299e+02,2.263238403629157958e+01,5.070065629300856358e+01
7.492628146440461023e+02,2.341957419840198327e+02,1.934528801353284777e+01,4.834331589875775848e+01
7.470981927910186187e+02,2.355777923311292170e+02,2.133353783836227535e+01,4.614156964999642696e+01
7.482397222348852210e+02,2.371359032268375415e+02,2.249488569844695363e+01,4.613026800742927236e+01
7.502177517157332431e+02,2.359574784516046577e+02,2.252632788116008555e+01,4.594374850310070713e+01
7.549147606701884570e+02,2.374830744817905668e+02,2.229329115053333155e+01,4.546992064904297592e+01
7.556364962864822701e+02,2.353439073612621542e+02,2.384567429569242236e+01,4.515280925716521665e+01
7.567390128683181274e+02,2.361259779928424223e+02,2.526747170987092517e+01,4.640522182510517268e+01
7.585318609437139230e+02,2.347440098421173502e+02,2.545119427550998381e+01,4.692623534365736759e+01
7.604929034933678622e+02,2.339722554248694451e+02,2.575273912767929119e+01,4.824430637309659176e+01
7.629423071489056838e+02,2.357933869945735523e+02,2.589225569584542797e+01,4.954726227360541202e+01
7.616023253542995235e+02,2.340752916297434751e+02,2.094689837365033469e+01,4.969744750628677821e+01
7.637651044553782640e+02,2.349180476201852343e+02,1.908382357755979086e+01,5.016238933132673594e+01
7.647253216933563635e+02,2.339410535762353334e+02,2.086893571911147305e+01,4.842501122354781273e+01
7.646993804831181478e+02,2.351072293073573292e+02,2.236530118135117817e+01,4.908804207026378208e+01
7.683943078416064054e+02,2.346032049031005897e+02,2.263779807265119359e+01,4.900329324179148927e+01
7.715501981697175324e+02,2.357676114558601341e+02,2.207708267064021612e+01,5.342503708207318880e+01
7.726988706354129590e+02,2.341070114923327310e+02,2.580428626982802598e+01,5.424655243690816064e+01
7.737269534659828878e+02,2.319246660883067079e+02,2.273855144059740141e+01,5.858826508442982117e+01
7.733243370120567306e+02,2.312523433280723850e+02,2.265778335758206552e+01,5.809018902343943580e+01
7.737647195519873549e+02,2.308288698719386787e+02,2.228411129005362312e+01,5.814539480297064244e+01
7.818089716936983677e+02,2.342705665053072721e+02,2.320324784525470463e+01,6.233724357877497368e+01
7.811875598158857201e+02,2.334605638062473929e+02,2.331545279022638084e+01,6.751797967261921940e+01
7.798995366132343179e+02,2.312832789783528256e+02,2.373825017018440775e+01,6.986603668650160159e+01
7.782672442412574583e+02,2.229775451156494341e+02,2.365834271710120618e+01,6.905166021940351584e+01
7.808759156112278106e+02,2.299591356361676446e+02,2.488942765431504967e+01,6.973150362294717297e+01
7.829963640605142245e+02,2.287228079432196353e+02,2.655926111768065212e+01,7.202023443816354131e+01
7.823401547052055776e+02,2.257531456326567536e+02,2.509365253223180048e+01,7.202448472991304129e+01
7.819131794889453886e+02,2.265238214506313739e+02,2.449708852898397282e+01,6.884241904462456318e+01
7.815948607246915572e+02,2.252278512355735813e+02,2.416793822952298498e+01,6.395796720560560544e+01
7.834183521282918718e+02,2.273903317103072084e+02,2.798589024821975713e+01,6.567040936282781161e+01
7.814977356042990095e+02,2.288314882464142954e+02,2.951690591568168998e+01,7.033389220812459541e+01
7.771237932071944670e+02,2.282989901848182797e+02,2.768842237798171624e+01,7.331612430181375828e+01
7.816096051779322806e+02,2.287244478716386880e+02,2.780928195701375927e+01,7.500798265177525082e+01
7.805269285950938638e+02,2.274471982155523335e+02,2.765823364106217497e+01,7.237775238783710563e+01
7.755070087606350171e+02,2.324744580909130320e+02,2.952021495731867162e+01,6.828019712991357437e+01
7.778025024441728874e+02,2.305255516813095369e+02,2.698803496328996587e+01,7.088910182515053293e+01
7.800533889029945840e+02,2.273966524265595694e+02,2.889580889775823636e+01,7.022045675783769525e+01
7.752099464167927181e+02,2.219805593545427769e+02,2.665390568504246360e+01,7.198400886866821224e+01
7.708458620085000348e+02,2.241774287595933401e+02,2.510066619169127122e+01,7.095596791928480229e+01
7.704666563860859014e+02,2.225373610439269498e+02,2.409462724406809642e+01,7.168134241769523385e+01
7.673228316961541395e+02,2.238649783663206563e+02,2.770425519296230732e+01,7.081357787521804426e+01
7.644151949045706260e+02,2.243870074733559363e+02,3.070516505809646901e+01,7.279543123074276423e+01
7.587633517194078649e+02,2.219790286201117340e+02,2.711261596241858030e+01,7.460729481339085112e+01
7.560128958545880096e+02,2.239258478768353200e+02,2.852805129359028058e+01,7.416737472378709128e+01
7.468117678417492016e+02,2.250817173159212530e+02,2.908347695122595411e+01,7.306751474137476521e+01
7.388336449395872023e+02,2.239935461659210318e+02,2.873508293926586177e+01,7.187235011197768131e+01
7.311612833293343101e+02,2.215667027140754612e+02,2.977112276438592886e+01,6.768845747923082001e+01
7.262903257057058681e+02,2.232669143803619249e+02,3.340723118409763970e+01,6.726712388359634076e+01
7.218699815078042548e+02,2.216172584584431320e+02,3.542134430066489870e+01,6.866289487774830036e+01
7.173991090428007738e+02,2.235499029141970198e+02,3.720812478365044029e+01,7.183526418080957399e+01
7.088655678575569254e+02,2.196060754011699316e+02,3.601659356771240539e+01,7.078217099214208474e+01
7.065586192656534195e+02,2.212323920132077717e+02,3.562127253557693507e+01,7.060897359341431923e+01
6.961244437467158832e+02,2.212005373634844432e+02,2.992184212508778529e+01,7.224385179239709487e+01
6.925361473256659792e+02,2.235649092673165512e+02,2.752073244490984649e+01,7.268786561031272697e+01
6.871486191039650748e+02,2.205918123476421897e+02,2.602851689276719682e+01,7.257055904530352564e+01
6.852115262498008406e+02,2.186922466913764254e+02,2.611845901741641285e+01,7.039869731584285262e+01
6.779701666601279157e+02,2.163356971703611009e+02,2.506003287205526320e+01,6.582586190963132822e+01
6.715181664102044579e+02,2.150732095250552049e+02,2.421169591615270633e+01,6.021346899803362618e+01
6.663060328499981324e+02,2.164139139301956902e+02,2.470111234381624499e+01,5.606893948882387235e+01
6.582083223869580024e+02,2.181723410072453362e+02,2.252029158593665059e+01,5.430625682539377408e+01
6.539441970362192933e+02,2.188136896910262408e+02,2.197795989758252944e+01,5.317450684981884734e+01
6.455384252012987645e+02,2.183885532640966005e+02,2.378106545707181496e+01,4.847736349350357443e+01
6.426885481291812994e+02,2.197015485598002158e+02,2.292795028139102698e+01,4.795448321551187121e+01
6.355017694602165648e+02,2.211579811788073755e+02,2.283099427550943972e+01,4.749426590192074826e+01
6.396332374801123706e+02,2.206380705543794534e+02,2.021552203424084837e+01,4.890364047833702443e+01
6.388236057066562807e+02,2.204185130935251777e+02,1.927561390451730361e+01,4.972677695046252211e+01
6.395124843762631599e+02,2.217817955747288750e+02,2.139874205190637468e+01,4.936137655790987111e+01
6.365106765537251476e+02,2.219116820593366128e+02,2.261455833861435849e+01,4.817187150442007493e+01
6.355162410908974380e+02,2.271159630482285934e+02,2.248901266499620277e+01,5.021608262081340257e+01
6.362994770821384236e+02,2.209492668759779406e+02,2.472682453985983386e+01,4.879702020762425718e+01
6.340621702689858239e+02,2.197199988427292396e+02,2.344314549114668011e+01,4.826884882516230846e+01
6.361816077137513048e+02,2.208115955831736699e+02,2.170739126239750050e+01,4.859939373805703156e+01
6.379376624862885592e+02,2.209071786196174685e+02,2.089738056375866648e+01,4.830209446494117742e+01
6.446248700316162967e+02,2.210608453432961085e+02,1.924984363930187214e+01,4.978101947667509108e+01
6.424626958297035344e+02,2.226037488617987208e+02,2.002847337323602872e+01,5.009819682039193367e+01
6.489712124803173765e+02,2.217841601142022228e+02,1.830270842070214243e+01,5.135264236720919939e+01
6.555196663018558638e+02,2.233195880008495919e+02,1.839959598178788980e+01,5.109073511076018548e+01
6.566532768928919950e+02,2.238586787204107793e+02,2.118909076498655963e+01,4.742761156920558108e+01
6.593613678548975940e+02,2.235198557145529890e+02,2.297383037646730131e+01,4.583485777203750189e+01
6.698881148134726118e+02,2.254539302614458336e+02,2.150269195858486881e+01,4.950515939617780248e+01
6.754651379499487120e+02,2.246215680794671243e+02,2.178926706167018423e+01,5.022877577177770547e+01
6.808664863710283726e+02,2.256225658354603922e+02,2.117720780801179004e+01,5.512136253136709030e+01
6.837260747168436410e+02,2.222666762280675812e+02,2.136063378895831733e+01,5.225722640954379017e+01
6.902368644014276242e+02,2.235120950673806703e+02,2.096460755089378480e+01,5.300128205290858574e+01
6.968734478327423858e+02,2.226665629074349795e+02,1.974897490609866324e+01,5.261560348530302633e+01
7.036325151920965482e+02,2.248853246282342866e+02,1.825378082307157968e+01,5.282604309073200000e+01
7.110488006786224560e+02,2.244903037380142905e+02,1.774703649491719304e+01,5.394861444580462262e+01
7.128907223733482397e+02,2.258795358095704273e+02,1.779963686347659646e+01,5.468828108195873483e+01
7.204694462291835180e+02,2.261789827645316961e+02,2.167304814533616764e+01,5.224359475927830232e+01
7.222948802891032756e+02,2.291524915554495578e+02,2.104565448037656239e+01,5.293088599244503456e+01
7.273871460858861155e+02,2.305715200466776196e+02,2.091341952529967330e+01,5.798099877546133030e+01
7.285412449611459351e+02,2.306490034306860935e+02,2.244184234400895050e+01,5.905976113151359641e+01
7.336590649442347285e+02,2.257718774898631580e+02,2.701210390523628391e+01,5.522490931442898443e+01
7.355135859519538144e+02,2.280953364332400497e+02,2.908488504806226516e+01,5.483398717810244705e+01
7.385300285719201838e+02,2.269875768078182716e+02,2.925701785164750746e+01,5.522367441963052670e+01
7.402077420315595191e+02,2.298998592477781244e+02,3.000399743413896303e+01,5.613248651953872326e+01
7.381618258986704859e+02,2.301117401630114614e+02,2.720332166997913959e+01,5.507949687201346478e+01
7.368944528139851400e+02,2.315470472901388632e+02,2.651524374267017947e+01,5.387688975314991069e+01
7.395804478886436755e+02,2.321153083435660278e+02,2.618783214559933725e+01,5.277619478010009857e+01
7.444621850900566642e+02,2.359632893687101500e+02,2.436508449982279956e+01,5.806930076112291772e+01
7.437366758513362583e+02,2.355706751747204919e+02,2.416683756874761002e+01,6.378585077004341031e+01
7.398713208694764489e+02,2.357049880076179420e+02,2.454503660335975468e+01,6.767362769213910667e+01
7.362019913553999686e+02,2.362206755750274283e+02,2.469236901331805001e+01,7.146717941050006573e+01
7.326132829167539740e+02,2.276908174855628602e+02,2.525799523356661069e+01,6.577509314497120840e+01
7.297105935681832989e+02,2.255281041340449235e+02,2.556913698460200379e+01,5.845464105619802098e+01
7.274787570369229570e+02,2.284228269967514962e+02,2.431978543088111522e+01,5.495580778996756521e+01
7.201679957196123496e+02,2.310828848095970045e+02,2.349613480195266746e+01,5.276158599552964290e+01
7.206714357288615247e+02,2.353407364566898536e+02,2.167461634761356493e+01,5.966937417931022480e+01
7.173267035671215126e+02,2.369152566677898619e+02,2.321898770692130753e+01,6.063893269509848238e+01
7.123841246691847573e+02,2.358619533890364437e+02,2.581494185899604332e+01,5.897091156705847226e+01
7.077568221681499381e+02,2.347181561088942203e+02,2.752083460749513222e+01,5.660472471331090105e+01
7.000093948839399900e+02,2.333220900588671611e+02,2.641078118641304684e+01,5.452412798874954092e+01
6.958963801520962988e+02,2.354903774975810791e+02,2.795602308677638703e+01,5.354364103437164601e+01
6.923093216754435844e+02,2.343457400876234544e+02,2.875323602930919620e+01,5.321811015589211280e+01
6.856615046126891002e+02,2.349644370246790572e+02,2.825763518472535196e+01,5.350522499645686025e+01
6.830057847115554068e+02,2.352705131277941462e+02,2.823023497921072078e+01,5.236271787317726023e+01
6.785951766013180304e+02,2.347636683081127273e+02,2.402400636020787772e+01,5.390781606089517197e+01
6.757836636962791772e+02,2.362577699064682974e+02,2.517317190646125979e+01,5.326641581408943438e+01
6.725460171441840203e+02,2.390166987523223838e+02,2.629562220288182317e+01,5.347092397855191592e+01
6.692383451938937924e+02,2.418250402199271036e+02,2.566542310037992536e+01,5.420337215067281988e+01
6.665171380147203308e+02,2.426117334969284229e+02,2.488146760093874832e+01,5.838402106954002591e+01
6.635620412229028489e+02,2.409950093782142062e+02,2.585672799899635876e+01,5.641580867388132958e+01
6.600273622216911917e+02,2.397366930550726636e+02,2.779056602003533882e+01,5.510655554745931539e+01
6.586947537998210009e+02,2.401519282796319317e+02,2.702213523117696070e+01,5.634835930640964108e+01
6.527036575644361847e+02,2.399668754720622985e+02,2.647052757682435953e+01,5.553529078824810483e+01
6.545044516881706613e+02,2.388774095660265857e+02,2.661024205800838160e+01,5.423788087592381402e+01
6.526761794715126825e+02,2.393319546372079571e+02,2.586978951637925661e+01,5.126129467223595526e+01
6.541138042263127090e+02,2.391129857430767345e+02,2.557972911085958145e+01,4.905247938775977445e+01
6.532777975456102695e+02,2.410747727538003460e+02,2.197988234958368281e+01,4.908691699350984550e+01
6.557228574548815914e+02,2.422811419587832518e+02,2.068422778677834373e+01,4.929709408990693476e+01
6.553121565547091905e+02,2.439469726349045686e+02,1.885326914782259067e+01,5.025898942788037260e+01
6.567000270247665412e+02,2.448274916625118749e+02,1.924147435944131956e+01,4.975607977728307674e+01
6.572661074070191489e+02,2.456886002727135576e+02,2.025022016727805863e+01,4.935632845348612818e+01
6.565636962599526214e+02,2.470737632243803432e+02,2.325289039994872553e+01,4.684908821347116259e+01
6.553800096004010811e+02,2.491504823503903765e+02,2.229089846560322385e+01,4.958800111196381977e+01
6.549106749206578115e+02,2.461256646602193143e+02,2.571207386184822141e+01,4.727982647185916676e+01
6.543281155677751713e+02,2.454186288864610503e+02,2.531360216024195253e+01,5.041994410473335364e+01
6.545143962955783081e+02,2.454322489630338850e+02,2.437792033949280324e+01,5.195935529588700774e+01
6.556243647809562844e+02,2.470596361304238258e+02,2.610938507924709029e+01,5.104104965770133617e+01
6.554008078012705028e+02,2.469522433226482576e+02,2.258095387069575111e+01,5.501598403690913131e+01
6.574932150681260055e+02,2.481587565240167805e+02,2.235132165090379885e+01,5.702394667073214407e+01
6.578462079465310808e+02,2.497371515004348339e+02,2.422127841042068397e+01,5.423085078966570904e+01
6.588292398641808632e+02,2.513945568137152122e+02,2.548506653625691598e+01,5.533760092741774628e+01
6.592074776695869787e+02,2.505699455562426579e+02,2.651335640739342026e+01,5.394909251012709461e+01
6.596232756597582920e+02,2.487498030653965202e+02,2.748323070674451429e+01,5.195497140203668351e+01
6.576964897930787401e+02,2.501816362454678426e+02,2.643166394751928294e+01,5.379563596306711304e+01
6.590539817289810571e+02,2.494449440873163439e+02,2.781166079242007783e+01,5.109293480726316972e+01
6.591191385778544145e+02,2.488029616548898559e+02,2.916466172804276624e+01,4.977008481081855251e+01
6.604152664004296867e+02,2.512422079893530054e+02,2.421490529134250025e+01,6.304677021196063436e+01
6.577772080388415361e+02,2.499756459721086514e+02,2.597730126371011394e+01,6.909777277885901015e+01
6.570691524667155363e+02,2.523780462898169219e+02,2.553153162869584492e+01,7.148390966251594136e+01
6.557261704253434118e+02,2.519925107315111177e+02,2.567408588706866013e+01,6.949059913201753602e+01
6.557979529920677351e+02,2.536524611108525278e+02,2.308080442404539312e+01,6.687393000604426163e+01
6.552311452763457282e+02,2.570367225421176727e+02,2.288964547099086033e+01,6.654057827083332199e+01
6.537952447180074387e+02,2.575291566525099256e+02,2.275973855696689441e+01,6.509660777706145041e+01
6.517600076422263555e+02,2.584940717447199177e+02,2.430197965722891951e+01,6.055601094339522916e+01
6.500785056514471307e+02,2.592329987519682959e+02,2.554027403261672902e+01,5.324986598956738248e+01
6.491678065432819267e+02,2.597957329570054412e+02,2.435857233058153426e+01,5.650102264052831202e+01
6.474968800326385008e+02,2.626712299578733223e+02,2.457667466522306654e+01,5.803328040118264397e+01
6.468216273241191629e+02,2.591507721138246438e+02,2.842590478128201070e+01,5.373107360698024593e+01
6.445913622648918135e+02,2.594151255387520223e+02,2.722276483671789293e+01,5.452730517360650708e+01
6.427882458565298975e+02,2.603123418823810198e+02,2.564746527047674363e+01,5.405139625095871736e+01
6.432257203390857967e+02,2.615187546230228577e+02,2.605388575307295795e+01,5.195168946588782433e+01
6.437131296914402583e+02,2.618856420000411731e+02,2.606396835737740503e+01,5.185556204261217772e+01
6.434560714064368767e+02,2.626602430095165346e+02,2.692063904959366738e+01,5.276349355523183249e+01
6.432276558961639239e+02,2.649196647867557317e+02,2.525710635782893476e+01,6.045711814803132711e+01
6.420004666560531632e+02,2.621591859778149569e+02,2.520154039911607313e+01,6.699265947276860800e+01
6.407686661261791414e+02,2.621246631882606266e+02,2.573861562764165001e+01,7.082973307273603325e+01
6.398367525142547265e+02,2.591008251183999391e+02,2.654255627674514173e+01,6.172645401226216677e+01
6.403662186732501596e+02,2.633790035821147626e+02,2.443811330907327317e+01,6.709271022875336143e+01
6.403897537581509596e+02,2.635750611562237964e+02,2.472707573848253304e+01,7.133049553601016157e+01
6.399532807711818805e+02,2.639009032750688561e+02,2.568008033925105948e+01,7.449595616907812712e+01
6.405348863761001894e+02,2.629033401830320713e+02,2.585518878864772319e+01,7.196437804178083297e+01
6.424737225786496992e+02,2.632172820571848320e+02,2.566230866374576891e+01,6.957649728324432203e+01
6.471731865896255158e+02,2.662699911741174219e+02,2.450877248749723236e+01,7.261292761352706293e+01
6.486116391791465503e+02,2.635895608165399153e+02,2.279515435202672080e+01,7.195955807736987708e+01
6.513613238774544243e+02,2.650474638345896210e+02,2.433501196423054225e+01,6.878990652840343500e+01
6.541628853249230815e+02,2.659017493717937555e+02,2.436918002388311422e+01,6.762859728813975835e+01
6.544000147423409999e+02,2.694967391584006009e+02,2.391262722375213556e+01,6.913849831490162501e+01
6.589937562960280957e+02,2.661335252654311034e+02,2.446285411546247346e+01,6.864297556983481741e+01
6.598739169634849304e+02,2.653072348767311155e+02,2.409786726274172963e+01,6.912208585010343143e+01
6.647845734532679671e+02,2.653179309984870429e+02,2.320478647616903345e+01,6.726002480909862413e+01
6.676825440520109396e+02,2.680360177290970114e+02,2.488039478963883155e+01,6.666260981650651729e+01
6.703608754686721340e+02,2.694944344577616562e+02,2.613432432158131036e+01,6.584385699424808536e+01
6.740231732018175990e+02,2.709785199068776365e+02,2.533468460480203888e+01,6.778092281705490052e+01
6.789912914804430102e+02,2.702327762236179751e+02,2.392601495734119155e+01,6.264755275788461830e+01
6.848913587082065533e+02,2.716458541360060508e+02,2.570920970255873783e+01,6.076777576020343474e+01
6.897531222296590840e+02,2.707665260201497404e+02,2.326808946659946997e+01,5.892309112773450153e+01
6.953130256213148641e+02,2.773409416096486666e+02,2.169111791888379415e+01,6.542234077454241969e+01
7.010435459374723450e+02,2.746538040096988880e+02,2.380864002307988869e+01,6.446979464723239062e+01
7.067850808387501047e+02,2.695129269107032428e+02,2.485747634845415632e+01,5.870430572693757654e+01
7.117287666664517474e+02,2.711667800308149481e+02,2.472175359594393385e+01,5.675102241361692279e+01
7.151752839792956138e+02,2.716544914224706986e+02,2.521188099189311771e+01,5.669458970589364810e+01
7.214766990360757291e+02,2.713995499627429808e+02,2.430341924075963078e+01,5.710406418303072940e+01
7.280391657400415397e+02,2.783954399668969018e+02,2.240258213104582907e+01,6.432641648368286269e+01
7.349276151952585678e+02,2.737889574091269651e+02,2.424086991189600226e+01,5.977297553995759927e+01
7.373634225350673432e+02,2.782841395535753009e+02,2.283891432232048047e+01,6.338577973860971326e+01
7.455593211900434198e+02,2.765971390782299295e+02,2.281969277225596215e+01,6.201041202169792399e+01
7.477159683115103235e+02,2.782793468512635968e+02,2.134551987102758019e+01,7.037579002421455243e+01
7.537793206517169438e+02,2.785070704489714899e+02,2.162643275958397027e+01,7.691981449322750564e+01
7.546576580232372180e+02,2.772348518103872266e+02,2.294448030658259796e+01,7.893539263190727695e+01
7.590989271503281088e+02,2.740748746997959415e+02,2.350891585306007414e+01,7.510271509344626395e+01
7.603015219814378725e+02,2.757495533047687104e+02,2.511629228047068452e+01,7.047870456795662619e+01
7.627378509028975486e+02,2.770450965416824829e+02,2.600547811888666772e+01,6.730444553439090782e+01
7.649210610984036975e+02,2.770249937988903071e+02,2.732901057821614899e+01,6.479774979393150147e+01
7.674608553067577077e+02,2.786683459819810764e+02,2.695442113153979946e+01,6.526904341740450377e+01
7.697000828748591630e+02,2.796656603998380888e+02,2.753540183975830047e+01,6.299476752940250890e+01
7.723934009662220888e+02,2.831355731920281187e+02,2.624688873061043282e+01,6.698076992506392457e+01
7.740627837765590584e+02,2.836037762378457501e+02,2.658425125896912533e+01,6.773148629760859762e+01
7.788889158479839807e+02,2.836843756175619546e+02,2.559013206698590537e+01,7.058290441096363566e+01
7.752169510212328305e+02,2.800939138179358565e+02,2.798647852194075014e+01,6.456696769680034720e+01
7.794073530792520614e+02,2.791491649732545284e+02,2.727473892769183550e+01,6.259572615505345539e+01
7.799892366277996416e+02,2.784568844213466150e+02,2.568413069080335021e+01,6.035899299884415825e+01
7.802017294598881563e+02,2.780384589809506792e+02,2.437686265033710242e+01,5.909576338952375352e+01
7.795138828024838631e+02,2.792687305932004165e+02,2.457345366354804383e+01,5.952998983360339480e+01
7.796054143217232877e+02,2.798432451461976029e+02,2.356620733983267257e+01,5.972130324927653078e+01
7.793912223275078759e+02,2.800698717554434438e+02,2.330293152010462876e+01,6.025938733013178705e+01
7.780991305590389402e+02,2.807428161901289059e+02,2.326620536618557722e+01,6.066848045538974077e+01
7.766833224346045199e+02,2.820722792597813964e+02,2.392920341284509789e+01,5.977119271902357411e+01
7.758336784028956572e+02,2.851051425695871444e+02,2.295876176663752943e+01,6.150409013810836001e+01
7.742125637933158941e+02,2.839098376196688491e+02,2.246770150558776180e+01,6.206020902346440948e+01
7.728842080411950519e+02,2.831552258505778923e+02,2.173873471850858508e+01,6.311609495187836671e+01
7.707896494340519666e+02,2.838175161918712774e+02,2.174177719906053596e+01,6.317517983096768575e+01
7.689324938908499689e+02,2.840200356264717243e+02,2.113670418741163815e+01,6.451015336906957032e+01
7.669149355792717415e+02,2.817654453910972734e+02,2.057781808687422753e+01,6.599359750787876067e+01
7.650518809349368894e+02,2.812380083764696224e+02,2.019925780462098786e+01,6.772661485960188088e+01
7.621716842038266577e+02,2.810735800929039101e+02,2.108803490331608543e+01,6.783733978021938071e+01
7.594862314947387176e+02,2.827090406043728308e+02,2.157255631117709527e+01,6.492525466307191095e+01
7.557908376178763774e+02,2.836120585732564336e+02,2.210122677440500283e+01,6.161312105093490743e+01
7.521233298778129210e+02,2.847192699311818842e+02,2.280523696736143435e+01,5.789355135479826231e+01
7.498164766350043919e+02,2.854372143260059715e+02,2.193053774848018733e+01,5.782828090850338754e+01
7.467623367841629261e+02,2.863217253794155681e+02,2.234979920065153891e+01,5.794652031157957595e+01
7.432766430727689340e+02,2.864951706533929041e+02,2.290090521322217754e+01,6.048221934225341556e+01
7.389934135824288433e+02,2.861825828803663967e+02,2.412810647676978704e+01,6.266681964626386048e+01
7.348660678943228959e+02,2.859305712443084531e+02,2.435007061146550456e+01,6.568154958151151845e+01
7.291378470710210422e+02,2.870058066522269087e+02,2.403513755561565191e+01,6.917493576793286536e+01
7.252145830959924524e+02,2.843267747307223203e+02,2.509401492049815374e+01,6.857872686390223294e+01
7.199901622334580225e+02,2.825682647024084417e+02,2.498759598730289966e+01,6.824037139219441883e+01
7.168998112589591756e+02,2.849810111204663485e+02,2.552936332402654074e+01,6.821860093767043054e+01
7.122424861131246416e+02,2.853309059214047920e+02,2.588054124936248357e+01,6.376928602718457029e+01
7.086232824798773891e+02,2.848150341804278014e+02,2.516543632408451714e+01,6.094851643426359544e+01
7.060062410043866521e+02,2.870873113040100861e+02,2.404625828110843599e+01,5.970372014455756471e+01
7.032715063706851879e+02,2.908783027728941875e+02,2.338484290114204356e+01,5.937623616537703697e+01
7.010641043556206569e+02,2.890353977302413000e+02,2.269819028912016279e+01,6.014807196555707236e+01
6.979661239859653961e+02,2.897405380321230268e+02,2.232880144957336555e+01,6.124709660051736648e+01
6.956843176756468665e+02,2.900287310926674422e+02,2.159349820717337920e+01,6.221127871196488712e+01
6.940237741956872242e+02,2.874431209505156630e+02,2.093397932640957748e+01,6.510873724700087450e+01
6.916622665876211613e+02,2.856646414460678329e+02,2.120244666046165349e+01,6.649747668955123459e+01
6.888284372338724779e+02,2.862533626018666837e+02,2.202429352408700325e+01,6.512707502462576770e+01
6.870835050474743184e+02,2.861094537880834991e+02,2.196042764747832621e+01,6.623955503956328528e+01
6.868050884578213982e+02,2.888955977927010395e+02,2.431445971842382292e+01,6.441844100341170076e+01
6.840362373873882689e+02,2.894614507763075153e+02,2.362528846146311068e+01,6.342467946631148834e+01
6.828283089237550030e+02,2.891583805667634692e+02,2.358306199754004240e+01,6.083452748503951568e+01
6.798049653027353543e+02,2.909166299611900968e+02,2.458697790016269380e+01,5.939741826832985794e+01
6.782960688561904590e+02,2.913044192434895763e+02,2.582408715658714371e+01,5.867539238717368733e+01
6.819770759539463825e+02,2.908087659937678495e+02,2.470477973674075756e+01,5.894322778151842357e+01
6.844333751497370031e+02,2.885917032381012177e+02,2.403625568979436977e+01,6.105421982422375038e+01
6.859327165519156324e+02,2.895072114699074177e+02,2.404900195686345654e+01,6.344670122819561442e+01
6.859251636357918187e+02,2.867962565192944453e+02,2.319923050553792621e+01,6.618190315594131334e+01
6.881384250638245703e+02,2.879790515822983252e+02,2.333839435220078329e+01,6.721067667167250193e+01
6.902180940109257108e+02,2.889336857937681771e+02,2.356505613756392137e+01,7.040361877043076788e+01
6.922084129661845964e+02,2.895917992505703751e+02,2.542682306942296577e+01,7.198386121145580319e+01
6.930729134516564045e+02,2.863109262660402692e+02,2.410580298756116946e+01,6.885889110080421460e+01
6.955932994538628691e+02,2.876713500706811146e+02,2.444115441149306633e+01,6.557924309221901638e+01
6.991137686657258428e+02,2.886112037836430773e+02,2.375253045996565504e+01,6.347146168191062543e+01
7.021678410539603874e+02,2.908219246989564795e+02,2.328226314779079686e+01,6.186373578603715373e+01
7.052876054418221656e+02,2.935776785569374283e+02,2.395595525448311491e+01,6.201318922119828159e+01
7.079122329221859218e+02,2.896592505088232201e+02,2.306829306337833430e+01,6.205609237553221647e+01
7.108809428767353893e+02,2.903575964795447817e+02,2.251944012510463011e+01,6.485983750302830231e+01
7.145556555869549129e+02,2.879670874417517439e+02,2.240415414710946962e+01,6.805304994983779920e+01
7.171530161049378194e+02,2.909521783537690567e+02,2.417813828845068258e+01,6.892210486210083786e+01
7.187417280895074327e+02,2.883364870415239238e+02,2.519899465378423287e+01,6.709812192415205345e+01
7.213657589172264579e+02,2.873275398773500910e+02,2.478262378661531784e+01,6.841005693243144492e+01
7.226183157529907248e+02,2.885317602808859192e+02,2.540600700038645954e+01,6.740968013311891127e+01
7.241183991403623850e+02,2.888709541560580192e+02,2.575575358433133744e+01,6.366422928958925098e+01
7.245545194346373137e+02,2.910219120047788692e+02,2.687522425466980636e+01,6.237712534637425676e+01
7.257011799837430317e+02,2.925939303172443715e+02,2.672491639536526264e+01,6.136083315770720503e+01
7.269582894820088086e+02,2.934557326957270789e+02,2.615195666377951866e+01,6.114880183461789898e+01
7.265253197924364486e+02,2.939154925661449056e+02,2.393563901052991127e+01,6.388249440266589119e+01
7.276385100037945222e+02,2.926448107875069695e+02,2.461206320092712829e+01,6.450018349571597298e+01
7.282647985558701293e+02,2.944751884815327116e+02,2.561421608296689101e+01,6.505099980108491309e+01
7.259998868730726826e+02,2.911457944655987262e+02,2.524473887330525201e+01,7.001222394631045631e+01
7.234591037363280748e+02,2.911926972117714172e+02,2.592752909241231052e+01,7.099734978559959586e+01
7.223382693672500636e+02,2.906463269724004590e+02,2.517743781508065481e+01,7.429645418073857854e+01
7.200176052123640602e+02,2.904475520812076752e+02,2.559619093716954552e+01,7.381520720685657011e+01
7.165834023539591726e+02,2.887047761281877456e+02,2.544307413200649393e+01,7.203419760471771838e+01
7.163849424723523498e+02,2.902630115563272852e+02,2.429455310218278186e+01,6.729141198918421196e+01
7.130920879059673325e+02,2.924367138697458586e+02,2.433097348525798864e+01,6.280022842727229460e+01
7.137265256653447523e+02,2.955823122175023059e+02,2.641208881122981111e+01,6.012247749057893742e+01
7.109715000324049470e+02,2.944026743060193212e+02,2.713950438832767276e+01,5.895599838495604672e+01
7.081293475173008574e+02,2.948977014659564020e+02,2.670883968815853393e+01,5.981524182699897096e+01
7.077316984357488536e+02,2.916443541994137831e+02,2.435467252876810562e+01,6.218549131461298884e+01
7.055384952941108168e+02,2.919537578327773417e+02,2.374239059106633576e+01,6.509418086261376857e+01
7.060426101574340692e+02,2.901896931740426453e+02,2.503801866776455043e+01,6.491584946574292303e+01
7.028324871800787150e+02,2.913365761001502960e+02,2.375588921048806412e+01,6.801535172189556988e+01
7.011462724095249541e+02,2.899010561564938371e+02,2.305897804572405718e+01,6.725201341439949942e+01
7.016003167366698108e+02,2.896892709985498868e+02,2.503148602915999632e+01,6.479103721196155163e+01
6.995724951928119708e+02,2.892832410782277748e+02,2.335768795095167150e+01,6.613679245236698989e+01
7.007498227280140100e+02,2.901646919215540379e+02,2.398636932921702680e+01,6.551579690794929434e+01
7.003183104580647296e+02,2.927667842252294008e+02,2.582863327331719816e+01,6.218533521147953280e+01
7.016867662530089547e+02,2.916352101236822136e+02,2.534718289940157732e+01,6.143132276050600638e+01
7.015721770387674496e+02,2.950368437399358186e+02,2.647158548188002669e+01,5.966572947819410189e+01
7.020154379657102481e+02,2.940572743828063267e+02,2.598500945333291057e+01,6.099851325966804438e+01
7.024609200973521865e+02,2.934904006327069510e+02,2.722505882186959170e+01,6.305172415593917634e+01
7.042369065491016045e+02,2.917123094454186116e+02,2.651085471147682071e+01,6.544383961977207775e+01
7.065030304411535553e+02,2.915934311678097970e+02,2.570261930225086644e+01,6.456826819494821734e+01
7.086898525789191581e+02,2.905531257577509905e+02,2.523569733392498549e+01,6.533706411085294974e+01
7.118996557795020408e+02,2.901495002004638764e+02,2.456662689772496577e+01,7.016844223195795394e+01
7.134504431421673871e+02,2.908713829145739282e+02,2.560961346313515463e+01,6.728105314174283080e+01
7.173080854751856350e+02,2.921313229778294840e+02,2.464249917292262282e+01,6.799559593736616137e+01
7.168342319649589172e+02,2.907779171681445405e+02,2.410068039839328691e+01,6.939137108918389174e+01
7.207025128852052376e+02,2.936187955296312566e+02,2.487867735001481506e+01,6.411511746040679327e+01
7.130310022639506542e+02,2.937265414541506630e+02,2.717744047484816150e+01,6.019110209948129864e+01
7.249977617966995922e+02,2.942385404863643998e+02,2.325839627812469246e+01,6.523047569337900597e+01
7.260394360957361641e+02,2.907776899610812507e+02,2.457680134406831129e+01,6.356519401689455862e+01
7.279432468471425182e+02,2.891865670002409843e+02,2.465626098749584472e+01,6.682132777103787191e+01
7.297684365888824232e+02,2.882281324428212770e+02,2.441725798030397954e+01,6.874790524850878626e+01
7.311391842268659502e+02,2.876230608284063806e+02,2.472567420336031319e+01,6.844607450024966511e+01
7.315220674967770265e+02,2.890833276198753765e+02,2.556882740326135917e+01,6.820550236025901825e+01
7.335572059370811075e+02,2.873100353604056636e+02,2.426317106517945277e+01,7.060052597660290985e+01
7.309474839956703818e+02,2.850833141296595841e+02,2.353663678332796039e+01,7.083782530683907908e+01
7.328946384251216841e+02,2.892670633857808298e+02,2.538542856758336796e+01,6.935554779908262901e+01
7.327086236032600937e+02,2.866772483817325679e+02,2.683254158628359676e+01,6.584805355485976008e+01
7.323433855322693944e+02,2.898613445510774227e+02,2.457453978293724361e+01,6.872566600285222194e+01
7.318506856573953883e+02,2.886167562162343643e+02,2.340017166655070824e+01,6.913520085353810884e+01
7.303891911917664856e+02,2.884318593135088804e+02,2.338905663204916507e+01,6.721049001650253274e+01
7.296482633494557604e+02,2.882117657935818329e+02,2.301057470165748953e+01,6.481683430199254303e+01
7.285188053667576469e+02,2.867040265844174201e+02,2.293685645646722904e+01,6.662814058592198307e+01
7.278866515410338707e+02,2.846096439860448868e+02,2.225930116712647333e+01,6.826513533398234301e+01
7.244020238108525973e+02,2.843636146597912102e+02,2.358061217711059143e+01,6.566086477430094703e+01
7.217588765796414236e+02,2.829993618705428275e+02,2.325507020612230491e+01,6.439720740991137404e+01
7.197219094764635656e+02,2.838434795495137450e+02,2.270147955972531406e+01,6.801043231808280609e+01
7.157356100563823702e+02,2.834644353229589342e+02,2.410929482673706303e+01,6.655676549546609522e+01
7.103116320689052827e+02,2.822255976776364150e+02,2.305757161773145469e+01,6.873645356343962476e+01
7.076059140228315982e+02,2.825941949762683407e+02,2.422634098853483309e+01,6.114401814433743709e+01
7.050430919916743733e+02,2.851488468149073015e+02,2.442392594974437614e+01,5.863330436421530578e+01
7.000659299070396173e+02,2.845202656573234776e+02,2.270592021636506530e+01,5.921054880743086102e+01
6.992117028514225012e+02,2.806357651507560149e+02,2.411831158989597768e+01,5.883091300263365042e+01
6.957635464500834814e+02,2.794161727375154101e+02,2.326565340716147645e+01,6.124370682397135823e+01
6.908954273598862983e+02,2.784534698528809713e+02,2.434321830111775853e+01,6.176329425007774887e+01
6.890284317916504051e+02,2.767965095602986594e+02,2.428481599162088855e+01,6.601641446168808613e+01
6.848831083492108291e+02,2.760483640614567662e+02,2.560104805106060510e+01,6.600666738964687852e+01
6.818996483697549138e+02,2.756829203102865904e+02,2.513281547930230886e+01,6.480471239892999336e+01
6.792659513229625645e+02,2.740840935933312608e+02,2.477509036359752059e+01,6.352583432725591450e+01
6.756476655953550789e+02,2.755072771063000800e+02,2.540592794735253079e+01,6.093157033199983630e+01
6.736765609984489629e+02,2.760933872297842981e+02,2.434833121388812316e+01,6.350669434047876649e+01
6.716093707215857194e+02,2.742586738122248562e+02,2.410817286914652513e+01,6.682813188464501764e+01
6.702724470514967834e+02,2.732337581219379672e+02,2.359554397870313380e+01,6.740802319888122440e+01
6.692590917603839671e+02,2.720977931622920778e+02,2.276512236450224691e+01,6.699252702793252467e+01
6.645876860679944684e+02,2.710405277723737640e+02,2.160965703877111110e+01,6.461772036346376069e+01
6.646982688394712113e+02,2.699220578955471410e+02,2.181120173570483800e+01,6.200845011421780129e+01
6.612695229426833521e+02,2.696441111700186184e+02,2.140822361579789046e+01,6.236575401680630648e+01
6.656445124483942664e+02,2.678160692258895210e+02,2.109233331134632650e+01,6.322771902383882292e+01
6.646116163836140913e+02,2.661877651710433383e+02,2.151122609836974320e+01,6.288857203328099388e+01
6.641721962408985291e+02,2.658989329579854939e+02,2.216837382169746462e+01,6.346840421397040188e+01
6.636078829287538383e+02,2.646322477140091678e+02,2.282696009483446531e+01,6.627887896046037497e+01
6.634571517575031976e+02,2.673637587419546549e+02,2.344813009920282809e+01,6.332962128597806384e+01
6.674024903995733666e+02,2.664495970414226349e+02,2.296766533184725034e+01,6.122364068809503124e+01
6.701396696815012319e+02,2.684691576849487546e+02,2.297575057750069050e+01,5.615970861002713832e+01
6.706296987537995165e+02,2.663501377656164095e+02,2.130211001732337195e+01,5.973842672332327908e+01
6.754311508674009019e+02,2.637606571094195260e+02,2.435621491487651369e+01,5.620887668317801200e+01
6.773346220713837056e+02,2.627452999852088737e+02,2.322650644131350717e+01,5.942176287240285859e+01
6.790670497605259470e+02,2.620856303774863250e+02,2.305886580950414100e+01,6.060052375828475846e+01
6.793239892555683355e+02,2.642247051031061460e+02,2.074274108329714750e+01,6.629761692179125987e+01
6.817149620844683113e+02,2.588799886564735289e+02,2.251805117043135951e+01,6.488202833831093130e+01
6.834547662715960996e+02,2.566042104958939376e+02,2.309988183349879165e+01,5.835165926731914254e+01
6.859712952136983404e+02,2.552669469571432899e+02,2.116834114976417069e+01,5.884822594900748527e+01
6.857185997481213917e+02,2.573333324175026178e+02,2.339772740886764169e+01,5.546860620664881480e+01
6.870076200443014613e+02,2.571576212362190859e+02,2.305054061251271591e+01,5.670446303080947104e+01
6.875799501394590152e+02,2.575740200176881558e+02,2.403304097136157225e+01,5.521936421598311284e+01
6.889307567304659869e+02,2.578547745730164706e+02,2.350115511478710317e+01,5.656484301082883803e+01
6.909301289951399667e+02,2.564829084154513339e+02,2.215600341037506382e+01,5.653836887454298221e+01
6.929414230735915226e+02,2.561638051139303229e+02,2.123634746820889774e+01,5.528928464220446415e+01
6.898267630115061593e+02,2.537422572281465705e+02,2.042599283346849148e+01,5.708019964671267843e+01
6.975099705842794720e+02,2.538444151188871558e+02,1.977571843499211823e+01,5.797451429354573094e+01
6.994916598922693538e+02,2.529254103003261491e+02,2.012615493589471782e+01,5.578960093796142417e+01
7.020052518612715176e+02,2.513199805388122741e+02,1.956361924465556257e+01,5.545660455545638001e+01
7.044577191941283445e+02,2.491126033435348859e+02,2.053857978920798288e+01,5.598316843812232690e+01
7.057743699470970569e+02,2.491774153262459208e+02,2.181250389209607121e+01,5.387188565636267867e+01
7.099661121228731417e+02,2.476715166950140201e+02,2.004325541853464898e+01,5.577345509556901249e+01
7.123237059217938167e+02,2.492522527727713850e+02,2.053684906306393998e+01,5.281679282925163932e+01
7.130819923740459672e+02,2.519595428352780573e+02,2.220526871036326355e+01,4.957754620414677049e+01
7.151212533288073701e+02,2.520767492885811691e+02,2.107414641708184178e+01,5.048168262539087436e+01
7.177157322224735481e+02,2.518726988658997072e+02,1.930588083517858067e+01,5.061916547906794506e+01
7.199726603622004859e+02,2.532031675825881791e+02,2.055885786108356683e+01,5.017240493892522579e+01
7.228073438244697400e+02,2.499178010463586190e+02,1.940446219280126172e+01,4.978774374334847863e+01
7.240935382705453094e+02,2.492358889577828336e+02,2.014347109155894344e+01,5.034419958239195836e+01
7.260590467246375965e+02,2.471738646581899275e+02,2.072790179995149629e+01,5.161655169033635104e+01
7.287549070130409063e+02,2.466096999522812041e+02,2.083364111160319965e+01,5.246977580458830914e+01
7.327045413859764267e+02,2.459942864622119316e+02,2.348212093140601908e+01,5.072700120506074484e+01
7.331897152333074246e+02,2.459471173136926154e+02,2.204398156022267230e+01,5.248043943858466776e+01
7.383101492570942810e+02,2.440966130009515211e+02,2.285682349647451872e+01,5.194224747202582648e+01
7.411392963631545854e+02,2.469443156032793638e+02,2.247940210616186363e+01,5.123870361075391600e+01
7.453792350743065072e+02,2.436720752557694709e+02,2.343363627901177537e+01,4.994029595051856063e+01
7.489646614450221023e+02,2.460900578933776615e+02,2.151761628217889566e+01,5.221795191019597837e+01
7.519547309446993495e+02,2.473215172868259799e+02,2.046831348353872926e+01,5.112652026395486615e+01
7.554199380698435107e+02,2.465137635458623038e+02,2.005891344681237243e+01,5.123981164518949782e+01
7.616071936512861384e+02,2.450205944479952507e+02,2.048866444518190733e+01,4.904848174628860136e+01
7.628371495259813173e+02,2.428695218534362539e+02,1.944203151392206763e+01,4.785712479536139341e+01
7.688122189781532825e+02,2.439364931615655507e+02,1.917232492921931808e+01,5.161750219024174413e+01
7.737802870955517847e+02,2.424291945084945326e+02,1.891594009060136017e+01,5.167107735778820654e+01
7.787079226427280219e+02,2.424865478310071865e+02,1.996832661953996180e+01,5.091542033100705567e+01
7.840498476983935916e+02,2.428674455044503304e+02,2.120908473879971723e+01,5.094131139168685962e+01
7.890540737132656659e+02,2.439384267276751643e+02,2.411376251557418726e+01,5.136711441955664981e+01
8.051299024857914901e+02,2.425367367346272545e+02,2.447821443707524480e+01,5.110722860517636690e+01
8.070446785786368764e+02,2.435263026457216995e+02,2.244404558554415985e+01,5.099977191669262311e+01
8.130249191512301650e+02,2.445087729416663080e+02,2.231680876408816872e+01,4.963143573163704758e+01
8.284453914437151525e+02,2.444499663444053397e+02,2.137875533817585350e+01,5.014764720968825884e+01
8.346954876161273660e+02,2.477028828527423343e+02,2.161668307239180109e+01,4.873679109502236173e+01
8.428063733023163877e+02,2.473662622696861604e+02,1.977336209369050835e+01,4.987035932016522821e+01
8.503564650886512482e+02,2.490797478902184992e+02,1.856776794515424456e+01,4.897598919718833343e+01
8.603355175987793473e+02,2.484241517395811343e+02,1.870258895028869262e+01,4.736537683194384840e+01
8.667614431538046347e+02,2.495545793689032905e+02,1.863213375240850667e+01,4.793736249279417194e+01
8.770471914719258848e+02,2.490348652133660607e+02,1.809121572944723866e+01,4.840362395663962758e+01
8.859048728200890537e+02,2.477830216355977200e+02,1.789818236356515868e+01,4.758582273174420152e+01
8.989002463453041400e+02,2.487022706824940883e+02,1.924937714663116850e+01,4.905678217846353562e+01
9.081162493405109899e+02,2.498126765986237672e+02,2.128756311178379690e+01,4.823651343988551332e+01
9.144040289266027912e+02,2.511473428692388552e+02,2.313298248574271554e+01,4.814629152106134313e+01
9.247157869340680918e+02,2.519470649979345751e+02,2.394731933030933746e+01,4.823682288298601151e+01
9.311675503079189866e+02,2.541330316733475740e+02,2.294594369039561599e+01,4.827462664229794598e+01
9.411807113649205121e+02,2.533055743179559443e+02,2.098019133957600957e+01,4.851106548676344943e+01
9.499963502800611650e+02,2.548165538748686743e+02,1.972280152504180251e+01,4.823729272280679936e+01
9.603119468790512201e+02,2.573187026032678659e+02,2.059390286746708298e+01,4.638486170201298364e+01
9.663746292965099656e+02,2.600355286726451141e+02,2.112436936952474298e+01,4.559330322170578143e+01
9.711488339667081391e+02,2.585470258256817715e+02,1.971521364546119770e+01,4.748489343311140942e+01
9.747083604048680172e+02,2.562461250051729849e+02,1.953941905466400542e+01,4.903766786961544710e+01
9.752501534098852289e+02,2.580292283225334700e+02,1.932320210037745056e+01,5.057428020080632791e+01
9.750788507546773189e+02,2.608959032064131520e+02,2.148298446805961248e+01,4.975705573059339315e+01
9.761541502785327111e+02,2.626986157231664265e+02,2.215993845417762387e+01,4.842460018141611044e+01
9.769025118727989820e+02,2.613903865922384284e+02,2.053644444145096060e+01,4.945813228913534942e+01
9.737649089997216834e+02,2.640532156997861080e+02,2.248627749168292311e+01,4.726734317270331331e+01
9.714586902797155972e+02,2.660221372428785571e+02,2.200924597570141472e+01,4.674961102745170649e+01
9.720046309124098798e+02,2.680660535334350811e+02,2.236615037296374098e+01,4.640045189490128763e+01
9.699547460708002973e+02,2.691546888717465436e+02,2.442686780818185355e+01,4.443098549581755208e+01
9.641251284013378609e+02,2.722525500448948037e+02,2.569577092512179206e+01,4.324035004832477824e+01
9.588777345243136097e+02,2.731999049371378874e+02,2.696543718106240206e+01,4.254378469972115795e+01
9.512876966427484149e+02,2.737660484636023739e+02,2.801159704300881259e+01,4.146005379579813876e+01
9.447921996499961779e+02,2.725267697777407534e+02,2.877884091407238287e+01,4.091922487601740954e+01
9.408962524838429999e+02,2.708563957465448766e+02,2.771658542795825753e+01,4.134997905146157393e+01
9.323720933830188642e+02,2.713651153318185720e+02,2.738670309860063767e+01,4.128508087460463116e+01
9.249645757102803145e+02,2.724203006850174233e+02,2.747411736558667172e+01,4.081421054776931356e+01
9.178391782648789103e+02,2.714333067136598743e+02,2.764251384177756776e+01,4.053629328761878270e+01
9.120240632434483814e+02,2.746213674479275824e+02,2.753860062749761184e+01,4.056879265343394536e+01
9.040732508207746605e+02,2.730868841928523238e+02,2.757711302319890834e+01,4.034604234954339574e+01
9.004351890589185814e+02,2.738552970809024032e+02,2.757711302319890834e+01,4.034604234954339574e+01
8.965494514013715843e+02,2.736474732530396636e+02,2.757711302319890834e+01,4.034604234954339574e+01
8.929105251337476830e+02,2.730927626860421356e+02,2.757711302319890834e+01,4.034604234954339574e+01
8.901478097940870384e+02,2.714845927727502044e+02,2.757711302319890834e+01,4.034604234954339574e+01
8.898289289976545433e+02,2.656390632164757903e+02,2.757711302319890834e+01,4.034604234954339574e+01
8.901038934196420769e+02,2.632022884857934173e+02,2.757711302319890834e+01,4.034604234954339574e+01
8.866921245063730339e+02,2.629996687543671783e+02,2.757711302319890834e+01,4.034604234954339574e+01
8.818981729949899773e+02,2.624168112647813018e+02,2.757711302319890834e+01,4.034604234954339574e+01
8.764290339951238593e+02,2.574237064723687354e+02,2.784796109891998483e+01,4.012771072800867955e+01
8.707870948013742236e+02,2.560859803319694379e+02,2.807784244662431306e+01,3.994588633072186923e+01
8.633366396319597698e+02,2.590439499190006813e+02,2.915124767375899850e+01,3.930908810590864988e+01
8.573091909548611511e+02,2.586725231806200327e+02,3.008720658191134589e+01,3.865125949095698843e+01
8.532226460551764831e+02,2.607369151388511455e+02,3.032449773626098377e+01,3.852960619735861769e+01
8.505780269135892695e+02,2.593820358866178708e+02,3.060738168746534527e+01,3.836435158880332352e+01
8.458160589559544178e+02,2.619732195548966160e+02,3.280846165333306885e+01,3.737455017021449777e+01
8.458160589559544178e+02,2.619732195548966160e+02,3.280846165333306885e+01,3.737455017021449777e+01
8.458160589559544178e+02,2.619732195548966160e+02,3.280846165333306885e+01,3.737455017021449777e+01
8.458160589559544178e+02,2.619732195548966160e+02,3.280846165333306885e+01,3.737455017021449777e+01
8.458160589559544178e+02,2.619732195548966160e+02,3.280846165333306885e+01,3.737455017021449777e+01
8.458160589559544178e+02,2.619732195548966160e+02,3.280846165333306885e+01,3.737455017021449777e+01
8.217391851847273756e+02,2.613371440742948835e+02,4.191605898826773569e+01,4.340540340955524812e+01
8.147243311365435829e+02,2.579450823843482681e+02,4.239392248777252803e+01,4.379342960622089720e+01
8.126417696382455915e+02,2.613016134119578169e+02,4.279638831884112449e+01,4.360551308170249740e+01
7.653179522863002830e+02,2.512911918445519746e+02,3.661086262234097433e+01,5.367136773689992424e+01
7.653544370595293458e+02,2.483862077969559436e+02,3.260433890336705076e+01,6.018918980500384919e+01
7.605205796603570434e+02,2.501356672007463260e+02,3.031122110588659524e+01,6.391098318232906195e+01
7.647618164183442104e+02,2.507762231128020289e+02,2.940051539691901894e+01,6.454069315368120385e+01
7.589655348040371337e+02,2.551343562903380757e+02,2.885690537724221727e+01,6.504700770833809997e+01
7.587719799284018336e+02,2.553732277321547031e+02,2.848817214478996007e+01,6.531158464701628930e+01
7.587906376648534206e+02,2.564659556246376155e+02,2.810777174051337113e+01,6.548571438565581104e+01
7.583806405841379501e+02,2.592031704888398735e+02,2.800650280322745544e+01,6.553671199871250508e+01
7.531778182682692204e+02,2.607036002526325547e+02,2.780216112972808418e+01,6.575465945316749128e+01
7.692412193238858436e+02,2.656139894405988571e+02,2.786579252069224921e+01,6.558565643734226569e+01
7.957782101840385849e+02,2.644117721902982225e+02,3.051540546591398595e+01,6.284704217466848775e+01
8.039735288248070901e+02,2.661306822783017196e+02,3.425028698320518572e+01,5.957775331220004489e+01
7.984891561228839691e+02,2.747743613183185971e+02,3.678837881496889395e+01,5.731929537865064361e+01
7.915186528182887287e+02,2.806233312727787279e+02,4.126023774196939087e+01,5.339425700476452619e+01
7.819861989188392499e+02,2.796206119192930828e+02,4.230212384287024463e+01,5.250797493994623011e+01
7.791000268632828920e+02,2.841360642296292554e+02,4.272064476901590524e+01,5.208328770361227811e+01
7.499192508501032535e+02,2.832736146489741031e+02,3.970420607271894653e+01,5.456283960349377793e+01
7.505802421898645207e+02,2.821778087355322100e+02,3.660832336115295504e+01,5.634284526759107337e+01
7.504417257977935378e+02,2.851137617605399441e+02,3.482407327214127690e+01,5.708731466389520648e+01
7.454379996177970042e+02,2.843866293312900666e+02,3.295790369152148003e+01,5.758680669238550109e+01
7.447049298535728212e+02,2.942893186700281944e+02,3.246615366308513728e+01,5.641929498878614169e+01
7.395231414762553186e+02,2.966708493851530193e+02,3.201261081933157726e+01,5.591918159473038230e+01
7.346773789218348156e+02,2.959790632746889969e+02,3.087109950544311232e+01,5.576177645684033735e+01
7.333705418277909303e+02,2.921243155385954537e+02,2.952393871351985410e+01,5.650844520020670814e+01
7.307651348873023380e+02,2.933319077565022894e+02,2.936456245091177664e+01,5.651967334679049770e+01
7.253749675713519309e+02,3.002136703792238563e+02,2.948886452055678120e+01,5.546845793868866537e+01
7.232866809183385612e+02,2.943554884571513526e+02,2.954750359959372119e+01,5.608529347015057454e+01
7.172546982929072783e+02,2.959632632875894274e+02,2.949969631322477071e+01,5.633569453673717931e+01
7.115234913794266731e+02,3.038968999491991099e+02,3.145618686900688843e+01,5.326708816755827058e+01
7.062316475752337510e+02,3.110620684256716686e+02,3.283668558121341619e+01,5.032164463197161552e+01
7.041930965430042306e+02,3.126421102826938636e+02,3.369845179972516291e+01,4.789088263614312524e+01
6.990728001132805502e+02,3.146592051767611906e+02,3.426871079686797827e+01,4.606036883334477494e+01
6.931849626695043298e+02,3.163810244419146329e+02,3.487566830008194074e+01,4.485071644233534727e+01
6.884438642858713138e+02,3.181989469580834680e+02,3.504224845968198565e+01,4.421845794068311619e+01
6.839011124743949495e+02,3.203897741902671328e+02,3.472783448009570861e+01,4.325337628553513980e+01
6.788600779936364233e+02,3.212413974185348025e+02,3.439571219558006021e+01,4.284250670487725188e+01
6.770658022039351636e+02,3.221955145144675612e+02,3.381240975581741992e+01,4.209424041233418734e+01
6.718212332917504455e+02,3.233634191461468390e+02,3.309463363212793752e+01,4.196966548010669840e+01
6.663009514433148297e+02,3.245902610992301902e+02,3.245828788228279649e+01,4.197120418059891733e+01
6.634907588904434306e+02,3.250735230116529806e+02,3.287492380818554238e+01,4.150891353722983723e+01
6.602425711485572037e+02,3.256072045050419206e+02,3.316155960689934545e+01,4.144053297995642282e+01
6.569793947744276466e+02,3.269047035862210464e+02,3.350753153393038986e+01,4.121441270532402257e+01
6.510783353921682419e+02,3.278852195372227243e+02,3.156942069182089838e+01,4.207954242632170150e+01
6.482492707396118021e+02,3.294463057336681686e+02,3.119844910200583143e+01,4.163684987084837985e+01
6.452403741897321652e+02,3.299486581510518022e+02,3.058675659461773222e+01,4.126218103251820679e+01
6.416201225082064639e+02,3.309033234200406923e+02,3.066135448205275083e+01,4.104657655731513444e+01
6.414294358876026081e+02,3.318747383428818694e+02,3.161521799816660661e+01,4.036453515233708345e+01
6.370993363009947643e+02,3.322891447764293957e+02,3.203305610265675796e+01,4.066372838589671090e+01
6.341328197742850534e+02,3.333205312804826690e+02,3.086097755710751755e+01,4.125496758100663186e+01
6.340284288348525479e+02,3.344216364635174159e+02,3.128099662812659432e+01,4.122357315960882573e+01
6.310012349990361145e+02,3.331706742862905344e+02,3.054943554640244940e+01,4.135668137674874600e+01
6.317644412190327330e+02,3.346891795091650010e+02,3.045460055048580017e+01,4.118318726171883526e+01
6.319610559174360560e+02,3.358501817565521037e+02,3.051372632988951494e+01,4.107557709792293821e+01
6.308688093013691969e+02,3.365404047417300717e+02,3.142002310797511555e+01,4.066869450065589575e+01
6.301794421676017919e+02,3.357330830647187554e+02,3.279933324689146446e+01,4.104495563441022910e+01
6.306087581355981229e+02,3.361789256676339619e+02,3.178051706161677004e+01,4.195007724086621437e+01
6.311464545456839232e+02,3.349013893218429985e+02,3.143545703325054674e+01,4.313320276314430401e+01
6.354858404520962267e+02,3.375313575942341799e+02,3.251637550515478381e+01,4.160915613001350266e+01
6.358497604394391374e+02,3.377157886393430317e+02,3.220042064299320117e+01,4.247417515570915469e+01
6.372643254605785614e+02,3.364550849738159854e+02,3.150527945798359752e+01,4.372295763649010780e+01
6.387213583975888014e+02,3.358793782339366203e+02,3.109370458127742864e+01,4.496941032001188177e+01
6.395686131909294545e+02,3.369337776934773956e+02,3.004545787873620100e+01,4.387781532797042416e+01
6.440595961679500761e+02,3.382855698177432373e+02,3.062495432703870790e+01,4.240423443637230605e+01
6.443950488878209626e+02,3.388310084954981107e+02,2.912544383148799909e+01,4.170922097151051844e+01
6.450662141308113178e+02,3.365341845139844281e+02,2.831073234975680464e+01,4.402152928915216989e+01
6.471452039012558544e+02,3.358364641761621670e+02,2.562567537242063764e+01,4.667998010903033901e+01
6.492523282348295197e+02,3.388966577426975846e+02,2.931451384440293850e+01,4.139718110738724022e+01
6.500279942599867127e+02,3.348338153829499220e+02,2.292636166850873281e+01,4.781473665932582406e+01
6.509035328813184833e+02,3.393605443426050101e+02,2.865295509540082364e+01,4.157053958519998815e+01
6.502312796728721196e+02,3.351195222425697011e+02,2.407177419921361050e+01,4.732726487657915726e+01
6.487289339733746374e+02,3.345531627757213187e+02,2.380802225218510770e+01,4.627162025818245183e+01
6.504061409632840878e+02,3.384051361042365329e+02,2.865045809536418275e+01,4.190761510276944080e+01
6.496778455324953256e+02,3.393485063694421910e+02,2.930416509349271337e+01,4.223121531065461198e+01
6.495249178587052938e+02,3.399295992473370234e+02,2.874609259988614340e+01,4.226667498066148454e+01
6.490534637225279084e+02,3.392391396898216840e+02,2.826986148701757173e+01,4.236350953720520351e+01
6.486331844605164179e+02,3.395906248473443725e+02,2.807199551915821800e+01,4.256965519229459005e+01
6.479435646346214526e+02,3.356895349494270135e+02,2.382246958790990732e+01,4.739880275203005056e+01
6.453208479437246297e+02,3.396184373339577292e+02,2.845825229822131774e+01,4.254820013140611223e+01
6.440235876466219906e+02,3.427665013780986101e+02,2.931140853257098655e+01,4.083035153836365083e+01
6.420150301422290795e+02,3.424552696708009307e+02,3.078050222482847431e+01,3.917463196956060756e+01
6.377775806673040506e+02,3.398521463480501552e+02,3.009283403600665352e+01,4.034773271052112875e+01
6.346827018617212843e+02,3.379882168278459744e+02,2.906836969282663929e+01,4.312407768566383481e+01
6.290869074461276114e+02,3.399141506627431681e+02,3.079299857070579094e+01,4.166993988952665973e+01
6.259133500892858137e+02,3.381215913677461913e+02,3.036002724389251739e+01,4.362420363447354532e+01
6.206477341885188252e+02,3.403217241262573225e+02,3.168491920930599193e+01,4.209965647263018695e+01
6.173657252552014825e+02,3.387782615789590182e+02,3.143426937421934042e+01,4.310492344230307538e+01
6.139247159332387582e+02,3.382557530868390359e+02,3.166420128337307816e+01,4.441734808225891840e+01
6.089626534905031576e+02,3.407800470334095166e+02,3.295069665987212915e+01,4.214580162435966315e+01
6.055500818219777557e+02,3.390853196488141066e+02,3.232757015286779989e+01,4.312203551113479705e+01
6.019417862984826115e+02,3.389195183364960826e+02,3.270500028066852138e+01,4.328569178221610514e+01
5.995085710675542714e+02,3.385879350846465172e+02,3.234140735843101311e+01,4.410709565378368069e+01
5.963302978278690034e+02,3.385303569559431480e+02,3.197551264136003368e+01,4.383847029927093786e+01
5.936345204898132124e+02,3.387235115758813322e+02,3.207472989986903400e+01,4.460566948415348065e+01
5.907773330435153412e+02,3.387689016188837741e+02,3.233624539076178195e+01,4.484867910437883864e+01
5.897252025879503208e+02,3.408531346281869219e+02,3.431499775506278382e+01,4.334304486906720655e+01
5.891942274538853326e+02,3.417149416786839993e+02,3.453713777100303162e+01,4.274305556970879394e+01
5.898088093744109983e+02,3.406973783646345737e+02,3.516658897073082812e+01,4.262648503899410457e+01
5.875602011284822765e+02,3.396477303751616432e+02,3.375651738809480662e+01,4.387126641909360814e+01
5.887616753029994925e+02,3.409490436920099228e+02,3.253711748953028859e+01,4.306095860635036132e+01
5.900584630428429591e+02,3.407276227242350046e+02,3.269843340541230248e+01,4.290934160425525334e+01
5.917482955592137159e+02,3.394741884108771615e+02,3.182299577249671430e+01,4.371077352442792829e+01
5.920731559674622986e+02,3.351827956872037930e+02,2.664171310449828312e+01,4.831899251211888213e+01
5.932104873478361924e+02,3.337868572339897355e+02,2.274247246384464916e+01,5.085348970787275391e+01
5.994566198626115465e+02,3.355146938322549772e+02,2.389435721456745654e+01,5.003300485248306728e+01
6.017908289414466481e+02,3.338186225990521621e+02,2.419429042103304894e+01,5.019271066193675779e+01
6.041464608661478906e+02,3.324310959833512129e+02,2.442730195081131939e+01,4.924078797552252240e+01
6.100900091683432720e+02,3.339938571994223935e+02,2.559442554600549968e+01,4.912771933785948164e+01
6.135939440443453350e+02,3.325692083773157037e+02,2.469898875069709021e+01,4.991375213527111043e+01
6.170435810311454361e+02,3.319299255336312058e+02,2.379928991518880110e+01,5.021722362345950330e+01
6.153180108544972882e+02,3.338188408412135573e+02,2.769929240389548397e+01,4.661914841288638911e+01
6.191284853695273114e+02,3.361236265605085123e+02,2.883433912426264456e+01,4.587926476993551006e+01
6.213714197782712745e+02,3.376508874314787931e+02,3.115226087608005301e+01,4.512048625499990351e+01
6.262693207792790417e+02,3.338124740619171007e+02,3.126807329209445285e+01,4.529474188816625713e+01
6.344071067422627266e+02,3.306196729898204012e+02,2.710058604477688959e+01,4.785334508330880965e+01
6.422862602731992183e+02,3.298389416589729422e+02,2.207029488256226557e+01,5.022075057842731383e+01
6.444428040805629507e+02,3.318404330869717569e+02,2.452140271003448646e+01,4.713724238377992037e+01
6.517114623337889725e+02,3.302792049824221294e+02,2.093500344753992337e+01,4.910319694206896912e+01
6.535388759832097776e+02,3.318473260969892067e+02,2.407580517320398528e+01,4.623223606235538341e+01
6.564581633761318926e+02,3.311429898340655882e+02,2.468194684091199065e+01,4.678763197782814132e+01
6.639249813084045400e+02,3.317861757466772588e+02,2.334602349315117564e+01,5.077403580262923555e+01
6.665075364475000015e+02,3.314965133606922336e+02,2.387280536202464631e+01,5.020154885565857938e+01
6.694972544307215685e+02,3.311599349381376669e+02,2.325899620756273833e+01,5.026720902193852680e+01
6.725440389198477078e+02,3.288649098732237803e+02,2.394768860092287355e+01,4.814560353500603185e+01
6.763539010267945741e+02,3.286090278891671801e+02,2.123153551587440901e+01,4.834839302845066555e+01
6.789242791825214454e+02,3.282341746386338173e+02,2.225426377778484976e+01,4.696764975763626637e+01
6.820584828515792424e+02,3.273280686821544236e+02,2.065095081527962151e+01,4.953272829638092389e+01
6.841766230503170618e+02,3.271955589677870648e+02,2.203622622301039158e+01,4.772952973233307006e+01
6.872182031184894413e+02,3.269699499383382886e+02,2.088010475625177165e+01,4.810690582454201802e+01
6.897083386002157113e+02,3.265051528715713403e+02,2.080962335502443139e+01,4.870913929823819188e+01
6.973464299980856822e+02,3.273100682805184078e+02,2.416085526265365147e+01,4.804112838657871976e+01
6.923075299786733012e+02,3.277219849833938383e+02,2.324796411648087258e+01,4.751248635822923916e+01
7.005077700803309426e+02,3.274753469884746551e+02,2.573763970540205648e+01,4.825237920333135122e+01
6.955337143109646831e+02,3.263134078502468469e+02,2.299477510125131019e+01,4.787735987961303152e+01
6.946022281404740397e+02,3.271746945471558092e+02,2.303542066286691892e+01,4.732644583619026690e+01
6.971446587421380627e+02,3.288240074820739665e+02,2.270341380676801180e+01,5.052496418861343841e+01
6.949697355369854677e+02,3.263344818399172027e+02,2.481816018617403685e+01,4.744402172903049575e+01
6.991393972914220285e+02,3.279584686318805780e+02,2.148495068334335301e+01,5.171999824504884913e+01
6.965321677336938819e+02,3.266715046515234917e+02,2.435243399542449083e+01,4.702040573609747298e+01
6.955728117390345915e+02,3.271077325449532509e+02,2.413388936242859728e+01,4.720066477391451798e+01
7.031982702244227994e+02,3.282471693017843677e+02,2.904998174528987320e+01,4.468972443521999338e+01
7.020364578664369901e+02,3.254703055921035002e+02,1.978181530830749679e+01,5.104282345473282589e+01
6.991495319757079869e+02,3.276320393322421864e+02,2.210130946571152322e+01,4.779269329096852914e+01
6.970352508649682477e+02,3.279143364396836091e+02,2.295715144564438503e+01,4.725463446975586379e+01
6.953293064465283351e+02,3.278371622322347889e+02,2.336983946160135517e+01,4.599971057153555165e+01
6.938909203250785822e+02,3.284549009973360967e+02,2.339487015214793075e+01,4.476340046363125680e+01
6.917157180953926172e+02,3.306411782930485970e+02,2.741327700834168368e+01,4.058825638119655821e+01
6.907567169645180911e+02,3.312178077500204267e+02,2.814777492705797712e+01,3.995164379284112499e+01
6.900440704455965033e+02,3.308704759944947114e+02,2.913137018858352789e+01,3.998853565691599243e+01
6.896478639424086623e+02,3.311314556141035723e+02,2.913277907365570485e+01,3.975780804993098627e+01
6.889106225440923481e+02,3.308569484641014924e+02,2.880968627729361486e+01,3.947201596727903450e+01
6.928225901040672170e+02,3.292228796810410927e+02,2.716682243877691860e+01,3.965057681220848451e+01
6.934018827540151051e+02,3.288376685717020678e+02,2.327248646367987206e+01,4.132861123543820980e+01
6.918536593030847826e+02,3.314311271597320570e+02,2.507823412199497071e+01,3.676986514568952913e+01
6.957746632076548394e+02,3.301081418378765306e+02,2.154934238646317368e+01,3.863391577358868290e+01
6.952679691630568186e+02,3.307110366053053667e+02,2.100598387360074071e+01,3.852799370184290950e+01
6.943345852074832010e+02,3.325400105582659194e+02,2.309862589580444592e+01,3.566466040897799417e+01
6.946027258996007276e+02,3.323824937679146956e+02,2.103306897503219020e+01,3.655120013229664266e+01
6.978722468940586623e+02,3.307483006614634178e+02,1.975257095431699739e+01,3.685415250921601427e+01
6.972461652093444400e+02,3.318534321874999478e+02,1.932808177304804786e+01,3.566875615731532179e+01
6.965640993343597529e+02,3.331151609010883590e+02,1.885345898829613986e+01,3.371353990912790266e+01
7.015270521255687299e+02,3.350243045376217879e+02,1.892548202526289103e+01,3.270866697131187806e+01
6.973230135398808898e+02,3.346547508154878301e+02,1.819128052537400109e+01,3.148367929991825775e+01
7.023393120485351346e+02,3.365450545714589339e+02,1.796111747565578654e+01,3.112007160487050683e+01
6.980720287583447998e+02,3.343820551194090740e+02,1.561823788141493630e+01,3.172068579675099897e+01
7.028561595908064419e+02,3.351752137201776804e+02,1.587837968939187228e+01,3.067228394422047799e+01
7.019922584446724159e+02,3.358321529567836023e+02,1.584573686370962697e+01,3.008081424252353386e+01
7.021469438295332566e+02,3.356422033353902634e+02,1.444681142651507777e+01,3.105937127215633353e+01
7.015935438727389055e+02,3.346733899956830669e+02,1.367931324440065310e+01,3.117258226782439579e+01
7.011512027867354391e+02,3.366981757807753297e+02,1.327444666171550125e+01,3.120473438767286467e+01
6.984118098755501478e+02,3.368926305373507830e+02,1.300239611171052978e+01,3.075228772390045151e+01
6.983500770076622075e+02,3.366430199379240094e+02,1.283499216445909852e+01,3.064393898981647979e+01
6.959235155396424943e+02,3.352884901286059858e+02,1.262546585046809255e+01,3.031495534787808310e+01
6.910603973666721913e+02,3.312387378504678850e+02,1.262539051275388324e+01,3.031356306882721796e+01
6.889600397469663449e+02,3.319503518860377653e+02,1.261957184332158732e+01,3.028838196805488181e+01
6.889600397469663449e+02,3.319503518860377653e+02,1.261957184332158732e+01,3.028838196805488181e+01
6.889600397469663449e+02,3.319503518860377653e+02,1.261957184332158732e+01,3.028838196805488181e+01
6.895520385467498272e+02,3.280290353424076102e+02,1.514348621198590372e+01,3.634605836166585391e+01
6.896079503559558361e+02,3.276627623564723990e+02,1.514348621198590372e+01,3.634605836166585391e+01
6.896079503559558361e+02,3.276627623564723990e+02,1.514348621198590372e+01,3.634605836166585391e+01
6.931246822684360041e+02,3.618036366174986824e+02,2.217337592553868220e+01,3.914754653394923167e+01
6.882984481139159243e+02,3.637435928996029020e+02,2.361159367000368547e+01,3.719468682523243785e+01
6.832365839504797123e+02,3.656424849059902158e+02,2.517463207072864151e+01,3.468805648181508161e+01
6.825482571744520328e+02,3.667969828870616880e+02,2.517463207072864151e+01,3.468805648181508161e+01
6.816350660347540042e+02,3.666162878450475660e+02,2.517463207072864151e+01,3.468805648181508161e+01
6.665303816256788423e+02,3.665004317538285363e+02,2.457380496602743847e+01,3.501414965392395118e+01
6.572611894188132737e+02,3.732597672780670450e+02,2.022031506640400522e+01,4.069909760874286064e+01
6.577521829077952589e+02,3.689343258826590954e+02,1.746999656073009533e+01,4.510602526421320135e+01
6.534129422861200283e+02,3.702615322772724653e+02,1.628673864545031336e+01,4.692693805939811824e+01
6.483003347957455844e+02,3.724024241236506896e+02,1.622261932901891512e+01,4.630668724551741633e+01
6.443369200511608597e+02,3.708679272948778589e+02,1.513121456525857411e+01,4.752494094716099937e+01
6.406558845416064969e+02,3.720379331565119401e+02,1.516180174342508380e+01,4.616108307444829961e+01
6.363131350112500968e+02,3.813367523335794544e+02,1.517750195312459383e+01,4.495803700546942139e+01
6.346943551310363318e+02,3.804275663752000582e+02,1.582135200629208960e+01,4.317031074717942829e+01
6.302684964229019897e+02,3.819935036971542672e+02,1.545276970179658882e+01,4.249356167356820180e+01
6.286487151292134286e+02,3.835821029205562240e+02,1.545283200497872755e+01,4.176125611006514760e+01
6.274833236229476370e+02,3.849679505929991024e+02,1.510056223926637387e+01,4.196021954432361412e+01
6.267494792423184435e+02,3.837152114055637071e+02,1.475544248688337490e+01,4.113103858119703204e+01
6.253516735181315198e+02,3.857088084427221588e+02,1.494965260621676606e+01,4.050392093433979568e+01
6.248340911309347803e+02,3.883256964632641939e+02,1.492208086937976930e+01,4.012885089072273104e+01
6.238585182116136139e+02,3.872870466753762457e+02,1.497459835394942473e+01,3.960989754825523335e+01
6.239452080971610712e+02,3.857989119510592673e+02,1.494541571901817356e+01,3.927686347477922624e+01
6.256227899560325341e+02,3.875483046699085321e+02,1.488900693177145129e+01,3.946103997784607742e+01
6.245280893697615738e+02,3.868202759487331832e+02,1.520142315043302261e+01,3.834280380676295152e+01
6.261412815731175669e+02,3.888021728496822220e+02,1.504727909635173511e+01,3.865159348951458895e+01
6.255163708492063961e+02,3.880521265090531529e+02,1.541621774454858951e+01,3.830547795601290062e+01
6.277438198757087093e+02,3.892896006418704928e+02,1.572973943412831055e+01,3.853820395528595810e+01
6.295430746519087961e+02,3.883240042211274954e+02,1.573454451986598812e+01,3.867475005681225753e+01
6.315172966400400583e+02,3.895791623534775567e+02,1.566455761300048799e+01,3.922590596961765641e+01
6.330546747353785122e+02,3.909294999977725524e+02,1.558510672208240955e+01,3.968962672861979257e+01
6.349218333041092137e+02,3.889462544871141176e+02,1.605827764461847806e+01,3.910212929321062347e+01
6.374579322901249725e+02,3.901923806620781647e+02,1.543166921497601862e+01,3.934180147712653053e+01
6.388146295260820580e+02,3.914737345201617131e+02,1.589922681520526382e+01,3.969255830716306832e+01
6.399769864544859956e+02,3.904525359169614376e+02,1.631721687303990365e+01,3.941994186648407350e+01
6.415152247846849605e+02,3.918268598637067726e+02,1.642269245072467498e+01,3.984977841284328548e+01
6.426176877101814853e+02,3.906919974143669947e+02,1.683674438484214875e+01,3.974209909857120238e+01
6.439099733918167203e+02,3.927304305286095882e+02,1.703810699297671505e+01,3.983844110678036543e+01
6.419400331047347663e+02,3.917919951579550570e+02,1.782173232193183665e+01,3.951439174310895908e+01
6.408999005393698098e+02,3.929695835529445276e+02,1.808273172943343710e+01,3.948068378323863215e+01
6.423478394850485529e+02,3.914779512149168568e+02,1.835804147731244029e+01,3.961811825719129132e+01
6.407979965516648235e+02,3.935647056948177465e+02,1.830099597696857217e+01,4.005005992757752153e+01
6.395776135008973142e+02,3.922334914154515104e+02,1.856502810786156132e+01,3.975177009298415953e+01
6.390785982512661576e+02,3.939790817447561153e+02,1.811287926866852160e+01,4.050893194841305700e+01
6.370114725300481950e+02,3.924720984780265667e+02,1.835400803806985692e+01,4.035067992069973997e+01
6.353943872988951398e+02,3.939204253903688482e+02,1.817676316185978891e+01,4.054921948209305071e+01
6.334946618812515453e+02,3.927090929057317226e+02,1.825079948260523466e+01,4.058806129501043358e+01
6.292781587884076089e+02,3.944616009678173896e+02,1.843857117885237784e+01,4.069948379808212735e+01
6.276187051710917331e+02,3.956764777140160732e+02,1.825202792634707549e+01,4.118465182782530576e+01
6.222792825197412867e+02,3.942678477585276937e+02,1.830770714475844585e+01,4.082293854086499607e+01
6.202802916614724609e+02,3.958044881600042686e+02,1.812737942068340402e+01,4.106713401049486833e+01
6.154209887305564735e+02,3.970901594273605042e+02,1.812532316551089195e+01,4.113130144358638063e+01
6.106914396534332354e+02,3.955683312846306308e+02,1.836580101946452359e+01,4.095192906922552112e+01
6.060260238644971196e+02,3.968526130247575452e+02,1.820104429472431917e+01,4.174883742887652716e+01
6.001288526310858060e+02,3.988952428963364696e+02,1.822741667640307384e+01,4.169066918886194628e+01
5.938759694734724235e+02,3.977339242343541059e+02,1.865961369383919077e+01,4.130184568404563805e+01
5.883686369563851031e+02,3.972713137246067276e+02,1.864060353422715366e+01,4.106682104657321730e+01
5.832564550503657301e+02,3.993344011376812546e+02,1.864627742774801078e+01,4.111507802126646283e+01
5.774632906662176310e+02,3.984893615869299879e+02,1.868060138189615671e+01,4.113645607010325733e+01
5.694381115025310010e+02,3.994827833070573320e+02,1.871868401346864275e+01,4.112571891589745832e+01
5.640709679082686989e+02,3.988411569561646957e+02,1.876910565481318116e+01,4.114583201216051123e+01
5.582632676811822421e+02,4.006722043399531685e+02,1.865482986234286500e+01,4.139188744065909020e+01
5.517216653161596014e+02,3.994265357890161567e+02,1.943056331705852813e+01,4.104169827262029457e+01
5.463754031208023889e+02,4.009641780506256055e+02,1.909450227381297083e+01,4.181322504395714645e+01
5.380243070564030177e+02,4.001142295313127875e+02,1.927042067519484192e+01,4.143902278029086972e+01
5.329636486650144889e+02,4.022829710865992752e+02,1.941539144204171663e+01,4.140827518531234119e+01
5.280818860346316796e+02,4.031622227619060936e+02,1.913435817772176506e+01,4.167850103506195580e+01
5.231589208695563684e+02,4.016301178054477532e+02,1.932991123431290603e+01,4.193969094752078774e+01
5.185430062778597176e+02,4.030500520947308019e+02,1.931328632377311294e+01,4.184445055994898155e+01
5.132244038597318649e+02,4.020757619587010367e+02,2.059459516393512502e+01,4.170479807634748681e+01
5.086155779164045612e+02,4.009675007283391892e+02,2.127896858531867252e+01,4.123619637821194317e+01
5.063547730309687154e+02,4.029781917534661488e+02,2.142525744478292893e+01,4.144133105159087194e+01
5.038560674912872628e+02,4.013475245079163756e+02,2.162932545697665176e+01,4.142078635606013393e+01
5.014576575513993362e+02,4.032595197928988000e+02,2.163576342833573918e+01,4.184849809475009863e+01
4.992043194921409963e+02,4.014480106228893987e+02,2.158447426822692350e+01,4.226793772421289219e+01
4.971567529521621509e+02,3.999923188518066013e+02,2.188721008751870301e+01,4.205372092839624543e+01
4.965990442497881645e+02,4.015975152587325852e+02,2.119534611733534035e+01,4.244781195739402335e+01
4.955262773783877606e+02,4.000835140339321470e+02,2.161096674463474443e+01,4.247184783709434441e+01
4.954306995372781444e+02,4.010982408644399584e+02,2.116228593669972469e+01,4.256474677617639202e+01
4.942976418874615092e+02,3.988799689505651713e+02,2.140950561026484422e+01,4.249578504209745233e+01
4.952727189723597121e+02,3.981797285057931504e+02,2.174699439624856012e+01,4.186209864190750807e+01
4.933847482883610951e+02,3.965741020436777831e+02,2.201268305008867543e+01,4.183356136495115152e+01
4.948644300439810877e+02,3.988690564083966592e+02,2.220276125790387312e+01,4.171317606538397627e+01
4.935892616540041899e+02,3.962874958983849183e+02,2.219236471952878276e+01,4.208913144362277592e+01
4.931391112327105475e+02,3.942502224820601668e+02,2.203011191793575563e+01,4.221228109571501363e+01
4.929962827925090210e+02,3.955640090866237415e+02,2.172805353020377339e+01,4.210866394699741022e+01
4.939510692818026314e+02,3.941891772954602402e+02,2.192588168420008898e+01,4.162829675425425080e+01
4.927154944245193064e+02,3.919394216153680190e+02,2.225016817664464952e+01,4.178007700100489785e+01
4.918912579053805985e+02,3.906391947826667774e+02,2.232683275754744301e+01,4.184736688047293995e+01
4.917770500552624640e+02,3.886107215661546661e+02,2.209167127668281339e+01,4.187005494786600934e+01
4.909843268011194368e+02,3.895644612812852756e+02,2.237800451134826574e+01,4.182713945956032831e+01
4.899778260993630852e+02,3.877535960970649285e+02,2.250451723878989441e+01,4.213295233608819501e+01
4.888109901109174302e+02,3.885225708238522770e+02,2.256642088415339131e+01,4.245392357591105537e+01
4.877338741359915844e+02,3.858162372688217374e+02,2.281295467955564504e+01,4.254683799279584377e+01
4.853105257488929283e+02,3.839846258891982416e+02,2.314579599644707741e+01,4.222324601472297445e+01
4.834595345226863969e+02,3.822651161351650444e+02,2.330569518546290197e+01,4.193028615267211734e+01
4.810931499921411501e+02,3.839235290800034477e+02,2.329473990039255327e+01,4.194582792161039464e+01
4.795183404526636650e+02,3.816518224139690574e+02,2.328574720490287930e+01,4.167168153459352453e+01
4.774970740060491607e+02,3.804564762572484824e+02,2.320522082536582076e+01,4.162716481216124720e+01
4.742899705862358246e+02,3.782924820423305619e+02,2.301031015705788363e+01,4.158011890972169056e+01
4.732854809871424777e+02,3.768504978802297387e+02,2.277758846756450950e+01,4.155470131435247083e+01
4.716262793791135550e+02,3.781393105921146116e+02,2.295828707279784453e+01,4.154088862327916587e+01
4.686172915486144461e+02,3.761215508927799078e+02,2.304080979571619281e+01,4.108433877756384334e+01
4.679055665231046532e+02,3.742423989792563930e+02,2.272442637257654496e+01,4.138871246506931101e+01
4.661160084540103412e+02,3.725839160373087680e+02,2.293747963120277689e+01,4.141147983593351967e+01
4.649773762142136206e+02,3.709170314504225985e+02,2.305148865768647681e+01,4.136155221519592828e+01
4.642361969056123030e+02,3.698416975267230669e+02,2.296245199691217209e+01,4.123428956447188654e+01
4.637809308100384555e+02,3.682268870569427008e+02,2.259514238164811673e+01,4.106997100894587760e+01
4.631537457150956811e+02,3.668253825373855648e+02,2.257209550782061669e+01,4.081432526290392815e+01
4.627453681842171136e+02,3.634548661166884926e+02,2.263073796019123662e+01,4.103804223973510545e+01
4.619940846134778667e+02,3.635731093305930699e+02,2.283211710957375828e+01,4.102159754888639753e+01
4.637447669276600664e+02,3.624143139667743867e+02,2.294821201680816003e+01,4.084508436798490294e+01
4.639244353556298961e+02,3.607580027369070876e+02,2.268427375083718189e+01,4.087417969187044520e+01
4.639762546498106417e+02,3.588421465550287621e+02,2.268803912627997477e+01,4.062680813610201369e+01
4.640248318372467224e+02,3.552362032642978988e+02,2.275051576527798858e+01,4.068206086365135832e+01
4.641952696506336906e+02,3.527202377183886028e+02,2.278433836018760061e+01,4.024359877462277524e+01
4.662648026399560877e+02,3.543774777507986187e+02,2.276659358286720192e+01,4.063814337754261885e+01
4.667512535747112565e+02,3.506392443766761744e+02,2.241537078096864732e+01,4.086507504201676255e+01
4.675437992010224661e+02,3.496129180263286003e+02,2.244761747046954525e+01,4.086758688501533499e+01
4.679085691780205138e+02,3.459166746581357756e+02,2.234475663892142450e+01,4.078740497363486384e+01
4.675833280291159326e+02,3.436097870736502955e+02,2.252870369631885339e+01,4.004472624703700490e+01
4.682426859445708942e+02,3.436974499546295760e+02,2.224113796802428666e+01,4.068518255523834171e+01
4.688497900471562048e+02,3.426905263803915886e+02,2.206586268235592030e+01,4.087513258037759556e+01
4.688675051328979748e+02,3.417782684568650211e+02,2.172675605465945736e+01,4.072189633793029628e+01
4.683865081892962507e+02,3.379600595191973866e+02,2.187089124587895128e+01,4.058907574128072326e+01
4.678151488632117889e+02,3.357203105467767159e+02,2.208991266484784077e+01,4.006902238988784859e+01
4.673915051966076248e+02,3.358176610848092878e+02,2.202954297081162593e+01,3.987380172174067638e+01
