7.990000000000000000e+02,6.380000000000000000e+02,6.200000000000000000e+01,8.200000000000000000e+01
8.150102870114569669e+02,6.382472592524213724e+02,5.643981034598262170e+01,8.199277855326276665e+01
8.287989715705158460e+02,6.384254159620940072e+02,5.474510686202016529e+01,8.219609528948085142e+01
8.390001813546812173e+02,6.382910771977249169e+02,5.627190940062285307e+01,8.080862152351069483e+01
8.484851083462559700e+02,6.376202261045208388e+02,5.841357809203390161e+01,8.087956734605009501e+01
8.526587782466149292e+02,6.353152170330971558e+02,6.686083782439710888e+01,8.194795522080069361e+01
8.566155850889047088e+02,6.314424709733635837e+02,7.700050592387509596e+01,8.672568653895241653e+01
8.590667553728540042e+02,6.292040623397884929e+02,8.902050193434580194e+01,8.929709518526827594e+01
8.591211166801507488e+02,6.285194543226573387e+02,1.013718098754773393e+02,9.170244927723929607e+01
8.635131474079848886e+02,6.271110147704391693e+02,1.093990067358489711e+02,9.270980038847335436e+01
8.743001962121343240e+02,6.277007506111921202e+02,1.125067958005237898e+02,9.254677291320544441e+01
8.809851320643065264e+02,6.277663487864524541e+02,1.170082085810426804e+02,9.259669883589141648e+01
8.911231221453060698e+02,6.283227955104049443e+02,1.180518352000494389e+02,9.086059811688731713e+01
9.039499933614453084e+02,6.284534346478998259e+02,1.155155930729467855e+02,9.104188012722745782e+01
9.200849534018285567e+02,6.313379890001600643e+02,1.122293842348560986e+02,8.641969603761319263e+01
9.328196984143819463e+02,6.319081329692160125e+02,1.121334179219075224e+02,8.621031922325400387e+01
9.537312281102280167e+02,6.286145563606485211e+02,1.008945736943998384e+02,9.022564169087709729e+01
9.727613262683770472e+02,6.267200177338578442e+02,9.491556939470336829e+01,9.144108074369862038e+01
9.865719946814708692e+02,6.232461496009130997e+02,9.333035775162133518e+01,9.482237618889411124e+01
9.976266906132755139e+02,6.217990050396621200e+02,9.494229843806077440e+01,9.514590959125754921e+01
1.009560613985126452e+03,6.190697427966033501e+02,9.508678842531600139e+01,9.600262552940137084e+01
1.020024661679800715e+03,6.155594772345606316e+02,9.396630068672422453e+01,9.406404353245423522e+01
1.026726923153940106e+03,6.163383984984975541e+02,9.926175370585275459e+01,9.928796360452543013e+01
1.029963419025172470e+03,6.151339233263454389e+02,1.085214642186368792e+02,1.002983477027969457e+02
1.037762412306733722e+03,6.176145017039866616e+02,1.096096692143522091e+02,9.895200999734959169e+01
1.046393959202355745e+03,6.183608589485892253e+02,1.104305750568972542e+02,9.916863715338531904e+01
1.055847437604280003e+03,6.196655002940063923e+02,1.131306948979462703e+02,9.718727067940125153e+01
1.067042514617866573e+03,6.207905321701241519e+02,1.109082521287078720e+02,9.600361711107227336e+01
1.083108577295801524e+03,6.214501841991310584e+02,1.030078791684678094e+02,9.604991423504247905e+01
1.089300356965396759e+03,6.206952041520049761e+02,1.096451499836961148e+02,9.641023496123747805e+01
1.093214767622275986e+03,6.188492436887734129e+02,1.192382875932775619e+02,9.892209848127507144e+01
1.099942046426143634e+03,6.169426816840323227e+02,1.267518639119339809e+02,1.006354316792185557e+02
1.105711288239413079e+03,6.142357750692804075e+02,1.296719784222970020e+02,1.035223491472324326e+02
1.109817357357293531e+03,6.149364456390712803e+02,1.405402025064825011e+02,1.014935710717492157e+02
1.120613199640304856e+03,6.126163308999997525e+02,1.358489638785698048e+02,1.056727583245312303e+02
1.129884439441096902e+03,6.147314822494489590e+02,1.353160515377281570e+02,1.006386686326061124e+02
1.140248422355520688e+03,6.159538594899801183e+02,1.368249784090760386e+02,9.954607913529329721e+01
1.148163829320576951e+03,6.182244406042149194e+02,1.287406811835226677e+02,9.864662098931265177e+01
1.160198549866001031e+03,6.221432670871296295e+02,1.173323156847156952e+02,9.399548097056573681e+01
1.169900116168831119e+03,6.258259277657978146e+02,1.120110445750267871e+02,8.894786286029965083e+01
1.185867565825348038e+03,6.276496935206621401e+02,9.257627591537436729e+01,8.819974898934967200e+01
1.199822515592039508e+03,6.321933401189917276e+02,7.909945705520954107e+01,8.580117268111817452e+01
1.216131404969772575e+03,6.344447214014500105e+02,6.329571371539270075e+01,8.489871662712691602e+01
1.223667938413161664e+03,6.472554656464907339e+02,5.436534130188115199e+01,7.098097684004854102e+01
1.218640975994114569e+03,6.710679060994835936e+02,6.381650141428987411e+01,4.460051503196303457e+01
1.228017245003019752e+03,6.745374202276157121e+02,5.011465404741954899e+01,4.514653793078934996e+01
1.231231547420191646e+03,6.844233997765893491e+02,5.046581720318818043e+01,3.395566594526867732e+01
1.237706302308161412e+03,6.867479948197842532e+02,4.284528978045905490e+01,3.326245902080508898e+01
1.241363206736225948e+03,6.884614328633457490e+02,3.938741959734924336e+01,3.104251822020408014e+01
1.247929020205206598e+03,6.901404338557453002e+02,3.195886616097508437e+01,2.961680857759101571e+01
1.255094538506990375e+03,6.901857955999863634e+02,2.520041704748924261e+01,2.950326949465914339e+01
1.265241837433082537e+03,6.849325796206385348e+02,1.365667845586411211e+01,3.664093490710557433e+01
1.264215240196175955e+03,6.855460542101864121e+02,1.571102028835527875e+01,3.211140155671466090e+01
1.254354985683861287e+03,6.972427439288329651e+02,2.668041637505753272e+01,2.189461113156735550e+01
1.245155008002291424e+03,7.028959507028285998e+02,3.556698310446925859e+01,1.645109593333818054e+01
1.237083907868791357e+03,7.006439245915162246e+02,3.807624689380845240e+01,1.980061405447666800e+01
1.252034373034520740e+03,6.885022402803082286e+02,2.777817415207127283e+01,3.165912935200248413e+01
1.251505256203437057e+03,6.879181377457190365e+02,2.849067622802059674e+01,3.258270265390792986e+01
1.248520840751551987e+03,6.860151362590564759e+02,3.158490433714348455e+01,3.465748168638383220e+01
1.247030395199683880e+03,6.853942616506931245e+02,3.293012823602312977e+01,3.521844798894887418e+01
1.253905437758156950e+03,6.749069123627623412e+02,2.563442601550028144e+01,4.481989464983229254e+01
1.259853167692840998e+03,6.462499972886803334e+02,1.990130154194500989e+01,4.825138532045725981e+01
1.258029611425572966e+03,6.402687253075366698e+02,2.247552117219941437e+01,3.994089995535203741e+01
1.249101005968131858e+03,6.405942486878335558e+02,3.118788898558018019e+01,3.424829111437488649e+01
1.254777754251956594e+03,6.050941560508706516e+02,2.658633266832761421e+01,4.012720716222666084e+01
1.247798646065667981e+03,6.326846921702046984e+02,3.030749516974994506e+01,3.870800626144904300e+01
1.235917452654156932e+03,6.326873874214029456e+02,3.302309473080912028e+01,3.680755140510964907e+01
1.238678493350427516e+03,6.334089219344174353e+02,3.428860479563469710e+01,3.600058094275187415e+01
1.239926969140451320e+03,6.336095531058823553e+02,3.428860479563469710e+01,3.600058094275187415e+01
1.241118479221742518e+03,6.332474340570485083e+02,3.428860479563469710e+01,3.600058094275187415e+01
1.240345766633432277e+03,6.328120829237019507e+02,3.428860479563469710e+01,3.600058094275187415e+01
1.256403056410699492e+03,6.009417076488819021e+02,2.770660466309762882e+01,4.181267014595646714e+01
1.262950605567626326e+03,5.931189920974798042e+02,2.076950729528892481e+01,4.559905335905109780e+01
1.264321718066550147e+03,5.990269690063732924e+02,1.918408721668401284e+01,3.961934507806836336e+01
1.260096661886617085e+03,5.951322045362794597e+02,2.000855346220071951e+01,4.029499910599396628e+01
1.255856834126621152e+03,5.865091634977054582e+02,2.368337938471971427e+01,4.404746317166748071e+01
1.246278126062225510e+03,5.823805295448720472e+02,2.506990050923839064e+01,4.479072636999781309e+01
1.239100284357655028e+03,5.837937005424280414e+02,2.837828548698302455e+01,3.840246516254456566e+01
1.238795587840457983e+03,5.670643679513881352e+02,3.304596995661876235e+01,3.988450871681685328e+01
1.235102343892441468e+03,5.522001039706041183e+02,3.935282044439497184e+01,4.036318545157825355e+01
1.248483291978230227e+03,5.237680182136613212e+02,3.331149579076202372e+01,5.783311563245595721e+01
1.242609249916208000e+03,5.087359330493621883e+02,3.662031943201831297e+01,6.957854130163042328e+01
1.239998376559186454e+03,4.921402090228527868e+02,4.047622320763814230e+01,7.943429980997139239e+01
1.223805527235864020e+03,4.821891106844556134e+02,5.601073128726650907e+01,8.298080266962706730e+01
1.213704384671024172e+03,4.778493423338142634e+02,6.544359770051542569e+01,9.288478829020603200e+01
1.207478762414702715e+03,4.711011091998688585e+02,7.079893500185482935e+01,1.025207909388647209e+02
1.207478762414702715e+03,4.711011091998688585e+02,7.079893500185482935e+01,1.025207909388647209e+02
1.207478762414702715e+03,4.711011091998688585e+02,7.079893500185482935e+01,1.025207909388647209e+02
1.207478762414702715e+03,4.711011091998688585e+02,7.079893500185482935e+01,1.025207909388647209e+02
1.207478762414702715e+03,4.711011091998688585e+02,7.079893500185482935e+01,1.025207909388647209e+02
1.207478762414702715e+03,4.711011091998688585e+02,7.079893500185482935e+01,1.025207909388647209e+02
1.207478762414702715e+03,4.711011091998688585e+02,7.079893500185482935e+01,1.025207909388647209e+02
1.207478762414702715e+03,4.711011091998688585e+02,7.079893500185482935e+01,1.025207909388647209e+02
1.207478762414702715e+03,4.711011091998688585e+02,7.079893500185482935e+01,1.025207909388647209e+02
1.207478762414702715e+03,4.711011091998688585e+02,7.079893500185482935e+01,1.025207909388647209e+02
1.124686422436293014e+03,4.264154279230103839e+02,7.830535262957261011e+01,1.151220729261753775e+02
1.115841462558259082e+03,4.239444996025821411e+02,7.998820565895604773e+01,1.113133163544463855e+02
1.102483617616657966e+03,4.167720645452983490e+02,8.002175328446786295e+01,1.034155850743607061e+02
1.096041492846231449e+03,4.172761922244106927e+02,7.951444227081611871e+01,1.003743287700910827e+02
1.084226809625688020e+03,4.145406251779814397e+02,7.928588138951533892e+01,9.657536799142863515e+01
1.072794284406588986e+03,4.118715230085671237e+02,7.966797780244486660e+01,9.401986648537811675e+01
1.063150925903513553e+03,4.072996789291744335e+02,8.041620260583688662e+01,9.265055606323079473e+01
1.057734506386651447e+03,4.063828036992356942e+02,7.717414291977353002e+01,9.597976321866492810e+01
1.050070356847638550e+03,4.034423381899708829e+02,7.461903631237483125e+01,1.022994827704054046e+02
1.040568303872257957e+03,4.004023340001893985e+02,6.774388124628998753e+01,1.048013015385333375e+02
1.035696612489151903e+03,3.961059532249055906e+02,6.336166891972876414e+01,1.047224951722308788e+02
1.024013205547593770e+03,3.944037675766473967e+02,7.097135599467840450e+01,1.021153117507297310e+02
1.018826657535825120e+03,3.947482500292177861e+02,6.549711429543761199e+01,1.101370897960283628e+02
1.009875331211127332e+03,3.957712741761705502e+02,6.700135805506249653e+01,1.122247070637988173e+02
1.002976139376072979e+03,3.927441564405294230e+02,6.525944326325736711e+01,1.097003187634136481e+02
9.898635741469092864e+02,3.926368111732105604e+02,6.977574384182388201e+01,1.104171286604056093e+02
9.815182754236554956e+02,3.924674062135532040e+02,6.891771534228644214e+01,1.123420686027230317e+02
9.182355313494937263e+02,4.845649996867748541e+02,6.302426489197722503e+01,9.592338617288118030e+01
9.159039544982548477e+02,4.855786973279425638e+02,6.457385887155464843e+01,9.205366389183515707e+01
9.093924868725325723e+02,4.874463595504758473e+02,6.552500628883160516e+01,9.062771354077801789e+01
8.948931817861182481e+02,4.926106583728305850e+02,7.398957219591341072e+01,9.124097323402017423e+01
8.899609473198373735e+02,4.901735147404673398e+02,7.673227503808189454e+01,9.423031415246377662e+01
8.811165927797168251e+02,4.909910463574842652e+02,8.274241718564492487e+01,9.798073227600438884e+01
8.711669063894505598e+02,4.888621363004564273e+02,8.798339229161675235e+01,9.863267785163844792e+01
8.636636321298680059e+02,4.902793686169632679e+02,9.104253976402902993e+01,1.028134748687101876e+02
8.575368692390337628e+02,4.911456775356583648e+02,9.039956591190833990e+01,1.042200357842191636e+02
8.510147944208697481e+02,4.903281718265776590e+02,9.119018886061438423e+01,1.066083065035661264e+02
8.510147944208697481e+02,4.903281718265776590e+02,9.119018886061438423e+01,1.066083065035661264e+02
8.510147944208697481e+02,4.903281718265776590e+02,9.119018886061438423e+01,1.066083065035661264e+02
8.510147944208697481e+02,4.903281718265776590e+02,9.119018886061438423e+01,1.066083065035661264e+02
8.510147944208697481e+02,4.903281718265776590e+02,9.119018886061438423e+01,1.066083065035661264e+02
8.510147944208697481e+02,4.903281718265776590e+02,9.119018886061438423e+01,1.066083065035661264e+02
8.261658274368137427e+02,4.092852296099463842e+02,8.694420650792554284e+01,1.679034041936646133e+02
8.261658274368137427e+02,4.092852296099463842e+02,8.694420650792554284e+01,1.679034041936646133e+02
8.261658274368137427e+02,4.092852296099463842e+02,8.694420650792554284e+01,1.679034041936646133e+02
8.261658274368137427e+02,4.092852296099463842e+02,8.694420650792554284e+01,1.679034041936646133e+02
7.977597618400561714e+02,3.829562594913397788e+02,9.849365383303251065e+01,2.121517107944033000e+02
7.977597618400561714e+02,3.829562594913397788e+02,9.849365383303251065e+01,2.121517107944033000e+02
7.977597618400561714e+02,3.829562594913397788e+02,9.849365383303251065e+01,2.121517107944033000e+02
7.977597618400561714e+02,3.829562594913397788e+02,9.849365383303251065e+01,2.121517107944033000e+02
7.977597618400561714e+02,3.829562594913397788e+02,9.849365383303251065e+01,2.121517107944033000e+02
7.977597618400561714e+02,3.829562594913397788e+02,9.849365383303251065e+01,2.121517107944033000e+02
7.977597618400561714e+02,3.829562594913397788e+02,9.849365383303251065e+01,2.121517107944033000e+02
7.977597618400561714e+02,3.829562594913397788e+02,9.849365383303251065e+01,2.121517107944033000e+02
7.977597618400561714e+02,3.829562594913397788e+02,9.849365383303251065e+01,2.121517107944033000e+02
7.977597618400561714e+02,3.829562594913397788e+02,9.849365383303251065e+01,2.121517107944033000e+02
7.977597618400561714e+02,3.829562594913397788e+02,9.849365383303251065e+01,2.121517107944033000e+02
7.977597618400561714e+02,3.829562594913397788e+02,9.849365383303251065e+01,2.121517107944033000e+02
7.977597618400561714e+02,3.829562594913397788e+02,9.849365383303251065e+01,2.121517107944033000e+02
7.977597618400561714e+02,3.829562594913397788e+02,9.849365383303251065e+01,2.121517107944033000e+02
7.977597618400561714e+02,3.829562594913397788e+02,9.849365383303251065e+01,2.121517107944033000e+02
7.977597618400561714e+02,3.829562594913397788e+02,9.849365383303251065e+01,2.121517107944033000e+02
7.977597618400561714e+02,3.829562594913397788e+02,9.849365383303251065e+01,2.121517107944033000e+02
7.977597618400561714e+02,3.829562594913397788e+02,9.849365383303251065e+01,2.121517107944033000e+02
7.977597618400561714e+02,3.829562594913397788e+02,9.849365383303251065e+01,2.121517107944033000e+02
7.977597618400561714e+02,3.829562594913397788e+02,9.849365383303251065e+01,2.121517107944033000e+02
7.977597618400561714e+02,3.829562594913397788e+02,9.849365383303251065e+01,2.121517107944033000e+02
7.977597618400561714e+02,3.829562594913397788e+02,9.849365383303251065e+01,2.121517107944033000e+02
7.977597618400561714e+02,3.829562594913397788e+02,9.849365383303251065e+01,2.121517107944033000e+02
7.977597618400561714e+02,3.829562594913397788e+02,9.849365383303251065e+01,2.121517107944033000e+02
7.977597618400561714e+02,3.829562594913397788e+02,9.849365383303251065e+01,2.121517107944033000e+02
7.977597618400561714e+02,3.829562594913397788e+02,9.849365383303251065e+01,2.121517107944033000e+02
7.977597618400561714e+02,3.829562594913397788e+02,9.849365383303251065e+01,2.121517107944033000e+02
7.977597618400561714e+02,3.829562594913397788e+02,9.849365383303251065e+01,2.121517107944033000e+02
7.977597618400561714e+02,3.829562594913397788e+02,9.849365383303251065e+01,2.121517107944033000e+02
7.977597618400561714e+02,3.829562594913397788e+02,9.849365383303251065e+01,2.121517107944033000e+02
7.977597618400561714e+02,3.829562594913397788e+02,9.849365383303251065e+01,2.121517107944033000e+02
6.242162256521029349e+02,4.367250329230803914e+02,1.410843272831577053e+02,2.565967841701798307e+02
6.242162256521029349e+02,4.367250329230803914e+02,1.410843272831577053e+02,2.565967841701798307e+02
6.242162256521029349e+02,4.367250329230803914e+02,1.410843272831577053e+02,2.565967841701798307e+02
6.242162256521029349e+02,4.367250329230803914e+02,1.410843272831577053e+02,2.565967841701798307e+02
6.242162256521029349e+02,4.367250329230803914e+02,1.410843272831577053e+02,2.565967841701798307e+02
6.242162256521029349e+02,4.367250329230803914e+02,1.410843272831577053e+02,2.565967841701798307e+02
6.242162256521029349e+02,4.367250329230803914e+02,1.410843272831577053e+02,2.565967841701798307e+02
6.242162256521029349e+02,4.367250329230803914e+02,1.410843272831577053e+02,2.565967841701798307e+02
6.242162256521029349e+02,4.367250329230803914e+02,1.410843272831577053e+02,2.565967841701798307e+02
6.242162256521029349e+02,4.367250329230803914e+02,1.410843272831577053e+02,2.565967841701798307e+02
6.242162256521029349e+02,4.367250329230803914e+02,1.410843272831577053e+02,2.565967841701798307e+02
6.242162256521029349e+02,4.367250329230803914e+02,1.410843272831577053e+02,2.565967841701798307e+02
6.242162256521029349e+02,4.367250329230803914e+02,1.410843272831577053e+02,2.565967841701798307e+02
6.242162256521029349e+02,4.367250329230803914e+02,1.410843272831577053e+02,2.565967841701798307e+02
6.242162256521029349e+02,4.367250329230803914e+02,1.410843272831577053e+02,2.565967841701798307e+02
6.242162256521029349e+02,4.367250329230803914e+02,1.410843272831577053e+02,2.565967841701798307e+02
6.242162256521029349e+02,4.367250329230803914e+02,1.410843272831577053e+02,2.565967841701798307e+02
6.242162256521029349e+02,4.367250329230803914e+02,1.410843272831577053e+02,2.565967841701798307e+02
6.242162256521029349e+02,4.367250329230803914e+02,1.410843272831577053e+02,2.565967841701798307e+02
6.242162256521029349e+02,4.367250329230803914e+02,1.410843272831577053e+02,2.565967841701798307e+02
6.242162256521029349e+02,4.367250329230803914e+02,1.410843272831577053e+02,2.565967841701798307e+02
6.242162256521029349e+02,4.367250329230803914e+02,1.410843272831577053e+02,2.565967841701798307e+02
6.242162256521029349e+02,4.367250329230803914e+02,1.410843272831577053e+02,2.565967841701798307e+02
6.242162256521029349e+02,4.367250329230803914e+02,1.410843272831577053e+02,2.565967841701798307e+02
6.242162256521029349e+02,4.367250329230803914e+02,1.410843272831577053e+02,2.565967841701798307e+02
6.242162256521029349e+02,4.367250329230803914e+02,1.410843272831577053e+02,2.565967841701798307e+02
6.242162256521029349e+02,4.367250329230803914e+02,1.410843272831577053e+02,2.565967841701798307e+02
6.242162256521029349e+02,4.367250329230803914e+02,1.410843272831577053e+02,2.565967841701798307e+02
6.242162256521029349e+02,4.367250329230803914e+02,1.410843272831577053e+02,2.565967841701798307e+02
6.242162256521029349e+02,4.367250329230803914e+02,1.410843272831577053e+02,2.565967841701798307e+02
6.242162256521029349e+02,4.367250329230803914e+02,1.410843272831577053e+02,2.565967841701798307e+02
6.242162256521029349e+02,4.367250329230803914e+02,1.410843272831577053e+02,2.565967841701798307e+02
6.242162256521029349e+02,4.367250329230803914e+02,1.410843272831577053e+02,2.565967841701798307e+02
6.242162256521029349e+02,4.367250329230803914e+02,1.410843272831577053e+02,2.565967841701798307e+02
6.242162256521029349e+02,4.367250329230803914e+02,1.410843272831577053e+02,2.565967841701798307e+02
6.242162256521029349e+02,4.367250329230803914e+02,1.410843272831577053e+02,2.565967841701798307e+02
6.242162256521029349e+02,4.367250329230803914e+02,1.410843272831577053e+02,2.565967841701798307e+02
6.242162256521029349e+02,4.367250329230803914e+02,1.410843272831577053e+02,2.565967841701798307e+02
6.242162256521029349e+02,4.367250329230803914e+02,1.410843272831577053e+02,2.565967841701798307e+02
6.242162256521029349e+02,4.367250329230803914e+02,1.410843272831577053e+02,2.565967841701798307e+02
6.242162256521029349e+02,4.367250329230803914e+02,1.410843272831577053e+02,2.565967841701798307e+02
6.242162256521029349e+02,4.367250329230803914e+02,1.410843272831577053e+02,2.565967841701798307e+02
6.242162256521029349e+02,4.367250329230803914e+02,1.410843272831577053e+02,2.565967841701798307e+02
6.242162256521029349e+02,4.367250329230803914e+02,1.410843272831577053e+02,2.565967841701798307e+02
6.242162256521029349e+02,4.367250329230803914e+02,1.410843272831577053e+02,2.565967841701798307e+02
6.242162256521029349e+02,4.367250329230803914e+02,1.410843272831577053e+02,2.565967841701798307e+02
6.242162256521029349e+02,4.367250329230803914e+02,1.410843272831577053e+02,2.565967841701798307e+02
6.242162256521029349e+02,4.367250329230803914e+02,1.410843272831577053e+02,2.565967841701798307e+02
6.242162256521029349e+02,4.367250329230803914e+02,1.410843272831577053e+02,2.565967841701798307e+02
6.242162256521029349e+02,4.367250329230803914e+02,1.410843272831577053e+02,2.565967841701798307e+02
6.242162256521029349e+02,4.367250329230803914e+02,1.410843272831577053e+02,2.565967841701798307e+02
6.242162256521029349e+02,4.367250329230803914e+02,1.410843272831577053e+02,2.565967841701798307e+02
6.242162256521029349e+02,4.367250329230803914e+02,1.410843272831577053e+02,2.565967841701798307e+02
6.242162256521029349e+02,4.367250329230803914e+02,1.410843272831577053e+02,2.565967841701798307e+02
6.242162256521029349e+02,4.367250329230803914e+02,1.410843272831577053e+02,2.565967841701798307e+02
6.242162256521029349e+02,4.367250329230803914e+02,1.410843272831577053e+02,2.565967841701798307e+02
6.242162256521029349e+02,4.367250329230803914e+02,1.410843272831577053e+02,2.565967841701798307e+02
6.242162256521029349e+02,4.367250329230803914e+02,1.410843272831577053e+02,2.565967841701798307e+02
6.242162256521029349e+02,4.367250329230803914e+02,1.410843272831577053e+02,2.565967841701798307e+02
6.242162256521029349e+02,4.367250329230803914e+02,1.410843272831577053e+02,2.565967841701798307e+02
6.242162256521029349e+02,4.367250329230803914e+02,1.410843272831577053e+02,2.565967841701798307e+02
6.242162256521029349e+02,4.367250329230803914e+02,1.410843272831577053e+02,2.565967841701798307e+02
6.242162256521029349e+02,4.367250329230803914e+02,1.410843272831577053e+02,2.565967841701798307e+02
6.242162256521029349e+02,4.367250329230803914e+02,1.410843272831577053e+02,2.565967841701798307e+02
6.242162256521029349e+02,4.367250329230803914e+02,1.410843272831577053e+02,2.565967841701798307e+02
6.242162256521029349e+02,4.367250329230803914e+02,1.410843272831577053e+02,2.565967841701798307e+02
6.242162256521029349e+02,4.367250329230803914e+02,1.410843272831577053e+02,2.565967841701798307e+02
6.242162256521029349e+02,4.367250329230803914e+02,1.410843272831577053e+02,2.565967841701798307e+02
6.242162256521029349e+02,4.367250329230803914e+02,1.410843272831577053e+02,2.565967841701798307e+02
6.242162256521029349e+02,4.367250329230803914e+02,1.410843272831577053e+02,2.565967841701798307e+02
6.242162256521029349e+02,4.367250329230803914e+02,1.410843272831577053e+02,2.565967841701798307e+02
6.242162256521029349e+02,4.367250329230803914e+02,1.410843272831577053e+02,2.565967841701798307e+02
6.242162256521029349e+02,4.367250329230803914e+02,1.410843272831577053e+02,2.565967841701798307e+02
6.242162256521029349e+02,4.367250329230803914e+02,1.410843272831577053e+02,2.565967841701798307e+02
6.242162256521029349e+02,4.367250329230803914e+02,1.410843272831577053e+02,2.565967841701798307e+02
6.242162256521029349e+02,4.367250329230803914e+02,1.410843272831577053e+02,2.565967841701798307e+02
6.242162256521029349e+02,4.367250329230803914e+02,1.410843272831577053e+02,2.565967841701798307e+02
6.242162256521029349e+02,4.367250329230803914e+02,1.410843272831577053e+02,2.565967841701798307e+02
6.242162256521029349e+02,4.367250329230803914e+02,1.410843272831577053e+02,2.565967841701798307e+02
6.242162256521029349e+02,4.367250329230803914e+02,1.410843272831577053e+02,2.565967841701798307e+02
6.242162256521029349e+02,4.367250329230803914e+02,1.410843272831577053e+02,2.565967841701798307e+02
6.242162256521029349e+02,4.367250329230803914e+02,1.410843272831577053e+02,2.565967841701798307e+02
6.242162256521029349e+02,4.367250329230803914e+02,1.410843272831577053e+02,2.565967841701798307e+02
6.242162256521029349e+02,4.367250329230803914e+02,1.410843272831577053e+02,2.565967841701798307e+02
6.242162256521029349e+02,4.367250329230803914e+02,1.410843272831577053e+02,2.565967841701798307e+02
6.242162256521029349e+02,4.367250329230803914e+02,1.410843272831577053e+02,2.565967841701798307e+02
6.242162256521029349e+02,4.367250329230803914e+02,1.410843272831577053e+02,2.565967841701798307e+02
6.242162256521029349e+02,4.367250329230803914e+02,1.410843272831577053e+02,2.565967841701798307e+02
6.242162256521029349e+02,4.367250329230803914e+02,1.410843272831577053e+02,2.565967841701798307e+02
6.242162256521029349e+02,4.367250329230803914e+02,1.410843272831577053e+02,2.565967841701798307e+02
6.242162256521029349e+02,4.367250329230803914e+02,1.410843272831577053e+02,2.565967841701798307e+02
6.242162256521029349e+02,4.367250329230803914e+02,1.410843272831577053e+02,2.565967841701798307e+02
6.242162256521029349e+02,4.367250329230803914e+02,1.410843272831577053e+02,2.565967841701798307e+02
6.242162256521029349e+02,4.367250329230803914e+02,1.410843272831577053e+02,2.565967841701798307e+02
6.242162256521029349e+02,4.367250329230803914e+02,1.410843272831577053e+02,2.565967841701798307e+02
6.242162256521029349e+02,4.367250329230803914e+02,1.410843272831577053e+02,2.565967841701798307e+02
6.242162256521029349e+02,4.367250329230803914e+02,1.410843272831577053e+02,2.565967841701798307e+02
6.242162256521029349e+02,4.367250329230803914e+02,1.410843272831577053e+02,2.565967841701798307e+02
6.242162256521029349e+02,4.367250329230803914e+02,1.410843272831577053e+02,2.565967841701798307e+02
6.242162256521029349e+02,4.367250329230803914e+02,1.410843272831577053e+02,2.565967841701798307e+02
6.242162256521029349e+02,4.367250329230803914e+02,1.410843272831577053e+02,2.565967841701798307e+02
6.242162256521029349e+02,4.367250329230803914e+02,1.410843272831577053e+02,2.565967841701798307e+02
6.242162256521029349e+02,4.367250329230803914e+02,1.410843272831577053e+02,2.565967841701798307e+02
6.242162256521029349e+02,4.367250329230803914e+02,1.410843272831577053e+02,2.565967841701798307e+02
6.242162256521029349e+02,4.367250329230803914e+02,1.410843272831577053e+02,2.565967841701798307e+02
6.242162256521029349e+02,4.367250329230803914e+02,1.410843272831577053e+02,2.565967841701798307e+02
6.242162256521029349e+02,4.367250329230803914e+02,1.410843272831577053e+02,2.565967841701798307e+02
6.242162256521029349e+02,4.367250329230803914e+02,1.410843272831577053e+02,2.565967841701798307e+02
6.242162256521029349e+02,4.367250329230803914e+02,1.410843272831577053e+02,2.565967841701798307e+02
6.242162256521029349e+02,4.367250329230803914e+02,1.410843272831577053e+02,2.565967841701798307e+02
6.242162256521029349e+02,4.367250329230803914e+02,1.410843272831577053e+02,2.565967841701798307e+02
6.242162256521029349e+02,4.367250329230803914e+02,1.410843272831577053e+02,2.565967841701798307e+02
6.242162256521029349e+02,4.367250329230803914e+02,1.410843272831577053e+02,2.565967841701798307e+02
6.242162256521029349e+02,4.367250329230803914e+02,1.410843272831577053e+02,2.565967841701798307e+02
6.242162256521029349e+02,4.367250329230803914e+02,1.410843272831577053e+02,2.565967841701798307e+02
6.242162256521029349e+02,4.367250329230803914e+02,1.410843272831577053e+02,2.565967841701798307e+02
6.242162256521029349e+02,4.367250329230803914e+02,1.410843272831577053e+02,2.565967841701798307e+02
6.242162256521029349e+02,4.367250329230803914e+02,1.410843272831577053e+02,2.565967841701798307e+02
6.242162256521029349e+02,4.367250329230803914e+02,1.410843272831577053e+02,2.565967841701798307e+02
6.242162256521029349e+02,4.367250329230803914e+02,1.410843272831577053e+02,2.565967841701798307e+02
6.242162256521029349e+02,4.367250329230803914e+02,1.410843272831577053e+02,2.565967841701798307e+02
6.242162256521029349e+02,4.367250329230803914e+02,1.410843272831577053e+02,2.565967841701798307e+02
6.242162256521029349e+02,4.367250329230803914e+02,1.410843272831577053e+02,2.565967841701798307e+02
6.242162256521029349e+02,4.367250329230803914e+02,1.410843272831577053e+02,2.565967841701798307e+02
6.242162256521029349e+02,4.367250329230803914e+02,1.410843272831577053e+02,2.565967841701798307e+02
6.242162256521029349e+02,4.367250329230803914e+02,1.410843272831577053e+02,2.565967841701798307e+02
6.242162256521029349e+02,4.367250329230803914e+02,1.410843272831577053e+02,2.565967841701798307e+02
6.242162256521029349e+02,4.367250329230803914e+02,1.410843272831577053e+02,2.565967841701798307e+02
6.242162256521029349e+02,4.367250329230803914e+02,1.410843272831577053e+02,2.565967841701798307e+02
6.242162256521029349e+02,4.367250329230803914e+02,1.410843272831577053e+02,2.565967841701798307e+02
6.242162256521029349e+02,4.367250329230803914e+02,1.410843272831577053e+02,2.565967841701798307e+02
6.242162256521029349e+02,4.367250329230803914e+02,1.410843272831577053e+02,2.565967841701798307e+02
6.242162256521029349e+02,4.367250329230803914e+02,1.410843272831577053e+02,2.565967841701798307e+02
6.242162256521029349e+02,4.367250329230803914e+02,1.410843272831577053e+02,2.565967841701798307e+02
6.242162256521029349e+02,4.367250329230803914e+02,1.410843272831577053e+02,2.565967841701798307e+02
6.242162256521029349e+02,4.367250329230803914e+02,1.410843272831577053e+02,2.565967841701798307e+02
6.242162256521029349e+02,4.367250329230803914e+02,1.410843272831577053e+02,2.565967841701798307e+02
6.242162256521029349e+02,4.367250329230803914e+02,1.410843272831577053e+02,2.565967841701798307e+02
6.242162256521029349e+02,4.367250329230803914e+02,1.410843272831577053e+02,2.565967841701798307e+02
6.242162256521029349e+02,4.367250329230803914e+02,1.410843272831577053e+02,2.565967841701798307e+02
6.242162256521029349e+02,4.367250329230803914e+02,1.410843272831577053e+02,2.565967841701798307e+02
6.242162256521029349e+02,4.367250329230803914e+02,1.410843272831577053e+02,2.565967841701798307e+02
6.242162256521029349e+02,4.367250329230803914e+02,1.410843272831577053e+02,2.565967841701798307e+02
6.242162256521029349e+02,4.367250329230803914e+02,1.410843272831577053e+02,2.565967841701798307e+02
6.242162256521029349e+02,4.367250329230803914e+02,1.410843272831577053e+02,2.565967841701798307e+02
6.242162256521029349e+02,4.367250329230803914e+02,1.410843272831577053e+02,2.565967841701798307e+02
6.242162256521029349e+02,4.367250329230803914e+02,1.410843272831577053e+02,2.565967841701798307e+02
6.242162256521029349e+02,4.367250329230803914e+02,1.410843272831577053e+02,2.565967841701798307e+02
6.242162256521029349e+02,4.367250329230803914e+02,1.410843272831577053e+02,2.565967841701798307e+02
6.242162256521029349e+02,4.367250329230803914e+02,1.410843272831577053e+02,2.565967841701798307e+02
6.242162256521029349e+02,4.367250329230803914e+02,1.410843272831577053e+02,2.565967841701798307e+02
6.242162256521029349e+02,4.367250329230803914e+02,1.410843272831577053e+02,2.565967841701798307e+02
6.242162256521029349e+02,4.367250329230803914e+02,1.410843272831577053e+02,2.565967841701798307e+02
6.242162256521029349e+02,4.367250329230803914e+02,1.410843272831577053e+02,2.565967841701798307e+02
6.242162256521029349e+02,4.367250329230803914e+02,1.410843272831577053e+02,2.565967841701798307e+02
6.242162256521029349e+02,4.367250329230803914e+02,1.410843272831577053e+02,2.565967841701798307e+02
6.242162256521029349e+02,4.367250329230803914e+02,1.410843272831577053e+02,2.565967841701798307e+02
6.242162256521029349e+02,4.367250329230803914e+02,1.410843272831577053e+02,2.565967841701798307e+02
6.242162256521029349e+02,4.367250329230803914e+02,1.410843272831577053e+02,2.565967841701798307e+02
6.242162256521029349e+02,4.367250329230803914e+02,1.410843272831577053e+02,2.565967841701798307e+02
6.242162256521029349e+02,4.367250329230803914e+02,1.410843272831577053e+02,2.565967841701798307e+02
6.242162256521029349e+02,4.367250329230803914e+02,1.410843272831577053e+02,2.565967841701798307e+02
6.242162256521029349e+02,4.367250329230803914e+02,1.410843272831577053e+02,2.565967841701798307e+02
6.242162256521029349e+02,4.367250329230803914e+02,1.410843272831577053e+02,2.565967841701798307e+02
6.242162256521029349e+02,4.367250329230803914e+02,1.410843272831577053e+02,2.565967841701798307e+02
6.242162256521029349e+02,4.367250329230803914e+02,1.410843272831577053e+02,2.565967841701798307e+02
6.242162256521029349e+02,4.367250329230803914e+02,1.410843272831577053e+02,2.565967841701798307e+02
6.242162256521029349e+02,4.367250329230803914e+02,1.410843272831577053e+02,2.565967841701798307e+02
6.242162256521029349e+02,4.367250329230803914e+02,1.410843272831577053e+02,2.565967841701798307e+02
6.242162256521029349e+02,4.367250329230803914e+02,1.410843272831577053e+02,2.565967841701798307e+02
6.242162256521029349e+02,4.367250329230803914e+02,1.410843272831577053e+02,2.565967841701798307e+02
6.242162256521029349e+02,4.367250329230803914e+02,1.410843272831577053e+02,2.565967841701798307e+02
6.242162256521029349e+02,4.367250329230803914e+02,1.410843272831577053e+02,2.565967841701798307e+02
6.242162256521029349e+02,4.367250329230803914e+02,1.410843272831577053e+02,2.565967841701798307e+02
6.242162256521029349e+02,4.367250329230803914e+02,1.410843272831577053e+02,2.565967841701798307e+02
6.242162256521029349e+02,4.367250329230803914e+02,1.410843272831577053e+02,2.565967841701798307e+02
6.242162256521029349e+02,4.367250329230803914e+02,1.410843272831577053e+02,2.565967841701798307e+02
6.242162256521029349e+02,4.367250329230803914e+02,1.410843272831577053e+02,2.565967841701798307e+02
6.242162256521029349e+02,4.367250329230803914e+02,1.410843272831577053e+02,2.565967841701798307e+02
6.242162256521029349e+02,4.367250329230803914e+02,1.410843272831577053e+02,2.565967841701798307e+02
6.242162256521029349e+02,4.367250329230803914e+02,1.410843272831577053e+02,2.565967841701798307e+02
6.242162256521029349e+02,4.367250329230803914e+02,1.410843272831577053e+02,2.565967841701798307e+02
6.242162256521029349e+02,4.367250329230803914e+02,1.410843272831577053e+02,2.565967841701798307e+02
6.242162256521029349e+02,4.367250329230803914e+02,1.410843272831577053e+02,2.565967841701798307e+02
6.242162256521029349e+02,4.367250329230803914e+02,1.410843272831577053e+02,2.565967841701798307e+02
6.242162256521029349e+02,4.367250329230803914e+02,1.410843272831577053e+02,2.565967841701798307e+02
6.242162256521029349e+02,4.367250329230803914e+02,1.410843272831577053e+02,2.565967841701798307e+02
6.242162256521029349e+02,4.367250329230803914e+02,1.410843272831577053e+02,2.565967841701798307e+02
6.242162256521029349e+02,4.367250329230803914e+02,1.410843272831577053e+02,2.565967841701798307e+02
6.242162256521029349e+02,4.367250329230803914e+02,1.410843272831577053e+02,2.565967841701798307e+02
6.242162256521029349e+02,4.367250329230803914e+02,1.410843272831577053e+02,2.565967841701798307e+02
6.242162256521029349e+02,4.367250329230803914e+02,1.410843272831577053e+02,2.565967841701798307e+02
6.242162256521029349e+02,4.367250329230803914e+02,1.410843272831577053e+02,2.565967841701798307e+02
6.242162256521029349e+02,4.367250329230803914e+02,1.410843272831577053e+02,2.565967841701798307e+02
6.242162256521029349e+02,4.367250329230803914e+02,1.410843272831577053e+02,2.565967841701798307e+02
6.242162256521029349e+02,4.367250329230803914e+02,1.410843272831577053e+02,2.565967841701798307e+02
6.242162256521029349e+02,4.367250329230803914e+02,1.410843272831577053e+02,2.565967841701798307e+02
6.242162256521029349e+02,4.367250329230803914e+02,1.410843272831577053e+02,2.565967841701798307e+02
6.242162256521029349e+02,4.367250329230803914e+02,1.410843272831577053e+02,2.565967841701798307e+02
6.242162256521029349e+02,4.367250329230803914e+02,1.410843272831577053e+02,2.565967841701798307e+02
6.242162256521029349e+02,4.367250329230803914e+02,1.410843272831577053e+02,2.565967841701798307e+02
6.242162256521029349e+02,4.367250329230803914e+02,1.410843272831577053e+02,2.565967841701798307e+02
6.242162256521029349e+02,4.367250329230803914e+02,1.410843272831577053e+02,2.565967841701798307e+02
6.242162256521029349e+02,4.367250329230803914e+02,1.410843272831577053e+02,2.565967841701798307e+02
6.242162256521029349e+02,4.367250329230803914e+02,1.410843272831577053e+02,2.565967841701798307e+02
6.242162256521029349e+02,4.367250329230803914e+02,1.410843272831577053e+02,2.565967841701798307e+02
6.242162256521029349e+02,4.367250329230803914e+02,1.410843272831577053e+02,2.565967841701798307e+02
6.242162256521029349e+02,4.367250329230803914e+02,1.410843272831577053e+02,2.565967841701798307e+02
6.242162256521029349e+02,4.367250329230803914e+02,1.410843272831577053e+02,2.565967841701798307e+02
6.242162256521029349e+02,4.367250329230803914e+02,1.410843272831577053e+02,2.565967841701798307e+02
6.242162256521029349e+02,4.367250329230803914e+02,1.410843272831577053e+02,2.565967841701798307e+02
6.242162256521029349e+02,4.367250329230803914e+02,1.410843272831577053e+02,2.565967841701798307e+02
6.242162256521029349e+02,4.367250329230803914e+02,1.410843272831577053e+02,2.565967841701798307e+02
6.242162256521029349e+02,4.367250329230803914e+02,1.410843272831577053e+02,2.565967841701798307e+02
6.242162256521029349e+02,4.367250329230803914e+02,1.410843272831577053e+02,2.565967841701798307e+02
6.242162256521029349e+02,4.367250329230803914e+02,1.410843272831577053e+02,2.565967841701798307e+02
6.242162256521029349e+02,4.367250329230803914e+02,1.410843272831577053e+02,2.565967841701798307e+02
6.242162256521029349e+02,4.367250329230803914e+02,1.410843272831577053e+02,2.565967841701798307e+02
6.242162256521029349e+02,4.367250329230803914e+02,1.410843272831577053e+02,2.565967841701798307e+02
6.242162256521029349e+02,4.367250329230803914e+02,1.410843272831577053e+02,2.565967841701798307e+02
6.242162256521029349e+02,4.367250329230803914e+02,1.410843272831577053e+02,2.565967841701798307e+02
6.242162256521029349e+02,4.367250329230803914e+02,1.410843272831577053e+02,2.565967841701798307e+02
6.242162256521029349e+02,4.367250329230803914e+02,1.410843272831577053e+02,2.565967841701798307e+02
6.242162256521029349e+02,4.367250329230803914e+02,1.410843272831577053e+02,2.565967841701798307e+02
6.242162256521029349e+02,4.367250329230803914e+02,1.410843272831577053e+02,2.565967841701798307e+02
6.242162256521029349e+02,4.367250329230803914e+02,1.410843272831577053e+02,2.565967841701798307e+02
6.242162256521029349e+02,4.367250329230803914e+02,1.410843272831577053e+02,2.565967841701798307e+02
6.242162256521029349e+02,4.367250329230803914e+02,1.410843272831577053e+02,2.565967841701798307e+02
6.242162256521029349e+02,4.367250329230803914e+02,1.410843272831577053e+02,2.565967841701798307e+02
6.242162256521029349e+02,4.367250329230803914e+02,1.410843272831577053e+02,2.565967841701798307e+02
6.242162256521029349e+02,4.367250329230803914e+02,1.410843272831577053e+02,2.565967841701798307e+02
6.242162256521029349e+02,4.367250329230803914e+02,1.410843272831577053e+02,2.565967841701798307e+02
6.242162256521029349e+02,4.367250329230803914e+02,1.410843272831577053e+02,2.565967841701798307e+02
6.242162256521029349e+02,4.367250329230803914e+02,1.410843272831577053e+02,2.565967841701798307e+02
6.242162256521029349e+02,4.367250329230803914e+02,1.410843272831577053e+02,2.565967841701798307e+02
6.242162256521029349e+02,4.367250329230803914e+02,1.410843272831577053e+02,2.565967841701798307e+02
6.242162256521029349e+02,4.367250329230803914e+02,1.410843272831577053e+02,2.565967841701798307e+02
6.242162256521029349e+02,4.367250329230803914e+02,1.410843272831577053e+02,2.565967841701798307e+02
6.242162256521029349e+02,4.367250329230803914e+02,1.410843272831577053e+02,2.565967841701798307e+02
6.242162256521029349e+02,4.367250329230803914e+02,1.410843272831577053e+02,2.565967841701798307e+02
6.242162256521029349e+02,4.367250329230803914e+02,1.410843272831577053e+02,2.565967841701798307e+02
6.242162256521029349e+02,4.367250329230803914e+02,1.410843272831577053e+02,2.565967841701798307e+02
6.242162256521029349e+02,4.367250329230803914e+02,1.410843272831577053e+02,2.565967841701798307e+02
6.242162256521029349e+02,4.367250329230803914e+02,1.410843272831577053e+02,2.565967841701798307e+02
6.242162256521029349e+02,4.367250329230803914e+02,1.410843272831577053e+02,2.565967841701798307e+02
6.242162256521029349e+02,4.367250329230803914e+02,1.410843272831577053e+02,2.565967841701798307e+02
6.242162256521029349e+02,4.367250329230803914e+02,1.410843272831577053e+02,2.565967841701798307e+02
6.242162256521029349e+02,4.367250329230803914e+02,1.410843272831577053e+02,2.565967841701798307e+02
6.242162256521029349e+02,4.367250329230803914e+02,1.410843272831577053e+02,2.565967841701798307e+02
6.242162256521029349e+02,4.367250329230803914e+02,1.410843272831577053e+02,2.565967841701798307e+02
6.242162256521029349e+02,4.367250329230803914e+02,1.410843272831577053e+02,2.565967841701798307e+02
6.242162256521029349e+02,4.367250329230803914e+02,1.410843272831577053e+02,2.565967841701798307e+02
6.242162256521029349e+02,4.367250329230803914e+02,1.410843272831577053e+02,2.565967841701798307e+02
6.242162256521029349e+02,4.367250329230803914e+02,1.410843272831577053e+02,2.565967841701798307e+02
6.242162256521029349e+02,4.367250329230803914e+02,1.410843272831577053e+02,2.565967841701798307e+02
6.242162256521029349e+02,4.367250329230803914e+02,1.410843272831577053e+02,2.565967841701798307e+02
6.242162256521029349e+02,4.367250329230803914e+02,1.410843272831577053e+02,2.565967841701798307e+02
6.242162256521029349e+02,4.367250329230803914e+02,1.410843272831577053e+02,2.565967841701798307e+02
6.242162256521029349e+02,4.367250329230803914e+02,1.410843272831577053e+02,2.565967841701798307e+02
6.242162256521029349e+02,4.367250329230803914e+02,1.410843272831577053e+02,2.565967841701798307e+02
6.242162256521029349e+02,4.367250329230803914e+02,1.410843272831577053e+02,2.565967841701798307e+02
6.242162256521029349e+02,4.367250329230803914e+02,1.410843272831577053e+02,2.565967841701798307e+02
6.242162256521029349e+02,4.367250329230803914e+02,1.410843272831577053e+02,2.565967841701798307e+02
6.242162256521029349e+02,4.367250329230803914e+02,1.410843272831577053e+02,2.565967841701798307e+02
6.242162256521029349e+02,4.367250329230803914e+02,1.410843272831577053e+02,2.565967841701798307e+02
6.242162256521029349e+02,4.367250329230803914e+02,1.410843272831577053e+02,2.565967841701798307e+02
6.242162256521029349e+02,4.367250329230803914e+02,1.410843272831577053e+02,2.565967841701798307e+02
6.242162256521029349e+02,4.367250329230803914e+02,1.410843272831577053e+02,2.565967841701798307e+02
6.242162256521029349e+02,4.367250329230803914e+02,1.410843272831577053e+02,2.565967841701798307e+02
6.242162256521029349e+02,4.367250329230803914e+02,1.410843272831577053e+02,2.565967841701798307e+02
6.242162256521029349e+02,4.367250329230803914e+02,1.410843272831577053e+02,2.565967841701798307e+02
6.242162256521029349e+02,4.367250329230803914e+02,1.410843272831577053e+02,2.565967841701798307e+02
6.242162256521029349e+02,4.367250329230803914e+02,1.410843272831577053e+02,2.565967841701798307e+02
6.242162256521029349e+02,4.367250329230803914e+02,1.410843272831577053e+02,2.565967841701798307e+02
6.242162256521029349e+02,4.367250329230803914e+02,1.410843272831577053e+02,2.565967841701798307e+02
6.242162256521029349e+02,4.367250329230803914e+02,1.410843272831577053e+02,2.565967841701798307e+02
5.890779286332987112e+02,3.901089712988351721e+02,1.834096254681050198e+02,3.335758194212338026e+02
5.890779286332987112e+02,3.901089712988351721e+02,1.834096254681050198e+02,3.335758194212338026e+02
5.790332115434030129e+02,1.097883652747867984e+02,2.674010715192345060e+02,3.884379787349554931e+02
5.790332115434030129e+02,1.097883652747867984e+02,2.674010715192345060e+02,3.884379787349554931e+02
5.197968236131614503e+02,7.942302526540049712e+01,3.606435789013240765e+02,4.671879515851489941e+02
5.248226362801190135e+02,8.726718590294419187e+01,3.628972409285538561e+02,4.566221436042815753e+02
5.248226362801190135e+02,8.726718590294419187e+01,3.628972409285538561e+02,4.566221436042815753e+02
7.967653219772594184e+02,7.018280954177237163e+01,4.769013959014606598e+02,6.029881238046525596e+02
7.896593358351619827e+02,1.262558554311667649e+02,4.896255059563080749e+02,5.975526109443208043e+02
7.887656003422343929e+02,1.424408998851378101e+02,4.966251976109562065e+02,5.842821829097917998e+02
7.925098626132280515e+02,1.312452135622494893e+02,4.942190896033926037e+02,5.849909746076924648e+02
7.827311818925149964e+02,1.462520237367181153e+02,4.992272900874822312e+02,5.796460954849515019e+02
7.841302504115748206e+02,1.583460997459537793e+02,5.077006173972019951e+02,5.656150965960578105e+02
7.931547538920658553e+02,1.389308173839137908e+02,4.970214415214250607e+02,5.758173291820762643e+02
7.915479161029378474e+02,1.568441603988964062e+02,5.029278825740004208e+02,5.618014551485709944e+02
7.923915688647059596e+02,1.672001617766477466e+02,5.039387276852299919e+02,5.503319603276386260e+02
7.919134311632847130e+02,1.797807284015665914e+02,5.008837826329026939e+02,5.437051288356134364e+02
7.945638239963047909e+02,1.830649367849848659e+02,4.997476955676314674e+02,5.395293290560052810e+02
7.892916857784665581e+02,1.814191407234524149e+02,5.009110983231933005e+02,5.352109086477896653e+02
7.981014066340712816e+02,1.821315356843356312e+02,4.948670827136683101e+02,5.325616539518914578e+02
8.034881280338381657e+02,1.785449266879759307e+02,4.925031257310902220e+02,5.338431573717043648e+02
8.060796363093559194e+02,1.863705238415481062e+02,4.859942755018092271e+02,5.342965944885102090e+02
8.097810430758881921e+02,1.839811392330094577e+02,4.833048094037421265e+02,5.333991342286587951e+02
8.129318861661402025e+02,1.862625468025258328e+02,4.795750932092000767e+02,5.307986321456181713e+02
8.152224092591077351e+02,1.955445407913756526e+02,4.774541080965683477e+02,5.194866125517075943e+02
8.334779270831663780e+02,1.693912985116949699e+02,4.730622512204236614e+02,5.205070253337252097e+02
8.280543986013974518e+02,1.952852516223089197e+02,4.627849128134781722e+02,5.274479284691867633e+02
8.280543986013974518e+02,1.952852516223089197e+02,4.627849128134781722e+02,5.274479284691867633e+02
7.391181907879114306e+02,9.227918084660541354e+01,5.597518566386922885e+02,6.260221961802617443e+02
7.953117175164106811e+02,1.414383902147139338e+02,5.187578848467328498e+02,5.842419244167009538e+02
8.071314367336980240e+02,1.643842510053910360e+02,5.031395035410643573e+02,5.656076548464551479e+02
8.277170685687851801e+02,1.600706873557505787e+02,4.760390492352088359e+02,5.575359296066735624e+02
8.370306009009902937e+02,1.891920804490296177e+02,4.628068109829997638e+02,5.337920867489729062e+02
8.482745830116102752e+02,2.054964617540766199e+02,4.511154471035565621e+02,5.156926930353632770e+02
8.538650980349284509e+02,2.088172925025265840e+02,4.436805584906360309e+02,5.073051897969014590e+02
8.590799137041240101e+02,2.123437147958478022e+02,4.412714521308826647e+02,5.056913815795827531e+02
8.590799137041240101e+02,2.123437147958478022e+02,4.412714521308826647e+02,5.056913815795827531e+02
6.974343187537305084e+02,1.370565579370230580e+02,5.808677415189742987e+02,6.012801339263826321e+02
7.945391419607093439e+02,1.291512854817053721e+02,5.110492007568721533e+02,5.946066319009828476e+02
8.156544358538687902e+02,1.712835313500644361e+02,4.847175873891933406e+02,5.539474639557686260e+02
8.342746085814544585e+02,1.932903903129322316e+02,4.717949776060191880e+02,5.363675076267127224e+02
8.419224583411704543e+02,1.939933203355860769e+02,4.615539121808253640e+02,5.275708389990991236e+02
8.519553974437496890e+02,2.029748822989494670e+02,4.458929144993485920e+02,5.156660899541167282e+02
8.519553974437496890e+02,2.029748822989494670e+02,4.458929144993485920e+02,5.156660899541167282e+02
7.710544611546305305e+02,1.440547002837045625e+02,5.464417429491688836e+02,6.064639143880489200e+02
7.964466205602974469e+02,1.778502140753625440e+02,5.146265346267266523e+02,5.643352147618862773e+02
8.126189533729288996e+02,1.892952778363314223e+02,4.900039988232411474e+02,5.352162068345224952e+02
5.322961761306030439e+02,1.843201877486620788e+02,4.869940967649239383e+02,5.082213796856424324e+02
5.322961761306030439e+02,1.843201877486620788e+02,4.869940967649239383e+02,5.082213796856424324e+02
7.092330856049322847e+02,1.102402963138623591e+02,5.922516559900938091e+02,6.203287486148121843e+02
7.971473606406700583e+02,1.665552795701921696e+02,5.235439478985986170e+02,5.692244435706584227e+02
8.112156147697370443e+02,1.820520740213581234e+02,5.008231372150801235e+02,5.515171066901160657e+02
5.256437266491556102e+02,1.964601874294883714e+02,4.992849066203054917e+02,5.148527634759979037e+02
8.134379492766561270e+02,2.148834283487118739e+02,4.842750136113982080e+02,5.088901126617208206e+02
8.134379492766561270e+02,2.148834283487118739e+02,4.842750136113982080e+02,5.088901126617208206e+02
7.535278960291827843e+02,1.124367959970630295e+02,5.672222029310518110e+02,6.119571597136513219e+02
4.826979477530020404e+02,1.740104644470180801e+02,5.616790965537259126e+02,5.563624503772177832e+02
4.811596192807398893e+02,1.848846410544233549e+02,5.495333337594806835e+02,5.286400719129260324e+02
7.937214115042429512e+02,2.043602607104826347e+02,5.120814412070056960e+02,5.190926163990252462e+02
8.060145222268622547e+02,2.056416546061225290e+02,5.030820966309689766e+02,5.149830840227082263e+02
8.060145222268622547e+02,2.056416546061225290e+02,5.030820966309689766e+02,5.149830840227082263e+02
7.317380600360228300e+02,8.569257605931630906e+01,5.862867315229016185e+02,6.375984499786253537e+02
7.331910920241940630e+02,1.516424190313855433e+02,5.674086788685806368e+02,5.872595855676900101e+02
8.021047229737582711e+02,1.704045385443161535e+02,5.214487952043153882e+02,5.589241139749952936e+02
4.854241319726819484e+02,1.822306661294919650e+02,5.189312540619368974e+02,5.219332672290211121e+02
8.214974741017422275e+02,2.099581074918372678e+02,4.866363154092851460e+02,5.130890374279144908e+02
8.242464671297186669e+02,2.056729626521188266e+02,4.763401325607296712e+02,5.077160163697415101e+02
8.242464671297186669e+02,2.056729626521188266e+02,4.763401325607296712e+02,5.077160163697415101e+02
7.493999272300977736e+02,1.559363026314615581e+02,5.657008072696394265e+02,5.823578373113246016e+02
7.830752261796367293e+02,1.727216211795268350e+02,5.249629355821094805e+02,5.568689672974084033e+02
8.003699436703959691e+02,1.917584475870646656e+02,5.007466170938158712e+02,5.337687908922448514e+02
5.095192934378864038e+02,1.933583301112188053e+02,4.997236133596163654e+02,5.088086651261631346e+02
5.095192934378864038e+02,1.933583301112188053e+02,4.997236133596163654e+02,5.088086651261631346e+02
7.057490875011962999e+02,1.027188224207811800e+02,5.982673211314340733e+02,6.294446141007883853e+02
4.679031015675190588e+02,1.840657815114098526e+02,6.053669773249604305e+02,5.628160950894529151e+02
7.241712273099747108e+02,2.028608318539117477e+02,5.660644599709085014e+02,5.273790438734432655e+02
4.847936650304355908e+02,2.007126410170067174e+02,5.520694319420961165e+02,5.045485181986205134e+02
7.954898161102732956e+02,1.888798512097881144e+02,5.074785824191394568e+02,5.223045542988060106e+02
8.116090857793287796e+02,1.800235359106965802e+02,4.917662061822248916e+02,5.267810045915081218e+02
8.132868385755548388e+02,1.895331036376489919e+02,4.808193557563986360e+02,5.251405465057673609e+02
8.132868385755548388e+02,1.895331036376489919e+02,4.808193557563986360e+02,5.251405465057673609e+02
7.401047873280423346e+02,1.380191992937540704e+02,5.705070590204666132e+02,6.061877452997583759e+02
7.671237417330507924e+02,1.600951304163254463e+02,5.346427055845952054e+02,5.753242388819471671e+02
4.756341426542692261e+02,1.958823767814320718e+02,5.272382977851270880e+02,5.268620489318852833e+02
8.094255751958118026e+02,1.702734201773855034e+02,4.961491460809481850e+02,5.448551544007206076e+02
8.094255751958118026e+02,1.702734201773855034e+02,4.961491460809481850e+02,5.448551544007206076e+02
6.846307016116243176e+02,8.548751709333635063e+01,6.027552048948310812e+02,6.536212316564653975e+02
7.317350711882850192e+02,1.363996472332801204e+02,5.620835102666559351e+02,6.012544146138825454e+02
7.627262221128293049e+02,1.767901990384481792e+02,5.318926837135879850e+02,5.535974717701479904e+02
7.905706178427677742e+02,1.836264134506593564e+02,5.056089406240723747e+02,5.379729229992458386e+02
8.066189191754481271e+02,1.846962746121791952e+02,4.902836506723346588e+02,5.335001416037116542e+02
8.066189191754481271e+02,1.846962746121791952e+02,4.902836506723346588e+02,5.335001416037116542e+02
6.757893721467685282e+02,1.395446418342461925e+02,6.127396502472719249e+02,5.979140047700512923e+02
7.485966236809489374e+02,1.658423805190553253e+02,5.517721732409229389e+02,5.669782220720638861e+02
7.702082700373318858e+02,1.798098714255032746e+02,5.255492028700759874e+02,5.447477156620000187e+02
7.955915834013700305e+02,1.923334253374033551e+02,5.013723512274488598e+02,5.297987743039591351e+02
7.825219005130697951e+02,1.995662245846837095e+02,4.982244531338102433e+02,5.216208478522451060e+02
7.825219005130697951e+02,1.995662245846837095e+02,4.982244531338102433e+02,5.216208478522451060e+02
6.314192997055820342e+02,1.644921317767298206e+02,6.436193214968325265e+02,5.791656532649058136e+02
6.888112766463157186e+02,1.836837521751742770e+02,5.976130470587245327e+02,5.496532935486443421e+02
7.456434558789782159e+02,1.885524319942716716e+02,5.511104927926182881e+02,5.338358634148440842e+02
7.611418128146389108e+02,1.896878741207432313e+02,5.359205110990312733e+02,5.331399323603338871e+02
4.661988723422391558e+02,2.053414707459656938e+02,5.280505937039870332e+02,5.120105459641370089e+02
7.864090937871508231e+02,1.956193191130168998e+02,5.066996088219763124e+02,5.219685096609428001e+02
7.752647435650328589e+02,1.947549613817731711e+02,5.111534112712168962e+02,5.220351757107029016e+02
7.772482615495891878e+02,2.008212645615938072e+02,5.021777903259079494e+02,5.210913615797603597e+02
7.855149058753631834e+02,1.987896273346181601e+02,5.005872087361275362e+02,5.233109917723514855e+02
7.855149058753631834e+02,1.987896273346181601e+02,5.005872087361275362e+02,5.233109917723514855e+02
6.725725017202859135e+02,1.495788656192095232e+02,6.259569795096610960e+02,5.907301233879832125e+02
6.899378100146535644e+02,1.855783557275316866e+02,5.868894216787077767e+02,5.456538020916269716e+02
7.280375753484991037e+02,1.905403223393528833e+02,5.598790465896299793e+02,5.335745341569097491e+02
7.482492424502054291e+02,1.915027806048315142e+02,5.393076468192008406e+02,5.297278049724109223e+02
7.478689250451511725e+02,2.002893359033909064e+02,5.337316388871523714e+02,5.214229457943595207e+02
7.534495801592521502e+02,2.053857926207033984e+02,5.285697998465418550e+02,5.216769775501642243e+02
7.485132865045409289e+02,2.030843060668087219e+02,5.271740184349559968e+02,5.148694167529242804e+02
7.495062611429671051e+02,2.039196923820894654e+02,5.260020054512286833e+02,5.129536645172840963e+02
7.334703343924076080e+02,2.121177534479496387e+02,5.358346297500772835e+02,5.077617860455368941e+02
7.440931450269060861e+02,2.138323878537677274e+02,5.348269483156750539e+02,5.069621148977801113e+02
7.440931450269060861e+02,2.138323878537677274e+02,5.348269483156750539e+02,5.069621148977801113e+02
6.005263362478699491e+02,1.691326216604555839e+02,6.834423926559737765e+02,5.868471857670704139e+02
6.871957782526694700e+02,1.826086418514872776e+02,6.077259985755740672e+02,5.536711601898471145e+02
7.008057622096181376e+02,1.934411267411584276e+02,5.837480512686713610e+02,5.324996275218825303e+02
7.185122299930374083e+02,2.008397085626442049e+02,5.649865114995621980e+02,5.248218124049119524e+02
7.315102929734637200e+02,2.083322273642480127e+02,5.564448208872204304e+02,5.166415838951796786e+02
7.345637969360593615e+02,2.087743989217406124e+02,5.508612708468176606e+02,5.159821189572412550e+02
7.312732110351739720e+02,1.998454862692970551e+02,5.494518515993941037e+02,5.173864072748236822e+02
7.193045146840751158e+02,2.156458813203971090e+02,5.531526415183886911e+02,5.055891640781411525e+02
7.339384992360494380e+02,2.179019304140183522e+02,5.492999289146843012e+02,5.056882419048451993e+02
7.276588748721687807e+02,2.224433470919993852e+02,5.482151957088518657e+02,5.003399971719300083e+02
7.324099363456008405e+02,2.217868423918480971e+02,5.455595245213260114e+02,4.995452866740087075e+02
7.324099363456008405e+02,2.217868423918480971e+02,5.455595245213260114e+02,4.995452866740087075e+02
6.511555368390909280e+02,8.809158579275174361e+01,6.362842430289746289e+02,6.332871945255217270e+02
6.628742748781246519e+02,1.522823205458596476e+02,6.209219975493568882e+02,5.722797103098332627e+02
6.697985720835906704e+02,1.965988770298511099e+02,6.107132914250156546e+02,5.378005775969772913e+02
6.823801100826932498e+02,2.154582117609599550e+02,5.944478957094031557e+02,5.186114911120545230e+02
7.007154247256910367e+02,2.213299978282308871e+02,5.815447491809760550e+02,5.117344722840922486e+02
7.038798151461473935e+02,2.180010080357679385e+02,5.753029529819133359e+02,5.091973463163448059e+02
7.100974784476732111e+02,2.320442502919121353e+02,5.692777988413249659e+02,5.015221815367224281e+02
7.121419669502059833e+02,2.061936488166013532e+02,5.617970905740523904e+02,5.134622913476955546e+02
7.061739799857020898e+02,2.267673780247364448e+02,5.611482904857261929e+02,5.027018091734908012e+02
7.061739799857020898e+02,2.267673780247364448e+02,5.611482904857261929e+02,5.027018091734908012e+02
6.233501803074209420e+02,7.754063036855461633e+01,6.726665143845247030e+02,6.479991002622216456e+02
6.363733288199080107e+02,1.401304158956197625e+02,6.487776902084428912e+02,5.903394342984233845e+02
6.466016878388815030e+02,1.853396167606175595e+02,6.347155410906314046e+02,5.498258253540723217e+02
6.604387051833172109e+02,2.230151439906766768e+02,6.161154266516989537e+02,5.072202848099697121e+02
6.832142792616500628e+02,1.918050755880612996e+02,5.957633274910049295e+02,5.200709369045071071e+02
6.790090576564080038e+02,2.239640525063246628e+02,5.970746982451291842e+02,5.041050986990838965e+02
6.833395679391999238e+02,2.271608884156742363e+02,5.848907985558574865e+02,4.987559495234740439e+02
6.997714177617868927e+02,2.305300106183280491e+02,5.751985104249658889e+02,4.942631622905602171e+02
6.997714177617868927e+02,2.305300106183280491e+02,5.751985104249658889e+02,4.942631622905602171e+02
6.146118222647537550e+02,1.015899717496291146e+02,6.793668454009656443e+02,6.286389523082315236e+02
6.227212764760685104e+02,1.273109053327779634e+02,6.564954654359778488e+02,5.967494781015285525e+02
6.325801770169073279e+02,1.810298455687586738e+02,6.500598737506626321e+02,5.426961114845476004e+02
6.352889422625894440e+02,2.126713434031157703e+02,6.415436751608484656e+02,5.181570084855111418e+02
6.560907408969807193e+02,2.113931418926846391e+02,6.215073004872808724e+02,5.168858501278944004e+02
6.887127184668590871e+02,1.668357926814537677e+02,5.944998375045065586e+02,5.417396995513327056e+02
6.424505931260073339e+02,2.077052560358887376e+02,6.251188681544717838e+02,5.128748267975408908e+02
6.881226908531371009e+02,1.609650697585013859e+02,5.937274467480639260e+02,5.567419142876183287e+02
6.511681650653363249e+02,2.064674070548926466e+02,6.162625130331380205e+02,5.210507582190057292e+02
6.341282711010505864e+02,1.850569409923618309e+02,6.229821611149077398e+02,5.317054687254150167e+02
6.571979911447450604e+02,1.467719042226730153e+02,6.190539141122355886e+02,5.533818426187965542e+02
6.324818153699302457e+02,1.837804922677454442e+02,6.325268540407713544e+02,5.374051480960345089e+02
6.509834874015547257e+02,1.397693643552238427e+02,6.317948684675127424e+02,5.573941550197105244e+02
6.108503847827123536e+02,1.885352373818004708e+02,6.577747120108614354e+02,5.284606984563033620e+02
6.416388400853659277e+02,1.427519458006416926e+02,6.407243059221559633e+02,5.584720486169119340e+02
5.848297435123639616e+02,2.036351379960329950e+02,6.803589785603473956e+02,5.112783418384340166e+02
6.192140122553548736e+02,1.371285259180501725e+02,6.587827361488284623e+02,5.672679835359035678e+02
5.977364818594679718e+02,1.678989757369633367e+02,6.669642373702897657e+02,5.557757022147276302e+02
6.115746939418847887e+02,1.356021264020553190e+02,6.662811508366817179e+02,5.644456414240944468e+02
5.638241508990208786e+02,1.829480061189471485e+02,6.810347469932103195e+02,5.378383927935334441e+02
6.098810671479986922e+02,1.382775516168968579e+02,6.674112327935946496e+02,5.776850734345969158e+02
5.744662508882208840e+02,1.166199996837311232e+02,6.998198867670074605e+02,5.858326739439947914e+02
5.512750161180222221e+02,1.645505393825717988e+02,7.193090209649976714e+02,5.583508898954345341e+02
5.783153553942599956e+02,1.107751533100782808e+02,6.983201163993384171e+02,5.981328784710856326e+02
5.467922119129009388e+02,1.603890103816101487e+02,7.220963380544394568e+02,5.618263984588812718e+02
5.787079331395398185e+02,9.069909575603259100e+01,6.958435508440816193e+02,6.149483846924582622e+02
5.308890037764035696e+02,1.429474729998059388e+02,7.241632485596119295e+02,5.763104940354779728e+02
5.678838268086844892e+02,1.090406494923116156e+02,7.069348138903138761e+02,6.144003175031033379e+02
4.830275178786429819e+02,2.561981894354709084e+02,7.900684446288147456e+02,4.871736317818238149e+02
5.026655155225566887e+02,2.710895272543709780e+02,7.919061311342002227e+02,4.510368835732229513e+02
4.898932828599654954e+02,2.283629303700940909e+02,7.781310354547439374e+02,4.643375886332805749e+02
4.398931337833956832e+02,2.762336468981986854e+02,7.732895825092507494e+02,4.248247589401084383e+02
5.108237983139848666e+02,2.944079892764888200e+02,7.731644900203380075e+02,4.162919673567459995e+02
4.770101644563901004e+02,3.103588073363621334e+02,7.743954106896291023e+02,4.064131011649778316e+02
5.013491667743401194e+02,3.225861647130384426e+02,7.791678760244321893e+02,3.958046445750774183e+02
5.033277566309160420e+02,2.765285606651866033e+02,7.610279665902110082e+02,4.150830759373826595e+02
4.814848270371308558e+02,2.905807781603103308e+02,7.766620164668682946e+02,4.101814664933998529e+02
4.803773260353914338e+02,3.149621528728862927e+02,7.778787176199557507e+02,4.017399603543807416e+02
4.563065655077479050e+02,3.267982023300114633e+02,7.607576120272935896e+02,3.943602312826596403e+02
5.060447859645177573e+02,2.911167976381743756e+02,7.651794712846523225e+02,3.991582518479744977e+02
4.571512483002530871e+02,2.981706338480501017e+02,7.616090179266582254e+02,3.972821611161502346e+02
4.631411138065218438e+02,3.144366738485513793e+02,7.599891196777925870e+02,3.931487494043323068e+02
4.820105287966890728e+02,3.285645496335885696e+02,7.538552205751436759e+02,3.848863697977589027e+02
4.531186086183589623e+02,3.346949458292351096e+02,7.313363570743820219e+02,3.821749348207114281e+02
4.125419955500777860e+02,3.444966227943777426e+02,7.132259723711006245e+02,3.691500644719691309e+02
4.857400436684806664e+02,3.106557831234396190e+02,7.172963525747245512e+02,3.691785989774195400e+02
4.286294922959330052e+02,3.283264304793710835e+02,7.090926658911089362e+02,3.535542079520801053e+02
4.374843077360878851e+02,3.311895975697506174e+02,6.919776377148473330e+02,3.581215511013381274e+02
3.886401581207142044e+02,3.455892195456426066e+02,6.737610144602431319e+02,3.479962230125912583e+02
4.376966621964027695e+02,3.504889644294928530e+02,6.681372030862097517e+02,3.446722300138422383e+02
3.675359582556591249e+02,3.578319934719897901e+02,6.434090351620329784e+02,3.402980100788727214e+02
4.054992040355549534e+02,3.611429656997972870e+02,6.347414699938428839e+02,3.322883960599643274e+02
4.054992040355549534e+02,3.611429656997972870e+02,6.347414699938428839e+02,3.322883960599643274e+02
4.092304626472701443e+02,3.144643154542193315e+02,8.470961982538109396e+02,3.961931017940401034e+02
4.352328651294518522e+02,3.169380730881070463e+02,8.340484169100529925e+02,3.961928378461499278e+02
4.404610172580048584e+02,3.199753882426130076e+02,8.268814729377522781e+02,3.882135489811535081e+02
4.366639758593355509e+02,3.045928573000282995e+02,8.247252286248003657e+02,3.974121092488912268e+02
4.266568411508994814e+02,3.254432749597606289e+02,8.365212735162208446e+02,3.822110965460038301e+02
4.210322223671373649e+02,3.319448935533646363e+02,8.347257036496630462e+02,3.747419212675177391e+02
4.174966962013081115e+02,3.252141975004000187e+02,8.358371517180158889e+02,3.788921332587008806e+02
4.175294339316905621e+02,3.351533354197080143e+02,8.253485252410156363e+02,3.710673137265423520e+02
4.234302851742063467e+02,3.296643366222907048e+02,8.198963544065272799e+02,3.720788530007592954e+02
4.295013248994281412e+02,3.278822845666638841e+02,8.275745016253952144e+02,3.787679020373211074e+02
4.335438562174566073e+02,3.237801481417923810e+02,8.216295642639964854e+02,3.827020075362951275e+02
4.298723002664482351e+02,3.227247176298985210e+02,8.235022844156775363e+02,3.846618825144838638e+02
4.250206649862992663e+02,3.174038892690546163e+02,8.219234104294666849e+02,3.871034135418967708e+02
4.355230177505076199e+02,3.287573311079578957e+02,8.126243313887819113e+02,3.818588082301790791e+02
4.402211040000042885e+02,3.195666747539794414e+02,8.106209182129086912e+02,3.866210842636364191e+02
4.380604466626087969e+02,3.393765939495325483e+02,8.115556991505170572e+02,3.737960075302450491e+02
4.386578850387697344e+02,3.308795332634815622e+02,8.072789854593371501e+02,3.846071126021456053e+02
4.272447764213883374e+02,3.317694324134167232e+02,8.077844515039143971e+02,3.833283235281206771e+02
4.497192937096139076e+02,3.402402271119503325e+02,8.005857983971898193e+02,3.759360610277209389e+02
4.230530813329946795e+02,3.473740773746782224e+02,7.817202327329478067e+02,3.666995556659919657e+02
