811.5,368.5,75.0,43.0
814.8065667501005,369.91000105670634,75.07494919480621,43.50440832512493
816.6423565718815,370.00121507100204,75.47271550232472,43.90532469646254
818.0787453466947,370.55569156304875,75.8650095831761,44.095744504613066
819.4941163155828,369.897247746826,76.08926246694838,43.828876882313075
820.2433880162937,370.34913846436325,75.8746870373283,43.924604662593495
822.4519599034103,370.4888496764865,75.91354359115914,44.21769915652939
824.4856027084066,370.5992856845372,76.40916949163392,44.13647755978235
826.4936362250322,371.2262119122987,76.59951000537997,44.351202131580344
827.4380433529078,371.36004760953534,76.25145567070265,44.493060363476545
829.366038579989,371.2663913104616,76.37002857675446,44.5575086258486
830.9123101305681,371.08760813677685,76.74186001783244,44.551349996440116
831.9877978433896,372.0867937671121,76.86270132268896,44.846431713903726
834.133053206966,372.4784530494074,77.23432047453389,45.04640555015014
835.242998768122,371.998866350546,77.45436885112326,45.19103045544131
837.0436303887849,372.2223992130446,77.36628848829167,45.50992810601247
839.1756875289341,372.7149058304222,77.37523691398698,45.50236697058051
839.3703973128959,373.06708358912863,77.43885326692168,45.496662588135415
841.0928961744542,372.7018112639645,77.43309981412997,45.4190813849252
842.1425662088681,373.7226841555169,77.33569355839722,45.551259094252046
844.1031069871686,374.2534225260982,77.63337296905071,45.49022235457726
846.2180400312147,374.0362848747849,77.87455380554955,45.39139818468109
848.505694442946,373.3972339658683,78.13294373162921,45.53214455569878
849.1768212623336,373.6199937861558,78.26120522480433,45.630231613636745
851.9963839665104,375.8502014108085,78.55282684861649,45.648650039715946
853.5212603575341,374.7706910487587,78.77102150194806,45.50678079494341
853.5788116813561,374.2845350225722,78.62985020784322,45.609461854903834
855.4871207805855,375.00211770520565,78.8531108545992,45.596494308393105
856.3403078058067,374.98635161374176,79.0163822804982,45.59193975693654
857.9884358721441,375.1668219250991,79.17817663724898,45.905253611245904
859.7131850495184,375.983355702942,79.31511002421485,45.90270771064285
861.7216848589172,376.0940101636338,79.3149303593357,45.588918003114514
862.030521733069,376.0381862224472,79.1862871808239,45.676405634466285
863.4256310258647,376.46226666910457,79.35295464831776,45.78573601979997
865.4287507299651,376.7078344768595,79.54011753046127,45.99912527897736
866.5686596872794,376.5293521247578,79.33623617169522,46.09598958869334
867.5971947671947,376.42444317220895,79.18023028855988,46.14994890259205
869.5270606038126,377.5084205512755,79.62316289526171,46.24061607553507
870.642316248262,377.1024103908323,79.64454274253248,46.2337758655682
873.2053317746506,377.2804619829371,79.65747157439853,46.43674559309794
874.9947578902734,378.0554190761655,80.0990975917494,46.4724623003484
874.4757004228429,376.80761693533884,80.22922344188957,46.491955885209165
875.9763831511991,377.36249670145395,80.26820651499304,46.67745570947764
878.3531652355532,377.86557222253805,80.21381245889461,46.435057127789115
879.8693978717467,377.2886838729596,80.37354212516718,46.6373112978208
881.6576331021922,377.65726647024286,80.20012757057204,46.55506405865283
882.3307337170212,378.6404308558629,80.1088722151282,46.779166882261414
885.2715511601455,378.25611209415,80.17904435097438,46.62746607303414
886.2087055659193,379.0763362407073,80.21368384169568,46.685105114552506
888.0157999585233,379.4134195186838,80.37546074710045,46.64483365776259
890.1404115732169,378.9274425599318,80.45036852967625,46.5392849669672
891.1327707544068,379.47223259677105,80.74766549093535,46.53444720095169
892.4515013260109,379.21684538937296,80.62724674618005,46.60535280795518
893.9910351271421,379.1746123285386,80.96604036713828,46.708691635843486
895.5827170769658,380.2281398327602,81.26337624509407,46.96853111096663
897.4916453767838,379.70699540802116,80.76923318648898,46.818702746241804
898.1302097577594,379.4615168115242,80.71681763082897,46.981860738224135
899.0719218644733,381.02776498884015,81.08876594166247,47.444697721375974
903.460610400095,381.21381690010816,81.10899438494562,47.487059922285106
904.4195062174581,381.32708801728967,80.94885169507424,47.615274490242506
907.1014652803872,380.7495000725353,81.47550897815161,47.465379979513266
905.7969985817389,381.2652497464819,81.45817398860721,47.62547380178608
907.8002311272073,381.3427118726485,81.54942904384959,47.465979627344645
909.9491682603106,381.56700768215546,81.95081978084758,47.404100857470944
913.062505904247,382.1672798269062,82.16396621309795,47.40364435369016
914.0751222833101,382.5738249891733,82.38824231269882,47.32970961969019
914.8558275569825,382.1719135641998,82.54853052634039,47.294110780126886
915.6853220384988,382.6983492542649,82.85410791329092,47.37728342541792
920.4258923055495,382.9709767936739,82.48388351688493,47.7197485738413
921.6932733660635,383.0006958476814,82.73876063039955,47.630164856075005
923.5348455679881,382.72644144682783,83.14972242390755,47.59907326401002
922.8866098039771,382.6135665349883,82.63820614274836,47.86792082959095
925.2672377548408,383.08362051589603,82.65280578225028,47.872831934109236
927.9898664233817,382.68161982503443,82.95947009891609,47.82197563265077
928.745830697178,383.2231922739934,83.1338506505208,48.19909911299057
933.9076588568034,384.5378139115996,83.48501999960479,48.340891985849474
931.7122502399139,383.9488289692344,84.11728801997452,48.25823972683438
934.0030893156891,383.83790582084407,84.33206620539927,48.27093529205147
935.3874966812436,383.81789606103956,84.71212528028991,48.374963591484295
939.7486205106554,384.3440808301368,84.68424884491614,48.19826657249679
940.5075359763798,384.3340501314352,84.95007927897632,48.05074054061494
941.2300496292295,384.2867461232496,85.06697261612985,47.9826693168786
942.6104632261386,384.9553536124272,85.12437795862746,48.07820337149765
946.4589452467616,385.3117866444174,84.82013557036603,48.08222442394942
947.6460372185124,384.839015276915,84.92623846348849,48.21460197111857
950.1238238383988,385.622312612461,85.07960487139036,48.29538455260535
950.8724535286713,385.352429303546,85.19665766278149,48.21895716065445
953.0930390110778,386.1111567410365,85.6084730337226,48.29916878767234
955.3705415912509,385.54200368162606,86.00529015426038,48.22327858214471
956.970489927635,385.9044819342883,85.86674287342947,48.291596479438645
958.8031903280403,386.1407689853508,85.54618546022265,48.209557255090736
960.4688517403013,385.9048972760845,85.56931786832104,48.164991829533854
961.7025314220151,386.70839324544625,86.12317060587579,48.12179676867136
964.2489655194169,386.45778418147705,86.1280897912909,48.24332180569412
966.6805560221192,386.4143333289966,86.01592015749893,48.157126809152274
967.79767352387,387.29010474943414,86.19830707744386,48.298764219398606
969.699435268913,387.0323046313446,86.25217399110538,48.46538656198692
971.4214747203558,386.7188914863218,86.50585376284134,48.61782320955536
973.2849628306656,386.2731204255339,86.45070485850592,48.77486653228408
975.4267936740985,386.53821942362794,86.14280625414446,48.86845474710971
978.8518992414594,387.44673760957977,86.42518302912107,49.14868314189917
979.107483126297,386.31729862145005,86.62242194622884,49.13553267196102
979.8139469785607,387.22989007770417,86.82696283720604,49.48822408615872
984.8869139729683,387.1576130336109,86.30494452069318,49.584700848077354
986.0068229072446,387.3450646500362,86.78092383803839,49.731002206024215
987.9145742128152,386.75759751124855,86.85375812379358,49.73522663519559
988.3208219337002,386.94895356568475,87.05089705759568,49.69318433709513
990.1037945879002,387.17728267472756,86.96728016411272,49.959267186418955
992.0692368694871,386.33643636035606,87.46784406056419,49.8397905389245
993.6222602352061,386.7559462887157,87.35987591379708,49.67130863081365
995.4956479305679,385.55557471899357,87.64195203216784,49.6032168932437
995.2916534561599,385.923797527099,87.36814413220995,49.73466455563164
997.086075799556,385.63611066121285,87.69710130241215,49.573436875107596
998.33579457351,385.8561663752761,87.88661333946509,49.460414399045725
1000.0895237981287,384.0833663680249,88.27503153626981,49.282437390995575
1001.6284117674664,383.93856047650775,88.33122228193562,49.55502716222829
1000.1119881698397,383.726090598148,88.1073546563273,49.85188664031268
1002.3888644688112,383.4187749104017,88.2656324691509,49.90444812292211
1003.5324934559649,383.2502775621597,87.85856701307777,49.84222178654815
1005.7391496036255,382.1878614950558,88.34819785206452,49.77867320252474
1006.7414287761477,381.6988938245579,88.52465642901716,49.963232753401385
1006.4725471365641,381.33472846913673,88.64393272560018,50.2535518775776
1008.3880524531583,380.57170397142716,89.04857310864735,50.292777552607994
1009.6174863662856,379.88958749734115,88.7796559869674,50.18355244909846
1010.5823083621888,380.0846133427063,89.29112403663437,49.98916258629
1013.6144641136787,379.295871418739,89.44468419960911,49.99344096318577
1012.0885032385804,379.16773404455233,89.58631666223857,50.145014021183286
1014.6851092463828,378.0098510976538,89.66647968096592,50.13585854542784
1015.5858489114894,377.13153488066047,89.59833834914308,50.01537024615337
1017.1806167475117,377.10279236994694,89.61866419405075,50.00528775518736
1019.2281451369748,375.9024582273085,89.6693083466736,50.024213324628654
1016.0982533044371,375.7409632301776,90.20193680316142,50.09869376283535
1019.2864887012825,375.1088720972378,89.97225603708911,50.32097873180957
1021.5610557308977,374.72904621186075,89.79515891175767,50.60037206755269
1023.5300931391157,373.98329237760686,89.65543538316346,50.59900594818056
1025.211772900803,373.37238871525886,89.3906707637349,50.46855304090483
1025.53094302353,373.14898101528877,89.12427819422422,50.633500996329744
1025.0392956100654,371.29552493012966,89.5907712466513,50.795807911521074
1027.2163879210732,370.6343842027339,90.1059213223595,50.63741831814821
1029.2392817676573,369.6664371273449,90.11112134968053,50.578030534187945
1030.5151116094785,368.3333386222547,89.9365216025617,50.44048847347614
1031.1778758430812,367.77346060278984,89.44319866933772,50.38455433830299
1033.0950310313876,367.10436608235824,89.43857493441779,50.4421481957937
1034.5137634490754,364.728964758205,90.2829350216037,50.26065552168196
1035.4453891267158,363.76098857280726,90.31709680089826,50.21684664961089
1038.1335382872876,362.1876625746026,90.90256376906116,50.105195719003106
1038.8190047315202,362.0913355090273,90.85702729916738,50.27642471844527
1040.175462201378,360.6401680686124,90.99784709112622,50.22912004048298
1041.6004099368115,359.3550023206103,90.88424660507665,50.324994749377744
1042.8725769443975,356.9755149878257,90.66655105006402,50.49187117886305
1044.8461276886978,356.5393589223916,90.58682255111765,50.68849343365166
1045.4289181311917,356.2687148749272,90.8894304287945,50.737729062903234
1046.8590119405994,354.6673104356949,90.69061046477968,50.823109161765714
1048.8673152865538,353.65953428989064,90.94102256788419,50.75249554837545
1050.2327313867065,351.08608353385927,91.14741213309689,50.70884053425415
1052.2126263037028,350.14248732872704,90.88558672895994,50.741033521491545
1052.789370935065,349.55723582620135,90.99429245734679,50.71779377446772
1054.0303782946355,348.57936261311204,90.83957447206258,50.783480491097464
1055.526184190932,347.09674679514086,91.40986019571982,50.790195290873385
1057.7829168177977,344.4985357401051,91.72844049710336,50.75267727643311
1059.5196882323594,342.5343898235472,91.8323024054525,50.63111244679876
1060.4686379108769,342.25382665735754,92.08455120172268,50.7748179448752
1061.9118181086699,341.00652030141316,91.98670756600914,50.76328851732911
1064.4895605554486,338.778014127494,92.4936868142973,50.81840581893334
1066.2664695907888,337.0065881479176,92.22429161806737,50.771717773355824
1067.2224760937324,334.8960786679982,92.14519356064358,50.89065924906376
1066.8589993772778,334.8053776498122,92.24439230529015,51.12815326830708
1070.0621526933496,333.34996577087213,92.05321695595262,51.31194364949357
1072.425978698045,331.18192502352736,91.65212210598621,51.4968372474545
1074.806791331888,329.7313150976611,91.80633174201714,51.282778616749916
1076.0825483365916,328.1213102514461,92.2064368808643,51.28718924912132
1074.9922186178949,328.0547810958046,92.68095281983685,51.548888852857104
1077.245528792153,326.24411027905904,92.82543882889507,51.5519467377216
1078.7469650995658,324.8789679444144,93.07071370170966,51.62133057578827
1080.5914382794178,323.8957468233833,92.7286933158981,51.660150618791974
1083.318520326606,322.30029629783667,92.95435834215769,51.572148423959376
1083.166187479946,322.2125455459684,93.54428188159466,51.8317182111346
1085.4093639494333,321.1537179408215,93.79510249990165,51.64221018290304
1087.769733864295,319.4121791943514,93.71395674824224,51.55323019026272
1088.9939651004365,318.2116342548991,93.49385802832421,51.69775664410332
1091.629690532787,316.68402558341694,93.31627160454126,51.63480539461458
1089.94248257444,317.26175012727884,93.28402410341901,51.496276277403126
1093.3216650648756,315.77795032540183,93.32451299675445,51.49513470264457
1096.130525269746,314.43537609441603,93.00170349475904,51.78793988191664
1098.3437915314128,312.21020358089237,93.41119859364831,51.9218600623147
1099.8953961571383,311.54589573271903,93.35080836532964,52.27007442151471
1099.240398430864,311.2664573391505,93.87019821322983,52.45079290753661
1102.5834777500818,310.60972197053206,94.45205400579367,52.5698948055097
1103.489626335987,308.7296555301291,94.63855055518245,52.824323283392005
1105.6524869410653,307.89308338530975,94.84287390068991,52.860988552912005
1106.2814954755,306.21568640793276,95.1825067637284,52.702899559744196
1106.5644390344855,305.9767560335919,95.02085572401924,52.68883092634003
1108.181534158984,304.7609151611999,94.89638618196221,52.80637807334583
1112.3584688334713,303.81601288189677,94.99512875620528,52.83094599197559
1111.0959197997822,302.4105178647885,95.34946452309207,52.548264227485994
1114.196546335422,301.30903428095434,95.27429482583608,52.507920466809665
1113.417395218921,301.3569096411514,95.77154032570658,52.639468944923784
1116.6471729706795,299.3404097814083,95.32953576747136,52.748182060482335
1116.3317622942834,298.7774557580488,95.39352219365861,52.7113861162651
1117.913292871706,296.53273856481655,95.5175549166057,52.643775519819414
1120.279520855735,296.10275810231775,95.42381946093795,52.79259384523439
1118.939887019983,296.0672689092691,95.59112114237519,52.93475363294205
1121.5343823637947,293.70771274479364,95.88982996341868,52.9188639210299
1123.4455803960536,292.7198083070196,96.01555496976289,52.88959376558738
1122.5622419061583,290.9519268039397,96.65748526929379,52.747975256244224
1125.6146653666858,290.32454988769035,96.63293581833165,52.76085797019747
1124.6483280706964,289.4137884108755,96.89537716064594,52.91921487768453
1126.1910280274658,288.7776256769474,96.93872494875235,53.16289065777366
1129.137327793259,286.8516687774473,96.74375105422023,53.32295403296106
1131.4698732236554,285.5697212422157,96.43954056833564,53.320778546783686
1131.9479122255007,283.8229523936778,96.72401463240202,53.20984026882291
1131.590027321784,284.4804940501256,96.87470230701916,52.9381323288138
1133.8176948156374,283.5727043257466,96.85425902005666,53.08495529258656
1135.2265450197497,281.1281725682663,97.05919645591793,53.1628196193147
1137.5997711383304,280.01750891801316,96.76624448959997,53.53945337829414
1137.572075128468,278.52734611508987,96.32736302557188,53.56760956580582
1138.1277586446006,278.20130975633083,96.15815016238915,53.76189202777737
1140.4054737026229,276.8470746583869,95.96158721477114,54.02114633468823
1141.1924663456891,276.0385608279276,96.30992813579965,54.07825046598176
1144.9908956709237,274.70472384586367,95.87324766983966,54.19463463328038
1143.9571805232501,273.9465099728735,97.12934210350403,53.98301798858231
1143.7184927951628,273.8329958899287,98.00124445853953,53.995524910303644
1146.64965462894,272.78596692238324,97.88521004421983,53.88452784699679
1147.849019330784,271.03888316089876,97.48405759251251,54.10335886598318
1147.8777276433939,269.2985005428606,96.80127237216955,54.23120309299579
1152.1941975332059,270.2899764631066,96.55508948951834,54.44052653822465
1152.4377614915165,267.85886997461034,95.92173539031683,54.78555621138414
1152.902841933323,266.13386213253085,95.49462811226014,54.90786722749805
1154.3408938702773,264.8403150037784,95.2587973325289,54.821167453859786
1155.9662340611478,263.9538596013199,95.14444707850402,54.77261050155171
1157.3719639356295,261.73968488353063,95.44568803030064,54.99296213821057
1157.3527766236934,261.7268402449258,95.46204941274746,55.04188745172084
1159.8043760720602,261.0882670550428,95.53824685924539,54.984064787755145
1160.7206656070537,259.19318636067425,95.06571083811687,55.08022164081731
1160.2319234054567,257.478914437359,95.15483736357956,54.88304951645477
1161.4185940715172,256.4179552568907,95.2534622980906,54.79027504635185
1161.868867440745,255.93118975427493,95.18976971946739,54.84383917507665
1163.1588762023405,255.3475753671029,94.94685460945337,54.68253561127832
1164.2661999913958,253.715319262567,94.87372276315443,54.83255588080543
1164.8500942083408,251.24867873420746,94.73107449554712,55.018445236779904
1166.0338207903476,250.43435942570287,94.36563787587538,55.129248355932916
1165.6579209627218,250.09804631716486,93.76430587924867,55.1643841812777
1166.8068263883706,249.22306055441072,93.94134019892604,55.20185656509282
1167.6106114597562,247.34430253190757,93.8578074172995,55.0126734676431
1169.4284458642264,246.65816236786333,93.63789769496793,55.18748026973061
1170.4921418213928,244.08428077853577,93.65710864966915,55.349784597525115
1169.6259467443756,243.81452144465928,93.24345168837749,55.28590333289362
1170.8241991871707,243.39338180001587,92.34242912834128,55.205296906218955
1171.6762590769774,242.6905321551541,92.2652948986548,55.26745874610578
1174.8747095087112,240.5413293204799,92.30655636199995,55.26513943223888
1172.8311223781336,239.85852131390544,92.5664484328321,55.25225343408862
1173.3562885372605,239.22616211216706,92.50438282104517,55.2188655248136
1173.8553855775956,238.11639400670464,92.96561979258267,55.24637035222409
1176.8268618825377,235.55829131282775,93.04831863762419,55.08947536384869
1176.531141248806,234.94355231195777,92.4178649256105,54.92127916266964
1177.6265446323225,235.47368303859867,91.6825139386069,54.944136386527155
1177.477049716994,233.80640616710184,91.88570242325999,54.83831837773553
1178.8947657629685,231.4689505512977,91.74929906170338,54.91584372601252
1179.2005003912705,230.66464108573823,92.04988708564011,55.14736767307688
1181.0035124717333,228.69481746965,91.19742704405338,55.380854359904234
1182.2427365580056,228.35196692121698,90.2961040631972,55.745788024319
1182.3680897328304,227.58703339483372,90.31011192477324,55.7701015931225
1183.0215674485435,226.06990674533824,90.08517618004575,55.77029870543742
1183.843994271298,224.30631273915134,90.22982241342015,55.99201505910459
1184.9570176452721,222.29096087424836,90.44493348331234,55.84651649169986
1184.2007986364383,222.00334059923188,90.13628557110962,55.802712320606275
1184.9480942091564,220.75145532861572,90.43375158223645,55.93859512647174
1184.3377752768533,219.88992983891714,90.54747135029984,55.99361274443395
1186.0016770611337,217.95754616124728,90.28313003912427,55.9460251536372
1186.818659757795,216.4313336792913,89.82434496177315,55.90634806676789
1187.7771791228647,216.91296633687466,89.24735895551817,55.953964652388564
1188.4887022283174,215.28104773610693,89.00970464753645,56.02156595876718
1188.9479966728152,213.53977864185802,89.02309332859791,55.905341635057916
1189.3668805781626,212.22716401518025,89.17231459880914,55.6651174067393
1191.3060634592007,210.8454272755122,88.59414572279564,55.66021978088127
1191.2690899127472,211.08288523732415,88.09694436055955,55.70250486366992
1190.8353649694,209.1095734251263,87.84654060574373,55.58815722799478
1191.2214144560428,208.1444663159036,87.95827396793054,55.70821367056129
1190.8594562609933,206.33970356060732,88.1594332450497,55.69588463746794
1191.832463357091,205.26238412297448,88.08175751854455,55.654412548912184
1192.490261401478,205.15869685497822,87.6913342951618,55.77482928749664
1192.7349118284833,203.7190264855357,87.56500409134719,55.82882021864243
1193.0400006086618,202.54314686992745,87.52217054086636,55.81699516984484
1192.4717099101024,201.2776580607175,87.78935245001288,56.020561613490585
1192.747838859674,200.34389314756265,87.82298937394377,55.867317313747435
1191.9874477659057,200.0220334319239,87.70665131459349,55.87073295445565
1192.9310993072968,199.00574353325712,87.3978703179545,55.78906256868375
1193.3958511463784,198.36874556872186,87.41394372480933,55.92379784807312
1191.9068638192814,196.89907830942963,87.49361129396647,56.06096399736438
1192.7479278083786,195.8435969160818,87.11437552387135,56.011085080645145
1193.8181624217025,196.10951217889058,86.76782216502889,56.10927308730373
1192.8828682562055,195.31658739081095,86.86053900649834,56.13691109844532
1192.5693009688416,194.68683476742945,87.09158584533454,56.07118717727005
1191.4968500851528,193.30922517231926,87.36477397440628,56.260479100415886
1193.0824046827188,193.08436923838093,86.99240278205143,56.000349001663494
1191.4922048363042,192.5519096418015,87.05235030927717,55.97819713368803
1190.586571319881,190.7785175934085,87.47903792203381,56.177619665837774
1191.6757584820948,190.68915267761574,87.45791829349857,55.82113310633672
1189.8999090237778,190.23472771165567,87.83328449795926,55.90490645820926
1189.6445324960505,189.31963403422796,88.05265515123205,55.87026474964914
1189.9036720597248,189.1743242994897,88.13597905504164,55.90517340870275
1189.6952300098358,187.73078170972923,88.3560317794593,55.89132699146771
1189.3755405771708,187.11926054014472,88.41955276705829,56.068451581231834
1189.7237184877545,185.64100186557673,88.14387162755406,56.13462288010539
1190.1367344145851,185.29681934776934,87.84482643246618,56.09349018498819
1191.1714744519877,185.1785156602278,87.43082185490655,56.1940078178876
1188.3832759762172,183.89174911940663,87.57881495207754,56.056954351678364
1189.3446437201605,182.5104704673027,87.63664834999436,56.248598341066916
1188.4384216561418,180.91250455046526,87.81999680447053,56.41111747981077
1184.6614284782959,179.29225302751956,88.52793814292,56.170090813025105
1185.31669415022,180.24325579644622,88.84826796221115,56.074086580751974
1185.161872909703,179.62323876799644,89.25939848959298,55.98691319155319
1182.3573330766183,177.6249657345044,90.20481000009248,55.846592212181044
1182.686394936298,176.27525456683833,90.32677929497314,55.81710600869484
1179.574771241353,175.59830687231494,90.98890998945964,55.562685095442106
1178.1924763425138,175.2796310453806,91.2685742786383,55.41605912155657
1176.4739326541314,174.83927476838738,91.83494579885122,55.33614447732374
1176.1029558918299,172.92896122369265,92.25430819748895,55.48147740587031
1173.164207334847,172.13848582394968,92.72009504915614,55.39070281301461
1171.367930618821,170.55164144033634,93.15665430434386,55.26939579548178
1171.6568458793245,170.53269440309856,93.62857029670323,55.2230711294941
1169.0727734207435,169.43641798996237,94.14417882165343,55.211362652818465
1167.7817929004643,168.67551303951092,94.40080984321462,55.16629149312109
1165.2520932775,166.75643130061326,95.14907427392721,55.238654733260745
1163.071087056124,166.37485001557812,95.26068951132612,55.20490886512531
1162.7823418844505,166.30990522106322,95.39830684475335,55.433537310768784
1160.8716415466902,164.3433286219145,96.66331032064303,55.48205053065735
1159.6231511675776,163.9630297167174,97.10244882422955,55.35191730438856
1156.3871772877922,161.66413724064063,98.30449101663135,55.29551505408844
1155.4149948576426,161.268819712737,98.64881556034895,55.54507869494821
1154.5005585316674,160.5770936679342,99.0390658568381,55.73390183062006
1152.3870440290389,159.82274973926718,99.84026473628658,55.67325530017491
1152.3939790988177,158.21892257457327,99.80831394124328,55.89117474148592
1146.8446242259438,156.9822423305613,100.2664845176794,55.92513169557433
1147.4495789736825,156.37615207727782,100.20693322227554,56.30987134425403
1146.0857403607029,155.82281680410915,100.41305907761407,56.39429696032402
1143.72095219234,154.40576827116416,101.11126429770147,56.24588417475829
1143.0865781906396,153.07410518332284,101.29157677044006,56.20477833979033
1139.97736225751,152.54266772063167,101.24485141395093,56.23003129022759
1138.7991600519106,150.9896919184367,101.56349079905728,56.20472416849752
1139.4434553181566,150.9892750731422,101.04967076484114,56.513479447507414
1137.9730076567678,150.23642174841723,100.95812757100218,56.519059258273266
1136.9730409755136,149.4340231250296,100.83060689107569,56.599923332822605
1134.3478431696453,147.3136362469054,101.38677814520724,56.33853987776726
1131.512033494196,147.3294744003357,101.50322123801898,56.21469316849902
1131.953726242243,146.91651160336997,101.33167500059572,56.234280571398074
1129.866812575473,145.57409980073385,101.34434234191754,56.12135227313638
1128.6827319115791,143.8028692611839,101.47499441906417,56.198625802645225
1128.2709562789753,143.1384584438306,100.96643015330419,56.48215541750776
1124.8166674692802,142.02300218591262,101.21271481538874,56.47044245841394
1125.626019069661,141.52442281200635,100.89937681943799,56.45324888460168
1125.6510049025699,140.71103085884286,100.39000867210638,56.38206454637605
1121.7139842382776,139.7686264094735,100.5775570807692,56.29538413485018
1120.1482933129018,139.1502379574106,100.71181211381742,56.73672543154266
1119.9156934727846,136.7058274782199,100.54452026506404,56.71806090484715
1119.9531392436832,137.01980027499303,100.22100915193872,56.80944085375086
1115.684700608344,136.07857132673527,100.73225642536374,56.5588769187539
1117.267427095818,135.3914734547678,99.98222970468801,56.71034107241788
1113.9347379502312,134.30626371626144,100.03808088480808,56.51974475276919
1113.2390005541529,132.72634885829748,100.20863678315094,56.604846933449316
1111.9105374402127,132.6766401295091,100.53175435052394,56.72690778951957
1111.7335148227137,132.02936405853558,100.19555383795588,56.578047746751366
1109.092693970363,130.32907129181262,100.48076800664646,56.43706142465224
1106.942948512804,129.7370773034288,100.3655765334587,56.53521144117668
1104.724175865127,127.93156561976718,100.41139295079131,56.61636930518876
1106.9697948670812,127.95198383243319,99.99995650633132,56.64589595439784
1102.71976508063,127.5265507176678,100.44253049878937,56.430693892264486
1102.8551879100557,126.39437273051183,100.50033829471852,56.457112654586055
1100.4431127939888,125.4372802735772,100.0283140006375,56.48838779367505
1099.8677478046432,123.74342983703465,100.0040760943114,56.56229333861989
1098.6260910140945,123.82354005929719,99.9688991225065,56.63053871941412
1096.1606733053095,123.05985562163755,100.34042124280496,56.77750288396373
1096.3551871493514,121.67675067065903,100.5597338180879,56.861906460008306
1092.7313983235845,120.6485470808737,101.0627726855948,56.637092726645626
1092.1116945150857,119.86474297758659,100.87484933182795,56.62160657477561
1089.6891690146965,119.79984105648626,100.94039746395417,56.68804908515581
1091.3849662802918,118.54538319595518,100.64082296755358,56.68331319679717
1088.2327583284869,117.22143005086893,100.92022494751824,56.509454302567214
1085.6890790909601,117.0583353132141,100.95258883944179,56.36931372645475
1084.0574558299409,115.45326834728756,101.28542140006982,56.00253382468967
1084.3501160857659,115.65334066519213,100.71895077164841,55.93774560319862
1082.1539252809102,114.11581075132439,101.03819032966273,55.971088855311535
1079.8176916419352,112.89012238021529,101.6055069079975,56.035339628596624
1078.2819972742654,111.8586475226094,101.51633145914802,56.089045855496636
1076.7203180614258,111.20632529685457,101.75736399714758,56.157225448951166
1076.2063987056422,111.18610947039981,101.54434927987427,56.28337535362548
1076.4787213089448,109.89913544140354,101.15642968853174,56.02358651510311
1072.5861594989778,109.27712025150731,101.4450685519959,56.16394987409787
1072.4654547112316,108.37996148516231,100.51757584954191,56.17251439508437
1069.3041733009504,107.92482817926454,101.13348364462236,56.15216009814272
1069.0830945238913,107.38302710074316,100.72734998045976,56.11043025731408
1067.2512729007256,106.27749275533006,101.08925258042864,55.72322257141604
1065.942702266884,104.67769118902616,100.87334502761621,55.6237219671464
1063.2722721014436,104.73010777527274,100.78983745383408,55.56914282666903
1061.8508130188475,103.14134460867727,100.92151151273352,55.459270583123526
1061.3356656730614,103.38946757276587,100.8151577877865,55.27755893167019
1060.0090737001751,101.9484699396715,100.76283850823278,55.25316925294315
1057.0235651662665,101.31624060327579,100.60512003375261,55.544330150942876
1057.6283204376696,100.3275926078157,100.24776016958097,55.42693295796411
1054.8198652750013,99.59910780532569,100.60701964271382,55.56889177688763
1054.4678609418017,99.36868651832222,100.35361880803728,55.523727871631245
1053.7521013992298,97.98820422328893,100.32012438915307,55.47662108680465
1050.3814720042722,97.55876880244622,100.32681029164759,55.493214163216024
1048.418291492213,96.33665184225944,100.63735710678144,55.41151291055492
1046.5233819347345,95.26169211587347,100.98082731617515,55.46612930470256
1045.8542129195891,96.19013936100326,101.12543940290047,55.162200813092596
1044.1611335651905,94.57777753028056,101.48628497273616,55.33802148610417
1044.4285114181212,94.33012798299171,100.90463992450725,55.31313171263606
1040.840212943674,92.49245406718184,101.26288751198172,55.475174595449026
1041.1961504627714,91.88242521033321,100.46514084437011,55.48508719329394
1039.7396557913792,91.19387480812117,99.95095561897838,55.639649407286825
1037.3475467628857,90.44357010599583,100.0222968792429,55.51586487156556
1037.9148787530164,90.11736340363603,99.40759085863343,55.39874511893652
1035.2630159199646,89.39871351490356,99.3937210428646,55.00519298390299
1032.742357952684,87.85520299980512,99.21130498279689,54.73460045056228
1033.2920018751831,87.62796065146249,98.85798303583549,54.664215049610355
1030.7679271294876,86.71500318093489,99.22548229300395,54.629712028591285
1028.9902783413763,85.47374877010414,99.5511339017432,54.86626442935434
1025.5663737570035,84.95444947013803,100.09429800899598,55.12609395341605
1025.1588322251446,83.94028283945309,100.35353825588409,55.40618114106308
1024.9521505215898,83.44201335657395,100.52978397016516,55.4515209924987
1022.3585110175372,82.73073438509061,100.72380116415293,55.44485957034544
1023.0143385092168,82.65108748414869,99.86859127871706,55.382138766230305
1019.9043685047244,81.85868380695581,100.51724651673638,55.30129015004265
1018.6150400477918,80.59244060783816,100.15680817188888,55.14100177563389
1018.5719301495543,80.39498197462726,99.70298163409721,55.20150622886905
1016.3207087796028,80.01220061193925,99.85544640387685,55.21748541189812
1015.1862235235358,79.09348842675256,99.48764023029617,55.24384088979255
1013.3375712625786,77.56241834739967,99.58512962197673,55.408111699972316
1010.7388399255744,76.69177219178133,99.67382383285022,55.54402204557179
1010.4078647713549,76.44374798211183,99.83067520234756,55.48746447831566
1008.9048768710712,76.17787446778901,99.70079532817118,55.43874529611916
1007.0166401125831,75.83620692343979,99.77224770218783,55.471187829103926
1005.4051108033605,74.47987732789213,100.08594996496606,55.31476385407682
1003.7777857169647,74.03434385757238,100.38626277928279,55.29399732961699
1002.699273080272,73.47676031271217,100.35867267905685,55.318527212306165
1001.1462597251173,73.2661862359025,100.77173292818442,55.19554670953819
998.7827837644777,72.70758108484524,100.71850868674396,55.432799991369926
996.0914756926861,71.32655820421057,101.13404805191522,55.349398212356085
994.7563363525661,70.78287073779772,101.11082216024049,55.42351897953237
996.3394976662399,71.51787718581637,100.8937328264263,55.347361178404725
996.0488634388647,70.40908287947403,100.50552946892843,55.25333575452935
992.9912256931552,70.13438001393537,100.82798021516928,55.10769440508986
989.5464008390766,69.71563134162544,101.19923020790281,54.83560062326777
986.6575457076351,68.50364887800468,101.55559857472872,54.57922263783533
985.9579145160396,69.12723619672397,101.8515072191348,54.495269836486834
985.0138138228261,68.0902507389741,101.72659033850258,54.55718726230151
982.9432395861941,67.13289994670905,101.9628098891134,54.629961080031705
981.7456750871619,67.20001605198829,101.98957336097857,54.884866554772145
978.2844609163676,65.73280371767713,102.716152283927,54.63305579553801
979.5838662457372,66.33968500030949,102.19315921017912,54.415203159548824
976.2830545718,65.57313263895864,102.36894027289748,54.558479796351136
975.353671943522,64.96541937216998,102.34846012902456,54.719384054003804
972.6146823920385,64.5527869806564,102.5704821053742,54.8122126569162
971.4528483115738,64.41069583626468,102.5358147713085,54.774167050439786
970.8237337191049,64.14904231822841,102.26754814192276,54.70628339074969
969.0007948791589,63.21676912649628,101.99615253881008,54.55640950329415
968.3073051131805,63.32549990064042,101.76679799007074,54.66010329448531
965.7594618899116,61.84660438467751,102.05682704982877,54.287892256937866
964.9984944165723,62.20773036675898,102.09382802414864,54.43017836631466
964.0672270607522,62.233125088834015,102.15650404648068,54.44106339038387
961.6794176933001,61.612397823308804,102.57620008241024,54.464750444398774
960.4355840224296,60.938436063366055,102.38189492048922,54.62140683152518
958.5912105779398,59.971259887057315,102.12437182045512,54.70752190806538
956.6579233500827,60.17581183917044,102.43221066711467,54.74111880711901
957.0563540611328,60.11453940432825,102.04613658899358,54.46050992948322
955.2134486275851,59.38257024837283,102.2816503388555,54.507475365798975
952.904269660458,57.78812593400265,102.72194392679627,54.32856709665114
951.0022835620581,59.045690756455606,102.58999993821703,54.43863295498009
948.1994657091595,57.31547919302645,102.85634121042045,54.25827849394779
946.7748743494341,58.37096943070273,103.25023051289438,53.94502679552698
947.3142999783146,57.36292348160686,102.30361396260805,53.92245864428024
945.8565955468189,57.25817030467161,102.55610878789504,53.85587375035374
944.8914796234643,56.105509533832915,101.79470264174522,54.02433158353503
942.5433983722085,55.473437059041814,101.94007435751374,54.18573922556872
940.14786028681,55.71079144230829,101.97647180211457,54.203846430410266
938.0017992708973,55.49855083695161,102.23233084489553,54.18448606454741
936.1856071804184,55.53954660985778,102.59938328070567,54.11116640409137
935.439827401765,54.27877219496246,102.38799689036546,53.83630300434405
933.5474126379022,54.53947321023907,102.37113989274619,53.753769734853435
932.2368300444986,55.19464312838669,102.20409015760212,53.62924427920396
933.5264105062073,54.37072327095311,101.45302586237375,53.502838731925124
931.0456603662726,53.53461570674241,101.46719519055242,53.67790427366897
928.0041134145766,52.864065707914534,101.77294391343302,53.9955270746313
925.7514396780592,52.44652504003861,101.6925603569574,54.12065849974243
925.1876236145413,52.61342581656823,101.79729440602844,53.81523891273763
924.0021917486318,52.68926412941549,101.80821665530343,53.49921793157913
921.8575961819785,52.27060024295507,101.88154122290584,53.375360427991644
920.1772131564697,52.659624997629074,101.94161709982049,53.21161021597639
917.7200100763354,51.02662374111014,102.09903902623296,53.17640041822323
917.5083399394142,51.858313619223246,102.54201191708694,53.286133435892296
916.1113319062977,50.825709100458695,102.29136622298981,53.293171201143565
914.2385140513101,50.90147728528173,102.39180501829213,53.06666510022624
911.7227738750673,50.45757756836473,102.6641091165053,52.81977365328479
910.4028557286266,50.97678404886642,102.48452268752375,52.54818183829274
910.542702287635,51.3754643028543,102.60202514712849,52.53298775173042
909.824057132686,49.37380984607762,102.17801272360515,52.25196868142758
908.3831165680832,49.79214911795623,102.15905404720766,52.346835395238706
905.941293851394,49.867184337489434,102.41816248946668,52.40248435264427
905.946814591451,50.47144362761705,102.63813190830055,52.21506498217451
905.3006650428287,49.06697584928803,102.42450177390148,51.8186925783223
902.6047743387891,49.4655663067561,102.50285573370802,51.822383452841564
902.720786078814,48.75760569869933,102.1457661968106,51.593167001299165
901.1013221062308,48.75477852714579,102.24433307134407,51.79983125868524
900.9440178169282,48.808772363730476,102.14826216057516,51.97465933992946
899.1626731543276,48.127397578451664,102.36246792330658,51.81867707798282
898.0615844321264,48.24515890279106,102.16612823590363,51.84894369970501
896.4341776819247,47.774647145483705,101.87547292908678,52.00348392650845
896.0902089496745,47.56567368504028,101.92500608383742,51.927521428812376
895.7054320917376,47.39559618486318,101.98802487758823,51.8638030153654
894.0169633067607,47.04269028065342,102.08224831904786,51.759156580891705
893.9832861319962,46.79707573585769,101.58523197680051,52.1374087170959
891.4076535293747,45.70520783356099,101.87455727496969,52.198878944373
890.6268940357148,46.3883952732047,101.90831027298567,52.098382027198014
889.8720837311172,47.07043131097155,101.94409434100514,52.03292886436115
889.0556663119866,46.03287389688051,101.88795742137773,52.200283787681784
889.0377000472872,45.45169069804429,101.16608090784567,52.39880642247962
886.856628428898,44.735389938474945,101.35188833300921,52.49493721846615
885.6708195659857,44.59104045365203,101.12670120157978,52.34578177889416
884.6445567838066,45.53629875652318,101.45305324584969,52.43278122825896
884.4164851631432,44.652304072184776,101.41890575598498,52.750439266636384
883.7677533881143,42.85380499323779,101.40563765664378,52.52865914808689
882.6534077924637,44.080063463157025,101.48306537252704,52.48310913291577
881.7061848169886,43.87877767735273,101.4208078990234,52.14322265904172
880.4886068724998,44.11130835867776,101.38856585976332,51.8445153565647
878.6613847408104,43.02741119522574,101.55497635162719,51.762081993725694
879.0894181266631,43.83328228463982,101.11192762773138,51.938710185762396
876.0294713004303,41.55049925758569,101.62648509092706,52.017944777010555
874.9183006828064,42.40584568633479,101.69593325976857,52.13777409911593
874.3502362515284,43.460413684527225,102.05534004876952,52.1099536201566
873.3824202077847,42.40738405007174,102.08475468039306,52.28820043198291
871.4080350963935,41.457903222312,102.50456467520885,52.05753199869625
869.2139458051117,41.2123697273552,102.65154376436425,52.06478832538657
867.7618967192908,40.29714360394583,102.52120165699928,52.18851104091718
867.7014713142985,41.182761124779915,102.5403970284414,52.39749595946171
868.6450535475213,40.23904102981703,102.10563610737539,52.35011788156522
865.3182410426973,40.014117692040145,102.4607453203621,52.566189284153545
861.98873172785,40.072182900219474,103.42430649156053,52.507232544583694
860.4371397804647,39.23537934396971,103.14017177518629,52.58943653036661
860.1933744148503,39.08437485566824,103.3766912540119,52.42939649955379
858.973970369563,39.26553773783155,103.05366210055257,52.33236984683185
857.8978126399176,38.369359568856396,102.5930565603165,52.22324193375982
856.13565468482,38.879771647478236,102.48808355869218,52.44551830046481
854.3631299860787,37.54980009743937,102.82582180276292,52.6103172717431
854.2656875882082,37.626701454861696,102.28931928132322,52.81312706042705
854.4327636892791,36.687953126033875,102.08113917133292,53.00419362145641
851.8302321311114,36.83633409148019,102.24984583854126,53.03518508540593
851.5342742989668,35.98004495741969,101.3980022998732,52.945114928424694
848.9763438254934,35.46532414658831,101.25481478490605,52.95893381506396
846.7486356323914,35.925791819968914,101.57532154128828,53.08554902734663
845.4363710771279,35.51718275640282,101.75274500568196,52.93368271281698
844.8957932323773,34.86836244461581,101.43712974105098,52.75567195299103
844.6961062364,34.22352443385303,101.25928061088558,52.39305703423188
842.6012212600752,35.215955446308996,101.25400652285515,52.58008884438768
840.7513290876722,34.428549169365816,101.54658767018215,52.360755694958314
841.5603098895423,33.628734093757416,100.70744962095763,52.116089510001096
839.1119561852795,33.56971325993145,100.70050769934413,52.28889034478781
837.6742708970929,33.02431664396582,100.56046308406698,51.846022807256475
834.7134605329466,33.46207809689187,101.00956107676396,51.916773883929245
832.8702182017566,33.993906974919085,101.435814959496,52.114809843924014
831.4543493548662,32.4932603684927,102.23712853523482,51.942575816023606
829.9995015397019,32.90360856069507,102.26304463980654,52.21587738694113
827.9345843639421,32.03392222230347,102.37302444573278,52.2398796470831
825.9896995804289,31.682022606222382,102.32087015602409,52.347375356658446
824.8858934973584,33.17761917119222,102.42324936813974,52.583439716876846
824.2242592461836,32.49899787488823,102.51937243706367,52.65623952708278
823.4782867945148,32.01092510001304,102.12684342053257,52.67907625610869
821.572083308416,31.140047656015987,102.54016606312516,52.81311577583192
820.543499346324,30.77432313796769,102.09986837680509,53.01099923108363
819.7706032569965,30.64072694151086,101.88406590233033,52.96873110325297
818.2825355422359,30.328717426558544,101.84043953108562,53.074351132989754
817.8138363999118,30.05149932986805,101.44895965144242,53.37118648246434
815.8457594677116,29.35240504910635,101.74945358275266,53.52466817486238
814.7531397876194,28.791529299914824,101.74823912366223,53.628562836926456
813.6880871229354,29.102988232142973,102.15627304380476,53.67860376372611
812.7885231454921,28.90917641118579,101.8771300865207,53.877549886080615
810.5950660860011,28.60945865676928,102.2753917377751,53.76175200935074
807.8878698976229,28.885015211402703,102.68581539886388,53.92614098338544
806.6563660263486,28.314114323353564,102.76869594986894,53.82677735993232
806.0816130700852,29.005562388102312,103.11701583725305,53.699682788929394
804.2894264979399,28.089077272647973,103.47299828787904,53.99710719387982
802.7739232804774,27.308520835015702,103.36737537977115,53.988832633231276
803.7274571906598,27.508513021463738,102.83739491406645,53.92978295414853
801.7752796398379,28.168023257444265,102.71759725997288,53.522102480432714
799.9243636011835,28.18110341876435,102.5973506324478,53.30645261435458
798.6406685955902,27.421790753759815,102.71948989404636,53.645444088543954
796.3126596535285,27.10505708561057,102.81670278930869,53.584858490195835
795.0434168215949,27.59457062997608,103.14984568355325,53.541677551386236
792.9090938723582,27.361098549120534,103.2796318331862,53.542391857083075
793.8303061293916,27.496581360257505,103.05815873322753,53.39110292908308
791.4443607896054,26.37199409909278,102.75140704448346,53.49481732262835
790.0006796056508,26.54557744202015,103.0879056695641,53.49720696363976
788.154700775935,26.153360357302716,103.17493626600744,53.641315407996046
785.3916037100172,26.24668206184178,103.48815728001487,53.977319141328195
786.4169940205279,26.667725160063068,103.4284961629682,53.98971869508399
785.1923442409031,26.354734504304357,103.21395089838052,53.83343476068695
783.2849413097007,26.194504820000617,103.19132532996868,53.94446508874324
782.9184680242693,25.919172932914076,103.37840940493241,53.89178305154929
780.1842276900609,26.279097464763456,103.83584557109083,53.813755551094395
780.8213618680475,26.330610568291338,103.71498359672468,53.929524539260534
778.9180810688473,25.858158265795918,103.78107836201056,54.15726701198819
776.3799476974892,25.285217751741186,104.06417083791148,54.359228381436765
774.5912259248064,25.854532979464658,104.26326579433365,54.34814852794905
774.297734966226,25.292347040975592,104.14533773119719,54.673121803872036
774.0817254306568,24.77694249700468,103.965069519392,54.99518201476537
771.5633675535622,25.22220332617678,104.35073804381437,54.874813998121915
771.2227797177522,25.033231200515466,104.27959163768313,54.84389002601581
771.3353695578476,24.257434985053294,103.43161965393031,55.11224499966477
770.6064748134784,24.11508265856433,103.09007199400233,54.64672190329501
768.4044808394056,24.829609726666973,103.52564062871708,54.60575968889606
766.3354011628205,23.982664761747507,103.42561028462148,54.648370884527836
764.7081626741568,24.711888262906914,103.80141990736526,54.46902418109055
763.6843395616313,24.625085307861486,103.94670402418575,54.5436803384334
764.2742007793146,24.771323437763364,103.68302284381639,54.53062329216304
764.2538364447913,23.528292713326667,103.8132251478212,54.45477220441534
761.9879772004915,23.452268466221504,103.64886581278195,54.434995349294766
759.1273779715916,23.759629318361625,103.86189414271308,54.44013989696002
759.6475556484024,23.975518133399763,103.60190932255774,54.38938272343625
758.3988080230208,22.905032748502922,104.09234237658931,54.43202347232539
756.3720982804975,22.806059997919295,104.59842599852266,54.61116038138177
757.0393159700792,22.837081956787827,104.22119359034089,54.63313794253608
754.3831380442335,23.23477373297982,104.46060098622158,54.734156033905144
753.5188762024177,23.05887556983346,104.2810175083314,54.54695757107433
752.2245641620666,23.37370979162842,104.5280805100083,54.45166849054441
752.9760124729228,22.600543781972828,104.40572604737656,54.37326110136255
752.1208286912274,22.492698068352368,104.39018807316177,54.410287456877626
750.2898994569687,21.251195995780186,104.7307555718307,54.62914241302663
747.5970524412268,22.609122797611043,105.38058830189247,54.30413339287627
744.4991827643944,22.180414496438264,105.40032038474429,54.31948394564602
744.1456257633621,22.603225315165872,105.71704747756242,53.90642525546406
743.7082496458322,22.642523173333526,105.99201992794272,53.77689772779605
742.6007572229562,22.3881361899038,106.08543657072235,54.03885342039593
743.7614849880453,22.630950209222597,105.09431439263308,54.179793281939155
739.4201192548057,21.59209226528336,105.24836410404632,54.159466920138065
738.6911235396315,22.744540613885697,105.63306888182987,54.002932144243815
737.231443363082,22.2717819851587,106.10099009270162,53.79933181270092
736.7117674630143,22.29781598611558,106.53749175369579,53.70697159991022
735.523567021292,21.893105200368296,106.40099562252256,53.767103599165864
734.7778343225494,21.204786069828394,106.2938932957798,53.77109993920227
734.5626311789634,22.19631928993684,106.63504664164137,53.43386901782235
734.2958043854928,21.32185531705872,106.2387212618696,53.624227293855085
733.9920882773964,21.331981950748677,105.81348691407467,53.499912489984254
731.6046432421138,20.26285919107824,106.08357666496846,53.40471236494647
730.6216114271488,21.02640897620863,105.67113458811127,53.776826108742085
730.8652486295181,21.32688027710331,105.66505417288799,53.70102701109548
728.1369164917369,20.43535923446342,106.03231386547294,53.534946071434774
728.4301900351854,20.57532532347355,105.9054118710633,53.50697992282011
726.1950956597644,19.73903230678444,106.07575635692125,53.543205549322714
724.1816924405063,20.054499484582248,105.83007515505658,53.872437528833
722.7182105577972,21.16386855548016,106.44286331470084,53.78010820242108
720.5095098398098,20.851793291902336,107.58946702118357,53.544734241127635
718.5840033519086,20.483183766795154,108.268165353126,53.573251084730366
718.8072711432077,20.73223142031378,108.09782639933684,53.44810713624986
717.2990856100721,20.665629205946882,108.57756421251038,53.35082958275252
716.6609161231202,20.595313504583544,108.9310230732894,53.275678998765784
715.5709102481189,20.854963744113114,109.25353558146305,53.07423280494682
714.2135513858244,20.643752639372682,109.28865878929797,53.06495985117771
711.9932848863098,19.85948946464232,109.83281064857195,53.39876036769929
709.0822703572777,20.007718030430613,110.41722888968054,53.203545122738454
709.8400931323075,19.735625250005597,109.37652512972481,53.39849726488541
708.6046102205152,20.09219687749617,109.74202530275097,52.95721532467782
707.1293271665882,19.930153493881168,109.92439935776385,52.9063931082004
705.4177967112839,19.459579961377248,109.69422507130506,53.000509354745866
705.3317413389661,20.19827441977892,109.5825111337049,52.687968407951374
704.8765006988432,19.156856823318922,109.76660819144335,52.82215455206613
704.5951622134505,18.68949749328073,109.75078352047841,52.801589510722685
703.3290273171946,19.4096300834779,109.91391531059458,52.583112617491125
703.4689468570782,18.950139564657086,109.89919360787017,52.54855887319992
701.2856746023908,18.236909326788876,109.26864110186399,52.97078396208789
700.8858861273435,18.20847231546009,108.88551706032807,52.94155150557753
699.4392237592549,19.11473768367184,109.07023388444179,52.813959557568026
699.3238224238513,18.79656329401552,109.0067894644323,52.73974336591051
697.8338776179144,18.457840384602658,108.68448614989947,53.16829100639723
697.4600242263575,18.03473429485397,108.47130067293857,53.33610278859389
695.8735302019213,18.903618312520052,108.78296846462398,53.18188294147126
693.4897587182613,18.258080571512544,109.30680758978085,53.16721055685572
693.1466661364465,18.254230268881614,109.44856708707844,53.06694254116164
691.484514511524,17.81814625961496,109.49730471268624,53.1361559455325
691.0983945970689,17.766891983167927,109.18141704773794,53.16642878750766
691.0880623604658,17.676798783262385,109.0348784671123,53.274460993202155
689.9510885111079,18.232765811936442,108.82015414777703,53.38346955231675
687.7758203441952,17.802790279472188,108.96773571246774,53.640764729641496
687.7576716381427,17.41670570592954,108.84690124405105,53.69948791525142
687.4753098361276,16.787688088890174,108.94992783589501,53.62886039622499
687.8648833369055,16.86418842702575,108.86563831248122,53.32865503772289
685.9104528871017,15.978177934611352,108.57746962148211,53.68282695867839
684.5194844162021,16.567978500725314,108.62267193460397,53.57828869742978
684.3987352721034,16.83525402537437,108.75355130366711,53.475139854552566
683.2426862011624,14.847090814040826,108.50918405820461,53.89925976095378
680.4965556754944,15.627965972747308,109.55237799375719,53.58392672755266
677.9090773874598,16.850961430340256,110.66517836941745,53.30784290541486
677.0628706614302,15.776249419759282,110.6578756111112,53.62323391418667
676.360518255554,15.296979596316863,110.22831292580105,53.715014022420995
677.3472507079549,15.303437302169026,109.92381562563631,53.60847710342964
677.1696363391336,15.915526074643498,110.07303203978012,53.491796535333116
677.0620263240919,15.612190884225274,109.94421066275535,53.45522199400846
676.0275953213611,14.812541503046667,109.40293663611243,53.86790898478212
674.4180203399823,14.064515520087859,108.63763125180893,54.128954141465115
673.8272774928848,14.03243916706046,108.84363972737574,53.919251846785585
673.2676581315617,15.144851190095554,109.1350655399422,53.5138082032804
673.2767657874327,15.197744821728548,108.83991700519104,53.53665722567706
669.4657527340942,14.839973686971838,109.20090242430716,53.39597609078298
669.7204186949832,14.428977126365218,108.34319434762926,53.693582806051396
669.102089539174,14.487220453713114,107.90908821298916,53.94392626190553
670.2941115828353,14.16684132453467,106.9113159600402,54.202476053732575
667.6626821313416,13.749718402081854,107.32296093099005,53.96187658461233
667.4843344447365,13.313748318348551,107.6167814207869,53.746344670894544
663.36928246982,14.00709501690828,108.00498311460817,53.77044267086981
663.4871806892494,13.764011155696249,107.35369473715834,53.85471707559444
662.3156616696622,13.326767166830617,107.32870914237577,53.86329982804876
660.5732092171763,14.140582687904882,107.34263030367983,53.72252023968136
660.9102129649101,13.507506540313987,107.19981147503296,53.69503287498156
660.987970141956,13.592916103857004,106.83120649255567,53.72377154401617
663.5234480114229,12.469898116459596,105.50856418059308,53.84613026508784
659.9676214647413,12.744357793393661,105.53978915048222,53.701962212031475
661.2377977490675,12.113724824120489,104.92535265753638,53.699034615726745
657.9466373434939,13.154002944621574,105.58191892156458,53.456453519110866
657.9114214115932,12.020498305720817,104.66469800674021,53.401665426001735
654.8059826145969,11.405436096632993,104.50253254043007,53.344575326584
652.7420376452534,13.591908351164076,105.55559385439184,52.6630044041765
651.2847816890824,12.879655021276783,105.80620825239056,52.634335400003025
648.803489216361,12.340494140612854,105.94605264302385,52.64069766578645
648.7519188368293,13.065893424807996,106.14761224881366,52.574462662650376
648.4355894467835,13.189148832919312,105.72300634327432,52.43395813346607
647.4065734917715,13.92230194345441,105.77261873959613,52.301760145847716
647.4828912032604,13.656235311199623,105.381472678143,52.25021182695275
646.7280448578101,12.983607647205577,105.13564562130924,52.262694899996994
646.0581005205672,11.38224603993292,104.10872802710311,52.53829576003486
642.2289858215078,12.226891883147896,104.89822115813209,52.330920620426504
644.1715512752187,12.73012667429617,104.88045251152892,52.297189900167616
640.7116117933685,11.256569776199022,104.84988582322094,52.62384795447959
637.4569619453225,12.630017612678461,105.53469449529578,52.34211432032381
637.6150101548956,12.899438098880907,105.323790327653,52.284740356509616
635.8857875959604,11.950393897992978,105.1468694825411,52.39990303330226
634.5692751996496,12.10441295714648,105.52334849307367,52.38002714644057
634.5107568794411,12.909640286970571,105.60741285727973,52.479121913824855
633.1338980044677,12.58381818563323,105.40881956825575,52.41245599877798
630.0188350186909,11.862923143885922,105.51197667918318,52.48222416874415
628.1524919819763,12.369076946186166,105.81342505501095,52.46945725075103
627.5062267288912,11.73597392059332,105.90227683403126,52.42417050122413
626.082310801035,12.327204918915662,106.30984041162169,52.274477707765485
623.6976365596568,12.14751431640368,106.70111186419618,52.07544338067733
622.990294741395,11.964179680691789,106.48230875297796,51.992370871343205
622.364138019937,12.343590727321128,106.6248367583102,51.80132557728649
621.7889080817334,12.69892684756213,106.69341475395716,51.64734695033369
625.3329041398647,12.202457171189934,105.38557066702192,51.579728580032736
619.6267202838811,11.545102036741394,105.70959094399159,51.6922312836222
618.3787850827708,12.381634521649381,106.02132257134028,51.585755192437816
618.294232487985,11.704178577195513,105.78736318214028,51.42927317665958
616.0843223430426,12.0003411046354,105.48338853489146,51.57512381195391
615.9922962771839,11.469194443119147,104.85947848742498,51.67736303542663
612.8610079332412,10.905083069599073,104.52244580031017,51.77935079806889
611.5193027666674,11.705588954381756,105.26067237949061,51.5639845372697
609.9877650025198,11.74206769460178,105.59798554053725,51.5494938414857
610.0062945374514,11.891850842539561,105.696507800139,51.31032150116867
610.488164542355,12.401125060889996,105.38593903161517,51.16559652838458
607.4026209565758,12.09017302489383,105.24131041337868,51.20080361799319
609.737160401412,12.010668867355918,104.4292387887971,50.93965035799005
611.6652212742379,11.606297305638382,103.00357916510885,51.4523378068722
607.8080829488403,11.041849883398001,102.81133449556107,51.485515936493954
607.8059922621629,10.829652191895367,102.18947469498094,51.73794694233438
605.612557790608,10.53688777356275,102.5944977823778,51.59002512783079
604.1634813929696,10.639508703192199,102.30053026401006,51.74683493435482
606.5318757654572,10.228112485601194,101.12880952555032,51.919561172618344
604.7315399706118,10.059347111494915,101.09465254773639,52.03181677684992
602.3002862794489,10.248901750240492,101.6280202205896,51.77728834459555
597.5032305505445,9.819443953288946,102.6592301815113,51.77140908814921
598.2987596222757,9.901894397315715,103.01548725411317,51.81200285725453
599.5809105231416,9.964998921664034,103.18993495647088,51.87089892373314
594.8339830529902,9.80196308155677,103.64023940544054,51.86919271159651
594.154900343494,10.564435472141227,104.41985919445482,51.51913546838384
594.5622715754893,11.505689605801116,104.79491437031108,51.141160372717806
594.1464328352093,11.03709587075684,104.33355729734309,51.42870626937725
592.1607023065296,11.19276507513882,104.20478909139673,51.53872322732014
589.6179310331272,11.59329222109568,104.9627850416745,51.51674676333687
591.2253330034049,10.682755409483423,104.64577487095566,51.40276977983378
588.190835171523,10.467547136983981,105.0177228243007,51.51060953378462
590.7077231033295,9.87202444797617,104.29223124337194,51.740580917163705
592.3162809873387,8.363700298814251,102.65662876099046,52.357599145754875
589.6065450233116,8.158580380856908,102.43291316615671,52.44004571132006
587.4124644983533,9.262006321042463,103.05766364783597,52.304945663910985
589.1999932362934,9.026965595942144,102.66150116859868,52.22059329147979
585.5673495562405,9.079785849874796,103.27693339183305,51.95275537255415
583.3923932019484,9.542128503674963,104.1321115747369,51.61217305319692
584.004993358172,9.657635413986192,104.04804778935124,51.70738153310394
581.5559006740702,9.814398916220085,104.02790630284892,51.68416091796797
582.6130132991417,9.738096461232516,103.29859866955013,51.80993112582388
