692.5,367.5,36.0,21.0
690.5294456658432,366.90922305804,36.54962679194011,21.18217314259337
688.8276330615431,367.40692784687315,36.80066959354287,21.261874834877958
687.9262062787835,367.73452429336004,36.91450872424761,21.264270602621174
686.5137399358359,368.7622678631801,36.998251215059,21.287730291823255
684.5306212628982,369.59248879872587,37.0254169056611,21.295838077599726
683.5367567462641,370.0159540094046,37.374008194025784,21.479471010734365
682.7669707289402,370.512221283119,37.542246152745804,21.528997076937756
681.4207655024165,371.19969751324726,37.52687529094324,21.500021207791537
680.5585867933881,371.7974938202889,37.706666077683025,21.54920722682595
678.7357131463582,373.1385514166804,37.58621926659463,21.508361241043602
677.6302552010904,374.1425274743406,37.48328141643792,21.432213425077762
676.4610213427056,374.2005611165828,37.62964431677063,21.500071977871762
674.9181913982621,375.86846734883613,37.84569198870831,21.57863195751793
674.0389019979965,375.991423712333,37.93888971528779,21.577065998188154
672.2721441176653,376.96765811608634,37.984952730512546,21.642178176704427
671.4750797249453,377.00051619033695,37.81644545046939,21.538586629209693
670.3698829835886,378.5194623375596,37.9823116409314,21.69445711400023
669.5368591748507,379.0444130905729,37.90868659757949,21.666375914751544
667.9892739327739,379.18357073503313,37.8214814122536,21.51850360278272
666.7832899941703,380.90661432653263,37.95015914167945,21.564030523101025
665.4629475697608,381.3764362762821,38.00243432825184,21.559687093000573
663.94188173984,381.41549109193005,37.982189488917456,21.584037272378865
663.3566767343779,382.03680092969637,38.13196866335478,21.70130662730279
662.0801710311216,382.7922465533019,38.02965656446577,21.719410536379907
660.6561266434237,383.5709709108238,37.88654918431351,21.706306723374652
658.926994228372,385.03896399070067,37.78045840261581,21.6872846177285
658.8083882941709,385.1909904873066,37.88839694581308,21.757266893538663
657.0699032233707,385.7369944227717,37.7979928579824,21.794367570772792
656.43030694597,385.95309218632497,37.712401291270446,21.767038619861047
654.9212617784896,387.66194864634974,37.78618882891381,21.82527427197038
653.628936787114,387.4875623846324,37.43781535890622,21.663458507097808
652.6835251670104,388.6212488485229,37.36919002313973,21.653666098039334
652.7340061770855,389.8045009107806,37.607701488936236,21.90069332461351
651.6397924493867,390.3598851328373,37.782569602903074,21.99512853288198
650.0102311920766,391.1494655807638,37.81796489126593,21.996282273259478
649.6459820724999,391.682062416878,38.15017491430532,22.095220600046755
649.0334594231839,392.53741511489,38.15647033214675,22.068457283566886
648.0540062372628,392.7164192036644,38.187602751504684,21.975917912046555
647.5487369810971,393.10444949399164,38.02119736563503,22.13025370943229
646.8407447279637,393.55534085542394,38.00319222785133,22.31079882928008
646.8760414738382,394.5941507699424,38.285259272868316,22.54032554946798
645.8346940846826,394.3977882516792,38.23734573094344,22.513049228200643
644.3240804052926,395.1728666072088,38.2716620312973,22.297170743040127
644.7627170967578,396.6550529978844,38.397645446157696,22.222093539691887
643.1970415216982,397.0775657657009,38.33145440572494,21.968732437538183
642.8190990795101,397.59320910583125,38.33860207410548,21.8472242330389
642.7848362999296,399.00912860012033,38.413071803790004,21.88900456246914
642.322901201621,399.8886015434342,38.30296532632728,21.837896019057347
641.2955172891483,400.58818434609196,38.229874035672054,21.859897072143372
640.8497180732713,401.43393484901395,38.11768947983144,21.822067330947757
640.8429655459544,402.01529020419287,38.22928656892432,21.9416188266675
641.0378783791036,402.7747482628245,38.212464296037496,22.084225336281115
640.2877680948982,403.23099745739677,38.07785081331633,22.13127607614586
640.0633547441906,403.5866719536387,37.8521769301289,22.111492478063525
640.1248267061405,404.50466252052,37.97787922083357,22.2210037311188
640.1697523144185,405.739776621077,37.934791878868054,22.216210319662373
640.1848572353135,406.6180826574994,37.98838563119038,22.26235145688537
640.2105687344242,407.08897415913464,37.98105192793911,22.299310933892958
640.605994275872,407.4938764070934,38.10802463654733,22.389203026491582
641.8736451691668,408.41891491754797,38.24223178397875,22.445405092649175
642.1428720340936,408.72209218635413,38.103067811138644,22.397824907110447
642.4170616066219,409.819357773561,38.16719237349073,22.515274695450046
642.3941093403274,410.30793489484864,38.188238913773304,22.40513974856718
643.6501054573854,410.6555267021287,38.18767122113083,22.394517863438207
644.1609276363668,411.4817420144121,38.16409459979367,22.327205175005787
644.7405316925864,412.85120382757253,38.21410177074836,22.324201739496097
645.3998710914924,413.2731774302681,38.22778800894713,22.3797330888306
645.7780170288636,414.40131201556216,38.322656004829284,22.35939865258694
646.8199994366947,414.5579519096865,38.37081871258928,22.392890074770346
647.5443040620399,415.6361942779435,38.53711326953877,22.428554738967385
648.0691644165933,416.33653926052733,38.65111447949198,22.405235608150296
648.6242312315054,417.32648145060733,38.64682701627833,22.41078170703993
649.494673447535,418.16329012041194,38.651447678747395,22.50980531095803
650.0819575372057,418.60837499669503,38.671260855645485,22.598527825142074
650.1239675305734,420.1308021707909,38.75495176921662,22.599932641760585
650.2274646678147,420.6927587865607,38.80180375265893,22.644867805568566
650.5681748070928,421.21660223297505,38.71737954305745,22.63326616073339
650.7425375593015,422.3060134641437,38.71144765231229,22.60573339985781
650.1225622138987,423.17982507707427,38.756965369255994,22.728287919815827
650.4993340360876,423.65541862533814,38.67522585495574,22.769799969558818
650.5711218160448,423.73060324056706,38.65675387301291,22.825726303871644
650.5281522108,424.2368659879316,38.616799311853825,22.859322883269737
650.4339141070471,425.09954613427755,38.647813846338295,22.93442638623981
649.3353366692755,425.5786683374126,38.570272133365336,22.974857028321008
648.9880127696689,426.600651339531,38.59381275961262,22.977282749624376
649.0591856015332,427.7565612909842,38.49713329506162,22.935091371498146
647.9654386249622,427.9126854003275,38.32327790395004,22.840101650884225
647.335758842158,428.7660158210286,38.18693117359122,22.851711588138116
647.1406148345118,429.38239524534566,37.97175824709207,22.803034770753946
646.6122261765983,430.2899469594038,37.98552127497054,22.789946766412424
645.5146192511604,430.7740219437702,37.92073418170869,22.761991881297742
645.610793828453,431.94521944317023,38.00063228197202,22.762532444631447
643.9851487177435,432.71323681411667,38.08156098453102,22.75001245035826
643.4362277654799,433.17315163650096,38.044251860425234,22.672236457399272
643.0885607147632,433.2170232999114,38.06857695774251,22.64499728767464
641.9512410733602,434.1171800123966,38.043052971505645,22.664105392474042
641.170160588591,435.3524390559433,38.07208699078001,22.788967373206006
640.2676302671863,435.71898871502253,38.003074843443486,22.72489115160896
639.1845953937791,436.4548341488861,37.825211484789094,22.79396998011753
637.303161038417,437.0174144249902,37.782303361025555,22.837231650046743
636.5616323403739,437.9862963318511,37.70993046402853,22.878983269636407
635.7894648323794,438.6352399823385,37.644213252043606,22.91631547111067
633.6465166874948,438.92591381982214,37.54893926898549,22.929792169865454
633.5818090527173,439.56829709345004,37.49319670305711,22.859347831967863
631.0844362626275,440.7549824388093,37.51047808417045,22.80451556860228
630.7168395762542,440.67365976778274,37.450679427250094,22.662390739013034
628.7716685223303,440.78628964653507,37.4929983589047,22.709569120231738
628.3005583556834,441.68092314272116,37.46668380536161,22.698774312994463
626.220507684848,441.9299669481584,37.49420391305398,22.761490175115803
626.2706214880102,442.8837789276247,37.48144559394633,22.80378782415434
623.2762997653167,443.6251845760217,37.570018372066336,22.75919881644578
622.8344592486881,443.93537387275705,37.51108252538369,22.76981162226325
622.3124926876096,444.6926965145234,37.35451325191079,22.767628239441628
621.5549868993132,445.13487926460544,37.316357962200954,22.774424777126885
619.0045721153233,447.7005535089155,37.412102538725875,22.760860311791717
618.521360048343,447.0178012657026,37.30601893361924,22.77307471719338
616.8885320162859,447.422834574188,37.259025509284285,22.762989813517503
616.5609365399025,448.0768409111695,37.274734321510024,22.800787433705903
614.8012123146196,448.7618778281312,37.24992870751589,22.803612416844768
613.5974307024694,449.08749495338947,37.19876647939319,22.820186639438525
612.1539083906424,449.67498023892125,37.22488066023718,22.831226548301974
611.595421041204,450.1661498703824,37.22428674701531,22.887395581392475
609.434230032547,452.71266939301165,37.21228575346511,22.74844045565916
608.0821084603176,452.0618438725566,37.17112322394316,22.6595218096796
606.6495941664838,452.4961564882425,37.33503668023262,22.6744693951566
606.8885957537686,451.91638591579425,36.22502042315864,23.994597105786056
606.2255892257645,452.30749092062445,35.39117549080957,25.062977444369434
605.5389928259792,452.65207059514614,34.7805479712042,25.662637289166007
604.843042055128,452.38553304394316,34.41447584194732,26.52843994303228
603.2706669438843,452.6764367096466,34.11991503690767,27.061192142837186
602.5537692257327,452.815574481987,33.951072943837744,27.591486387089112
600.3657782309253,453.60384658820914,33.870180086040335,27.62311113426256
600.7461648315272,454.0316917391158,33.741729911493806,27.952069823080357
598.8944726577736,455.0687441526581,33.63303554463037,28.009252570763834
598.1513344768548,454.8481229505317,33.57656369365352,28.39899085106064
597.803681568991,455.557038722198,33.504692464035685,28.734933593044502
596.2479095798541,456.306392388553,33.49352597592483,29.068899571568057
596.0393888380654,457.132738630014,33.35123127404678,29.1970839635698
594.8716380507867,457.44320563923293,33.2546468576985,29.427776341311077
593.3901508508519,457.30902303357357,33.17659371163909,29.607366245689715
593.0052326316497,457.7716124906249,33.08260280228804,29.570911837488428
591.7663070856115,458.7282505901135,33.02179003022874,29.464231321609116
590.87663570862,459.5471613215221,33.07315884622345,29.38221971425295
589.8408578550342,459.7341899228241,33.0177270961197,29.35751320249066
588.1677388735566,460.6412914030128,32.96487858370261,29.14624794047741
585.9838798448026,461.1420347215941,32.92006908002275,28.985108235726152
585.8549355272767,461.37659970771267,32.88489252475927,29.041450427642996
584.4522413460057,461.9823892431385,32.83508131187707,29.000543415850405
584.3123835243688,462.2619044251694,32.724553961319415,29.044410159389805
582.3263112430632,463.4909790620087,32.69600472586532,28.926404566283725
581.6745657615478,464.48987747095765,32.694967810134784,28.976590917941525
579.6372799054092,464.9510532945089,32.60063521790758,28.903866646441745
579.0079018540091,464.99819408348446,31.959238160612497,29.697898421552324
578.9282778938606,465.44594118776445,31.462928269649517,30.121241855661967
577.3487988977716,465.90453000311516,31.075110920793428,30.604044173958076
577.0237584165268,465.68590129164426,30.720306328969485,30.955884974439936
575.8087863984542,466.2306344836195,30.414407183504338,31.210482945386023
574.6474856122835,467.0171946759221,30.153590148134132,31.42702432587938
574.4121608562959,467.41511923065866,29.935053861941086,31.54099225637284
573.4752007749187,468.05522173450424,29.619084832114268,31.74644994742738
572.6333862836874,468.62110297493626,29.464450064500703,31.960569286288408
571.8107406335783,468.8708057645105,29.322630678416438,32.16935182369032
571.1533071199505,469.49465260872705,29.21497647211378,32.240419126353814
569.8125699643693,469.6454854901354,29.097106482052197,32.32041480843955
569.0580156167815,470.6539849214924,28.93357819144898,32.3928870474864
567.4335718817273,471.3334949615085,28.794245589764824,32.52382489611169
567.0100345999556,471.5963766917495,28.617076798510894,32.65905465405156
566.9424523005132,472.41846992808985,28.486476922526872,32.660406273030446
566.0964314383386,472.6587267780221,28.30478441111243,32.87694880704881
565.0488203641205,473.3861420773564,28.132296350655956,32.94748284575517
564.3947317355501,474.1322005489748,28.04473834397236,32.99507904682075
563.4260185408186,474.58763345406754,28.028501741911413,33.18107114202314
563.1603347937726,474.90144863692404,28.141777462016737,33.16922029539126
561.6250089065801,475.65880685331945,28.35919113062784,33.14619378302581
560.8213599387519,475.8747971223149,28.25732063214108,33.424426369787014
560.3827556757002,475.61691076398915,28.215372606883342,33.66585693694242
559.7691334883975,475.89968180784473,28.161732357961245,33.85386448464155
559.1683212823731,477.14727383482364,28.359707535238467,33.90563840034932
558.7212851756416,477.4064215051934,28.217695812010028,34.020572732518545
557.3169799596723,478.3123136994811,28.28730640035124,34.20850379136906
557.4867471484163,479.11208651534776,28.2864993778667,34.353520666311354
556.6221936330161,478.84900642481495,28.222327714514147,34.59557167217176
556.4246176319385,479.23138805346537,28.273954187761525,34.67524738495989
555.7056634999273,480.19476066154095,28.080122120134213,34.99696722999653
555.0816932313041,480.15772170280485,27.932864431405402,35.32308216600619
554.583988420682,480.17986985149884,27.773115056067883,35.37177053007815
554.4738873404353,480.2576673949885,27.71539726845999,35.315363226995686
553.5557388266109,480.98346786631,27.65327324699084,35.380255008771414
553.0207629893661,481.1382652313245,27.673079414621796,35.2723531579424
552.6858263153867,481.5526305804844,27.523836348987142,35.41690312788121
551.9840635482202,480.9302668376188,27.41048756996562,35.38719831209124
551.6541508518011,481.9267474575611,27.330198869976964,35.26907268259631
551.082336696469,481.746496706376,27.32584422566218,35.16208148534342
550.3188366073673,483.05001533579576,27.247268723132844,35.14795427784962
549.5289560656558,482.53445827524587,27.136279088439146,35.14497752237018
549.108733500566,482.98449254724164,27.018501114141756,35.11384682837707
548.7809799835936,483.38702338046505,26.907032685649924,34.95641621108646
547.9870018377484,483.9359027382532,26.906049549010856,34.969814316760974
547.5731053529142,484.073985577565,26.82771357571275,34.87468151927814
547.7744060162689,484.6286026689089,26.65210160766699,34.82242556229829
546.9966242715229,485.3991680635622,26.541340362471157,34.90064759052727
546.4430718367654,485.3978607705337,26.392367227149254,34.98952937222608
545.4882674601577,485.38973740049477,26.309836760126906,34.972315078006076
544.6417255082761,485.6961000800469,26.079672849711727,35.055225752913685
544.3910577610629,485.77893678758244,25.902249067271075,35.041907859759895
543.6632568306778,486.2877778011566,25.7635132262438,35.04606485524802
543.3251536984254,487.0171358421249,25.71143715832823,34.898316933940734
543.5499927392611,487.5608108081816,25.656287555040727,34.807274136455604
543.0462915049981,487.5786700251409,25.492351346160532,34.886057014912055
541.6931732478577,488.1319738079999,25.462130750990237,34.90566502631961
541.9306397170579,488.14863062118167,25.41528874257453,34.88720702320127
540.9411142730046,488.4219011528097,25.374144146520017,34.85393252336074
540.1678607753488,489.03940107659116,25.39749783677778,34.897896480042895
539.6861672626623,489.72616870184606,25.364957885946946,35.0208585029782
539.4065108208412,490.3041257216945,25.375366171829874,35.07712185910192
538.3022951037652,490.0800196614705,25.533307465066944,35.23542232197811
537.3499253148751,490.6663986277361,25.68515550231962,35.284918308094674
536.7124422914632,490.316089473173,25.758546269907914,35.39502154010673
536.2439630816235,490.25650934500607,25.89243867434348,35.445210579762
535.4789709317503,491.4614139780806,26.006637780646738,35.50839230329801
535.5279139737609,491.86426374844524,26.05301414457878,35.57298512811974
534.4545704177065,491.47196429946746,26.118123001987883,35.655534889913554
534.1012648265161,492.76236687689345,26.083963188751742,35.731926018401985
533.4846412087351,493.3688763818642,25.98040734566244,35.777928529075126
532.860866891729,493.7430994703011,25.94953851160362,36.10374044126688
533.4347845587374,494.36167539358354,25.89479168523884,36.352058532026504
532.7716538170022,494.2348918426597,25.699617431099675,36.84009036866685
531.917923070871,493.60480541993167,25.605807961600394,37.225630199920836
532.0417809648013,494.53336226588516,25.563568874999323,37.46003491011348
531.6500942891862,494.0755056985096,25.472223798571658,37.58244896592326
530.8465664653775,494.4975272907569,25.500803613250014,37.58729382101755
530.1645152236376,494.5875559752503,25.406922364506126,37.949793751167874
529.6818724297688,493.96491375454644,25.432439876300833,37.999613343103576
529.4749368519914,494.87965064445723,25.467864780701547,37.95179821272649
528.5971903138161,494.92742013211034,25.422966183010356,37.86226406125777
527.9886998857962,495.75469940739987,25.361047965449423,37.57169188362638
527.6736164241588,495.4055560259566,25.333876031073515,37.495569948430855
527.1472554585467,495.44439579917236,25.20569631568353,37.53085243187374
526.7379346474993,496.0560733406348,25.06353484625245,37.34788462178366
526.4386114218014,495.9568729707048,25.02215150963097,37.20587083756532
526.2099132619556,496.0512182596051,24.944319755725544,37.00896468894233
525.6042872695141,496.73435493693404,24.805433791618732,36.70740314344282
524.8967596928385,496.9775128389934,24.7278513106926,36.41353509108457
524.1814560910267,497.14633526671895,24.759278578860933,36.22605931016883
523.237990376187,497.28879662717446,24.713589483180204,36.11152817866096
522.6778070004827,497.8896424521294,24.685549371376144,35.99445307061349
522.4015740999946,498.359799652628,24.542150733341746,35.88996262276802
521.5771986509875,498.9249598936827,24.470821732521696,35.90832759598091
521.3923285644061,498.9562281450956,24.47077460009116,35.84325126985767
520.8475818797594,499.2962890504911,24.447844668641103,35.78794641320254
520.1238402239495,499.5398991593339,24.495727474432123,35.76641254657787
519.975172316386,499.75977107379674,24.362137592471058,35.80608607152071
519.6293881695926,500.35007817341216,24.241616860083354,35.84014527221508
519.7537031229721,500.55232580091484,24.323995119399317,35.729557689376506
519.1775625505525,500.8109065597692,24.450931773233695,35.665682581045914
518.3366043988451,501.71662078502885,24.441853456325084,35.71310425202469
517.6141506498699,502.16147007961627,24.55186486662904,35.76554487116658
517.540772630756,502.2011392535836,24.413582880669676,35.74659509574599
516.9048492373909,502.4734468491315,24.525889133380634,35.784656374929895
516.410767046755,503.2422364516761,24.571229508571705,35.714989605372324
515.5214814312582,503.7683030144686,24.716126594820565,35.593088408612736
515.0476534500676,503.9221586262808,24.7922246658328,35.67326406681657
515.3070661903716,504.65540757006676,24.84012527374842,35.71051590744748
514.3065872791004,504.66401186243434,24.930557774330605,35.995880139322686
514.1658863223644,505.6587550292725,25.020905135009073,36.243600264691764
513.9331501750696,506.2602292556884,25.130047124260756,36.58787871768282
514.0035325282187,505.8759216325369,25.192278433511333,36.883571221618915
513.2886295628787,506.44132361620296,25.14493964602115,37.17904369967566
512.566129657895,506.83164176386634,25.097155790331403,37.542880837843384
512.9900740904052,506.70778953148493,25.055655541872902,37.99020936419075
512.2259459589571,507.67131428003955,24.970531491849357,38.61881272390821
512.1733727393934,507.58433433249064,24.914832025434666,38.963041720864275
512.0154574712047,507.2090185636975,24.98573546842521,38.95742102923684
511.9414056019185,507.16475362432084,25.081466628466153,38.84268239490672
511.66044267521283,507.5536083143636,25.09861049897882,38.76053949021247
511.3577680087609,507.3328709509446,25.166380951095835,38.73113612261582
511.3695408849212,508.08330624002264,25.139349382011485,38.59446577887283
510.6677568171364,508.17294392254155,25.12748160735611,38.43542356254399
510.68911101383515,508.6905341002756,24.881941379404036,38.293108864882264
510.2540848087491,508.5535910206977,24.658048405550506,38.142508029294746
509.6538810608339,508.3227383876375,24.45419669651645,38.01612770362206
509.4792249828004,509.109121977445,24.222531055075137,37.702225165196666
509.27535195249413,509.6467840717226,24.01319118200245,37.34346187685277
509.1378063003927,509.16299571131714,23.844406458144388,37.243186219772106
508.59487997940914,509.8893211905929,23.865382543714986,36.88089876372305
508.0382049559671,510.3187965933279,23.935679082794138,36.64006552913017
507.97826558606005,509.8528499839282,23.97388512434892,36.53403541190049
507.5969679045038,510.71826344232846,23.819025708313347,36.30153777690694
507.2103462270163,511.307503648648,23.67830729513804,36.10953432206594
506.66990637546104,511.7785120104134,23.678547755122626,35.964913185502525
505.92947693274726,511.76874383537074,23.60775337459712,35.93616653231726
505.58843072627343,511.76551069709774,23.51235755588582,35.93344206228021
505.4524138792465,511.9995357355203,23.44969865255056,36.031657687682745
504.8592918828769,512.5354340766494,23.51155263922427,36.03866609442147
503.6728406205879,512.7403800094406,23.831657607878757,36.17883986547373
503.7409212271157,513.2407134535449,23.840450614283817,36.34076336174837
503.4288901849045,513.1542296678833,23.90304618364187,36.39211415231381
502.45804501329104,513.6110205060397,24.07762629833025,36.360667807631685
502.19107461922073,513.954316537609,24.296362764132848,36.32773896251447
502.0202079053668,514.7872998829259,24.34394002790976,36.44344725299786
501.4970255262434,514.836744777384,24.412852150391434,36.506888061720836
500.83361471336184,515.0921253581216,24.58317880106464,36.44323543720435
500.067114091137,515.8651067193478,24.73144827595257,36.39073241629018
500.43244841805785,515.8429397181418,24.61049544146966,36.39565573444424
500.2908693836535,516.465245029081,24.703339232271748,36.410426883653486
500.1411476790374,517.4669531644475,24.675132392499638,36.49000555081715
499.6456085907224,518.1741268827793,24.65531698583181,36.78875079889947
499.7549112407826,517.9050328507517,24.642855556661253,37.05632692114033
499.7000931952613,518.6623853859373,24.616763258679207,37.24698166732024
498.771231766822,519.0806431760891,24.484674575907754,37.63874257818187
499.526214231005,519.4211237858672,24.386989968662952,37.80499945488202
499.17859073755244,519.3992946068247,24.26285494367764,38.1414901279349
499.0600663483354,519.7759820993774,24.291311769191783,38.012996231563086
498.3335446968902,519.6955499072732,24.32840572744719,37.98173303036057
498.0810040092469,519.898474531795,24.370562860714152,38.019747202995376
497.89089673350935,520.1366707219979,24.290045011771888,38.00731389064966
497.03776839504656,520.2118473340266,24.338784374740282,37.962397721822384
496.7075733525058,520.5570577976695,24.286128862745397,37.98523667031105
496.9098355705876,521.0010834707957,24.319089346606713,37.853343914375266
496.0769926347082,521.6567560977574,24.27571597993165,37.6364021657773
495.9263384910752,521.5831618300733,24.27677025008287,37.57427371732639
495.7811810838962,522.0917143041792,24.291501797229056,37.40418063330003
495.52094448314716,522.0015320195726,24.31897583247684,37.33690763260891
494.91571971187767,522.3097330081484,24.298963419945366,37.231385172058765
494.27763991276584,522.5350575789386,24.3803295554157,37.05350056423666
494.5226387173255,523.2024074851884,24.41723098604172,36.92347952561709
493.660490477744,522.6305766554053,24.412936380724375,36.87840057410685
493.52618774712624,523.5049112851947,24.35906941864498,36.70167459760913
493.53084364577165,524.566042317269,24.313647019034825,36.56098408859823
493.03955049059414,524.946744938177,24.254319343183813,36.50019574293466
492.2787357048204,525.1826826761345,24.254376801694185,36.6019349835494
491.97685974487166,525.263106697654,24.247920031425178,36.45638174288554
491.45831079315667,526.267863157149,24.119234171923413,36.32320217979913
490.8822316522158,526.6844817806428,24.030894626275188,36.22656062306184
491.20772371160393,527.2201355655753,24.12533316880344,36.155169189461645
490.3570841794046,527.1361206355722,24.104344367067455,36.22882890784253
489.941702911546,528.1083925885006,24.038003652758032,36.25433176063754
489.43216779178795,528.3291633607865,24.138446093716734,36.30498775944821
488.6680788806786,528.941991502375,24.067984308505924,36.26188345628994
488.1441760633883,529.3444220213197,24.100261502611172,36.261785258671615
488.3486898656998,529.9261355409823,24.141571874205358,36.22963542290622
488.62530842748424,530.0108226347268,24.04955978344289,36.43438007015139
487.9211250362257,530.5035971005977,24.076713139370018,36.46104842165822
487.85342854333766,530.4150498103095,24.016442568689467,36.601384463899166
487.7452672851736,530.7685471462086,24.01057904115907,36.575805588381044
487.58556297188574,531.7721367777508,24.026851617033646,36.51781110064887
487.17974797068007,532.5385737170034,23.939080848780826,36.60005441441221
487.4186311064546,532.4868854299478,23.977957743773846,36.75451953771995
487.5078681018552,533.1072578366792,23.883128731674713,36.9853349640492
486.8737300831919,533.6186467778706,23.87176814752605,36.96573841997656
486.46019568138087,534.6493780560331,23.850106506239978,37.176253765110346
487.1015231062774,534.350368782607,23.908750832663063,37.29317968014557
485.8274497508155,535.777183173687,23.860995339073238,37.52051975479711
486.8044507940657,535.5637893497947,23.799831015405523,37.70762289533098
485.6194712466864,536.3120854086285,23.674261650615264,38.06195276615066
485.57055032957646,536.478030948901,23.699583452309955,38.03052247123279
485.2279412338476,537.0345702793344,23.640091138759008,37.94304853525014
484.46367892850355,536.9952539019204,23.565170577137277,38.03560485221001
484.16290532175327,537.275585996429,23.55616500285702,37.9709335025293
483.43729482987646,537.6839243283339,23.57859696702601,37.7940024317905
482.79497756943346,538.0698729013725,23.614296026867702,37.57429123837676
482.5126478353577,538.3304307947412,23.61019253696941,37.47225308645064
481.9861838466913,538.1690371455819,23.62876856937887,37.48460309290873
481.7450774783412,539.3560047059324,23.544209858420505,37.334903983712834
481.1490525174316,539.2003637468875,23.475585422825528,37.196311709326125
481.00969997103107,539.4900899069506,23.41913568421703,37.0686529704474
480.4468367696972,540.337332846444,23.429436500184337,36.86959064683458
480.04429415041704,541.1278966629397,23.464173070646183,36.66418721027726
480.24451605824794,541.623396815391,23.339425234579597,36.586631424417845
479.9030445859555,542.4423856203649,23.33253525336798,36.4990056726089
479.15905683713885,542.4904786085054,23.40934193729587,36.551386344692034
479.2941767124052,543.3031023102598,23.30814824601401,36.56467634810471
478.83049183878444,543.0945394526499,23.372017994209106,36.65607805762535
478.479367506267,543.6896392733723,23.479859756453994,36.75929169762114
478.1645559160091,543.7238140623059,23.64107301127063,37.094171415961554
477.79510596957357,544.5486268619767,23.948376982625195,37.14993233605202
478.4619048520787,544.6437238614002,24.296495898141668,37.25339033524796
478.5339855313175,545.106696552438,24.46635210372229,37.304650825708066
479.27527140798423,544.7851553291357,24.59927698582594,37.37815897583828
480.76248533982107,544.9675987857433,24.587430995092273,37.161502645098594
481.46793952175204,544.8651701011943,24.624778527798618,37.181051140543445
482.25065870002834,545.7911946668567,24.710781626133397,37.18300305444558
483.88856540158287,545.7005808409864,24.623166789461134,37.190314187498004
485.77020124075113,546.531123429772,24.438192249338776,37.31671866256042
487.3030291563978,546.8805014751774,24.551526543701502,37.30434713042722
488.84924236145224,547.7726003186876,24.662357217485418,37.37326142575229
490.28878437218435,547.1480924828032,24.640455460349266,37.57233782273319
493.3462652535621,547.2237815971271,24.581152514885012,37.827339025571774
495.0080031727884,546.8914898353606,24.338644341151102,38.44831779146783
498.34599269836076,546.6759014055639,24.331919592984853,38.888832734738244
499.83281758072786,545.7418448276718,24.402432578494793,38.76807455453918
502.60491989610546,545.2417172409142,24.48291323521522,38.89666162769741
505.86291632082765,545.5331521648723,24.508971224241225,38.944419471526935
507.6562527304024,545.2362656778428,24.460043642442184,38.9513159340123
512.2206456359461,544.5823615777573,24.46262265374248,38.99497220337422
515.166268104955,543.6980463488962,24.365706882137196,38.86475055118713
516.8649832414296,543.2877186225779,24.307294715648457,38.671751533380075
520.1572054590968,542.9162523446175,24.14292951157622,38.61294415819431
522.7467297219312,543.0424800405966,23.803389519385238,38.64280837158669
527.4303362139262,542.7344574297069,23.720829245356054,38.52408252050152
529.4314427938925,542.8607284563828,23.292935209645357,38.48532395482728
532.3263449475253,541.8922330938695,23.1195607081354,38.319946325056385
535.3004328109452,541.480912545524,22.958418062350404,38.255290685507205
538.2101638628328,542.0037506930737,22.77845800706752,38.104395681892626
540.8971574377183,541.5873828030624,22.50177615514798,38.11242890101355
543.6598950123082,540.7254818209484,22.402411750444497,38.04404269766954
546.1786876593524,541.3640441600924,22.399981752681867,38.12980552109816
548.7523905956016,541.6269848332109,22.207824236048936,38.141817946986286
551.1720405289753,541.7636313964796,22.017033871712428,38.11430336618619
553.0788702071943,541.9502411350024,21.839610706070363,38.11338233841833
555.4789587375456,541.6614379684041,21.70333449757124,38.15126712305787
557.4244808760837,541.5210297845215,21.478386192556044,38.19282847974133
558.9182287312957,541.4544052390806,21.256406524841392,38.26045289397835
559.9619205237395,542.1875180106158,21.08272065952772,38.381130565362675
561.0208154988768,542.4779306404926,20.99755972231459,38.4998409735054
562.0993064402948,543.1372294990358,20.997759102448832,38.63488848575839
562.2381504230593,543.2827294685056,21.117735058037447,38.73595645605954
562.1576296935268,543.8843269046672,21.22139203731141,38.668553600719505
561.9175659559725,544.5521880953529,21.386146240716432,38.557326034220864
562.1822482047668,544.8984877777644,21.45130338485908,38.587647742834505
561.9329883961764,545.766571774017,21.59823841851905,38.540528159791094
562.0551385376539,545.9885733531432,21.591655868351083,38.518878924859564
561.4744914165585,546.8062979862532,21.736114063369346,38.44883788846762
561.1007841223517,547.2210628464433,21.82318244178001,38.50296782890362
561.1175917279745,548.5282838009391,21.674875019383197,38.72662396907568
561.59892389923,549.6787281420465,21.47489901562887,39.082194856792135
561.5109102365772,550.2875751118634,21.426023249146198,39.36519531126979
561.9441596712084,550.752952419768,21.388521038209127,39.59465786140747
561.219681329554,550.9115538787605,21.291253604238896,40.03821393943232
562.6100477316315,551.0158130570064,21.29975376936784,40.08234542663326
561.402960141727,550.8189766714136,21.186177741825162,40.11163086442587
561.7766998711106,551.7751425802438,21.005798629146394,40.147724458943415
561.8599643596068,551.9736837113774,20.867391186888987,40.033629612466996
561.921212351165,552.0072565845782,20.735652164358278,39.81011434385145
561.3664371398007,552.8386543718206,20.711865447003422,39.62687139597652
561.6629447841328,553.267114652891,20.6035857068354,39.492858436622505
561.3173949438496,553.3911372093347,20.418422066955813,39.39103427600757
560.7342246445388,553.719676344973,20.250174137898036,39.342128540627314
561.2886213064628,554.1927654059134,20.150430944894282,39.15221242312181
561.0679988127288,555.348126010397,19.99564861769936,38.987938395856354
560.7067685538577,555.8526221158622,19.781053666882208,38.789351439289874
560.8242914274567,555.9936526794667,19.577164778113392,38.76990542653145
560.527864740364,557.0248583205914,19.420735255780226,38.71400607093292
560.4056965802467,558.2316699097845,19.343655227795807,38.63609556382683
560.3005104410004,558.2026037986545,19.293028303560376,38.558517218850824
559.7583764628203,559.4203647075086,19.340013196985524,38.395697141407425
559.3510403863886,559.5588242357181,19.204100819018446,38.38704994844906
559.421378176958,559.946531956387,19.27381470297339,38.40949167244782
558.3810341260165,560.2422536405727,19.261144288163123,38.36608881330046
558.034607087755,561.0122369686324,19.20285049843705,38.508808724487594
558.166484132322,561.3403171958485,19.236588287574182,38.610834610387485
557.6497891585459,561.7966325282283,19.228808353305773,38.61549671935134
557.7196973468275,562.6847195640149,19.287687278752202,38.54991646739626
557.3903063999946,563.4571088170263,19.360328301369865,38.54093746469987
556.6450316504704,564.4472472584716,19.399338164760188,38.61189792655112
556.4299100760456,565.40465264587,19.477339320659183,38.645875317800574
555.6442200321057,566.1305934769107,19.654495122459558,38.627945748843445
554.9224043206133,567.0345618662734,19.96779562522517,38.48858699879708
554.1628362436387,567.4576362708224,20.32675359466488,38.48594553919021
553.8402950407548,568.2217954678368,20.540053993215377,38.39488968025648
553.2691891520493,569.5933884291542,20.88920439500829,38.31287114081587
552.8768011160486,570.29722910557,21.036815099406674,38.32874027454894
552.5461564724612,570.9918286597681,20.998166685356047,38.404330556716474
552.3566383155234,571.6189295946447,20.947913360235532,38.663483942090345
552.7242276666389,573.4291454807774,20.764949101688167,39.137488338495615
552.4703810377653,574.3757249869626,20.68676166266185,39.331379048796535
551.8963127244949,575.280074796379,20.638843353747195,39.51843867869724
552.0449088900147,575.9181554642178,20.57639513937171,39.8265505621284
551.6744531186205,576.037755307603,20.45308099656348,40.10371723792976
551.738288920076,576.2563659124087,20.263723507418433,40.26791005314817
551.2517685106149,576.397392143964,20.05165554547991,40.300779535371056
551.0363625226174,576.8712926855204,20.01003168945109,40.27937398772716
550.4708575915689,577.3894806446087,20.011197482067303,40.089320963647054
550.3284156585903,578.8325620396076,19.97896800812361,39.905941281406804
550.2609533819938,579.2440579762382,19.89680250597008,39.86927301511365
548.9467066228448,580.050156224885,19.848164133017427,39.8813433806893
549.0603389680437,582.0764275342483,19.900809589809803,39.670592630172536
547.8265873389419,582.6063466990312,20.00838567058411,39.429151882183916
547.8014867707669,583.0940172892646,20.077736315261234,39.351548204768875
547.537749695348,584.8282249463576,20.08757291526841,39.36866207492415
547.3228852097262,585.5445305570781,20.01118788046937,39.403100809804954
546.5882087055862,585.8624995013677,19.999526040993917,39.43176740626082
546.3944480269514,587.0684078545662,19.891021865779464,39.56412966257119
546.0543100723993,588.061436252697,19.785824785801516,39.68608506571145
546.1780920720861,590.1101988310096,19.663993878855152,39.723952098112164
544.8815338848351,590.6973497284882,19.610998049759004,39.753293505936654
544.5536305014398,591.3898760583302,19.701231124227803,39.74849928722411
544.1846790004341,592.2160381768254,19.697730725341216,39.7515115494479
543.5764077723093,592.9320863426434,19.643328467044725,39.8490029634784
543.2334363119602,594.5921618275504,19.67101336686503,39.90627194224234
542.8537315283785,595.4778364041372,19.654493661853586,40.025697992773416
542.4827171441992,596.4421476915667,19.620271710187968,40.20718880025391
541.8340417695938,597.467484567066,19.6442971353403,40.364872383392395
541.1361711486798,598.7655446443758,19.721155315759354,40.420358073270314
540.5006059306679,600.4569042205782,19.91272356458833,40.34232808979574
539.8658109259402,601.3369038187031,20.26551492282542,40.27827594459416
539.5063529535547,602.6576111019584,20.454878825111976,40.30754881514103
539.118969907518,603.6329356246783,20.408030174906457,40.47315099994094
538.7272951987451,604.8076591026163,20.578280375037316,40.504556266507755
537.9459369757344,606.4822151323808,20.640997297895844,40.56008273580257
537.6385691583479,607.4088858706732,20.745441952329838,40.7394465662245
536.3749838148701,608.9862369755521,20.816105194903592,40.79982771713884
536.5963247886732,610.4210725339568,20.927711276968303,41.066661965701144
536.3930451603076,611.5828210316882,20.913059946674874,41.24118132766006
535.8571666777534,613.3900860357888,20.642245772447506,41.5777438010721
536.002206415542,614.3490386701236,20.59810407641603,41.82784280677083
535.1204694002021,615.243787854261,20.452070355631136,41.97497039598508
535.3683842195268,616.8258630251929,20.340873244809877,42.029669236250214
534.0996206074265,617.5314129764372,20.331853056138186,41.912457306593396
534.3594757589224,619.7843909162093,20.27481206610028,41.80714715992881
534.3843250302475,620.1402700430036,20.188817766752365,41.66760106597374
533.5464092890642,623.3916102135997,20.10544951061653,41.64465037718619
533.0541975382753,623.9235505819192,19.895285781512015,41.767583948713856
532.2836233793951,625.7949759741348,20.057483026579575,41.709699013205395
532.0092535673293,627.0639750736569,19.960591873828935,41.88788543025001
532.274653164011,628.45592806302,19.989511229716886,41.96262322174177
531.3620097909408,630.0061291071196,20.065509297688287,41.957510125470634
531.6323438820165,631.5499324811158,20.20022539860265,41.92652755159629
530.3960137391861,632.3084769162987,20.100358752500867,42.06658680401804
530.1105731589176,634.7881384136225,20.161364377072665,41.99268985383445
529.5860489202852,635.9365829024691,20.326843136930457,41.93566117239064
528.6191274897035,637.227341203592,20.460377174508267,41.91095590284748
527.9192102671714,638.9230536440496,20.38969756050568,42.01995779118906
528.0372767368831,640.2036339657457,20.3888081799659,42.030006340072774
527.5524809208449,644.2112916033844,20.34856242304999,42.116459558447616
526.5987094797416,644.662266943816,20.340848328175284,42.23273633558453
526.387955080762,646.0677865533995,20.346264402526426,42.42092034868691
525.72925929876,647.1822632774342,20.33166560531683,42.549260744840396
525.3002410057132,648.8718187102335,20.454127826748255,42.624772624755856
523.9587134661215,651.1157798292639,20.398738339205103,42.808420210913745
523.2550127334553,652.0542716829832,20.457445599253226,42.99597927386085
522.7870691167365,653.7477852684777,20.617297881480802,43.03804570219129
521.7295728171426,655.5761635714775,20.629201863343802,43.06110271962005
520.6831069684309,657.2750561029897,20.849525971999157,43.06817982204693
519.7345501849949,659.840034718693,21.08496635066173,43.17110556717208
519.3653824326555,661.3186048831958,21.454364571586247,43.26039892537659
518.1513441571706,663.3446811769127,21.521072466397616,43.45938740926254
518.0907512037234,664.2850566146395,21.610531539859025,43.6801747151136
517.5382712117627,666.0060528248439,21.567651858367583,43.92306541238077
516.0744324185015,669.184921406193,21.674130743031306,44.30063642000124
515.6957901080782,669.8301846958026,21.77596478137355,44.56242269173404
514.7986711720667,671.83999229185,21.880566422927743,44.701217571966126
514.9782143458807,672.8906854023684,21.83989565747987,44.835323580390984
514.7578648296385,673.9394950035409,21.94573055040751,44.66317318049802
514.2428454325711,675.3745103405416,21.909287515852526,44.40676970185472
513.5049133984278,676.7862289448486,21.815002996912405,43.96312995188942
512.7031008314807,677.9514980841217,21.521286044968225,43.69555134436376
512.446634695551,679.2224358160529,21.408149784360777,42.95811614043495
511.78172404771203,679.8161612532033,21.079075349066436,42.50721154413392
511.2929438305479,681.250982101084,20.836977527817563,41.73609918720932
510.3098686584581,683.1864014763835,21.210193144328475,40.29261429555808
509.8051574225551,684.4292459612088,21.372681476405884,39.06445291570525
508.74370692309736,686.4791208748454,21.525238289492247,37.775579696327014
507.64122569501376,687.477793723775,21.664555527763866,36.32915597503421
506.9020037096178,689.3232592599411,21.995019881437003,34.977536979270546
506.434716830782,690.5386302877307,22.153273300859347,33.61696794882245
505.43023905209856,692.0901900462917,22.248235261195674,32.366333253973764
504.7161507343921,694.1134654927622,23.144036799333797,30.604067667963342
504.1909354886432,693.9453096419977,23.567814215613378,29.212706196541525
503.50479999464113,696.980394720732,24.082811148136585,27.487543458659346
502.94130518901545,697.0003294111372,24.32088069064706,26.311012667517115
502.20503380014486,696.951423001182,24.707081133640973,25.373701066307923
520.6567424461224,676.9088089646281,24.448790184459256,25.19929321412273
523.6332444333661,679.2030014861713,24.145327587992963,24.86609425196883
523.1656916270066,684.6719291942425,24.006966661329262,24.427169766917913
522.7561001784476,687.2828698101441,23.897916292570425,24.098979121204525
522.1199999964614,691.3146196135765,23.68571936440562,24.003118960598442
522.144493545686,693.5460192030033,23.520449579365355,23.69916186853682
521.4935344188514,696.2032462870128,23.351104901210796,23.40135599305932
520.5928453882213,697.5306196846029,23.24914393411256,22.98997853877573
521.4910223288548,697.9370820767267,23.47133758778809,22.52646831174665
520.9377412752164,697.8239446623617,23.520443082478177,22.19367881180609
521.2839249626718,698.6058695549602,23.505231559885132,21.811156608014798
520.6029087681495,698.7851224343644,23.504941737663955,21.440248410647616
520.8270046106812,699.8530190700144,23.61023133340429,20.88655946464229
520.9228728386032,701.023106211076,23.557669145209857,20.371599806923925
521.2431463440632,700.939008956992,23.585734197220983,19.84709428667258
522.2874155653063,701.7103491594384,23.586475883213694,19.34001728582485
523.1828712363971,701.6823625704164,23.332946905305352,19.13714972414153
524.9541648265508,700.4799877040057,23.136110056876458,19.3038492345662
526.6167423819752,698.5016708239087,22.77269830082522,19.561567513192863
529.0914221855257,695.4394439426158,22.418745226011694,19.722393460532253
530.8109336019204,692.2994260044821,22.13909901446863,19.428339332832188
532.2902141901267,689.2043149908701,21.855964082791864,19.146921726877586
534.1604714939356,686.0185790937518,21.716270016555974,18.807877545162093
535.9965644450741,683.1000985266835,21.537869257177448,18.54842077539844
537.7897494347453,680.3253798397533,21.37602525401589,18.319452006070435
538.8664458917476,678.6748297501331,21.004654458579864,18.078922632469585
540.8543873639563,676.3992617113382,20.766444081529876,18.0171241206734
540.9303718695762,674.7899465152459,20.530810280494222,17.645362876963144
542.9197495289483,673.3772472526384,20.240939220020508,17.391848190355645
544.1667432764522,672.9127813673784,20.048930313116877,17.37617794824121
546.1931012884484,672.5036896383314,19.99050535624795,17.218576508531118
547.2437118730714,672.3483342361095,19.8293798500724,17.088106875171583
548.4924883992908,672.8882726206436,19.669202915340154,17.119608418214398
549.6356232145973,673.1002464935318,19.424616958585673,17.16268762136684
550.9264373611989,673.8775546777263,19.277689154426653,17.225932881510328
550.2696063518099,675.3780280474862,19.351996324343048,17.180394476722544
551.0696708877687,679.4347640149142,19.605649310187513,17.021275874385925
551.6615352598984,685.8240837219533,19.8208347838769,16.96156670475348
552.84292559007,689.5375346409526,19.781702099455472,16.933239695856624
554.6341060077278,693.551250754544,19.70665403879795,17.13675496318065
553.7549735500136,697.5576628494205,19.682202083918682,17.390144190481006
553.8135983295583,702.0653702171813,19.9671005927802,17.42750293060615
550.3116092396531,704.5864642126935,20.16500319962332,16.778609750830622
549.4496292385344,705.9022584279506,20.008637288431302,16.42000344083024
559.7210129793991,699.0091080609635,19.764949701721466,16.65620670928925
558.2389634207966,702.4802618764012,19.54608234820803,16.754286708876634
558.6350134293059,702.9504619356738,19.51104119006096,16.74131847175918
558.9215500813204,700.0773575827332,19.47452055364965,16.782096193143502
558.483519958732,700.1183104736383,19.472964274130078,16.783096739474846
558.732354648638,700.8961200219279,19.46742791567302,16.7867349118011
558.867552421804,701.167446151559,19.46687830206284,16.787250601261714
559.1610819215052,700.7932083761823,19.465505449873557,16.788459024978213
560.5219954208053,701.5115008244118,19.466134429666873,16.788564220605988
561.8971036754303,701.9341943771915,19.469235276526362,16.786509942137815
571.4875966205957,701.778902670547,19.405558956508315,16.773293745288772
575.2359802992241,700.5843950955842,19.393554267861077,16.788732254131745
574.444375434719,703.7892239293961,19.328553709777303,16.733870519277577
572.2791616805457,705.8064095312081,19.966540708327503,15.885338730250266
574.7132092682084,707.4464725688639,20.285866854871152,15.395390238633134
573.2706003668256,701.2732049620897,19.935803428617533,15.750609610506762
574.7027608370711,703.1810025214583,19.653928586454136,15.896862989160265
572.5980011588252,704.7170508613168,19.489265718672144,15.893910796824242
579.2555129412171,707.1228125286609,20.44923795772135,15.164330497261853
577.3777794150335,707.3535231719629,20.715689192446376,14.977106044029826
570.3532025810655,706.5600485965406,20.93234526364182,14.757840266247609
561.3151734418112,702.6021781608233,20.418464424718547,15.160244002367063
558.9168927507417,704.3910733901866,20.019917393161506,15.340745741821696
560.9774462740526,704.2066476741911,19.770542581494556,15.416921023013753
560.6781059408554,705.5710761380624,19.586235176447104,15.19061708141628
573.2394051378595,705.3629054246999,20.466713335783762,14.930369436390688
575.3433403308392,706.4616759133189,21.736039643244684,14.502640089401583
574.8527253762885,706.9435230767198,22.738859524424964,14.077172367061717
576.5116617383936,707.2965825261887,23.438956408521545,13.61569934679634
576.3364321113736,707.3704876583353,23.740293042187705,13.258636114072695
576.1581955526254,707.8952834528682,23.79414905682259,13.171896466592347
577.8038025646869,708.1116933943692,23.643444876526065,13.013839571680796
577.8099708256896,707.2418439748978,23.341614167880895,12.85895876165204
577.994200550345,707.4537940019457,23.03718736260333,12.91988297756637
577.764056369792,707.6277775446551,22.814063767875975,12.884865251564468
577.4899294177186,707.7213972758367,22.830135395773752,12.818024914121763
576.9293746179342,708.0096587657636,23.18789552186634,12.687895453907869
575.5424198621872,708.2859214858873,23.731377529774374,12.538824704831976
575.5696983435537,708.4787817678157,24.353632202535724,12.267908006527154
574.3851786797696,707.6637005226072,25.03603996977807,12.291863841441911
573.8784706264438,707.6383623286179,25.40148349265899,12.406791764061394
572.8114834356858,707.1936475380155,25.994283581610706,12.542281776269617
572.5888878687686,707.1760664830391,26.38576273113847,12.714542466821362
572.4064891073544,706.3979390314756,26.591934591639994,12.945414302817289
571.655197594709,707.8180230414265,26.9889191672239,12.880959965090044
572.1255218901142,707.1864608392237,27.129594319280013,12.958555614307663
572.0533006493926,706.6047037580051,27.123239120703015,13.105953038425374
571.8589393308188,706.2778756473153,27.37822890253057,13.266791202268085
573.355093955085,705.9739362540463,27.47035440169417,13.636240889484723
573.1299396465756,705.0996179783684,27.42673229146931,14.059561607748746
573.2325781613622,705.1063254718921,27.606494144390197,14.237284411381253
573.0951568682922,706.2188911054665,27.647221100141998,14.379591698996368
573.4104953116581,705.7532112853218,27.835840811844566,14.552671121638197
573.8285029711782,705.1087104651716,28.08380521864213,14.537052495977827
574.8619563922542,704.6133320026081,28.20598338320374,14.784408906979126
574.8772152217275,704.1364527337837,28.23915009090078,15.066024164121647
576.2979249998426,705.8061605896681,28.382263367769745,14.861530956777788
576.155296788128,704.8939358153428,28.48722016639839,14.877305573902184
575.2864683799351,704.5883362335895,28.37974689683914,15.004739820750489
575.3320221189795,704.6331937933585,28.357943028181094,15.011162709151556
575.5100961067245,704.8156505435124,28.384634702606625,14.991442803537657
575.7261843222711,704.8582327853219,28.311666825542943,15.031658329331522
575.8836270825758,704.6189253065892,28.24866448388303,15.110932836033212
574.856089554044,704.2890878710904,28.232811205756626,15.256529328353421
576.3556113140053,704.3409890339045,28.29432314390313,15.530815387591867
574.0967266367248,704.4575396448008,28.278958038014682,15.609551987998165
574.6126051475694,704.46642706913,28.360763481039594,15.701059841547538
574.0903356472941,703.8857166636272,28.420691387592456,15.821850669604624
573.6059456729436,703.9906266946789,28.50211314766422,16.00419793728942
574.0801020546174,703.7109712851662,28.734565893921932,16.27508527771154
572.9586062792325,703.9806477526098,28.809969210743926,16.307834591493126
572.3168448256753,703.5653761454554,29.03894361589011,16.231812735649598
571.9558722547324,703.543950876513,28.993324282239513,16.30509740329393
570.7625599833605,703.4861004817557,28.79596826468065,16.46002469126353
570.5638210191555,703.8695946709495,28.673556897989368,16.45271205407145
571.4210462782306,703.6986541046783,28.64868813166256,16.306326569554116
570.1461769532829,703.8657000466578,28.488319216631872,16.23414163726101
570.6687767328327,703.4267598191187,28.28722174216877,16.375085582729973
570.0114777295066,703.5403767175131,28.0740090560339,16.337147748394003
569.4122347288785,704.2310926340106,28.094672825043638,16.339739939408965
569.7414201314937,704.9092222009192,27.84091420338422,16.014604920581924
569.2336422794089,705.4867515550263,27.98701725223848,15.524126378707555
568.9855683207106,705.6233548575833,27.8714139112616,15.165348939016466
568.2393798937989,705.970808464089,27.542258754053123,14.998482671534992
567.7206825713,706.3992155856231,27.62746019846251,14.690775026367234
567.7150182047566,706.7052578310971,27.410653301061064,14.42355260907895
566.831803028135,706.9067506625545,27.41749541272706,14.055218274042446
565.3939791834277,707.3207978653905,27.317585059615315,13.796525847816838
563.399429513426,707.1438644403888,27.29860200978742,13.646390245923623
560.8057251636811,706.5892734319765,27.50996414708218,13.527916255935121
558.77922404181,708.9191736217734,28.03544931051732,13.022181008482473
558.4343539962114,708.5950898468885,28.131752743332402,12.873664471929425
557.9738657849402,708.3282575947143,28.30193630488969,12.726954234723646
555.4767935087682,707.6256885320599,28.270129948573015,12.7093809876569
569.6547909881316,703.3409023996377,27.00028992759036,13.86573093957428
578.3070039835935,705.9150016105131,27.346437667135216,13.977202298554726
581.9056422400829,708.7165025053532,27.805378729229766,13.395270989221022
580.1791986671828,708.7566575815084,28.05543365304495,13.118096351169918
576.785533994051,709.1571149608429,28.668640665782025,12.59602541259586
575.7833512237671,709.0776395491858,28.817059427098645,12.363338910623373
574.6890081726531,708.8361578592903,28.90699636856027,12.27634294793461
574.3195695137541,708.3553505117753,29.014469465300216,12.216731236867254
557.686367111433,700.1676336386579,27.4458561119834,13.34873866016504
556.3732247177445,701.3590415608528,26.35114308899657,14.089108927225354
555.1044973954347,702.4091584349055,25.937783963322154,14.372344999142502
546.3405972336363,704.5926097096188,26.173820981254757,14.36332781043373
544.0596656006952,705.8021015603304,26.324793191076225,14.274918859910947
545.8374460203909,704.9063505815782,26.46283753623987,14.262547874490703
549.4708078705261,702.0656629884925,26.369299661317335,14.357182090050548
549.9308973769485,701.7271459766833,26.32323498305584,14.397752411943854
549.6167579289187,701.4275482375687,26.24192702036605,14.473200147997165
549.1325891543382,701.4118417367208,26.21316850782046,14.494258374688737
548.6437504248125,701.1777949691757,26.168252230223388,14.535038432978187
548.2613728459269,701.9270555921873,26.071661858438233,14.629609032467284
547.2685907998764,701.8052258594574,26.068714865029033,14.632553322059845
546.6239024093173,701.7492093036607,26.06483905882866,14.637080434147864
550.0383916991066,690.0755107332199,25.367825639620218,15.432836110796197
551.3769023848301,687.618794545867,24.955084110549794,15.717919658139909
550.0887123308366,687.788635077534,24.621890663544086,15.967381453788084
549.5961035579923,690.0608239066655,24.39339635143712,16.123854282280323
550.9572624960797,692.2935727087694,24.35172656371752,16.078108799044255
550.2719936807446,694.3709530305471,24.323751950163086,16.09040614651667
551.298481891146,694.7484184664117,24.160868617510282,16.22394419597189
550.4249747568558,695.1448903135708,23.77620168224843,16.493616492292304
550.2376342605496,698.2702747139404,23.567672385382526,16.6950132951911
549.3320614192294,698.8834955002272,23.475072178359362,16.810095250716284
549.0975509279954,699.83478769628,23.272689097125802,17.02078424079772
550.1366320118199,700.9198305140886,23.163278121569657,17.101803436875986
548.8200134124588,701.7748511553309,23.036469791879885,17.188819186976534
551.9907859084942,704.5581071101997,23.317697493443227,16.883775687731013
550.2794648822592,704.6567674153387,23.711291579909812,16.582198007925037
548.5607662322585,704.5133516873108,23.769210663739802,16.232767285559813
549.3350844457187,704.7206969121368,23.938064433047483,15.956254126466625
547.304545910251,704.8584744907012,24.109984208755765,15.783873715374199
547.1765108778513,706.2739709194482,24.366862949736078,15.280087707932037
549.6214169554796,705.829181227138,25.0075473917696,14.768590418091105
549.7212211813406,705.7615095079171,25.23579639863888,14.663519922540518
552.5188576586444,708.4324521611571,25.840594778870283,14.112753237886617
549.1064851436771,708.2289560670788,26.062271933896437,13.859032528265683
548.3894808352428,707.8278585573815,26.27546381931207,13.577984535231902
538.1931205917507,704.7136832048594,26.70245363918203,13.807301312358634
537.5223246240885,706.3741620782646,27.210513777574302,13.75470561083641
537.7097354989127,705.3937899685994,27.54659364592974,13.99175085651106
536.0204449896956,704.6857790468774,28.06050677190764,14.332707683208623
533.881999438655,705.9315747707221,28.73558598815518,14.329485461974855
534.9299648334229,705.3090847223906,29.05671509699604,14.371244475950519
534.8759986229187,704.9560943767976,29.173046281839866,14.475840229373297
531.4855924933956,704.4575562632303,29.609731362693733,14.639121683882946
527.6104750647596,699.6653381644355,28.604908885065907,15.82327120697291
526.5518511508982,699.8400724163415,27.45171756483954,17.11835326506583
524.4215200326504,699.0498918261464,25.82552992111666,18.115331123694002
523.0777072200789,698.4796896311726,24.45210131652337,18.6598053545497
521.6229988557662,700.5930182045981,23.559826989850794,18.905925097499683
522.1181072662517,701.6524541013832,22.99760188693349,18.656993704053015
523.2561933811687,701.775494637518,22.341466855166402,18.503902516100414
524.0637301002679,701.9393755039745,21.66655559882233,18.202823258769346
524.0350447870932,701.922066349427,21.024825551972874,18.031189618792183
524.5814688873938,704.0408435404908,20.53539141005694,17.431299554749643
525.15539094812,704.1835963836286,20.072576556869294,17.090628972522218
525.0892701434396,703.9127510336001,19.455574370358292,16.916127009863274
525.2715661086493,705.7053331553003,19.14387005103033,16.43993436222697
525.4201692441267,705.2889324291536,18.833705515165846,16.10332606262809
529.8362087884149,701.1472157908369,18.801177436721282,16.1826158150918
532.8912448843803,694.7694244233961,18.732251046334568,16.1552996470802
535.0734162426386,695.1175711462558,18.692238659712903,16.14386160287667
534.6192850895545,695.355078452707,18.68355956153844,16.141737426623862
534.5027247991591,695.6492489860265,18.652428165124082,16.152983740871004
532.5062745247714,693.4220788310815,18.594780160432684,16.16859857926419
533.201724147516,692.9244682496045,18.47575617720397,16.207496714607487
534.3798453066476,693.3772472374787,18.45812474646818,16.218907620942943
534.6648741767752,693.8012125374509,18.444148718458795,16.226131475706808
534.4192354742355,696.291089398544,18.40854901830225,16.247859763408094
534.3923602849289,698.139125227099,18.365631332321087,16.265320077275906
532.4327824465796,700.3325170708931,18.31683809544546,16.32576672873811
532.8559242150533,700.4859545026178,18.295764593345545,16.343477958714296
532.2993613615714,702.4597453707562,18.267996364151987,16.36096503957629
531.7554435895329,702.7978054271881,18.26411001587213,16.36614693772543
531.0829896627283,703.2608707203476,18.26143171454349,16.36876555508843
535.4989591901568,689.2234940066695,18.12276620399794,16.22374855092599
536.1804459148191,686.8685064674072,18.625121662640176,15.72441834304318
537.2183524076556,685.5493399135396,19.23452510381633,15.299063887835835
536.7352512494214,689.8971540213843,19.62460430188444,14.929330981594845
535.1534896475927,692.1772146353277,20.008402907610886,14.520890223221032
537.8519211556771,697.9811849951221,19.45502381630761,14.954869211884068
535.1993041454339,695.5824701260915,19.83589565417693,14.771530269372752
534.9846369985244,695.3151411849055,20.305983916055936,14.624591097740101
534.1290098712941,701.4310930660286,20.277089983832873,14.915181651595038
534.1553130001654,699.3731773222885,20.716508266991372,14.77206862766164
533.5750620939448,704.4333493417269,21.3088900170814,14.502830278787245
533.7466711171086,704.2071955065738,21.156962110905837,14.799903180106528
534.026575955222,706.5084564746526,21.803907476755,14.357712016348984
533.9301946327663,704.7692574300104,22.022616206076542,14.35503767979119
532.4817934292453,706.4821108934767,22.635858575505516,14.003745244511908
532.3994407613532,706.3948887806287,22.69866030135843,13.95225933078555
532.3680155089633,706.9818873070813,22.980122419054144,13.621948024073319
531.7660015852047,706.9667552124861,22.870553898735242,13.33321912168053
531.5197891829341,707.056963696187,22.909392303721187,13.168657760923836
528.9715248035772,707.1202279194583,22.962054904903344,13.030109717387516
524.0193293013683,709.5339937953102,23.540043245136555,12.439894574112602
525.2801814203858,702.6799323021604,22.44322439929049,13.33176771300002
523.9088803659324,705.1846495898909,22.145693270358628,13.527042667415754
524.9874827131126,707.1624253870061,21.92485918718909,13.346012900883222
522.499935306426,707.1510103333652,22.001821199506455,13.259725313965822
519.5220963460739,704.6774328686299,21.531369779085047,13.736886175290724
515.749523760967,704.6504829936044,21.106024493671303,13.960330502940177
518.3088272709638,703.9943246378476,20.669006123427543,14.33077831320112
518.2773716914327,691.7149276378877,19.95236547842413,14.87728708057684
517.0193671470138,689.016351880384,19.727956609956,15.067934727481374
517.5124152830704,691.5046482561519,19.64879358588582,15.114269737023543
517.2805212939415,691.3501450287433,19.01324505920733,15.705523884187189
518.2355384741729,692.0523648287603,18.682175170561592,16.130424146022854
517.9428239281409,695.2687119614908,18.431741030012944,16.383955771675325
517.5755792203589,696.3414923287304,18.250862544251646,16.59299379780105
517.8663266648741,699.2046003458854,18.08270577997343,16.980452880983684
518.0224548809894,700.3267991112134,18.048324204930136,17.164456105256313
517.8330910518464,701.8850976873164,18.02180041983008,17.209351300767562
517.3123751774281,703.0076402879488,18.03337489079644,17.198412217666785
517.5558554835616,702.7466995041924,18.1026852355226,17.172344053829725
515.9895653528054,704.5134116923075,18.211683515376095,16.914895620211077
516.1282117554761,704.8927376510126,18.072029711046504,16.493441006573033
515.8328557835823,706.9360587867346,18.5991715204923,15.552397146688993
511.2448660327711,707.5115424710712,19.59193588081832,14.611616363799818
515.8915670378537,708.5048711049275,19.89875168986689,13.798881158007385
517.746524962656,709.3514200511646,20.61418602947134,13.01926944822286
518.6647714864697,706.8410536047282,20.91232723820689,12.929954047028064
521.6348091989653,705.3338141514549,20.400314729017634,13.443151692130682
518.401885293221,706.5470801314492,20.732723476480555,13.265206863642291
517.5552131274712,706.3886147050741,20.842879512615585,13.218416107276985
518.2293523840103,707.957112022706,20.90141366738402,13.163675404965932
517.2298164397713,707.713012314095,20.923094312881073,13.142947655726273
516.0406456232067,707.1232923617993,20.93893551685686,13.128022774169452
513.177218382042,704.0486018686668,20.803254045664424,13.220791268826742
513.1338633005423,702.0129743111498,20.73391915923493,13.275551632884067
513.0615866880098,702.7798228995632,20.726596590366086,13.281245854487196
513.3099043697634,703.2381028957886,20.724751721300848,13.282885997267485
513.627743968533,702.7823238191669,20.723296700168685,13.284258873048874
513.2046050950264,702.0783761323747,20.72252878716295,13.28501172668234
512.8728956449656,702.0584989857765,20.722100121633513,13.285443602649275
512.293258073092,702.742917877826,20.72148950125865,13.286119926254402
511.80400794440317,703.3250505193204,20.720279179717995,13.287532071511382
511.560527118404,704.0396111030342,20.718630117042245,13.289045641098472
511.6816303855278,704.1884349903822,20.709764099481177,13.29530585685803
512.3954800710549,701.718528639521,20.710630349803136,13.291188409502208
513.2247224880734,702.1993093885773,20.71695140489556,13.28915821861003
513.016469853916,703.3384894791202,20.71586581665847,13.291276515002146
513.4938293494754,703.980581253903,20.71995888351153,13.290643227887724
524.5392478300547,706.2361089854867,20.92875113377871,13.281863231639354
523.7706464734414,708.4295249515683,21.52334167583223,12.807593431357828
523.6975678537884,708.957092146759,22.00810843175864,12.31099640498257
523.850723316076,709.0725698424188,22.405498586075282,11.770613662903333
521.4306615097915,708.9389594250096,22.895880739751377,11.608060213359012
523.1307064474195,707.9097072000804,22.86047473099645,11.736238439843921
524.7225979977778,706.4628775951269,22.285238840973143,12.111718233094589
526.6477424969273,707.8563901722321,22.321803299171364,11.994647378810924
525.9645339258284,708.8859402512295,22.266379892853877,11.819038498510707
526.1579285249592,709.2554035397026,22.38904953448568,11.615760029093193
525.7412861499857,709.3849726014553,22.39840425933172,11.318791724168099
524.6925110150619,709.282533649037,22.731985227002024,11.086619644072623
512.1691819976215,708.998290994938,22.504578244182532,10.996246712620014
509.51433690606035,708.7298203674328,22.23355896990745,11.028259497972401
507.9456119150008,706.5856829631,21.59226711547866,11.487595584027494
507.0874844358521,704.6453106945988,20.84331592753584,12.098543034314154
508.2650614415544,706.2764442867896,20.076619500512425,12.64567426263723
508.01782205820246,704.0577826621152,19.461030303616106,13.23512477791606
508.9961763819778,703.5803721453038,18.775099000769053,13.964100102095795
508.90313319194075,703.16861471495,18.00650130214977,14.604477411853429
508.9489493142083,704.7231558765657,17.5871692771506,14.880673313566984
507.2755722744269,704.4894084396881,17.226533286751746,15.071539544047914
507.8348341290006,704.818249100958,17.123868227811883,15.106128738857162
507.2075465563175,706.1004691508297,17.08775235507357,15.057309824416834
518.5704654255685,706.3676824145658,17.89127634142511,14.404213906266017
522.6745023268629,704.5180984487005,17.77392080818433,14.298914398345326
524.9893990224775,705.2677158934956,17.31474642788036,14.365302911350494
525.2869686744605,705.7143386205494,17.29717821795066,14.367148216043407
530.9327678327902,708.2110638022543,17.627663565231597,14.127914046786378
530.3845776215502,708.280153674855,18.051977179964744,13.67000664235962
530.3989259054459,708.1682216355798,18.679452768507137,13.087855706261463
531.1926498693953,697.91812434518,18.086221103902822,13.537291925244833
531.318082402309,700.0783332231075,18.02303035185903,13.588766621629714
530.9432195795064,703.4130031887645,17.86755331067751,13.754653702949984
530.7854008263947,704.9513527273248,17.640125447771542,13.960066747411583
530.6229927847652,704.7154363476209,17.38854244312493,14.138713408482195
531.8714946844626,704.5339177227853,17.16052558411386,14.340211297272495
530.2938474269052,705.5884490063919,17.062696100586642,14.358111153383815
529.8975559197685,705.126688234824,17.03232595028269,14.388890837560496
529.6610134447541,705.7633070203678,16.997884383397135,14.41010831789489
533.4569743490244,695.6646374857614,16.76001988686813,14.217711211570462
533.9022510950142,697.8342085606548,16.596080095278506,14.183198387650414
525.4403685286986,695.8929565438007,16.282998304081474,14.414386493853273
524.9171051458876,697.2559591498144,15.937526897897198,14.620465842219998
524.6627995104548,699.2972292340564,15.746616746376743,14.76075692297317
523.9136030556999,700.9620607269117,15.658056015902362,15.059217220648975
524.9333881577279,703.1324198453184,15.361704829828868,15.364378252481734
522.4834400308532,703.3647411400059,15.36799918919961,15.693160686662294
520.8761143437571,703.3399907299549,15.541957280310763,15.568430737487681
519.2016742410309,704.9059201824115,15.659790570708834,15.352560993112291
519.1209208608931,704.8012098623323,15.752321629056379,15.329854145611362
521.4219623934495,706.0274772502711,15.732297947335894,15.087969813764328
520.1024355334129,707.6493653630251,16.150655456547824,14.518348108290986
519.4404891637718,708.3862664259503,16.772631143561068,13.77838758047466
518.6843185094241,708.980898630379,17.251524232956992,13.160723787595437
520.043570056733,708.7778048205753,17.4843789798311,12.848462589472923
524.7967739161419,706.0584061249048,17.15954322146248,13.083828374521403
527.4204746896868,704.9172154047238,16.77711092791266,13.464102456904332
528.9148640937927,704.4962405918498,16.703956261393785,13.61989527332257
526.8359156449969,705.5876099224802,16.565570390735886,13.704151803635813
528.0351993677453,706.8826756020525,16.484403400713965,13.713136293032445
529.8222105035412,708.2770475188412,16.655064871645486,13.453850982251605
531.2681270408434,708.6121025494131,16.739488644422604,13.295673770991893
541.0015894621322,702.7289564267628,16.42082201107359,13.44504268407816
539.7423412030704,701.3412712955316,16.301684251853466,13.521502948600459
542.1658597239248,703.6543511666213,16.135161545777102,13.657750509277607
540.5083429079004,705.697616531033,15.967750891479191,13.775974133023734
540.4540718465817,705.9592929588184,15.851648710795024,13.809577151419019
540.3680343942374,706.1846939365201,15.790969221071556,13.81528103107197
542.2444194085539,704.444244038261,15.6740281643013,13.934291942092072
538.8606581460936,692.7681934272081,15.503123717786318,13.84034442762567
539.6173149504723,692.2821187068604,15.261236309895569,13.975960083454666
538.9187525807744,697.5493679601302,15.17601809084104,13.841609014964387
538.8151683041135,699.3291835255067,15.09141430839503,13.80284594718447
539.1477649116684,701.6990032436246,14.968218168366107,13.70995362322281
538.8358836460561,703.5184283438541,14.784761194280746,13.803086845996827
538.3608835712233,705.4411279148163,14.646204219808464,13.933771936402815
538.0679584796255,707.1757639933222,14.657302370247258,13.74717003886671
539.8489362491522,706.7727049031932,14.72257461439705,13.685937163979311
540.1824040698591,706.8745785915092,14.65562719510544,13.548340288717705
538.0375183151166,708.7922199813122,15.047953025879464,13.084084501909752
533.8515813326644,708.1345626918513,15.734316355407714,12.697974839765457
531.6599793125656,709.432381939131,16.323207680074926,12.197011647711733
532.7225303780463,708.9567544937167,16.88772461344471,11.783475145260168
531.7112955130814,710.633338230541,17.12722737197719,11.471884057109659
533.2237971902322,710.4270630563606,17.177813674505344,11.39878979673443
527.0132244238852,700.9172933451208,16.585765123031923,12.04399297653818
526.9487875761216,704.6445421499686,16.187113810834234,12.401311105520636
527.0170417900571,706.0328451563469,15.59209191445944,12.876360909795858
526.8666169071889,707.131720526779,15.099034872296174,13.246104799745334
526.588961973813,706.1366962186929,14.838593365280252,13.488816670655357
525.0910224044898,706.4964178066377,14.70456155803437,13.557772952697213
525.5058992382482,700.2875647188514,14.452603872878413,13.450181009678548
526.6351593417105,700.2589843430651,14.45353863154514,13.451610621173954
526.4813662981561,703.89664432056,14.228570449817061,13.726413880905888
525.6477615173608,704.8152709969587,14.262629791490257,13.841661586686966
526.3507350532751,706.9211757901912,14.517770947887263,13.774033251747856
523.7544209242178,707.567907295202,14.873192365486913,13.366786703384824
521.5942782371366,709.9666817338568,15.52889524872826,12.556094763483657
522.8947587898966,710.3453851985876,16.01774213042137,11.917650323090557
535.8101333840722,707.1424201394954,15.730060874199102,12.084625897207614
536.0240224400753,707.7793403776766,15.403266285025168,11.994157918403706
535.7908657817338,709.6544523852152,15.05793230575636,11.569356428732362
535.4088399936613,711.7497391656125,15.45217777104249,10.783850073366999
534.2328521771186,706.5502525942526,15.301086149107764,10.904513394004226
536.3989502906713,706.5112245839127,15.284463137486805,10.932176060536165
537.9217963461074,706.1404779425347,15.20163471031539,11.03335524111938
546.2297325227858,704.0511786830461,14.83029971047436,11.405099273631038
548.211970031119,705.434547468636,14.66107320226105,11.644104967603493
546.7139163359263,706.367096782497,14.436577126612631,11.90806088623748
546.4980379490546,707.6847931281981,14.225774848842311,11.958979916637128
547.914958912556,708.0062934896681,14.230623918009552,11.881311248788968
547.0608283746786,710.9273129710372,14.427617450925153,11.520546414011044
547.9306532466325,707.6870572161356,14.214911152223369,11.672316373368721
547.4264410794462,705.7794288471589,13.880227309410662,12.022021496560585
548.6536219710138,707.6195852301558,13.586550827102624,12.123401950705365
547.1823313935777,708.5503143964307,13.396852109080513,12.109746495581732
544.8131199136564,709.8576764416925,13.778993788405518,11.669929135710019
544.6438895952504,709.8840622716682,14.102856682399237,11.281819956112873
540.8585002729156,709.7976777642182,14.349563442913505,11.053815535181831
541.587098788667,711.114643064485,14.794560196124433,10.669898762925978
536.1895856336585,706.7203563537109,14.246753940833877,11.184329919154134
535.3990943287313,708.6763774913563,14.100489908575655,11.241716183139577
537.235230753956,710.7273073098755,14.166776781026494,10.895603149113164
537.7678987412834,711.075774161828,14.61864580629548,10.375423636726135
543.1064339314527,710.554586059333,14.924664872978402,10.076524388148481
545.4453043949887,710.505865392246,14.903712771895076,10
545.002665050641,711.3245764942549,14.96721197107331,10
545.7046927956812,711.4811204494617,15.27859591981269,10
543.8429243612507,711.0257831336639,15.335078612343377,10
543.2579832455995,710.7177752079151,15.33750922354368,10
542.810311112678,710.3744185687683,15.355015175807065,10
542.8876086853013,711.7086913110397,15.531411000695195,10
543.3518138690534,711.5182939590595,15.691601387928701,10
536.095482890475,704.5058468826262,15.27827133306179,10.581990634189992
537.3227685414073,706.9993852472493,15.017520030892001,10.877494280615004
536.2190066125997,707.4357416208547,14.767115230975273,11.202713299914276
537.631022088096,708.0918248338412,14.532373945205077,11.385704711809053
538.086063321097,710.863704153207,14.896638069245228,10.923260636828665
539.5514289156065,710.6304669124432,15.18132450374607,10.603607789483572
541.7931951744149,709.6311707777131,14.881213121077966,10.898805169112146
543.2679286288654,709.9058801735588,15.269564119510289,10.655366582956692
544.9333550605664,711.6031452655828,15.59395679863443,10.391567266294595
542.6063268003082,711.7948474242439,15.789432825223809,10.215598065144043
541.7167220178166,712.183477227547,16.052991521791434,10
550.4358965218855,710.0476036714099,16.09797419395126,10
549.1513801403859,709.7567921029113,16.130253540889303,10
550.5959484414685,711.1510774241469,16.066238818301656,10
551.683839306165,710.9272601352714,16.08244055028861,10
553.0111717718939,712.2541610942862,16.136267897883588,10
552.1915684544512,712.1862059281848,16.318692191765678,10
556.163467016032,712.2368744807027,16.78340527673388,10
556.1390822978153,712.4954009549401,16.851963693651197,10
559.2670349147413,710.543483425834,16.888469787161256,10
555.2863449661444,704.7146193355453,16.532392485258526,10.258926376988455
550.4963872697051,704.2157251315386,16.173523278832867,10.527911507986037
547.3626902103568,705.6331130908801,15.938432599097961,10.718732684792622
551.4404610878055,699.6708682095903,15.67774443611956,10.806488629318164
552.8027910099385,700.4831911946145,15.532974127757615,10.85045835808409
551.0927333847242,703.2274095126572,15.301088474102903,11.031027115980558
550.0674498460627,704.1839003745122,15.05333740376659,11.190281691785534
549.7308672699044,706.9576996378332,14.827923018214827,11.482304709027519
552.5734186644523,707.9717837735947,14.932627071922706,11.608084267705065
553.0306450910027,708.9746352298409,15.310739326167639,11.346902973101873
555.4873126863286,710.1181789389859,15.80986732368735,10.905259280397745
554.0186680843385,710.1249370336702,15.980922606616227,10.659396586102503
556.6519307970624,712.3773710471003,16.711275805131017,10.115298450981339
558.6100673553605,712.0447148726962,17.25937532342265,10
560.7378340971709,710.07390708194,17.464370213519924,10
560.0035407108464,711.6045828507922,17.855447821358666,10
560.4271571187297,709.944585864403,17.864562208846756,10
563.0983829393394,706.5725713649717,17.439410791931614,10.40932030821935
568.6349910602555,710.069393278148,17.67844468742843,10.273106939935545
571.2432519878216,710.3637020521123,17.964134403036,10.069769524300671
573.4974565708146,709.8554118711097,17.923497244038458,10.006751936324271
572.6007818619521,710.9212467120669,18.00578196545174,10
571.8469572071007,711.1699214325927,18.130798542763124,10
574.2408795635587,710.7669079350017,18.37812676914779,10
577.0647209338392,710.6085227625153,18.90285070201799,10
578.929579883121,710.3128896848939,19.17297377826216,10
577.4812962933133,709.8782416777394,19.468103389212892,10
580.0910200260299,711.2793554262898,20.17064727204635,10
579.6620847586884,709.3528911898034,20.345790767869254,10.0562246575127
580.4714144063471,709.2670690981616,20.205661283457086,10.190067411166948
582.4737156105159,709.271622120543,20.04831219772097,10.281515124846411
583.0734762888735,707.0376690321888,19.248561696909178,10.907031717967394
583.3181596262493,706.8825198200535,18.342646829656587,11.505868985631258
583.6142133135602,706.9779116242735,17.48326206527004,12.07740100810405
583.9232426640394,706.8070279526505,16.892703656597835,12.440055290368933
584.909867383606,704.4569848182266,16.38017702153429,12.855225158307253
583.3095607946707,705.4971525675852,16.17990461743469,13.05460853547522
586.956112751529,705.5162754177021,15.742430624677574,13.316843230796758
590.9532165591593,705.9703720687725,15.547214212725095,13.36350876816807
595.5907176475848,703.3391350146575,15.395118720749437,13.516099091150243
597.3134286994634,697.1418538456182,15.041857795581196,13.7974059284351
598.8756062098722,697.3311618095962,14.848319901991294,13.891868519585108
598.4361310103657,699.7022625502065,14.779933925290965,13.897429718418357
599.7718875750522,701.47493655477,14.752135462284448,13.774807863618745
600.8772321844201,704.1238908263045,14.745058094287316,13.928621465630046
598.7858523107982,704.6293620521283,14.732275029183814,13.906329693571037
598.5458103329611,704.8259340250347,14.987916502863376,13.776227542058253
599.7884551873191,705.090629760437,15.131397383975864,13.638205324650754
602.2608730901616,703.3733494983854,15.139935964124541,13.611232540724663
604.4354513165973,703.0131316123327,15.04995290450264,13.619877751153942
607.0699366566109,701.5002619229145,15.16220018101835,13.639716270157553
606.1578018121321,703.6674751691895,15.155649905567033,13.654209646076794
606.8915770600545,703.7949807724923,15.111169482850027,13.66554236089426
608.5636661506759,705.5197064949004,15.150020047258552,13.592906950395056
610.7762488858967,700.1073420923323,15.668451416721592,13.183728055946437
614.4186172910927,703.9297818922397,16.33079951004664,12.800811823593714
608.5412844488794,705.5087048041886,16.773319007644616,12.959867445084717
609.5236465888077,701.822355362934,17.450673127446372,12.580404347918659
609.8396547156887,703.7867060526346,17.709962081890524,12.407151548305556
609.6651108072858,707.7876625468316,17.953468510818677,12.23117630786691
609.5278966129157,707.9617581556445,18.298958458580543,11.979294975623729
607.6645739558347,710.0959789981944,18.80792641792987,11.426949691738718
605.2762127237054,709.9829263606076,19.109288488664305,11.06844611404892
603.5213118647694,710.4470507043009,19.565584547432998,10.74543300329189
605.4807706232083,703.9410042734935,19.426777628165716,10.791638795204632
604.112248932168,699.5283057771915,19.302690534248203,10.887477796780676
607.0665567542435,700.8873559606155,19.283151123007347,10.889144523591154
605.3437149826326,702.5632343820072,19.233873881317148,11.026313137808442
605.9245650222958,702.4950718945188,19.203513948055463,11.084532804669848
605.6398596490295,705.631596213885,18.967505011131546,11.633717842847718
605.4565086266858,708.9233782774078,19.022945163500204,11.611330015851102
614.888329480015,703.2288500496254,19.17761972576266,11.747558827067769
616.8542946356611,705.0279085328968,19.51854183527767,12.021418474523205
615.1207520547832,704.6949196817478,19.690275730172203,12.150293060308954
615.662235430156,706.6629611399572,19.73934983769545,12.144959321822771
613.8204132276509,708.3507940178245,19.728976832427307,11.850430746416858
610.5064990909035,708.5656415646667,19.89071681093918,11.599340851592416
609.5300654870939,710.405551489824,20.103137689441702,11.353657391964008
607.2183937881524,710.0723424182924,20.367204315779084,11.161977385727566
607.4422387345998,709.70456884476,20.555326169004953,11.024103340622998
608.8063524915632,707.5703813367053,20.56144313749993,11.060723100079658
607.9829141516028,707.6445161083005,20.483436737891896,11.077861423128827
608.4584142261559,709.7281473375723,20.841518739245018,10.812140674485235
606.9955213363547,709.9248462675489,21.0533989459562,10.643520870676735
606.8064730219025,705.7705321172083,21.283238289503924,10.861464280610836
607.5235885875236,706.948711182862,21.347545294744044,11.004197297679896
609.6085330051412,702.9743828620027,21.685247707067532,11.17407538638935
607.1933760453426,707.2018509189825,22.05035834144751,11.374209577300547
606.1444066069066,709.4034379170462,22.375004319187497,11.20596752697393
606.3574853797805,709.2808381012964,22.535239950949048,10.990247361052868
606.6386556092275,709.2846278217866,22.162324409157026,10.919096385021723
609.8442729047313,710.2014584408897,22.70862270084001,10.494885200984065
605.5709007349753,710.4098569715769,22.946191549018653,10.198448029772713
603.7014260506865,708.6437920043551,22.794403384027166,10.28043248119936
606.5913481312778,710.8007819758692,22.84446664014205,10.200195252099373
603.3035716224831,704.5298148792781,22.717930824876035,10.294173360076446
602.0150055226217,706.652199049355,22.64701867683592,10.351537149591955
609.1782749987933,707.0494070161855,22.454560611333328,10.57503396140676
607.7698392631942,704.488381159709,22.13084093796981,10.76874094779718
606.2435988641253,706.3484549684568,22.06657459522331,10.805376100458153
609.1455952815669,705.8146654820403,21.82408040230789,10.96571688788571
607.9192674942926,708.0718173393268,21.805262998264535,10.96368505441608
607.3492747719437,706.251733317546,21.808929640128763,10.987317434372864
596.6538560065484,707.5600837863295,21.80549532033332,11.098464311365836
593.0999231840078,708.9433057892156,21.715900314016764,11.07141234775366
595.7873011119307,708.99658253366,21.663686171885672,11.08259980289279
595.2852773700098,708.5758673559586,21.531902061260315,11.004390570893337
597.6805982636068,708.5161292684535,21.50676987947387,10.985776031091255
595.1285220222551,708.2126920319863,21.494904066889355,10.977824599656358
591.3374193303282,702.0382557592142,21.446072692320367,11.01107863018588
589.3626849945167,704.2408855296061,21.525141412008438,11.059448583115412
589.6217364556154,704.344628803939,21.523631528846803,11.066621874318221
589.6166690009034,703.8622059717361,21.521229216846766,11.068377595791766
586.4081007400279,697.7980866482767,21.665667813030034,10.993446420017904
589.7499203140341,693.0480026289365,21.618841351937764,11.042660975116728
592.7932261370958,680.5127579836455,21.489208503727095,11.051678326611654
595.1117186565288,680.598166749324,21.48715741337781,11.401169528241208
593.5162964376746,685.243700886134,21.317513197903185,11.401349576154432
596.0490561179205,686.0641530443685,21.288681688363624,11.440071605319883
594.3311821976102,688.4038843283918,21.1213170698013,11.563253290050406
592.9137517442285,692.1987100315623,21.000946548418444,11.57908589249833
594.1545607685113,696.1517389340029,21.14294805627991,11.433555221558917
595.270570871847,694.5070312836411,21.224374132948927,11.480980671284534
593.9394060640535,698.9694172355203,21.153254766297103,11.788190044991918
593.1228808668787,701.6808888899161,20.95329925549534,11.872414552362375
592.9766371473937,705.7100616287588,21.054303032932978,11.753265184448724
591.9576538038496,707.5622066190166,21.06269484895804,11.71470067352239
588.5348371816817,709.5605193947594,21.262477434876878,11.386111821331948
591.1423828205864,709.8489503245872,21.28840588286726,11.239823276104437
595.9710060913188,710.0156433974794,21.0540938735678,10.87994532999716
599.2042446649037,701.5468016624994,20.29589967393836,11.494914948028265
609.5600392789943,708.2969989691461,20.834260854692754,11.360510019793498
613.1794815133053,704.4204023337084,20.89043702068384,11.283665696827569
611.993604033675,707.0242798391246,21.079424588739577,11.282445548513254
609.4362431311444,709.6559767465751,21.221709012056337,11.086740198730775
612.1547146643678,710.0969532561406,21.339164482291682,10.94986025966253
610.3856202731969,710.4852437297133,21.631452156845484,10.672971126701519
604.9042787644426,710.5761414716411,21.761340031226517,10.558011396465462
603.6805025311647,706.5782819765426,21.783508214716466,10.678118604588448
604.4464138790631,706.3169815118318,21.813743252455364,10.707074611038296
604.5361901838986,708.26024485761,21.844263115475908,10.708531003206911
602.6598460845856,708.2480566938448,21.959104367385535,10.681388950095522
604.5247828417815,708.2803394655308,21.953556509884624,10.690198937264263
607.1911455900952,706.3619603496353,22.002744675214117,10.766567602633822
605.8104303776622,706.5583853188222,21.97581474279568,10.790084211606302
606.2447663138746,708.6870577277159,21.960402791444768,10.777438395130964
604.6906234854573,706.6586766130436,21.89943223795211,10.838557724008641
605.1905381220942,709.0089712859989,22.033584430971768,10.738028364212598
606.069846847876,708.9959029911374,22.060800338172857,10.713567431527824
604.9425152749942,700.5497800871146,21.51421994031144,10.928824637888626
607.7567862546422,699.32029437571,21.274610685941067,11.045606271879684
606.4124597531486,701.0665898591793,21.224327503091473,11.04456718100904
607.2548018709577,702.8878725786853,21.045158127626447,11.043518189064287
607.7946184405239,703.2963364158473,21.03615983041294,11.049574077686595
608.0081746768881,703.68792939911,20.98419964755199,11.081986479806048
611.2086040584337,703.6422134664143,20.95863509298742,11.100855151458886
609.8242227655064,705.6182848085525,20.970304487695184,11.138499807346726
610.4192588463401,703.3459452316606,20.779572204586863,11.261568128916295
613.3697265085927,705.8497897526084,20.597594304245426,11.462775247146245
608.95128152053,707.563410313542,20.607241429113635,11.399708014439325
612.792499369719,707.0796474016755,20.59895858184026,11.400488759608717
614.9936873772118,708.7357734565843,20.609638463613756,11.374196131983998
617.812787500578,706.6959669422637,20.704287337975003,11.495547193919947
615.8364807434255,709.0694755719678,20.8110065155797,11.275393032656256
618.2768768461084,711.2736229597626,21.008510017916375,11.053878232957592
617.4017753470391,709.6922839665831,21.210811624072065,10.928634313799268
620.1346548291147,710.0189101570547,21.55145868103906,10.616217653156607
617.4831405142108,710.0139351968686,21.71485270162425,10.422078080969378
622.1412329830187,709.8120137616214,21.834947060883568,10.239027631380106
621.2091557575313,710.1056784514645,21.925047699831367,10.136220504968747
619.3146184072823,710.404197803514,21.956640825317166,10.081510575799134
617.309331927265,710.5009282103503,21.96539655894179,10.018437366362956
613.8647701139012,708.316302499249,21.91210113354551,10.031366023215211
605.9124217106504,710.6869516744919,22.049329487593557,10
602.3350992635634,704.7655836603092,21.947713033043023,10.135433934859535
598.6435921618867,706.6488505797264,21.684216158515756,10.392897402848693
600.7593356249249,708.4645118967475,21.67237997783104,10.414745116020427
600.5869398408055,710.5271679610547,21.749968572704134,10.300625786020396
603.5062435905587,710.549265069379,21.81505617970406,10.233966064666053
604.2011110268184,708.8123499949013,21.792649712564987,10.239749310011064
605.1250486106845,708.9051742325285,21.781817234155966,10.246092372566176
605.2845171440084,705.2807515743104,21.479822268107572,10.46907594888988
607.3931491405648,705.6855697769149,21.206565194855767,10.785768727259493
607.2006047468861,707.4685191232948,21.167882958462833,10.974044028564071
606.9282515191666,705.5183104020485,20.772521407386513,11.354552089190092
608.1788225322946,709.7108503593695,20.979573398540627,11.134821181201083
618.2000174067736,707.5428104668268,21.24391582731711,11.114852859139168
620.2143085513824,709.9335863271564,21.99428184513685,10.636233877737725
620.2563192034934,710.5256040352737,22.357130927515257,10.375691429585695
623.3304942320061,708.2552251585635,22.281591520361687,10.436901682395623
623.7808629791259,709.8934759356644,22.214315191550295,10.410597300358768
623.1586683520159,706.3239034647421,21.76532671253973,10.804825803146874
625.8994626191014,708.3983139260068,21.775249046440994,10.843039010714023
636.4405493424474,701.62697372047,21.608459892351622,10.861554268284152
638.9463149607253,701.9741184457714,21.46704822748169,10.96126270147803
640.8003667518071,703.9420304539951,21.341945543679152,11.067610163302053
643.8423299494946,703.4558693394907,21.269030271961487,11.142830453586493
646.7778132066688,705.2633644145232,21.26066122312829,11.210361646752695
644.7124320932359,709.3780278589584,21.4428806166658,11.098065855294301
647.312045079113,709.2245576753803,21.64775077146798,10.904927663528836
643.9437782807639,708.8068629298303,21.689894071230167,10.865378964645327
647.4265078137817,708.3695182070012,21.658719692236833,10.85116908397909
646.9932008988172,710.5534473571074,21.923104940260284,10.646258915327914
649.0379348934009,708.581049081103,22.05689115488941,10.573320939748967
639.4846352580947,707.8169965411657,21.910635124598507,10.615221633865975
631.5244004705397,705.3112311715515,21.227478448487744,11.281045910234203
629.7525832940246,698.9587381953527,20.63718259521912,11.602153154746263
628.5179852042558,697.2116743780081,20.51801512729591,11.422722792685498
629.2789740937667,704.383891144778,20.016002520088037,11.900773275564179
630.2043333830338,706.3504277047563,19.341620110796683,12.262085111967519
630.7467803914416,706.274658754002,18.742033161613772,12.62850353954193
628.8738214418933,706.5624308651594,18.999818345485142,12.422425472994442
625.9000654985235,708.6978641735598,19.728174920640257,11.874989728157315
624.6933450916104,709.0050183613645,20.473644481071368,11.324234365455426
623.9792879554715,709.6553355843087,21.35486152081661,10.901689168701022
612.0700680675898,709.5542079950342,21.47205312763486,10.634569034921766
607.7578528220712,709.7639522916638,21.267021567280427,10.596027733513482
606.552511948031,707.1442323809626,20.585375482185214,11.034141280044016
604.8891511931621,705.4051345356701,20.00646688022855,11.399544955553463
594.4763844776261,706.8482956480547,20.056922491476346,11.481511390833639
593.0990869471941,705.3196630442576,20.10923917671468,11.571418724511117
590.9103349051563,706.3049031438845,19.84891443388589,11.92872210985207
590.6121736461782,708.4478753190481,19.911361665262955,11.81356127926979
591.6316681761245,710.4241616364832,20.15923688607111,11.487240341940003
593.0204947524096,710.4452486942532,20.28412966245607,11.324799058712367
593.9627472598573,708.0214266704123,20.265724958839836,11.289434626322281
597.6472052098703,703.9736733810819,19.840248542456447,11.772573098140988
598.9388901401913,704.7256581776552,19.662715502416912,11.99033826718617
596.9771216186208,705.9474389922435,19.53764853402241,12.248929367043978
596.3744926286214,707.6025356156242,19.626228514524552,12.272540250836734
596.5302267561391,709.0560360796883,19.71855609784533,12.207831869934475
594.9332914773994,708.6938325663128,19.81285685780892,12.133667250471989
591.6824103318437,704.4373654627641,19.673295582483384,12.27649285313829
591.4002215650112,706.1032456633507,19.420386982382233,12.529364610244633
590.6797563334165,706.2193556899034,19.064041067893534,12.76260676493334
588.4831358325708,708.042629178708,19.291582587620848,12.474627025178128
592.1453155293907,710.2452947515372,19.510725047924158,12.133903022921764
603.6077855396675,706.0731095011647,19.676799889431088,12.20637716136201
605.4726990866545,708.3116800032046,19.673067756623414,12.063462288721343
603.1651152582668,710.4520700416696,20.168072449531547,11.615037472640651
605.9451166418238,708.6261604434962,20.184785628615106,11.540949104823904
609.7506496423124,703.1052065197151,20.411974079389772,11.58523350878269
610.2253435481061,706.2738099781227,20.339754982802333,11.703859073351888
609.8306211338016,708.2835760080293,20.417307802629953,11.414793379352938
608.3038489953925,710.4007553596617,20.880850734767368,10.800219508088801
607.217129921568,708.7040972698974,21.076916593712493,10.817189576319885
605.0342325894372,708.773142187119,21.056205177346566,10.831803205907839
601.3492039656761,701.7211456027337,20.96092085687557,10.882443065047067
599.4038238947269,701.4517680278806,20.90360403534937,10.580049957497673
596.4348808239472,703.552974957068,21.036542800657667,10.261611843370225
596.8708223691868,704.0148943408068,21.031933160076083,10.26172410567038
594.7217468361806,709.9960775992209,21.21632756944186,10.121196921422664
592.0346963646622,710.2648879050562,21.2471996954925,10.061588364910662
589.8132287997457,704.2574593174645,20.963343443489556,10.381749113702423
589.6721801296809,700.4051277655869,20.719581189274148,10.416590001423549
589.9724321717234,702.5361391880658,20.511117387676823,10.334801111849211
583.8200399614889,703.9265357678603,19.618616155985354,10.977767651128083
578.8169201075921,709.791820832158,19.7731960889988,10.818967236888165
579.6802338676526,709.6424804953626,19.806823667220552,10.660800511005567
581.3060472409277,711.2909905947827,20.087479034699243,10.374873690232599
583.4463594508926,710.8936412515773,20.268501648460795,10.233690821563036
582.9531920611655,710.6973935665072,20.30449347471005,10.205082982445962
573.5834127581667,710.239556806507,20.233037905292512,10.114337201413361
572.22815203047,710.1923719588099,20.279485893431136,10.069928061272481
571.4690205870679,710.2404706058733,20.39624974726112,10
567.4867933695938,701.3502424993328,19.572738407673384,10.743789342963666
565.4923656909201,699.5841166837613,18.746918433904987,11.070878687348424
564.4282098813242,699.7265176370698,17.95215246978379,11.62270843642438
566.2926176378027,703.3439704461158,17.24816109928298,12.042492607150633
561.1960347779576,709.0770049357452,17.691782675296277,11.644083005943605
558.8998363331617,709.4080202582529,17.800234195167548,11.369049524224025
558.7347760599711,709.3913124753061,17.972212592100526,11.07742641862406
557.492796387923,703.6021204026665,18.229772514504596,10.957675187926819
560.0491220360869,707.5305617840136,18.244991301032144,10.935299890595099
558.9956326515687,701.1472923512481,17.988764160339507,11.103441501182262
557.1791511938748,709.327168841762,18.120113697202655,11.051851209363353
558.4749362221946,706.3222262437125,17.789983202406887,11.654365838140546
558.5663992294008,706.4971954245518,17.507593047162217,11.916439743574765
554.6810024366507,698.5779422801294,17.75164846585309,11.676258364573018
552.9560170535427,696.4449158358453,17.78376158512696,11.612132992337823
551.6919067575521,700.1903517739855,18.067822240203316,11.200931545287117
558.415391306873,688.8880828112689,18.278441146627546,11.016286807756664
559.6349292211902,690.6071590613083,18.427773788146894,10.833780774886588
559.131124773563,693.8892308230916,18.74651654494305,10.516912126960854
559.0466742655611,697.4918565601092,18.776241534960043,10.405170803835027
558.831237632433,701.1724367585169,18.81474970321655,10.339179283667512
558.530579390928,703.342538135066,18.94968958357706,10.185108007925367
557.4325403576167,705.8779006483513,19.154518804145447,10.268444775635857
557.2622811871048,708.809612354338,19.465466006846903,10.336403066085474
556.7243186371086,711.5497030494444,19.799123140568952,10
553.0706415916488,710.2824188945524,19.735205621228598,10
552.9197085366818,711.791359710478,19.866318997216794,10
556.6135469997694,707.6417718282128,19.88397606686077,10.230134512394244
550.6635954945192,701.5890670035343,19.27382448904314,10.785563998176922
548.5063956026963,697.327027225365,18.793372015914063,11.170407104320317
551.6687015130802,694.5719254427758,18.29840916670368,11.514594090824392
545.0913694679253,687.8725545530398,17.564577811761993,11.607642243892634
545.4548240274006,687.8104076757493,17.332876479371674,11.750955980319665
541.7101273108252,674.4951021422906,17.537111278336624,11.575820968745703
541.4126688811994,675.9376088806072,17.60361806049331,11.433966547822541
541.4862575223833,675.3653984596344,17.12776637231216,12.057636509526697
541.5724500121406,680.4775465663674,16.9810030062851,12.342003473550827
541.7323108831228,682.4004926987627,16.77479512889773,12.574662024342729
541.9654707764314,684.0973811980037,16.476743918544884,13.106259295346
543.5428756158692,688.2620643589707,16.40939594964549,13.373615576256308
543.0273713594449,690.3025387491862,16.335996555961604,13.724805715655762
542.6072387792619,692.3324694283411,16.23794340415946,14.022320932815687
542.3492627469458,696.3262556562132,16.187897152980753,14.249355715841036
543.7228541527908,700.4816853253169,16.15604231942475,14.349949624704001
542.6090940186114,702.8842154471697,16.33533289341713,14.748722961015469
542.054379767573,704.159311914295,16.44441604618205,15.06060487875461
542.3919622615215,704.6034404667605,16.771120498363885,14.938529183182645
542.3208847692117,703.5599572146059,16.823919753462995,14.929752031333367
540.6262139991088,704.3730312916515,16.722893404264585,15.11053573053662
