728.5,272.5,113.0,99.0
727.5553189252742,270.4482887171441,112.22136657736155,98.74265543962838
731.0257378015436,269.4796441757511,111.18059472371787,98.66644883874443
734.8977852310826,268.4725962816074,110.50728729444943,98.45492197307053
739.437429874186,267.6617149877254,110.33682865094279,98.60078796392598
742.2155147900455,267.24431194688367,110.39508352472923,99.16673445054913
746.2350800021968,267.06367941560114,111.20984161208428,98.95849942442251
749.2869374541618,266.95608423931463,111.68565694725956,98.71037500534324
752.299262726614,266.1397672449516,112.3378910535394,98.4286922206547
755.989888663292,264.73342168688544,112.87749422550166,97.87104513526425
759.3676815044115,263.31620187889445,113.3829516150097,97.36284363605766
760.892413142642,263.0067964142046,113.61246835525712,96.86838154087826
764.7307623032387,261.2851386136364,113.6976809494383,96.57641448248407
768.6572699107118,260.83247583479675,113.49238845559218,95.96319083629062
771.5669756178677,260.33926161838616,113.02943093684905,95.31201288674188
775.2330138518598,260.46358939244067,112.63489452318619,94.47836665841508
779.9277376304414,258.1832220557098,111.94168548378434,94.10612794701966
783.347272296061,256.8680637808685,111.3145912502014,93.54920985658072
787.0788242285658,254.09397716011745,110.73610948220693,93.08270414300475
791.2628453495449,252.91413614870174,110.32629487467875,92.61376501677307
795.3663264887339,252.47697261160877,109.80814628267167,91.95785620438522
799.7186116140807,250.4790827261298,109.37861761217813,91.41089467666764
804.8331886589572,247.7807158818113,108.61896978615825,90.83298847272654
807.7423072566116,245.3424992718751,108.14174602239832,90.5712924582849
812.0542431269376,242.7437811293203,107.49787096295962,89.9005513294541
817.6577746293177,241.84346517304658,106.84883808667864,89.32801381985192
821.727373244073,239.84258557564183,106.43791281838028,88.71755892622143
827.2602672529221,238.5170758588033,105.81754315853111,88.13105051260843
831.3655908544304,236.72611092060657,105.16527751297922,87.35121834218799
835.8750079432028,236.26816458135534,104.69491478623983,86.72142775595806
840.5797050991913,235.7413201596304,104.31164542848666,86.03618637403562
844.7179937626316,235.14575300132213,103.89029080363224,85.42168631126526
849.283361058267,234.7615215494464,103.78463880055743,84.79072037056483
854.1034743136935,233.56202438547837,103.47089506253162,84.38799360246205
859.6810201991805,233.2979301115412,103.16468692040272,84.19045793006052
864.8622741398588,232.49841799522443,103.09078759007157,84.08744280169401
869.5881310349082,231.91495455026703,102.98875756156944,83.62996323466149
873.453775163311,232.108358594909,102.77773536082466,83.25541028875176
879.6551948283504,232.1044957417235,102.67697332414163,82.79957368538076
885.2080780442578,232.00625716120675,102.86674007256377,82.85878577514143
890.6294670281436,230.7897545102742,103.29620274352516,82.76626336132354
895.5471443989122,229.519663493535,103.31025138333541,82.3004491675375
900.5153315260463,228.68102252360075,102.39366205643535,82.86110603683414
906.8253678427109,225.73534158390606,102.03588991443932,82.2265956856937
911.6244334200117,225.5701588377928,102.0610516828114,81.5547629586209
917.0973284758655,223.46251748910186,101.64625789373545,81.26175584200749
920.9077224381662,222.27351979338687,101.18311233363623,80.54575637755669
928.4204069768423,221.22870647293533,100.260785858823,81.07805872818422
933.3385065508897,219.16995947885988,100.19688266257137,80.38154638775231
938.640601059635,218.14729069959168,99.97322781713899,79.58247614942897
944.0894291134823,216.2362025199905,99.81638019638274,79.04311076058444
950.3594825001028,214.03636899600633,98.786633187241,79.89558094347103
955.5320491090314,212.08229270846294,98.40515448751133,79.15484016223454
960.3290709996046,210.5530040822792,97.67711660388679,78.3993643559778
964.8886603754738,207.90178516403645,97.5465938961548,77.74277680946767
971.9229263323824,206.56318595461804,95.76507503623161,78.14294118403878
977.8519245191803,205.7390870855329,94.69795314383695,78.47114518784929
983.0044283638549,206.06259531807356,93.64120785988331,78.30722213349834
987.9693482553005,204.69297626549127,92.33679150838867,77.87965640184044
1000.8864450593491,189.67803258751175,92.41758355702969,78.00244308030919
1015.531990430082,170.89503954869974,92.52519352967504,77.96269337912462
1017.6671208427178,170.68050846684378,92.62915355248708,78.02607055672208
1019.8585474189273,170.9120333972541,93.27774208860573,78.36689393684915
1021.9144102124535,168.14383948576943,94.69567577279358,78.5450826402506
1024.2474169743184,165.21451863473234,95.32378017661475,78.27965512845759
1023.3829306721028,160.84283090065458,95.984800148142,78.514904337763
1029.3719868156309,161.92513511842202,95.92553017675984,79.58128464314915
1032.3034607125635,162.1152949753078,95.75994814369783,80.46736502817828
1039.8340033394127,161.83539165264563,94.64285741209436,81.75022721501796
1044.4388887149632,161.5732478807435,93.39835336555231,83.30018874430345
1051.5739314232967,160.52292654335713,92.7124106338221,84.67394937857557
1056.6710883653077,162.02163170351696,91.81891042472691,85.63642179446197
1060.75491818869,163.32970635280662,91.30423253607961,86.61788845314274
1066.2467469366718,162.12271431772754,91.39526013685676,87.6368295078209
1071.8107286676523,162.7801255184479,91.2197235852965,88.06570439203233
1076.473951826042,161.53944855497073,90.93138895522348,88.39702412976244
1086.7729557792045,165.16112782935403,90.42081963227247,89.19696334863498
1055.2591856627757,160.8301144561276,90.14930667299122,88.9346126536816
1022.5523672405303,158.8882854435063,89.88025003603681,88.55476235906944
996.7231754317017,160.01023953366186,89.80028755384043,87.99443636545725
970.5386683043822,160.22618795124882,89.31365376770809,87.67434774089469
944.2086260543686,161.53526139631805,90.19556291373156,86.77119301632172
926.7248551022336,163.0686585557201,90.09530620349936,86.56990939965075
903.8615497752157,166.71372088612537,90.09981755333595,86.356374800028
887.9602545359907,170.49178220811396,89.8744081538564,86.27693863371195
866.4292332801228,170.75371127168856,89.76330155670527,86.35310782933192
846.3919640777964,172.62082650871133,89.71665465862381,86.32010001344369
829.8721896066746,172.77184936772224,89.00369353006656,86.23134979987269
804.8711082898036,174.9958539800061,89.03322661668948,86.21441805562115
786.6461040980398,175.90244678939274,88.9067159877658,85.89169009084719
771.186532664658,178.95911637367902,88.90140130448081,85.87806615512373
748.8588783343955,181.3333121872224,88.78174277140205,85.76520118514152
729.8598206403736,182.80660116005174,88.54122595729753,85.52898090549844
708.1271997362668,184.02114046823968,88.483415549935,85.57048787376304
694.0949180543474,190.80263929077833,88.15580705403255,85.73445327189864
673.1163225100292,192.06871307803274,88.02281869930943,85.81844534773468
673.1476439733507,196.63360977405256,88.00362847512929,85.82913295087329
669.407540124485,199.95844292774666,87.97533464316716,85.83939258113766
666.1863432763429,206.00778167692624,87.96862832190368,85.84273343910169
662.6575286110157,208.78126644036365,87.96672501019353,85.84302515032502
657.5472554294478,213.68711698633987,87.96336294895204,85.84296098311624
653.6379381804754,219.3106934024338,87.9554350422641,85.8454066540412
651.4712366705096,223.74526540740067,87.95276657095425,85.8463416846348
649.42208070948,227.13768866343102,87.95312994183541,85.84564481933312
649.896500454369,233.53906653110238,87.96274023299851,85.84152456677849
647.8471311805702,239.74264989262028,87.97286622413878,85.83633824382814
647.0151870882735,245.5817524227265,87.98685349549356,85.8272701846533
645.9487043581438,251.54188588203047,87.98807385573156,85.82639585179976
645.5980021417279,256.7848357055416,87.99770165530069,85.81855215875699
641.0288244661849,260.5242955004098,88.00042449143297,85.81577402180993
639.6696328779334,265.0494508276715,88.00338861390459,85.8123831899794
641.0440956867782,269.05124809187083,88.00489214965759,85.81091821632923
638.9420799699767,268.91573807563867,88.00497079395383,85.81083474747366
633.990504128237,270.8051804427348,88.00507300843907,85.81078721726087
631.0932241688982,270.4152845675084,88.00515451067366,85.81077342667511
630.6690619251051,271.79649991311686,88.00520077379183,85.81076148240649
633.6469779377056,269.79485955950094,88.00522125713567,85.81076536468724
637.5146059049057,264.96791930358256,88.00522151780386,85.81070090734671
638.4757612315353,261.74480984801914,88.00526842374875,85.81057687337466
639.7816606172864,260.21669070222214,88.00532945067785,85.81045873491492
643.0548108631207,257.1296113126886,88.00536608669486,85.81027249750248
644.367741004972,258.35446616038854,88.00533502281053,85.81024789884337
644.120816418612,254.88352507984365,88.00509602261785,85.81032183620879
649.4269593714411,250.53035019145187,88.00505663032646,85.81035752607828
649.6587180265624,244.27875488844012,88.00507692370037,85.81046299568825
649.8795589644543,232.06626905451253,88.00509181095526,85.81055940414402
648.0628740570857,228.6927421776559,88.00519851457803,85.81063773595173
647.003472192863,228.66363425071972,88.00522759054233,85.81065407239522
644.4527019115677,230.64283338846712,88.00526954931202,85.81068131875097
641.0164995046823,229.5891637676316,88.00528361601255,85.8106976291324
642.2860482525512,229.44784731214475,88.00529344296768,85.81070599739294
643.6453081274224,232.10007089682253,88.00529552664516,85.81071792303855
645.285710920813,236.91355957313513,88.00526548689146,85.81068129764726
650.8491597724012,233.2474888595004,88.0062526485222,85.8095454994223
648.6251229462888,234.6503850653038,88.00602498543937,85.80848278790404
647.31995053913,234.97812821171695,87.98175080218321,85.82440490991844
643.1812492537301,235.86831105585705,87.97953701708693,85.83118114077429
638.5683895639922,232.52994551272886,87.98083871010024,85.8327055658063
638.8408572307987,226.5763260988448,87.98278499260289,85.83280175441426
642.4656007208065,223.30543680639892,87.9833075493304,85.83269639384092
639.2800406950109,225.29201012946947,87.98316743475343,85.83227060913475
638.1041649707752,230.47176802889282,87.98304882325787,85.83197245402586
634.9504685206816,234.37620541334837,87.98330757198612,85.83152168108644
635.1413486422533,238.17110271531683,87.98362180413112,85.83114119686995
638.5159957067694,232.43952134216542,87.98751056313,85.8285236849941
638.3978872163007,234.23915739991884,87.98852170002276,85.82873029110591
639.852276327467,237.1886287284185,87.9932423561691,85.82860088178725
645.9162911095558,232.55261084217062,87.99415528161549,85.82809656181475
647.0491480379022,222.6910916987476,87.9956993537709,85.8270633459752
648.1028163820647,213.1808195568001,87.99614336040759,85.82666875657927
646.3660879800605,201.91557859179338,87.99619504165905,85.82658923944912
645.1902179885498,191.71838124788889,87.99620706218667,85.82660717249735
644.4524998501054,184.52790029454832,87.99621308890744,85.8266305492102
641.7922510588576,178.8670677612243,87.99622603318899,85.82663080567762
638.8780513925298,174.935834762714,87.99623142968754,85.82663046740159
637.1670922353057,170.28921815923255,87.99648598299655,85.82656781407394
636.5314718121967,165.5845867211999,87.99654536501936,85.82654419111576
634.4407391697463,165.0546297955034,87.99655503773754,85.826564195997
633.8073793477258,165.22284027301717,87.99655486366336,85.82656103519703
633.4028910075893,162.73578935524722,87.99655394002399,85.82657324823933
635.0993131221859,162.345474479953,87.99651004194651,85.8266663472165
636.2977469801114,164.3612941007488,87.99649672673033,85.82678159933826
637.9559556666162,163.13993267047812,87.99648631897647,85.82682338573713
641.8621578957036,161.27176764209284,87.99647600295238,85.82686465657328
646.064594629518,159.7046022440683,87.99645826347314,85.82690189640897
649.6428151523716,158.80818142115763,87.99645175374631,85.82691772416847
648.164799831195,162.92173560752914,87.99642770859944,85.82697075889615
643.7535872957791,165.7752144020675,87.9964383812377,85.82697956996591
642.6533777802165,167.31973256085232,87.99651594927406,85.82693513281315
637.4611063163111,168.42807550770385,87.99655455884744,85.82697125067622
632.0795130477437,171.38890094039883,87.99660804697093,85.82711289245792
631.9692413171431,175.28076252609011,87.99662828489132,85.82737104431754
627.3150657663423,181.30888714382533,87.99667650715946,85.82738668616646
635.7665206413413,180.66109944739503,87.99679333797192,85.82730277536186
645.4576129158595,178.25352816559325,87.99689676806155,85.82720066428283
644.6627441662016,179.7947880814232,87.99689661364499,85.82720394015162
643.0576506731254,183.23818590446817,87.99690260194895,85.82720619902993
640.5521818232943,190.44633944008126,87.99691357813094,85.827201808773
631.587328110379,197.9998566146705,87.99692396721836,85.82720214282203
627.1614045369963,200.08810035694324,87.99695970498708,85.82719161369036
628.578156662779,197.19192914293885,87.99698683312154,85.82718470316769
630.9138999150562,193.7534877160824,87.99750884297157,85.82701429607737
633.9912664691375,190.3843866625108,87.99877587213797,85.82562003633828
632.9789146202927,187.48733229549367,87.99869858113416,85.82552930366715
628.3139077637148,186.67974202611592,88.00337679166547,85.82121647713491
628.1133993071123,191.4244101947032,88.0160219690593,85.80601267780212
632.8953752114415,200.9409641216587,88.0161704259037,85.80601258145947
632.8359244996947,206.63912274532447,88.0161733906187,85.80603093593456
633.0398876147248,203.6769358526175,88.01618573034254,85.80592189893031
634.447368859786,198.99553781267593,88.01617179902739,85.80584108672359
646.6974457345767,193.888757594281,88.01668752881629,85.80507943336454
659.07834405733,189.22463323594633,88.01725050245031,85.80408162903782
670.5575475218805,186.5084126889522,88.01819606663553,85.80287413675283
680.9396673412809,185.42462627030253,88.01891957785894,85.80174985529307
691.4557573721801,184.70177658015126,88.02073609809182,85.7997861668242
703.785755798885,182.69926245415607,88.0215249197309,85.79880293276112
713.7674210625817,182.31668135664586,88.02330898584351,85.79654793532245
725.8597415106532,182.3187077034868,88.02545092661435,85.79453928537708
736.3604072702708,181.5794297802354,88.02656272097774,85.79328906632051
745.8061224293352,181.07593576813625,88.02761706776596,85.79190359160218
752.2144792744778,181.26318363615178,88.02919504160447,85.79006125050863
758.9542018125682,180.6274693007054,88.02961027120988,85.78958283026064
764.9162629375437,181.2552718413799,88.0299512933533,85.78924834923056
770.5416887930115,181.58473528807906,88.03023350117998,85.78895850264621
778.1004867728128,182.48552255411641,88.03050691871364,85.78871358330346
779.4626987950003,188.03716754812973,88.03052487949621,85.78870270904632
782.4463814295091,187.87566120243673,88.03068843051643,85.78853952309963
783.5544795284508,192.9725163096449,88.03070498211422,85.78853391378587
783.8123855046888,198.90843449563698,88.03072205633714,85.7885303893969
784.8212900929665,196.1711108966735,88.03115929205913,85.7880417841012
779.7271775503859,194.2410454473564,88.03116149208824,85.78787023446269
776.9655322901472,189.57752456333336,88.03112656929802,85.78740021509424
783.0539668699926,183.04816584757708,88.03371030572538,85.78557553997834
781.9656607573111,178.35949147680805,88.03377309642653,85.78549622670684
784.7759172531413,172.5629699119052,88.03388178597939,85.78547027997442
783.4483546050022,163.97658479645872,88.03403524426012,85.78535843078933
785.908886881127,158.29299810549412,88.03676210054941,85.78356284909543
783.1340921624728,155.04925540915517,88.03713860527122,85.78294771305632
779.5853746954856,156.4615399007182,88.03732117031868,85.78273480903178
778.8244402311974,158.16100971960142,88.03744906629449,85.78260770369029
783.479255170798,155.04146496021727,88.03870080177855,85.78144568132092
787.017036674598,153.9607573801604,88.03904264036979,85.78110885588471
784.4440868325715,153.75890799801908,88.03917415883443,85.78093396794758
782.4635823864153,152.52423034821274,88.03916734985303,85.78076416875963
789.0516311417116,148.65555254066044,88.0404208371851,85.77968356178779
792.1131978032589,143.353338450605,88.04043643224227,85.77954612147632
793.8348528917118,137.02885972590605,88.04049635917283,85.77950149567889
795.6596537075774,130.5586148758204,88.04059060070203,85.77945088212948
797.2080971538636,124.85135849602631,88.04060536332659,85.77943479497696
798.594287730019,120.88276254382004,88.04063293484708,85.77940231126696
799.1435906764366,115.59140218794462,88.04063696632828,85.77938510034932
800.5520847325892,108.3992203168587,88.04063422275182,85.77935991887614
806.5474039415179,102.74253229778449,88.04237308608315,85.77824373137759
804.8048455282513,99.42157918927884,88.04232360135236,85.77811684826071
799.2558876623494,97.10879692343008,88.04235229397169,85.77785931269749
793.4209097866556,96.7553613308678,88.04261695954403,85.77702583454537
789.0672157000631,95.52690559960264,88.04258096891043,85.77690390130849
788.4518098617842,94.92165577449688,88.0429705063004,85.77623764652124
794.4941811021313,90.01755115295511,88.04914847390944,85.77236745997831
790.8509130005368,90.99004330854862,88.04985274884541,85.77078078997322
787.8053757524003,89.19954833935293,88.04999630639757,85.77047499968113
787.9163808510575,86.70863736952728,88.0504917530471,85.76950551553485
791.5629311302737,82.10252796430962,88.05196068695486,85.76855904276704
790.1032772209185,73.6112449821594,88.05188950976972,85.7684208444698
792.9263298689747,68.26934672431014,88.05564268838883,85.76511694970691
794.2492466883334,67.97647571994344,88.05569094092198,85.76453933306266
797.8875105368893,67.10236450024308,88.0565031791129,85.76377981979611
798.3090534257736,68.47704669522471,88.05774872544481,85.76268546462289
795.708966842711,71.57603090819484,88.0581728986502,85.76222489695904
794.6742276592846,75.2771103190512,88.05889301622013,85.76199926845308
796.4376317118908,79.03064265886043,88.05906888737162,85.76177291052042
793.9137393007644,82.73193301726135,88.0595018724663,85.76158458110872
794.4844913070793,85.84657762204878,88.05964484107584,85.76136078977727
793.3010321631078,87.87972260145483,88.05969177205476,85.76130065121663
790.5761509105017,92.76183411087456,88.06001808952286,85.76099746269945
789.405686561803,94.60464934598173,88.0602688103119,85.76076366378025
789.046816384491,98.48463473962167,88.0605350023574,85.76058186652114
788.5695895688835,102.77718437207223,88.06106373923949,85.75998482177383
786.597981502439,107.41749253607091,88.06132557029453,85.75965432904256
785.858021842671,110.48364735771405,88.06149640235799,85.7594304859272
784.5557244513877,112.83151618962083,88.06167648346263,85.7593433996588
783.4598252723548,116.13413130935287,88.06185091536584,85.75912796122012
791.4207329262945,118.06880349658488,88.06413076129502,85.75768872667919
790.2913493716304,121.38015479321916,88.06441922911321,85.75736639006344
787.7726721758033,124.38505919606838,88.0648759614656,85.75687688978493
786.7619853916341,125.49613476604497,88.06505316444749,85.7568100336605
785.3165488786169,125.93035481191225,88.06518055068102,85.75672342798701
783.950253248658,127.65351169458164,88.06541526228943,85.75666439287286
782.7254701535799,129.9993565274744,88.06579989574412,85.756645144873
779.8254635313682,131.09451735486155,88.06600225378425,85.75672790522931
778.6335359399876,132.31412549858317,88.06617947710329,85.75677567685285
776.888616470514,133.04834809266953,88.06618649161211,85.75679843950104
775.52083943831,133.7428633811068,88.0661944439595,85.75679939205308
775.9327616218934,132.96719010374485,88.0662674061041,85.75686592510947
775.219426697213,131.4303893103647,88.06634407099396,85.75688319370882
774.343704676466,130.99733906177042,88.06649433406828,85.75685405413283
769.5290325498449,133.7752875648091,88.06669677975417,85.75714753877809
765.8669786501291,132.5329130646484,88.06693630449712,85.75752344644815
764.2544524612555,132.19892922566538,88.06746442267723,85.75801691415191
763.0891732308561,131.1687669140187,88.06807231241578,85.75831966015643
760.7209514011864,133.0945437300402,88.06936229667578,85.75942453832158
760.0335576427669,130.76623247146694,88.07021554456325,85.75998922084284
757.833311394129,129.78529082344954,88.0728742176813,85.76219327092885
757.3700068911666,130.8296689694953,88.07424616401315,85.76256809570441
756.2439632023913,131.19150481897222,88.07684256522994,85.76365263759527
756.3392967869603,132.1421071444026,88.07904301787147,85.76417685521902
756.3416517412635,132.80089236700135,88.0808683906924,85.76507796096297
756.3748000528022,130.9068312408307,88.08161395447117,85.76593777357647
755.8461466077274,133.37456589267677,88.08525639874378,85.76716309192413
754.0717955894831,133.14722756454356,88.08637914674958,85.76809566454763
754.5456670799472,133.53253109966204,88.08745896216622,85.76835129286566
754.7781899162208,134.09962982150336,88.08941138989987,85.76906085640039
754.8506061843035,135.56945818967677,88.09107222903575,85.76971912821708
754.5201146603522,137.09516804217566,88.09265022427633,85.77041414833215
753.3533284695188,135.59922049393325,88.09347514653153,85.77143113965342
751.8709414730818,137.56419128884656,88.09446563682691,85.7720839941017
750.9978205891201,139.12817041798255,88.09571932091075,85.77329233891811
751.4513771598431,141.60825323572007,88.09792802404264,85.77537884348823
750.9024012692294,142.58718754732328,88.09849523324101,85.77603122877332
750.2050758052659,143.30704606662255,88.10208652409815,85.7815993912475
749.1669082428859,146.60035289630258,88.1037534798366,85.78318105583149
748.9418028455024,147.2562573333421,88.1047712142056,85.78541141209918
748.0354407635563,149.31751055456343,88.10537589414996,85.7879893698335
748.3273173646556,150.96317560503348,88.1059847815853,85.78901695207517
747.7995639108291,153.95967284494404,88.10666757539245,85.78996330248474
747.2663051963762,154.61118025932427,88.107534898822,85.79186557081597
748.4004222354589,154.7316167332459,88.10860485775059,85.7939739227307
748.8963120322019,158.0172351632939,88.10922394352117,85.79465602702068
751.8780131039006,161.35355786185391,88.10955070484793,85.79500858140817
753.2175815673434,162.74053551552606,88.11035877002773,85.79567857542497
754.3365002153963,163.57623758115517,88.11131746963414,85.79612584072743
755.8975270361423,162.95798324858225,88.11192851815997,85.79641807997757
756.3407109290571,163.12113922717813,88.1127705053938,85.79664173513055
757.4951771440171,162.2117356706624,88.11381060011666,85.79753424302136
757.858253947468,163.1750488017651,88.1143243377851,85.79805000485617
758.4051012283148,162.7140158715607,88.11559499558928,85.79849323133095
758.6001689731637,162.3094793493591,88.11766072092023,85.7982688332979
757.0693134290185,162.04216036579027,88.11939904614898,85.79921199672083
757.8940232488527,162.10967498361794,88.12079990017877,85.80045189832877
757.7443394584313,162.38621234426802,88.12202051790193,85.80073233440397
