698.5,360.5,202.0,210.0
693.509712789905,362.42427401563646,201.21674900362495,209.71248521762845
694.032713166692,362.5394855424041,200.36962777511636,208.74485969855888
693.899825660099,361.35942344257455,199.52751802363113,207.61633500676902
694.9578939075063,362.1828947805151,198.67816524311098,206.78178933406184
694.5144810634354,361.711232925152,198.38664942334114,206.22734881501356
694.4902293548888,360.92911346935443,198.66412910503024,206.36682059003488
694.1015303207932,361.1184517296547,198.1694697591666,206.04352281567574
694.5951979024619,359.74790737595254,197.73544081779116,205.75367146723278
695.1400187584471,359.4812610562556,197.5436095053531,204.96913867003457
695.5093618762363,359.39475776583595,197.3490310645364,204.0909701333813
694.9116329698268,358.5951999951726,197.1187669935816,203.28538372654197
696.0518183262798,357.99436615390294,197.15649768677298,202.71838394959346
695.1607993810845,357.57863526759076,196.77371800552342,202.0606292753413
695.788528678707,356.40577324446286,196.59490597666942,201.51302417807292
695.4961523413499,356.36954455528314,196.71138131621692,200.3395110688378
694.9622535277997,355.6293075365449,196.92452928034572,199.88803799423076
695.1152541673705,353.9946962773357,196.52351368983085,199.33572254115253
694.9249083455579,354.37227207271377,195.97910512612728,198.7336378239469
694.2242052771473,353.1443692845951,195.31809947782278,198.7121229675213
695.0903951022398,351.8550929165798,194.82307696722515,198.0437060036923
693.7000421023242,350.6390304520332,194.68847306105056,197.49195232026716
695.6772867623938,350.24924940548226,194.37294147978767,196.85480570555953
695.6169237358165,349.3436579477635,194.0287533004499,196.0073391764169
694.7694841124153,348.9856678297655,193.932044956081,195.1635849487213
694.4313445803164,347.6164046073107,193.59821924484996,194.72007952374256
695.1137009023519,348.04788716591065,193.114106755179,194.40741327615257
695.2543051287803,347.2602557920895,192.9794169499929,193.60840153153103
695.8513830281133,346.84321816766686,192.61818498088212,192.92394414659486
694.4582011525786,346.5294664457208,192.41108831515788,192.358239730494
694.4388335952368,346.106387476169,192.54434405084314,191.74936353282544
694.2557478377523,346.50245208788266,192.61478005760853,191.7547688943972
693.933949201201,345.66426007302294,192.62961764853281,191.58305226188517
694.541274347888,344.7822335266337,192.63566749992648,191.789608926174
694.2280139761472,343.89940805289876,192.48561965181344,191.5084139607105
693.9399574622646,342.7856848548772,192.30888018009355,191.18174625343636
694.3372670923856,342.39063288595787,192.08279779748395,191.01867691151284
694.9900581969836,341.41894503396844,191.11934896130987,190.9925152381342
694.2514496756459,341.3995714431369,190.39636115474218,190.77448179540767
694.4171077673225,340.88428478388505,190.28853033689902,190.71263525116413
694.2400856612593,341.30456467599515,189.74196302921175,190.15642860396014
695.3792540074357,341.46234613547074,189.2276304481488,189.9954010828962
694.7519668353142,340.603016344283,188.64661979426106,190.1013518582802
693.79739072456,339.4194935751062,188.58885390492208,189.84122921807543
692.7590839528322,338.94184208106634,188.89307529463773,189.6763787790311
693.1540324213329,339.5694420619287,188.88508710817038,189.57804214910112
692.667146274064,339.1783523672053,188.80755196290428,189.92283684373322
692.048929088318,338.3998556391269,188.51354361970493,189.9818067899108
692.0066952167584,337.7955700923343,188.7795352372261,190.0375227256438
692.1731206888787,337.4018037724602,188.67183686001454,189.75558233720898
691.6330705590494,336.5020727023033,188.47507342548207,189.83297676378533
691.9665607085485,336.19329727151495,188.57697641439074,189.94275810031095
691.0776250779812,335.18707485200383,188.5698654710879,190.05570149642395
691.1162452497574,334.19466367620345,188.24191997478547,190.37940724798804
689.4903952689784,333.42967144086975,188.327203529712,190.44393237188422
690.1932785197677,332.7934972383531,188.13359356232846,190.617888171136
689.4881895641581,333.67906111951874,188.40006801285418,190.60561539404185
688.6539426013518,334.3789060317565,188.2278367549799,190.3803405618987
688.2178720261651,334.46431947729803,188.23226147373563,190.31634651781488
686.4615305732334,334.77013988235734,188.38197831896068,190.6120597645314
686.3517197709433,335.16842708513065,188.11610265748672,190.71257066801346
686.3435669780636,335.7855202088932,188.17291880456324,190.85661463460718
685.7436106808275,335.8226377308208,188.1457422323943,190.92582517194978
684.91448997113,335.94413180294106,188.01394196668477,190.7640241269277
684.1473953308032,335.43125667569626,187.99148013192107,190.81170662571807
683.3859117907162,334.70693452115904,188.41829109179452,191.0478774230967
682.4726279174067,333.8475361573394,189.11153707632866,191.53345047405452
681.2128970326529,333.41246437101455,189.43134879662662,192.06956240522084
681.9172787006853,333.85365374175376,189.92461735906048,192.4979345058369
680.002410090457,333.3695785352593,190.35104356534168,192.4117179726054
679.7998307397612,333.5820308336396,190.61427313200662,192.30825556267718
678.5719751366572,334.65785179411426,190.95228423826953,192.3393030700573
676.5654785860825,334.9241012167146,191.71850123544579,192.50349859894123
675.9739853437203,335.1588830044086,192.27998293653965,192.39688320279816
674.3846153181812,334.4115804856615,192.54532996698802,192.57322959714196
673.1331302304071,333.2940844468774,193.17171597028738,192.95015750005817
672.706568158911,332.494170193796,194.011722847392,193.47511184354698
672.9932455817822,332.76546480380375,194.4978062302568,193.56727418183527
670.9593245439112,332.7081632039668,194.47189258395298,193.65990574785133
670.0191888402984,332.50048909961475,195.1702768413677,194.00689452195084
668.5390167803374,332.81920161777145,195.476748709779,194.3792751649587
668.3403989834899,333.64845320528707,195.82504345491486,194.55523987780592
667.175850986883,333.3630037075096,195.81454842182262,195.03118308629817
666.4222454436826,333.53163163038437,196.04455189523188,195.3533369423729
665.0284898554129,333.63219275206916,196.38831078295303,195.72859960100362
664.092240775325,335.25428478067533,197.15940964064634,196.05056763958606
662.8883363478369,334.8843452042504,197.2693268788012,196.20395437319306
663.1698169089511,335.50335411724916,197.1757236941472,196.85917819110114
661.2664505483239,334.90647843918066,197.0620102579462,196.51338913719636
662.0740369914591,334.1745495486272,196.83856279262747,196.80303672753018
660.9556198168306,333.866176971425,196.78284467072382,197.02548645771174
660.2051175360995,334.174042551778,196.90485679386964,197.17192132026017
659.2142333380762,333.4607509116541,196.76512112154165,197.24116283415051
658.6786156156977,333.3057643333906,196.8857092717772,197.46970741814192
656.7139353489596,332.8576081135735,196.8107520447858,197.73079885329003
655.877473277143,332.45343785258723,196.94038223547707,198.42883677052774
655.4925995532436,332.31426162656425,197.0902116944988,199.35444047093338
655.000470181921,332.0861675333841,197.06680194196593,199.890629765642
653.7983982514594,331.10273385358147,197.48562118168834,200.5172015720399
652.5925504998286,331.1159499660065,197.81763791107002,200.79524507188688
652.2559594190534,331.15077786218797,197.80224897715374,201.1193478745138
651.6097987287238,331.00360080105384,198.2330726575986,201.43881340382362
651.01501386091,331.10557220758704,198.47963855993234,201.840152778219
650.5150868037335,331.4590051400845,198.21905172865993,201.95196958381737
650.0898397336421,331.5381997626249,198.77782655140666,202.2568590495787
651.126892255217,331.34983164288025,198.46279989170256,202.70301349587896
650.8800867545589,330.5823805898112,198.43959475379748,202.94700917272635
650.6510530411502,330.36348095705006,198.38830705280333,203.12225838226792
651.2283498563877,330.9156711620914,198.6136929135623,203.33295062786297
651.3092573130667,328.64641885543074,198.01961847037524,203.97458033655175
652.8364304441286,328.9027756424112,197.94152118782006,204.17382105822603
653.129297497456,329.33065504309985,197.62591655318238,204.38605935481777
653.02765779386,327.782840166883,197.12253145775378,204.79918588383237
652.4809350226561,328.3184758202432,197.179640578195,205.0824570709322
652.411074861498,327.94607365009426,197.08178161441262,205.43624805716695
652.0418286336183,326.9355551752916,196.68265672054756,205.47116156412247
651.1871031221928,325.74876001797173,196.79354967512307,205.7218544922113
649.9456975280657,325.0386280468382,197.02816879146266,206.27495668368488
648.0396852413711,324.98268797417785,197.7299533822468,206.25747122090945
645.8301899118006,325.7619650262483,198.59420695032327,206.08957859481126
645.6948339263213,325.6484430853532,199.08637622385243,206.38431395920483
644.0065735893581,325.3205521412322,199.96123941181676,206.52277068455933
643.536036759967,325.0624081369335,201.05787936061978,207.08679090480607
641.9879925495475,322.756678345137,201.6983794406996,208.05829639828076
640.0286767586256,322.3363261910712,202.45172162053544,208.46727875087458
638.0356721550584,321.98089474391196,203.25726703677626,209.57751002073283
635.536559427864,321.27520159646303,204.5169139331969,210.9927707830837
633.8253955406631,321.495050370012,205.8556352260466,211.90184206628513
632.3888522395739,319.74074488498593,206.97457477546004,212.44291920950926
631.1958454930988,320.15960941941944,207.85527427590998,212.84306846324355
629.6010029275634,317.77171097926424,208.6764324714033,213.44689163826214
628.7744208651833,319.87717777039853,209.316399174136,213.84908862545157
627.0147252337953,319.42322016046666,209.92262272183933,214.6792509496621
625.4173533965256,319.24551950981856,210.76952608723548,215.37037273044672
623.3350566101778,320.6430953590393,211.9020936074561,216.33790251622753
621.4152060482721,320.779806846442,212.7677318116509,216.80911840164785
620.7794436629371,322.1347336112052,213.35277606016533,217.22464634184809
620.1951890493078,321.2443967347201,213.67342363981777,217.05383911013044
619.0988547495512,321.5342652647812,214.0708517179003,216.8927541374582
619.1836658280442,322.5310851883699,214.7903318410539,217.22269360165174
617.3669008627053,322.84276660244495,215.15738347163744,217.48522787347338
618.8606792142625,323.27842175226743,215.43211414683404,217.31851045741533
617.8098481630093,323.19367555872327,215.7274082559856,217.20313815062352
619.025791822772,323.44159805086747,215.77254048487637,217.57849176090528
621.4760689580786,324.38489822845645,215.6076181570123,217.61000213399115
620.5508849396161,324.0051726085742,215.5495321333826,217.89567196687625
622.045606177544,324.3043939620693,215.55974371216865,217.95313981143408
621.4659042852984,324.98676093806614,216.19768195672768,217.6653703570066
621.5023788127387,325.4979912113183,216.65713231781683,217.44709657188156
623.0539833493458,324.9128980106607,217.1089352322889,217.76428441849015
624.5639652355372,325.0722886927828,217.49317797426443,217.81419890938665
625.1781682698522,325.0683950290761,218.35760208675623,218.19211588167087
626.5388389508769,324.47186320577407,218.6582643753723,218.34974933532754
626.7132671780533,324.3084810341559,219.20484176415516,218.31395096255662
628.0739903328432,323.79063442511233,220.08513056962667,218.48512142549765
630.9183679477204,323.8141006526599,220.3226868327923,218.83555462987798
632.6910131083364,323.3169548316381,220.23443014574607,219.17605663244856
634.8358688149208,324.7543604507073,219.7619723222075,219.0130032926409
638.2685673705956,324.3227914973995,219.4061310275081,219.59862817206525
641.1562423989909,323.64293861062055,219.34051779475314,220.16551384960727
643.3233525233851,323.3040342306505,219.41012950473547,220.5513955103195
645.3840586553227,322.7841822058897,219.77459189372271,220.75368845420832
647.4506793384859,323.3590811774975,219.83947875081566,220.83515104909384
650.1108199131602,322.8578214501509,220.29720034041964,221.05826836698444
652.6845497330747,323.5487438254876,220.44877338873152,221.10154659261406
655.5516370240645,324.1991700614899,220.42779889906782,221.24682976075383
656.9599687159632,324.14559334520646,220.0317433205224,221.0006170567698
660.6973416702034,324.1357305426419,220.2022744353574,221.18425947324585
663.0261643289965,323.6760017854299,220.8144898622474,221.61174564391416
666.4518841303075,323.419573606707,221.16575945762372,222.06949523856335
668.7848567696561,322.6289260347628,221.79184928177048,222.50795703036283
671.7207693643261,322.78602167585484,222.74528997682995,223.1824103480933
672.8243255150174,322.7384936159382,223.40940517827022,223.53090491087204
674.0222863120325,321.3630815994815,224.01259666712573,223.31302257438537
675.6868966542215,320.59720189957903,225.60468593071522,223.46765146576755
677.2250823366677,320.25975572689805,227.1333942167018,223.69979946665663
679.6115572692005,320.7379622659036,228.16018180509698,224.14353191934615
680.9577839118014,320.5570464140186,229.18698468253865,224.63611190995948
682.6043327197476,320.09957134489997,230.0889353988606,224.8676099188327
685.9219070655798,319.11689456546577,231.0235994818543,225.42422653350252
689.7121247481684,320.9111106489697,231.1358435218895,224.96458975185539
692.0446966843101,321.6286469545202,231.81664596155673,225.5724546579205
694.5809843963964,321.27226279159896,231.8284912183839,225.78452024500106
696.8332640528283,321.48810644462617,232.19859096695188,226.1042397873773
698.1539811287977,320.62517572305825,232.86630584188399,226.1681649474016
698.7690159165281,320.36517399325555,234.44879587106783,225.98887974075865
701.013827747221,320.2895711503733,235.38645740407915,226.0549303864974
703.7591733207611,321.11961241828465,236.25352620954405,225.9907570885364
706.2777569674677,321.2298761857738,236.5719893139275,226.07829729256795
707.7924727147586,321.82536499474014,237.45025239751652,226.86050998225247
710.2902810538965,321.00286472131233,238.0360013045678,226.80640014035225
710.376828170201,320.8261732029261,239.72977723683005,226.71712096785234
711.452907430639,320.651436223073,240.88440596838007,226.41064461971246
714.2073091573461,320.5781610448561,242.48204115174568,226.9031260889126
713.6455857456023,320.4461103294482,244.1709594455894,226.87524805782007
715.6931830031899,320.9192704267203,245.43903807418246,227.11059578720312
718.1266087480954,321.5040108569562,246.93020689000508,227.31301190892432
720.1419920877464,321.76911023336413,248.34483615720575,227.25784867451628
720.8625512818379,321.82759335891876,249.9380307325084,227.31443924296514
722.9763668264532,322.45720616736435,250.9696607745645,227.4350208598844
724.581748163853,321.49430124074837,252.15896685968312,227.80054121097245
726.2529816330908,320.9729368915377,253.17847606790545,228.23899110652215
728.8110123397722,321.40298308376214,253.44834757690592,228.70928094997086
729.5309654699672,321.722467050276,254.70382724943835,229.99895803170597
730.4861969183673,320.3186868511157,256.09133274024185,231.7042994444692
731.7917879984069,319.966265053942,256.3838187453696,232.7245892070008
732.8554107564156,318.75391169892004,257.07303979925274,233.62641333628758
732.6846136899137,318.1868706137175,257.13300544276206,234.11751242773607
731.1727928129956,317.79131875333405,256.74172114450505,234.66318213251358
728.6219036888624,316.5135895192709,256.5911853020425,235.78886023660337
725.3549425265602,316.6255782359537,257.9199341342152,236.57236914662158
721.9991161087739,316.2935553326902,257.81002134173616,237.36929720548412
716.5575475048893,316.30593071072076,258.38007680817236,238.07251693034192
712.6679690523288,317.16964604393996,258.3821693898682,238.29418651986964
705.8550801043896,315.5008986720529,258.50713856992616,239.16060954352037
696.5410639157203,315.2507985375916,259.99302769775306,239.82394493867616
691.4868329685946,314.3102715625323,260.17209010164794,240.87829581720058
683.7458390336814,312.724519628028,260.3840851431053,242.12950432850496
676.9098325654836,311.18670246351286,260.6210556982142,243.16281673714036
668.4220705485508,310.5391262003972,261.0020267383054,243.6754198821155
659.3341026805064,310.93411501700194,261.55532377200166,244.3197917858018
653.3780184086213,310.4475631097305,262.02080175638446,245.0062006266375
644.4222792182602,310.44860511141985,262.92908914284396,245.4077701555254
637.2382674513146,310.96195212412005,263.47098943912545,245.78388312742428
624.7126575216164,310.34307805022604,265.3583833097524,246.34621373275473
615.7362232437873,309.2857403278848,265.3121940956351,247.7412697840885
605.423146789632,308.8295251628933,266.4765874366849,248.30464965182554
596.8267407805985,309.10157597327645,267.26294536844824,248.56452057334513
588.6345013385212,308.454183198112,267.8404031115507,249.15807559770354
575.1297949168311,307.5054773240306,269.26655446506277,250.23799295347135
568.2668461783351,307.96563646493286,269.4707386852187,250.73498753215577
557.9120702591254,308.67916673221237,271.0584185753959,251.38785038893886
551.1722712651394,307.7121474809475,272.2831661757946,252.57845744253214
541.3300644428873,308.0709808070377,273.92777917637784,253.12437588098896
528.979674140111,308.018993558707,275.91972608747267,254.3628257280303
521.539728627961,309.43882572514264,277.69307070979505,255.3664896326926
514.0743032779814,308.54228921370037,279.56542398086026,256.04988534081883
508.58413544516407,308.0621323064423,280.7928805037336,257.1661983389897
501.85745441690415,310.0251748829044,282.68933586011923,257.9929150812071
491.3487725194167,308.4917346194652,285.15222196344365,259.3703638215484
485.0045703871902,311.15343337850874,287.4184031367712,260.2322385202582
479.78401316816417,310.32972637318073,289.98235797933376,262.0487589398679
474.0903610589699,310.8116980237852,292.23405161727794,263.73214663803327
469.49355387233584,311.0599056798002,294.6232049881962,265.6040379628137
466.6933400794381,313.2376709330962,297.1786048411426,266.7908982795859
462.7819555123297,314.64372887089525,300.3502180267204,267.4388296490134
462.2466992925352,316.03819812530764,302.91094672149745,268.077293398108
463.5200689388631,318.2650715889108,305.5765034379054,267.8410309450838
463.9043625935632,318.5913445497612,307.74109407650326,268.33362412155043
467.5724030112426,321.9986971876566,308.717756428095,268.95223507653355
469.7021965867377,321.68589415479283,309.92919712820964,270.3164520655513
467.22156931561244,322.02942701018975,313.22774243431513,272.37968986160865
467.2148129867317,322.5363729125054,316.9743500227254,274.3725324281627
468.92768758683474,322.4704217302582,320.00976482016944,276.14057919230004
471.4600456950909,324.22078023756063,322.044262680653,277.5002208927525
473.1577701449819,322.2998506681341,324.06769519719177,279.5312493192871
473.71436967223764,323.0131075470695,327.0123941872665,281.10062474827544
474.9830402087339,323.952406047072,329.36420230326934,282.07491466347744
475.39914376415277,323.7828367351733,331.99163641061705,283.1052359006476
478.19232466874155,324.05562852764126,333.1828095631399,284.4893326631543
477.8550848943276,324.16614350942956,335.68612340724064,285.50794210101355
480.53415300981527,325.6682911927976,336.409924012508,286.20408332637953
479.93240104957135,322.4521068547484,337.16513058139714,287.68751077170396
482.8411904633297,324.10488247901856,338.146710327031,287.2592762364968
485.4368330399336,325.1797530646963,337.83398810106934,287.5074382691056
485.5429261306058,324.5886957453478,339.0123538444305,288.15661377177423
486.50363893726706,325.65393049262354,340.2298647507307,288.33134246981916
488.45430271306157,327.0553357720049,341.4664947720787,289.27101290432734
490.6675741179596,327.8143472285279,343.6775705040002,289.7786741095523
488.8645742044507,326.18293095768286,345.2459085401702,290.4954589637118
490.64064319100214,325.76458898285534,347.3101970349628,292.6895131707445
490.93169152946825,326.45047102285594,348.24190169431904,293.03916937882923
492.8576432017828,325.4442103633361,349.076446923756,293.7043943407141
494.89963246715666,324.70990096203076,350.4185915352508,294.6495855973004
493.330325853139,324.2035595651391,351.3231854838061,295.42004995627315
495.0063133838833,323.63859500760645,352.38487237910465,296.1043350801065
497.7834730738368,323.03189628164216,353.97279638451266,296.72555675030816
497.22481678417773,322.0186467113407,355.21142563520226,297.01082778727346
499.369346628009,320.4128285691942,355.02161721783386,297.86098669653603
498.34069849602366,319.5661523465383,355.2917108851401,297.6317155075094
498.74493841262654,318.60522863732115,355.81770096637075,297.97673218120025
499.32976399266977,317.71475427855825,356.2921780096763,298.64478695970786
500.3117932649617,316.8335801664049,356.56260294554596,298.98408478041966
499.776426778602,316.7821897094751,358.5383500755605,299.1742611015386
502.2594011215777,317.43194117168446,360.2222722621067,299.3906413844411
503.55631640045465,315.6430949996379,361.4064303766093,300.1261978223147
504.3112411421182,314.10123121423305,361.6343211715262,300.69052098180845
504.08935134966043,313.47849684311063,362.9297762668482,301.19707100237747
506.299945141399,311.6018598208361,362.825630557303,301.9823558406124
508.45640516542073,312.43470669275644,363.8165158605168,302.25697722414446
510.2272656905968,312.3072719515194,363.70415734564125,302.0894097242254
510.5207786204917,309.36077888529223,363.74918337097967,302.73410388738034
510.5047280031409,308.2105659499463,364.4465235821598,303.48998172340436
507.45359571615745,307.8242339381108,367.0874353309619,304.15260067910924
511.6455890772445,306.6908903990895,366.9514439853747,304.7471699278291
511.7145036237433,306.0726272591621,366.80950386316925,304.07328401533914
513.0650381735799,304.5452452201713,366.7964926629713,303.5171963286419
513.0609023230961,304.67555806769576,367.74587652462145,303.9228289091018
514.6820843136572,303.0413304249034,367.6214865863918,303.4986918122555
514.4560320178135,304.0840881843818,367.67163718285127,303.35544645302
515.6449408350666,302.6256950236243,368.11254060432987,303.0158622301014
516.766065536699,301.17721923286933,368.4050626434782,302.73023691685125
518.578900526356,301.7915634621254,368.5085586950479,302.78086106896535
519.5012595430076,301.5156938973022,368.6278554303454,302.27933569990114
516.9072970709296,300.9343414429002,369.65631696889204,302.1732198460709
518.9210565193816,300.4725273789356,370.00072199548055,302.1012984740115
518.6851204502221,300.5659815840649,370.317573673313,301.9033118029139
520.265261551174,299.5185937733474,370.7802117461438,301.6538469973317
522.9228059096824,299.6136840719725,369.888948293104,301.253993561632
521.461703605006,296.01692205763374,369.2670979174103,300.96512384870186
519.9508030604496,298.02405624473136,370.3051117083208,299.66931603435165
524.1090196235759,299.13596245669135,370.94689524924337,298.51003481751627
520.2807840119079,295.56567973998824,371.3079687140955,299.2303021514047
526.1962778785946,297.9262018988129,370.43160706409606,298.7550073073271
521.6240682860059,293.8576348392224,370.019432354315,298.9734555134222
526.7271416730338,295.9244030885667,369.3408458143292,298.0253276069577
524.7677651437649,293.7044423445349,370.4946583726076,297.0271664000139
524.3283896823708,293.43884948083536,372.37173351080787,295.6751572040122
522.907455041868,292.8013439011113,373.6713385687146,294.72294139088035
522.9129567854847,292.9292244378701,373.2952101406093,293.95961577268497
521.8099518645132,291.6064727027756,373.72861098711456,293.43445207139575
523.3395687264555,292.3496801109666,374.0798463184058,292.4871098878034
523.2010622246012,292.02634714941826,373.48495620064284,291.7521234557059
520.7616962348532,291.718944527375,374.48430938451514,291.54168844539026
521.6541845136483,290.16942286247854,373.3669519360788,291.8236276740021
524.0219172524095,287.83409399538004,372.68729977108677,292.23537093752657
523.5263086483344,286.3118165765409,371.8735003423884,292.46547622648364
527.8838213524418,285.56932894280385,370.0969290853273,292.2740499980241
527.281952852902,283.1436930766582,370.37147467386535,292.47776399487225
528.1364786073411,283.0410740434296,370.40313950314464,292.17831594415725
527.3243826832601,279.53474869698766,371.2470332970886,291.94500497093395
528.721174876844,281.48791821391495,372.232737201852,291.2505134807958
530.0394136412162,280.8320482989139,372.1222413377651,290.8056025053246
531.7142870496273,282.6760030934431,370.7906777522966,289.75093766915006
530.4732307014013,279.3983342944108,371.2935563493604,290.2545260377835
532.9529396906927,282.2966951648496,369.0594954264418,289.05518731921427
533.7798743917792,279.03199593288394,368.6713606968151,288.6825739118077
536.009707136199,280.61039022040563,367.43580175819216,287.2888535359221
535.4542736153188,279.2035204579682,367.9958401046554,286.9257990086729
536.4359538792348,278.11678252467425,367.3489077613325,286.35997986946245
536.0610777665368,278.97032009850153,366.90177523540893,285.30145010621493
533.1008964828853,275.95056797744076,367.4246835409319,285.2316394298185
536.4913468711427,277.7190506681893,364.9083100852789,284.537446532147
536.2517499492633,276.4550997191384,363.58878309239844,284.0069208579985
535.3514517027565,277.14913591758403,362.92894252600956,283.0059736551799
535.7390405421517,274.8638700190564,363.0585016044976,282.6377976237135
534.789810276932,273.02998571411166,362.54272058258397,282.3244976224579
537.0482585184811,273.98072668491034,361.10101869673,281.9167197614422
534.2194036321043,273.3995199024658,361.17021223413207,281.4611714427864
539.0609244277884,273.28471110839405,360.28820080176047,280.8073229063952
541.7250708711588,272.17350701772614,358.9651021021842,280.47484641556616
540.8582011946256,273.9548986932955,359.006147625714,279.1618847273303
543.6861879191665,271.50786038317597,357.097093331753,278.58457062338715
543.6634116211151,272.70478675738553,355.73976490158793,277.29370349546673
541.1236558789617,271.0647181189395,355.3656216198118,276.78311458751386
542.1235360108928,272.6009496818673,354.45207172601334,275.9072840853307
541.3140896794225,271.4086628573425,354.38013940344985,274.92512322968054
540.2203135098789,269.55946795436336,353.68073600446957,274.4355214165288
542.5782248583433,270.822836731813,352.37420481335425,273.6647843804282
542.4493206552154,270.0721666460313,352.21181829573254,272.72100636313377
540.2936270186111,269.223636215865,352.3266571070269,272.31318283740364
540.9615743842832,267.7182297544533,351.35883750805283,272.1850654394873
540.2451932214858,269.12891358921877,351.247110807578,271.11892283232663
542.2213026632087,269.9914250466867,349.98782858299126,269.74538069942287
540.393362008344,268.46388843323996,349.9398202843377,268.874619032136
541.775006793996,268.5379059714113,348.9725892486094,268.6778460126208
540.4981606750188,267.48698268270186,348.21919597249536,267.68505638818124
543.5894216333452,266.59999925772985,346.87725451925195,267.01701259702725
540.3039803823063,266.3069997815991,345.6008093121316,266.3823259480543
539.8683598986747,264.7145760788151,345.1253639161745,265.3566645302275
541.4215690722882,264.7283660730944,343.94717907324303,264.6766543053294
538.5070172861989,264.1296784232778,342.9541557800346,263.9028757496387
540.7698421341147,263.50326811696914,341.6598247964375,263.0578818023196
536.2455319081569,261.7294539506576,341.23157852624615,262.4922408058716
538.5410289033921,262.47653125986903,340.0530327035766,261.6152562232879
536.0772753054576,261.3627302522508,339.9288502746592,260.7421874240101
535.4862005410471,259.4791726162632,339.5333009766904,260.8865452611403
533.5763204060393,259.8383450222011,339.7151177404652,260.6441945891742
533.2402259780716,257.8091851841655,339.4593885198854,260.86562332934767
531.1816599052124,258.945205251564,339.3505651793061,260.546465842065
529.4290075639806,256.8372228228568,340.1272819959405,260.50485232652403
528.660224670056,256.79543468439607,340.74496369813437,260.9509676564088
526.324025493133,257.8341466957072,341.69226344205595,260.5280186074651
525.6127494483551,255.78570047391761,341.7762287243608,260.3556043913458
524.1699837356862,256.72895310195327,340.6780241114906,259.7303501080223
523.1709940578115,255.77049185161144,340.60336304823363,258.79192163748405
520.6892161254879,254.1403843833225,340.6660724315577,258.45863142994267
521.8024007029321,254.38538049438154,338.7784978061072,258.12516453658
520.0520647810442,254.22485079281148,337.35675677756853,258.3145837587747
518.4277700091593,253.75067362321738,336.37732374596004,258.4631862797828
518.3519046030822,253.8970874458887,336.4283945022385,258.2305347461979
515.7354598063232,252.60642214042116,335.7572585410993,258.3149125849925
517.498160323123,252.5998439121127,335.5529012372819,258.5775902076956
510.4980075243963,251.28758200325933,335.3466180896181,259.62692789201765
510.04080058258944,250.11265457733793,335.26949058758123,259.8597495006811
510.8799491132719,250.6961634026684,334.3055714063128,259.8230928109806
508.42589256352403,250.03949280095333,333.7787970965983,259.87306314286684
508.9876274130121,249.67767966451754,332.5560408935323,260.3627872593854
506.4124743776238,249.65917956527002,331.4037251228782,260.6036390235991
506.36503985103855,247.75237511905874,329.4778074138112,260.8225234992889
507.4942186323326,249.0153526294227,328.03475645513157,260.8345697774654
501.99584830067204,247.65595886292243,326.0950671410358,261.1121408416549
506.47319556644,246.6180556914902,324.3052619451322,261.11844554610684
503.7030156997776,248.55504234989877,322.8997565241906,260.2396044371602
499.73364253463853,246.39655859684584,322.0399865809702,260.4960899181196
503.58836046618495,248.00758107984575,320.55923657374285,259.78930183383363
498.2937538846965,249.4096210297585,320.10922701943457,259.450861048388
492.3982545997161,249.79547677302185,320.13352865946376,258.9653088686259
493.40964043012696,249.79940129972584,320.49596989689644,258.5901384729881
490.124747480947,248.94584994485012,319.50326008679076,258.3449341968844
490.5753926446505,249.8508680358891,318.4950717570573,257.5594039876687
487.0475369797648,250.26635968781392,318.14531509976814,257.29310513444545
485.3541418242602,251.63948423468875,318.4153241760362,256.34762298558104
479.9063764523202,251.49051282078727,319.6766243062076,255.98866648038378
477.6759683792511,252.01139074225847,320.7080576512899,256.01333929878786
474.32918600808034,252.9411945820886,321.8119636564488,255.80747905851203
470.86913673821266,253.38516680511404,322.2954863065968,255.69898598270044
471.8604580785222,255.54952410066142,322.0686568669827,254.84697598907883
471.0882323702623,256.4760781153333,321.86187053344906,254.4907121322128
469.2517182870795,255.31078312695234,320.7610301390237,254.23757999441167
466.56707513827905,256.7816687817402,320.5578429106236,253.6080960154634
465.2081363344205,256.06242102958083,320.60251919578513,253.37954056210242
462.9066659290428,255.93709280515247,320.1981200521643,253.23332753034927
463.66482474827717,256.9887496586466,320.19698371671984,253.1652594803282
458.62985219896603,259.6416695363488,321.17712702701203,252.50644817112126
459.90025235210476,259.2428994433474,319.3103312754831,253.22737153345074
458.0015207008249,260.6396870033973,318.9988959383639,253.75818253319352
457.23653258049495,260.8759685080437,318.85132293605045,254.66661575116518
454.29599778504496,260.72039873520913,318.85283444055517,255.33524515093168
451.9710239773199,263.1341649618254,318.32779426303654,255.838579988196
452.13485907121907,263.2161609318184,317.60612777692506,256.4639908907315
449.3590504915852,265.149155795528,317.12454705640147,257.1051398924079
447.7321882185404,265.9955169904871,317.29008819947603,256.96333620080054
449.9901099093528,268.8612906844636,315.9407317963822,257.27759331342736
446.3553888643228,266.6888657598571,314.4916651660442,258.1053084961975
447.1294539928173,268.99717491075575,314.2004962547278,258.415993031772
443.2230478431251,271.09737363643046,314.30643036884004,259.12855563291276
439.90279617990706,273.5121358596142,315.52407831807875,259.8737348799352
439.823201567798,274.8104114942764,313.71556765692856,260.1767993752287
439.7718204801098,275.8493153917922,313.4717509362593,261.0108293964356
439.66054169184406,277.31336600968694,312.5930987530785,261.8288762700821
437.18013275790395,278.4759862108995,312.77016704057536,262.9099821887629
435.9355262215428,280.2194510141305,312.60285950821054,263.1994974942576
436.49005407996617,282.41871409581637,311.21696781333253,263.8865450041343
434.4566397590736,286.3208886515357,311.3541711823668,263.9381424335281
431.7383877070873,286.50628047433554,311.0727316179739,264.64249914494604
432.74648461972333,289.0543344122924,310.2766643023683,264.9329431260269
430.92896958123555,290.84770038749394,310.57277402450075,266.00178072899905
429.9372036107551,292.079591394569,310.9009245243453,266.56688193361424
429.07843664595146,294.9532797502633,310.7441721599691,267.74094582357446
430.13788985174017,294.8987469488888,310.44872561205443,268.7113650025068
426.47885403022167,296.5147343527942,311.54341764312244,269.62785487441397
427.5900834314234,296.74733668544167,310.7899423717172,270.18280003612256
427.9145533221476,301.2683339183139,310.66405033549665,269.8958428781174
426.8533593741023,301.99188329772255,311.63353884708863,270.6500850330726
425.31109022358385,303.24410110516794,312.273731912301,271.3798155635066
424.8374667069685,303.95458927090664,313.30069874230844,272.4268732610361
425.5499345367194,309.13199100535167,313.93396010429103,272.39373460232673
425.80516420116004,310.2002973057378,313.84125858457185,273.12791534414475
426.5312608644793,312.38589425389154,314.04830192747374,274.7506298531413
428.2622991359963,315.4991462557985,313.39485155936654,275.8606798997729
428.14342298734607,316.93433183080754,313.0756453600964,277.14237736471455
428.36769808465306,318.03244075802354,312.89227339886753,277.41205373254206
430.681534388376,319.02551417350935,312.29584077784125,278.5956218292438
432.4581877416615,321.6135415548323,312.36967673904064,278.2937292637109
428.46774220089145,322.89071432131635,313.6684107809384,278.676267895553
430.4437469359405,325.5878427764048,314.4271356782109,279.59309954738785
431.0548398150687,330.02449079801977,315.40343481756804,279.05123203198997
433.46128117808513,329.8435321018377,314.79341387742386,279.8631856520572
431.993597150508,333.5847645618346,316.20520877240665,280.23034155115505
435.2284229481134,333.5167969643673,316.4445081735947,281.6592119982794
434.58510208418335,336.0229764408233,317.1896486178092,281.65163905992426
435.812094770429,338.2367477971909,317.46462399780506,281.7420392526151
435.5935084844313,339.7620246024088,318.36598976490507,282.22839951394445
435.80101298770717,343.14820224674446,319.39908370940316,283.84448054271695
437.20239823625025,345.6664529374442,320.38104436199046,284.36901002603304
437.3781892583888,347.24570750163366,320.63879142213693,285.70408505369045
437.123316003691,350.08023872323304,321.9728987790056,286.63829123384386
436.4870124858851,351.86072821100174,323.5296516466792,288.197217253271
436.6052693846707,354.1327696886161,324.9065318710959,290.60045380564105
437.45656343127814,354.8319551311937,325.4266160019258,292.2422338012995
438.3758515648499,355.51999392748587,326.66867242139733,294.46994720717413
438.94872739166306,353.30884539826394,326.4208999080527,296.16989939028224
439.65824555371563,355.79079294817416,326.2165282815946,297.1348249005082
440.374355842343,354.7538971975627,328.44730542696567,299.24722643169673
440.0762939415242,352.81628057954606,328.77864131623437,301.0188832459924
442.27254603767324,353.983597679726,329.13613569342493,301.8146556637507
442.2760563448964,350.07078978280555,329.47408381515027,303.0531485404164
443.248576281968,350.74024269374803,329.732751874433,303.74120952875785
442.72732608964924,348.8698328166755,330.2957466307231,305.38582380995666
445.74300283300624,348.31451833610214,330.5924027494168,306.745173044479
445.2641986797784,347.9444534716989,331.1398572794652,307.61968238370474
446.449008708382,348.25900437325413,331.2969198375382,309.056029103162
446.2886883074028,347.4856380539924,331.7510908688266,310.14748704056706
447.5565910877056,345.96049275872826,332.95037341819113,310.9366995118173
448.68987425575745,346.456204656343,333.0540749501294,311.88395970325166
449.7469361530291,343.65993465501094,333.3002760152053,314.1355582767776
450.3211540517236,344.17586138191075,333.6029735882157,314.56759883256814
452.23636233456085,343.55015261487836,334.11685824629615,315.9914736593089
453.2328604038852,344.3817566985384,334.112982591046,316.08578068402056
453.27391472565125,344.74406502487534,334.96441423214736,315.6642618456683
453.3358707789161,343.43339823395354,335.7969899600713,315.97735382175324
454.6865229358624,342.2774050001432,336.2966524812007,316.7708078940111
453.6994603819953,341.6995559309751,336.8414399681996,316.8954396146531
457.006746392842,341.0372339701118,337.09000852954466,317.7575825469427
460.0913586871089,339.45039676422397,337.14030307934706,319.7665787427378
461.4697699551143,338.9260976200157,337.4336671773999,321.5090091901967
464.32108861457345,335.86972375870096,337.87879740227436,324.03082072889674
467.7000916237445,337.3646923953059,337.74420637721835,324.69085327189475
468.0170900233973,333.0814058971531,338.63401817643114,325.95346975956386
468.8173625654535,335.20319323815875,339.95333250165106,328.2571825416945
470.60724507169624,334.06988654230884,339.94675746299674,329.8218552180813
472.8308038766542,334.07968945740913,340.5157955728379,331.542159036776
476.47030429374723,333.4735064134813,341.46056201923045,332.75112880563904
477.95100060600294,332.69564392098147,342.6717067215318,334.0205057159641
481.47030270693074,332.81173144448326,343.08085356490324,333.8950829528317
485.91327467112933,332.67921518076037,343.5348401708689,335.23570835575805
487.64659115250674,333.10044665066937,345.3077821173242,336.325467305436
489.54635385311053,334.01969428684583,346.19995669780616,337.4726251950856
492.2386708664161,331.2035180578488,346.9306013920507,339.0006247020299
499.0793837068994,331.96821936318634,347.1730496124512,342.1352240330357
499.78782950269294,331.0096274946002,349.0342380074365,344.7749502349412
502.99145797808035,329.86417915086054,350.2480552563382,346.32734555246725
504.91235725912713,328.5785547135958,351.95447494451923,348.8122811718655
506.50179599934074,327.06351683110245,353.1395305504873,351.27588452569654
508.5461461044555,327.2056959966819,353.1746277569448,353.49972683998436
512.0956871197188,328.6569538894526,353.7999710422751,355.8974940096126
514.87573235119,327.2445974147167,353.1807527717155,359.10738922055145
514.6190752428133,325.67323981104084,354.16430674696045,362.2414475554668
520.1857848711016,324.8864561588555,354.62863529311807,363.6675228534163
522.2895672053501,323.70183943706184,355.6280813706235,364.6602562865133
522.284071938755,322.67024378892893,356.56724443255746,366.1653492069818
523.7159079207745,322.3429563045322,357.88271732783244,369.67466169599317
525.414467577714,321.13417892064865,359.1155060988225,373.19067046232584
529.510054671194,320.4795031888904,360.17424894219727,375.8620121392365
529.4678835324588,319.84047303088784,361.69958429026997,377.94488727076293
530.7158194304373,317.4977401721911,362.70841458553025,380.7090716504184
534.978716972103,317.3145777981422,362.5267156859753,383.02521059891745
536.425541228503,314.2693764981499,363.5836792413517,384.3811342484016
540.3190777643542,313.16881382750773,363.36248789877516,386.1170323135991
540.1729749029274,313.4809439658348,363.7388573917085,388.1510750593296
542.6018136270416,310.3790120191086,365.44962801019153,389.4814781831288
546.5447615208025,307.4212462512003,366.49562366401506,392.0268174295929
547.9016666838397,308.37529291632643,367.5484680677836,392.390640488806
552.3989254992839,306.0292987879325,368.04013264972497,393.2752521224401
553.383125887758,305.4116064701084,369.14940197012794,394.7040921859735
555.889918873487,304.24841306251835,370.1670812574589,395.1838906279692
555.8384961987553,302.3683749123844,370.2420755170872,395.63679486822434
555.4059566743913,301.7865930963449,370.31915129995747,397.1871723793164
558.2682588564487,300.108516891302,369.9394136884671,397.6648686736796
562.654541741156,296.9277265584642,369.61176941258293,400.0394219326627
566.4205795545748,293.8375181489221,368.7961139593902,401.21307100196054
566.1749504590748,293.6576082287595,369.9777562999417,403.1909505966573
566.0110069991448,290.1416022040569,370.27869644791167,404.4723027034357
568.7003407785835,286.6371632502546,370.4764482425195,406.19492906608775
570.7171734151417,283.2476995231375,369.7831879567382,407.81959302392306
571.2545342027963,278.1121149474235,369.4463729566318,408.1347771060762
574.0921132162802,278.0107194068081,369.36882683380844,410.3897654052482
575.0959282615264,275.6020967096247,369.04406248218476,411.3135741293118
578.7559901633971,272.0377158968098,367.9132692562937,411.00467887551645
579.5224426616663,268.756904488675,366.61200157371724,413.9342502238905
583.8616561908,266.3271985369854,366.26862986670733,414.41058402897266
584.0112781667367,260.7657212867207,366.34973137858645,415.43080587111575
583.4514490730536,260.6505353370703,366.56879896736956,418.7742659013674
582.702115291191,252.23237849622242,366.209593568143,419.4614344567205
586.2017489596304,248.43209382738044,364.4536023504964,423.39285892555375
589.5967126289446,246.02670156247763,363.2376925365873,425.1919680975408
585.3359319767034,241.74383253397144,363.9986527973685,425.9217033278625
588.3368175805688,236.3616144293816,363.22894488309464,425.451604319757
594.4081272081509,235.34519264722562,361.29264257586755,426.52634834002066
591.8550607870785,229.35329194833207,360.2035573317696,427.87247159144545
594.1327522404109,227.7189749569198,359.4724239311015,429.3338703333337
597.5905519319143,221.7089176370585,357.82060943350115,429.78436102591274
598.0057290556997,218.72051661943527,356.4431622117444,431.9024201088124
598.9581882172251,215.9950302789327,354.0132696617421,433.1875402431257
597.812816020388,212.34783725479056,353.11802825181206,434.0620311192908
604.6990603970526,206.91121397427156,351.58348314777504,435.94901631253094
603.7568666859106,202.94902626999803,350.66737113081933,438.34226331455335
602.6910633556004,201.97966868069472,349.1629399649018,438.9238782448232
606.8722441279289,198.92643614644606,347.38792020567575,439.8942825985988
605.5889082387624,195.3712134790219,345.7049577181089,440.7952466941283
610.8512261561175,191.44970026001366,343.6789190284795,441.85132588177856
611.881458743908,188.8325299879975,342.3184599206513,442.07538629351717
611.5030177422967,189.813651278213,341.3078764516525,441.86462810715966
613.7393142220153,184.1340688769429,339.91876909554765,444.32425010116714
613.477826047297,184.31117131213966,338.78178648635867,444.6533913234746
616.6602519504133,184.17994195942774,336.7567722312429,445.285144344475
618.678804113188,182.32570525701254,335.0340142191701,445.57630274304927
619.3033443226602,179.08722668345922,333.0944463558248,445.17696241624844
623.7349665806902,178.03965011056454,331.9050471309026,444.58509335287033
623.6060422837859,179.09910879615143,331.49047057384007,443.48149413698525
624.8656151032737,178.00850900399075,330.48296262254735,443.7613285603645
625.1141012220307,176.6540864390101,329.14382056377104,442.85146102667534
625.2905949552021,174.7114946358851,327.8421321925821,444.18025697003776
625.86264824072,171.71362075641454,326.0329785124192,445.8705080363214
629.0556915141025,173.1854042683042,324.78704966523924,446.75522217671136
628.9604924532276,173.11415590339004,323.41163758343663,447.78903728737237
630.1325544904854,173.38537720963782,321.72635660899215,446.772132761768
630.6376648691506,177.67842440654775,320.29615213684275,446.1677521397682
631.5938774216879,178.94199893455342,318.66608400923076,444.9791692678007
631.757066200465,181.85972791535522,317.25926855304067,444.6625687852926
630.9604653909396,187.1261805553895,316.14636350934154,443.13195518460634
630.6216765460948,187.1872566290243,314.7449555079604,442.2459484144959
629.8829494118661,196.85246224264253,313.296997836797,442.38099319617055
629.634677649366,194.03995962926518,311.1446558732869,441.5540683768437
629.5895937611579,199.4521339849931,309.15795559245214,442.5813145903146
629.9189080730314,196.19900543403406,307.33618094972337,440.1435895679041
627.8995263172415,203.2176500269985,306.07229210229434,440.6466989796925
628.4716063873424,208.0240350660174,304.96494256508527,437.016794712049
625.7614493294316,213.28486120906635,303.41905537551736,437.2083534855214
625.7992374845494,216.6324978493766,301.63061335502346,435.0654269112913
624.9754646103468,221.14255543417272,300.0351478672379,433.3316810654295
625.0565239506352,224.18186543574186,298.6117655777285,431.4809644283801
624.5315271547663,227.549903142768,297.2118978813956,428.51838588055404
624.0246655430456,235.53332729192562,296.17600977480464,426.89625651534425
625.0393787284542,239.16855626034499,294.8658179897496,424.6983817770529
625.9789614187916,244.76447669775348,293.33382084604557,422.5866476374654
625.2112357043427,249.34880920372646,291.66135673043345,419.8103166098944
625.0858346756281,257.2958208270933,289.9163002377909,417.7432997031877
624.5751281156134,261.8062703723191,288.19760367573707,417.5143823098185
622.5903385797895,261.4874897696344,286.4629653134554,417.71967537248764
625.325246409384,263.39183890473475,284.3563774985048,416.38472626305366
624.5445384723241,268.59450030081564,283.162693360799,414.6283883799494
624.0042158590145,266.60766753623824,281.488323452607,414.22770193080225
626.5717710613462,267.79318966549283,279.2229461431126,413.81459538973087
624.5663612216894,271.92877438919703,277.3117630300678,413.3530920990912
625.999406046875,276.4368604061845,275.89198652247285,411.13164929790435
625.102968811758,278.2047757806061,274.80773382214426,411.0960955914501
625.2138834274745,280.5567037696753,273.2312384768579,411.4243698547057
624.9501222578892,277.5594727460496,271.93266440050866,410.6991267971292
626.0750732153975,278.8200362614124,270.27639190529567,410.3071430044713
626.3509823252933,281.8181871477889,268.8817628162872,409.50962749041577
625.8873112772608,283.25227937173076,267.4862046170946,409.24637487389185
626.3666984981503,284.41178670371454,266.20720153905074,408.41906205127873
625.1414583878623,286.1061496471558,265.10952597502006,407.3808510531596
623.5883742836232,288.13008071519636,264.43557118812146,405.1209327571054
623.478065962153,290.4242223339329,263.14857762922634,402.7796664263705
623.1907589552156,294.78083143935464,261.9382150415005,401.28333282856414
621.6610750430532,296.0498244153732,260.7360004912525,399.8287862266552
622.768943952178,297.1160751832051,259.13519789229065,398.0317800139342
621.106879270249,300.71793724937845,258.1473598832545,397.4987540474811
622.3820577573302,300.3085064767212,256.54923944225703,396.7139196041404
623.0131192144304,302.6227782522135,255.05438470890377,396.819893150629
620.6292623547106,306.7441329538215,254.29915302429083,395.25592567932824
620.6083636135559,309.15298977251985,253.09142579403752,393.81410611160317
620.5743465513809,309.8644542303291,251.9937737878639,392.4435367434507
620.6113238812729,312.02195272293176,251.17725564198048,393.01788683466145
621.4430596355385,314.8642700283415,250.1390363803062,392.77338150393234
620.0835190919711,317.7651231452338,249.62052071718145,392.2040585213379
620.661150703911,319.77835177038935,248.3911778307403,391.3950306705172
621.1048865437665,323.61448583302825,247.14672532059836,390.4244083963746
620.7281201671801,326.7533834975536,245.9857139682412,390.0184792935202
620.4919457244154,330.28059387590577,244.94229837890197,389.2440048640253
620.0007732727656,332.4859902720623,244.10730123927846,387.7809054196432
618.2806414367949,334.9545957022907,243.66513817248105,386.18094836816164
616.7499057073968,338.35682288706494,242.40776722023588,385.2090049467943
616.4998046088535,341.50633283300044,241.04741364930936,384.01525019545676
615.8974989397394,344.7417083273206,239.96694693883168,382.67537765530267
614.3803695142386,346.5611000507666,239.37303720691685,380.0103140436921
612.9636022712205,349.62380383402143,238.38558661414154,378.58587617322735
613.5933154809177,351.38834431954155,237.31994976627072,377.74750312416893
611.6880830556339,354.7432943937439,236.27730287291138,375.98787172118665
612.6446168150775,352.9044755791815,231.3885161405385,377.3582824540253
614.1843460302343,357.2215695152486,227.0935332751814,376.94001598386876
614.0915205570733,360.161370660085,224.04069554733968,375.4549087045719
614.2769523297667,363.84603109310956,220.98294759872425,372.5041979345006
614.5486659710252,365.3193754771715,218.26442976483077,370.00983179845105
612.5933325373795,368.41520953949896,216.5156866322747,367.14718441239773
613.2254465711876,371.90647195852966,214.3092136773065,365.06401069433144
613.3134821811,376.03104710784044,213.0954183201756,360.6213095705909
612.6448920451759,380.8329932267162,211.84273195384029,356.30982532234134
611.9145775671307,384.96042914660126,209.89332744549884,352.31012478155196
612.3707543465812,386.35724647980135,207.76962678347903,348.85769678495916
610.759932400436,390.55162863617386,205.78996862422508,344.72108396147206
609.6488695677504,398.07766070661853,204.2108869855957,340.0432626031755
610.1379392125225,399.6880857709723,202.49775906623324,335.34183965475813
608.7053398801004,403.4270490621156,200.20105959493867,331.3071265353011
608.9391312329943,406.2991838909388,197.6104364514524,327.39469238600117
606.2836455083648,411.5599774337341,196.5315420254675,322.9950692782244
605.7789559938393,414.7061891913789,195.22463663641216,319.4436151824142
607.9524881448225,420.48493914602875,194.23930910889044,315.54283638822676
604.2912903669987,424.0211514114391,192.81200984031918,312.37879260424745
604.4536710294201,426.83116588697527,191.12140593468132,308.8384772361677
604.6043712571422,430.2070017603124,189.91065293826705,304.7958423165809
603.9616087225879,437.82571416576405,188.93451337839323,300.2169725365003
604.2165765775603,442.9770284882769,187.90339805199721,295.0195251086682
601.7311632499999,449.44145553089913,186.46336369179804,289.9062289801193
599.9645442985858,453.2380573339535,185.4313845764989,285.57541646440365
598.4979827367536,458.7149852285298,184.12150623913422,280.8415514055366
599.7475265422005,464.9494218572036,182.73759184887484,276.43971191588923
600.5728837165294,467.11595965351745,181.41921690623053,271.4430842178348
601.1850284356566,473.68258862746495,180.45390774217665,266.73036231119954
599.6007288158801,477.8657980310419,179.29440296256465,261.873643802355
599.4941184226032,484.69775369198396,177.90711160216864,257.08671993774624
599.6981782185844,488.64425216047266,176.63448481187248,251.47787431645793
598.9633432996498,493.753535274862,175.08936983681446,245.60326789602894
596.523832057883,496.8630678876429,175.87779564447519,238.65763301790966
597.6387255289316,502.71073304485395,176.88565361319039,231.86505176507208
596.6754826308978,508.904152547522,177.75175108261305,225.63722841525353
591.8177284439988,514.9481944802563,177.2230158345849,220.0188577608444
593.8824060017761,520.5159047210911,176.89896429263868,214.21214163632206
594.887978749634,526.4629919366571,176.11265657692164,208.68943288817346
594.5962065181956,531.7367371643342,175.59236104632163,203.17726796001062
593.3681399350816,537.7840496409489,175.47320043317654,197.7932448134217
593.6193609155698,542.7319182925673,175.59881481957015,191.87553866863217
591.1905063170859,548.392455203442,176.34411204067743,186.2780156433917
589.6814573254013,552.3944783748364,176.6263227349993,180.64903295836336
588.3190897719631,555.4229250706444,177.0240119243646,175.97314318498763
588.1692696285265,558.9811110908693,176.92433417182062,171.50530639615533
587.3909584693472,562.5864982830867,176.21182506813656,167.68600554344366
586.9874396138503,565.3684571350643,174.6252940249343,164.3724921973984
586.6479498001829,568.5259004479111,173.24595432205342,161.3149755668221
586.7699722182588,571.4009637014069,171.09051620110412,157.94832412506173
588.2302629278262,574.7414560664337,169.80904868501486,155.17049162241005
586.2374203335519,575.4640903583435,168.433081499296,152.03909966746613
585.8346518205544,578.076437098257,167.4638711536172,149.6403079343891
584.6591405153132,580.6648822411713,166.37724212988334,147.4114381067819
584.4572870055009,581.7527807643557,164.93369213141858,144.7829273622641
583.1237104280622,583.2908874443989,163.69987125103296,142.5721711197354
582.6798160118846,586.5031940131739,162.1964044662465,140.3502442919998
582.0730900507107,587.665616652273,160.9515009618061,137.99769880008625
583.070689025506,590.9141895487722,160.25229514821692,136.33100354190827
581.8419902187463,592.5399227339874,158.88179259045648,134.43485249912248
581.1344550707669,593.878186884559,158.14144854353498,132.4602474491312
582.273070757588,595.8632527992778,157.19452679933312,130.56528899768438
580.8522981560586,596.3455910435753,156.42219852064133,128.88832877858255
580.1558466319952,598.4681062144496,155.56137294060943,126.75653462572252
581.2375243898738,600.9675345204981,154.5110914891072,124.66459248620532
578.5923511152643,602.0833658445574,153.99038953063595,122.83162173071057
576.8911821775896,605.3982280123871,153.38142064328986,121.17224003115953
577.6077851323961,608.1355643382562,152.654255294876,119.23223201031122
577.953159889363,608.0066710862293,152.06707654768925,117.64764085170641
577.3540721388011,611.0699422318327,151.56579082711795,115.85333771150064
575.5462633345912,612.0349126473591,151.09556010408647,113.87844934937362
575.305822566525,614.4974349607419,150.3153445666639,112.2100453952917
574.7420369442226,616.2708998192412,149.38942946407016,110.81622260616469
574.7230526640487,616.719524309941,148.43443125329202,109.41002178198025
573.4629120782328,616.1678032494984,147.61401489799238,108.95417504349801
572.8637154763204,614.221131130303,146.63767303254207,108.81117427685352
572.7755335318009,610.0648498204054,145.3847193280066,109.89562562955885
575.0364242025078,606.6544153608693,143.88405519698097,111.40467499525577
575.0561863070101,603.125225725384,143.08178423666794,113.70404871965653
572.5576789488345,598.6505853006978,142.57614869209402,116.85934515588198
575.0105533314083,594.1081724498982,142.12956693057777,120.20716228585636
571.2241993551069,589.6894500862611,141.3789077643452,124.12773975696608
571.4521748404696,585.8398061061706,141.84220680506382,127.94699493936075
571.6998110494284,583.3439552091454,141.97668791717183,131.9947275432906
571.4108106132574,577.7178657934941,142.25980720725371,135.8546768175558
570.4001078854183,575.2234955614925,141.4074781887498,139.54566156332774
569.1173642220465,571.4892135836251,141.28653267705332,143.06092790401146
568.271555527425,566.6020434925274,141.47336905852973,146.49313885570757
566.7954608598427,564.7069403672793,142.45645827601078,149.6802750259232
566.8315922619918,562.2858923875214,142.90167638153713,152.20102207987588
564.0552597276685,560.157900901857,143.3163276104619,154.257961062023
562.7470316409953,559.5437485517066,143.58497160805774,156.2893488244959
562.2493388386247,561.8261041951836,143.97129102446345,157.1183710389762
558.847451368647,559.8941313467665,144.34586960669185,157.21837330204892
558.7618212185921,564.2083233723084,144.60038706788237,156.5210433662603
557.9389141852882,564.0030823952759,144.87565932350077,155.86255130222844
557.5347585899854,568.4003827189176,145.05598515586826,154.77732079120605
560.3129500839964,568.0441069655269,145.3912957599178,154.41091021035618
560.1355351953275,568.5309724405903,146.21472101221397,153.9066222536319
556.5199911051881,570.8804552686313,145.99099666579,151.87721822207686
558.8548447216086,573.6394930932951,146.1372250446736,151.03360203014685
559.6705205435314,574.5041984302503,145.7888608762233,149.75436327391324
561.347958925511,576.3583202444094,145.53038246584083,148.22913880681958
559.9261888423813,578.9098323936705,145.59536652362544,146.39986624398438
561.0156052556059,580.010975682548,145.2034655695441,144.5277357541048
559.2506294119439,583.2718663834356,145.5022771201492,142.21491393179735
558.0381814521149,587.4317581727532,145.90818204630745,139.92574139137002
556.9367760771572,589.3764924201433,146.02201855878081,137.37879492169833
553.9947901387634,593.1353538415476,146.7025597829501,134.88054420108216
550.5160043687129,596.6257895314914,146.7633775350568,131.80290944877322
549.5757674452044,600.4837449018205,146.4149218624205,129.0626609395603
547.9628220078303,603.1328438229785,146.16396175068815,126.7541517321167
548.7127666720634,604.438292459579,145.66271438999524,124.81643003226489
547.9792785952318,602.6134706764403,144.49438609266957,123.90880879370204
548.5735806187789,601.4796781294875,143.31897775862595,123.40561666211337
549.7939896179012,601.0899535764619,142.32255947485135,123.52488072912107
549.4780248575943,598.3371161952718,141.89378321448234,123.92712283616686
549.0525049571564,597.2935667381614,141.63869754138182,124.76601465810243
549.3815788338196,595.6962580859712,141.41574815469738,125.4494396407056
547.6143831617813,595.3623015699819,140.99699757105486,126.41590470896955
549.3005718885469,595.6013844457246,140.52603045878664,127.10398155697128
547.6096552158659,597.7179407958706,140.18520326261404,127.1287895987142
547.7350745158404,599.5003641668688,139.81544465680716,127.01247901432593
548.1687726712601,599.8598033611199,140.3273336815086,126.19069369835728
548.3883374570329,603.1144637520945,140.15352518587932,125.04219845504345
548.2860703125486,604.785375408683,139.28583056630902,123.375487150915
548.314992586441,607.3308280568809,138.67010823951722,121.0778631712762
547.6077816730754,609.1242343592762,137.9897980201212,119.04499706154193
548.6287144131256,610.9919091767204,137.2827209816788,117.44476042752322
548.0432955127786,613.2758161192578,136.51381299856695,115.80034217614603
546.7312437958734,614.178756626215,136.05150424098636,113.88451193108382
545.9906558337593,617.1341354631438,135.65122820083621,112.07145151522165
546.0964717607544,619.340080963265,135.8490645804314,109.95718391089923
544.0174671744071,621.1668279635416,135.35721432472025,108.47398562567811
542.9208143434895,623.1967170038903,134.86874727766264,106.91794857090522
544.902134881971,625.776513435088,135.0831987528844,105.2079995588364
550.7973834704917,624.7939765502354,136.76565632590416,103.55713490347772
546.3093152778945,626.7300709103596,137.28958323844253,102.4799243250138
544.9128810899371,628.6130942733134,138.42926255128506,100.26450101600673
544.2325428461303,627.456380631489,139.22914873852932,99.15074324106205
543.8927931452985,627.75986113812,139.55458027815925,98.6494430388665
544.8573640161869,634.7861856927361,139.89006599304736,98.24462680011777
555.2826046877411,627.5194045157347,141.1325259341186,97.68689581915967
554.8929791157422,633.0160778645719,142.0351787795669,96.84406849251793
552.6663827996143,632.1071360328845,142.58821014549565,96.49766005880105
550.6801531596831,633.037089662409,143.12084317528186,96.0763546512154
550.6637359225333,632.8291448807122,143.8446727467417,95.58461704929151
549.1074398354588,633.9048956009651,144.50084473770892,95.19282174835004
546.7094390179111,634.0032459630454,145.0809240171525,94.77646543592031
545.4395280186844,634.4134123311844,145.41464626699442,94.55277251163488
543.5987578312031,631.6924497742298,145.63556695392305,94.41139369716902
542.9933801824316,630.5960755592707,146.0702569018873,94.2226495123409
539.7282035696588,630.1842044359133,146.43857227800635,94.0438945628582
537.8190827539265,629.8456037340324,146.61465945428614,93.93854491643394
539.279262231154,629.7867837289101,146.80393013087354,93.85854172115502
538.4488759722453,629.4079829624148,147.0406967826401,93.77057221303826
528.6208469109088,627.8834179268767,147.0932583537996,93.72100652910963
505.7001465942592,642.7886002237987,148.1336831875383,92.61429336348851
508.37824985269845,643.3797308124638,148.98812806836492,91.54652200228738
509.2658916945901,643.788824759568,149.50065208759972,90.7794115745372
512.2771162971276,640.1918313777297,149.63983685087817,90.37915528859209
514.740314143315,637.441418432133,149.74024131414293,89.65754999692423
515.2776416876878,636.30476856337,149.6440177482435,89.28270644297683
521.268596925666,633.8625404727634,149.50512008204055,89.07092591840998
522.405263158849,631.7809542801909,149.65515320863105,88.88010584139673
500.49267429038986,646.692106987993,152.1569437995532,86.30718244483556
509.6570870824404,646.0725620939285,152.73555458630176,84.76706285758308
508.4590400994584,644.1846054434191,152.45075203165115,83.14938999984949
511.37600294841644,642.9739354758069,151.00283888790378,82.29933234443664
519.15773546179,643.8202634538848,148.01386631568533,82.00170140315828
521.5070138490877,639.9796550710325,143.58237560258672,82.77338848288848
523.2283848743053,637.7632203933704,139.43667890222633,83.8257839860553
524.3671835405902,635.7386187165658,135.91810344789906,85.35333821742623
525.8857945704651,633.5691400827627,133.05553356226443,87.31762688685737
526.3469812122878,629.8025749903785,130.95000259620008,90.0438041182873
526.9263551314806,626.3345182982843,129.00880527394318,92.86056087024298
527.3960601111937,622.0257091164805,127.75658301598064,96.24226023513233
528.0976096686991,617.7181287387344,126.57338264638739,99.37828833834159
529.1012115603424,613.9165333587017,125.57880658393351,102.65631859501975
529.082454837695,609.9126458703225,124.88564522597159,106.00352819549639
528.0948695193404,606.9293724458713,124.55302439119936,109.45071593261295
527.8694208735799,604.6900151160223,124.26293438184764,112.66966735149656
527.6511247668938,601.7829204327196,124.19448410187654,115.62501053051048
526.6691687633113,600.3238002026912,124.34158812373562,118.29875223105915
526.0528707854588,599.83891397376,124.55932201889375,120.57059220715587
525.4069942864418,596.9736405078678,124.73492845244407,122.4819376695189
525.6696937872534,596.7037204360222,124.89303456871399,124.10920185305068
525.2105128604254,598.6972480030472,125.08592385290441,124.78107034494677
525.341598680811,600.1409905660545,125.25428436955444,124.84957958653173
525.3479015466509,601.8542606595222,125.43319728733351,124.2382056345663
524.1837881850361,603.1390364240823,125.47239155130403,122.50890251137965
524.4991695322631,606.136059505016,125.7319827153211,120.1828632464849
523.846768246879,608.9638486186436,125.71822051348306,117.82815686828964
523.5408375023585,612.3201577723542,125.59828418815499,115.24544807624953
523.4559953317234,615.1658883093745,125.32292711134966,112.29462525828167
523.7679325784611,618.707686041485,124.81876904609445,109.51994350179382
523.6301406191903,621.5698208586068,124.19588464903474,107.10300948270844
524.1940482892257,623.3046501815331,123.65316542979828,104.57277368269614
522.0175609367748,627.6086156881145,123.52081813610413,101.92177139954437
522.9737608424738,629.3547295819089,123.52270016979871,99.36345177645683
522.1493526256323,629.6386128337574,123.5996216001629,97.39461932713456
522.7442475477958,632.688748655233,124.5339198047709,95.2036022351172
522.1602471416076,633.8521428745618,125.65719823516805,92.85618288546705
520.247548026847,637.9681557794185,126.06131512695127,91.02810776697666
519.5653273373149,639.2497031809426,127.45216377391377,88.34073347977578
520.3127100201842,639.6973019654627,128.57579922032414,85.87879301370197
523.5893536338307,637.3065998268249,128.76924279747465,85.01593497713445
525.0288406196138,645.3584734567906,129.92406132163592,82.91547884726897
528.3503861793498,639.9504712677391,130.46075688429275,82.17227817013527
530.2201455308153,638.2720793372218,130.95467238164863,82.02351236190405
534.608006002386,642.7797617209781,133.31428545339983,80.90442025369343
538.3147157167854,641.4765843667459,135.40324162732324,80.60119353935195
540.0355225590557,640.137042079462,137.98738716290592,80.4046324764075
533.3134221012579,639.6761943407831,138.84556474781323,80.51855770153756
533.0011316573189,635.7332056402652,140.03230010756545,81.07354383441537
521.5327350955359,642.8196035056702,140.41694441216154,79.98852238033882
515.7618460098386,641.9695549689695,139.4932923238516,79.84836478931906
515.2349471835392,641.0858768496455,138.88371281065594,79.76042596590189
513.9802544208953,638.1000124464359,135.90125129767478,81.13019602064264
517.3211888805572,638.4878432307537,132.2195125548952,82.80127603297024
519.660676177631,636.3403211741885,128.51925516865617,84.79447888709797
521.4807863838408,630.378300350215,125.46120005708256,88.32631243567965
522.7802153038643,624.2625342314111,122.9527855376079,92.41326287854884
524.4834420834584,617.3222711304451,120.80470869598742,96.96297662625713
525.310830643785,614.641156260506,119.06230911163087,99.56515702302616
525.9146580660902,621.1158922621526,117.38711978454141,99.40708592915679
529.1739920206702,617.6632435158599,114.76012830131532,101.4843885982865
531.1488512184033,613.0204137487145,112.46652031177109,104.56173180643573
532.0374906029617,604.1420498206055,110.96457947714826,109.17625919268318
533.6159923230457,593.7995920415087,109.11351511531124,115.13408010060814
534.2409515664382,584.2114563484542,107.4780845745597,122.20888912252032
533.5523691846938,561.6763974958485,106.38293807973253,126.50180040683335
534.2313969954055,555.527192588047,105.47584923372652,131.3488766996398
536.344016555361,550.8025709888177,104.26355028219606,134.74041783358413
535.7694746835987,570.1041551450219,103.70037032237454,136.1746755160489
534.7074699904588,561.716731819185,103.55985524881535,136.69444671301068
536.0588505320999,550.147355171049,103.23240744754624,138.03339913647994
535.740358486189,575.1362716112187,102.74882290628835,139.13601059207815
536.4825803830522,568.6872693956558,102.01853713258154,139.973797165843
536.795671509996,543.8880410649717,101.46027982524043,141.8059803286759
537.2285216214319,533.7770338867743,100.74375602114998,144.0391583966186
538.1282594070985,522.3334193619048,99.67416125960058,147.32377590460962
538.9535144260475,510.48039003331155,98.74405161471199,150.58568172976496
538.9029941660389,497.74598343488196,98.2664910724313,153.02342803209282
538.6882186680477,481.3068663010731,97.81510622065426,157.4923929668248
537.9849822668257,466.22723268190487,97.61366231033747,160.8748543274757
538.3340925515525,486.0436692587908,97.2852930916681,162.30100598449485
539.0161147825331,468.9809829439156,97.08635957540864,164.65928304844948
538.8241799927615,469.2328623863444,96.99183804405467,166.65329900299307
539.0014657721567,467.6285574141457,96.89840042429199,168.76052251951117
538.4089248191341,467.79132009155774,96.81973308850843,170.31754335113416
537.1498435512734,468.29286931048796,96.75951694686167,172.28750122964942
536.7897704995469,466.13185964207537,96.62644121660873,175.12266422511271
536.5732302722015,462.9483207508925,96.50300943470437,177.79246493838664
538.7030763283943,438.51617167310667,96.20503445107242,182.28937341500324
537.0048182144517,470.4454612225939,96.30436454271205,185.0321508223764
536.4684077617391,466.4609589725704,96.22973512026404,188.07127565704866
536.3874333145574,451.17791963684533,95.93987079364955,193.09457059131614
536.9222794156029,439.77307898453273,95.75917030508226,199.8049686775576
537.3925136379814,437.2656436093557,95.90187465848211,206.4031040172212
537.7812455025764,435.75468031046887,96.47840100726441,211.68159666266337
536.5059844354807,438.4619444764423,97.78093467900766,215.2141460818763
535.7637089513505,437.22095678602966,99.10555844301699,218.65269995581983
535.2871669726406,436.7587463001969,99.91276219301716,221.57708993307008
534.9041145180645,435.0674635509723,100.78933599641283,224.01411381126468
534.5797793649167,435.19548672299123,101.73715295493008,226.54359731914033
533.2886513629703,436.51759380501744,102.53158540096918,228.51243266222895
532.2575428938314,437.68164378296365,102.8646954361706,229.9927860277935
532.6657467016205,435.49972308221794,104.03571064449855,231.49092694596274
531.9650692098816,438.3869197131233,104.82913151065924,232.49257662238452
531.9660974121924,433.49797892422254,105.24694667471722,234.10143277904345
530.5051365487419,436.73688965111563,105.73583851155782,234.556502217286
531.5297920980282,437.76273418799724,106.05728546962577,235.37781400373703
529.7778452893015,440.25898045287045,106.52891628495541,235.3347090243446
530.0427286626546,434.4353162938855,106.76394788143088,236.55954912972913
530.6527544213321,436.6053349334426,107.30805425534915,236.36385808779758
530.6575553538112,436.1705378649782,107.86585791226065,236.48479851483782
528.2224997076414,431.3419907771956,108.47515787571238,236.53659083340844
529.4321295077374,423.61054101863454,108.43779334082807,237.29441604022784
527.8877664731594,420.3638111287021,109.01690661129302,237.06940000145866
530.557061612971,408.262301842441,108.66699144916262,238.3607402597719
528.9997489953881,402.6636879110341,108.98477959288253,238.27437875948752
529.982692893732,394.9962093904545,109.21936391266516,238.10860337877176
528.967608877335,389.48315457829443,109.44988938259274,237.60054952805524
528.142908579728,384.0013903171099,109.78819259430767,237.1572758729951
529.6112775951074,374.29556771967145,109.71885497134001,237.2942018295908
529.6504415924543,366.3921848845579,109.70546657240526,237.039703461732
529.0205259861997,359.8484965422705,109.75582357894356,236.7377149500787
529.7361888178958,351.9754123890114,109.66088841085164,236.4723743149465
528.8331161082112,348.1749571629417,110.33524068885579,235.3960520247763
529.1219258332729,341.7362427923113,110.31828422358035,234.96118771336376
528.5544087897578,334.7899325665761,110.50813664280595,234.3299214842311
528.8928343519245,328.23762930506217,110.69490121013438,233.41379894231758
527.4395956886954,323.9663248618783,111.16344795263878,232.8724844888415
529.1543673649373,316.56878027967593,110.91817903519802,233.18728133299484
529.6040587559135,320.8065413992979,111.02110557560304,231.5088849100962
529.6161343962427,313.57248673367656,111.11244281669919,230.54441996918308
529.8259292241155,307.44736988929793,111.20673317537326,230.78983950999108
531.0499451256892,307.9691715710799,110.90439133652036,230.49529361817932
528.7435808115464,305.6303167957806,111.08886011525759,230.4993233401342
528.8902218194199,309.5401199309356,111.29954151036489,228.85889101620484
528.6830451028695,300.5967480850869,111.24855885909982,228.9182707400066
529.4084510103588,303.8610674761649,111.3113379760136,228.23357316955105
530.395251375906,304.3948025851036,110.91713051255076,227.68653190722864
530.1113512783015,296.788925996769,110.74483670169832,228.00740068448377
530.4222468757885,297.70634923669616,110.12451898499864,227.86465973632198
531.2442780122436,298.2729534127947,109.7237775348042,227.92219578414927
530.4959994489748,300.021328007592,109.57452131543286,227.2359050162619
532.0042390366166,298.47374060442985,109.3471852256289,227.338228565262
531.7604110181549,300.566631073166,109.80027361587017,226.45123760581706
529.3851303118211,298.27222396553174,110.3466814907875,225.56344306788117
530.5700038148913,297.89250833883057,110.3644350091678,225.47270543748306
530.1166126589721,289.40128004913214,110.25193438395638,226.54880806637937
530.4304680850285,290.9009494887855,110.24763775026945,226.770982696823
530.3885652652641,289.52879943977905,110.0343222822197,227.85404424369602
529.2721196901854,278.23928569137996,109.95415147978632,228.67592109046984
530.2260798321855,269.0127050525478,109.91120772109285,230.58106868100035
530.0713241609049,261.88185859130954,110.0369285438206,232.2071271811747
529.8690149121642,251.89319532398343,110.07302415884027,232.8992116351384
531.5513732018017,248.95058618932939,109.96001942496338,233.17123829983223
531.1253907258509,239.13404789850682,110.1273970174364,233.23766639820096
530.7394272969759,227.67239489877642,110.19475399899238,233.0526445320612
531.3425228478309,216.06132596455967,110.10928912504274,234.43770430601228
530.3604589573523,211.12189283542023,110.08186526835043,235.2732966385099
531.8830927039763,212.41176844948217,109.94872550833284,235.24406869148342
531.50405661208,205.43926819451644,110.0384743540938,236.29750578588755
531.6746377181684,201.43943117604675,110.06610863950043,236.77748358717022
531.157980654145,200.494814686486,110.10323800125458,237.0011266376647
535.4328708434108,199.69911641188477,110.30113256473965,236.51475819892158
532.5621065651618,207.17892884153673,110.48669522081646,235.81323384926125
532.3811915161333,200.62486027558424,110.4515083763725,236.44286489290937
532.7296765302312,205.30961665313475,110.40566091821447,236.17743615270095
532.4774759927658,197.20951087879362,110.2727641840212,236.8437483941322
532.280523935514,193.8562980640463,110.24568519262701,237.19492557239388
532.5835379488965,203.0902236990289,110.3373428247938,236.41638819097852
531.9074677073908,194.87218958838542,110.33698191544059,236.52749188895007
533.3217881980039,198.71775993173546,110.19757924407453,236.18775443863916
532.0475950024953,189.8492124171966,110.22576013735012,236.4487294725997
531.8693334715972,196.77286477214483,110.31262099774176,235.6335702628863
530.89811139569,188.53861912292672,110.2609942619907,235.87252741215266
532.5384316909873,191.67611476542288,110.07375844129342,235.61489538390467
530.9081419181889,183.26850512047588,110.02883461851262,235.8017386667186
531.7863813586642,179.86334560594713,109.91574150549859,236.3400020698606
533.3422387696321,187.96103869337145,109.7398098313748,235.70989490196996
530.9296051195944,179.14022153561666,109.82417804545165,235.51310262751375
532.1470571995167,175.17591428121227,109.7297229803795,236.0770025138249
531.6609483965167,174.79969970952632,109.8520927331957,236.2997838300484
530.8081939775392,170.7809369444712,109.91713738448212,236.66252326930783
531.2313957778221,169.6076271012462,109.88595199413672,236.9320150222556
530.5807111742854,168.26572141546978,109.89047993743907,237.01853778525745
531.554400114179,173.0142978308105,109.71137743778654,236.87396883976888
530.9316184382651,162.1408479607141,109.83432271042884,237.445558445074
529.8271041286071,161.86857233442043,109.94336787599411,237.63205601342668
534.8394194625982,161.0514229367967,110.27958944952796,237.00166345582988
530.9296309073633,159.8033320879469,110.32203071099899,237.04946635218366
529.4661193969454,156.06663750696066,110.33994413939705,237.16610979424652
529.2152959145459,153.25038827602884,110.38207267157871,237.4743165500249
528.5613346958959,151.43975037145157,110.66299599293488,237.73431859361548
527.7217702971967,150.42967945783096,110.80835911669574,237.867506709347
526.7492139884234,150.0865301343846,111.05214870186325,237.89866281053972
526.501454141017,149.2643684408968,111.34271825774952,238.33337585453586
526.5865150335522,146.76360537327014,111.50952394622408,238.6086546791507
526.4767162491784,145.11505501325775,111.6162681443651,239.03356206268867
526.0587571050303,143.68677657582586,111.77762427646087,239.20458565241148
525.8747595764764,142.19405546778438,111.85093176442697,239.30265084479757
525.6494210355779,140.3253172376938,111.99666966561158,239.53901627440004
526.66644532531,137.68369570714043,112.10255610277964,239.92018785952416
526.013805823768,135.7891884029454,112.20950649162843,240.34038799953044
525.0555824793831,134.43498789300867,112.33583949288303,241.0941849897484
525.1930393149624,132.88974327279422,112.36981008476293,241.34813639219516
525.4966686987585,130.31316009702198,112.35080165620198,241.58333494741393
525.2267424295445,127.26970344129077,112.3689828994641,241.93008970098452
525.9902843724996,125.71110280340578,112.39360783103598,242.16487711261877
526.2994610977318,123.31751210256523,112.46365190731255,242.49100800389337
525.5914908825106,120.53893602824067,112.49927190795309,242.77415616999855
526.472940776942,126.01993572149227,112.45338416685792,242.7596179117302
525.2597236108791,120.24596856208574,112.47239285697022,243.1560000302259
524.765511647418,117.7037078761219,112.7639833521717,244.0901751230093
525.666665920285,121.48128590358476,112.71360659297473,244.18657699044684
524.8841823444187,113.96344917673186,112.69746887009627,244.54832981274396
524.8400167481544,110.76889485624145,112.71389713933908,244.86279674916545
525.5804223962406,111.91687656917233,112.66543969734603,244.97771651155136
526.3721587697114,112.25127567052336,112.66586549471585,245.1557008739662
526.6427098458408,112.98698885532676,112.7032469240001,245.1922077633697
527.190752809414,110.08906840965462,112.60828168338473,245.3775726377157
523.9771558328786,103.05575376957692,112.6358441362116,245.78750845931395
524.8726743873841,105.0820174934445,112.6744470580614,245.5977375022862
524.6325955271349,97.59640394565935,112.67141895082766,245.81388723579596
524.3238337302629,98.60666938559982,112.66642865430516,245.94283502984996
523.6290554671334,94.33957308975381,112.75739320916685,246.4680030014858
522.7023244551465,95.5712752293508,112.79523338026584,246.49161563856686
524.4733411119039,96.75641224627822,112.7148761875091,246.47892417383434
524.3337503422484,88.27336313319513,112.83043889399337,246.95218449411672
528.2631560381383,87.3214420584445,112.91509893394601,246.86891734014355
524.13232955704,87.15978478958762,112.91043357491453,247.228962416911
524.3924651980332,83.232354607868,112.88963684818212,247.697088294724
523.6498155710356,80.91165528366383,112.87349307372726,248.12321403968997
523.3678430067278,79.43242783700211,112.83493627353667,248.47066291151378
523.8536047300048,76.86002502486791,112.95696517798038,249.2037091592563
523.4684256675613,76.10454078816855,112.94401175701863,249.52409011205566
523.6426962315002,73.41248261881168,112.98245610992619,249.93402432186315
522.73164444956,71.81525342514392,112.915726985475,250.2452167370612
522.514266684364,71.57949093833585,113.03229504066267,250.2580373284962
522.2441729231332,68.14942877094468,113.17344043360742,250.20780704902072
521.2702940507235,69.0823652389443,113.38899886717061,249.9077422900158
522.1928515976279,65.34012657106048,113.25468895105053,249.83811148293066
521.3511274397844,65.07817334768878,113.29734680424339,248.66810745012847
521.4382657785633,65.04846981371902,113.41924024215653,247.73091943340077
520.2977150451019,64.19874630112213,113.49570966524077,246.94975322693563
519.7752275514046,61.47497929829895,113.62590779096776,246.49852691382588
519.9918107090128,59.38572564474393,113.65148588245134,246.1480124809762
520.1744787104534,56.8072087262417,113.71095349418665,245.75989460747041
520.5934640292542,55.96865947797083,113.75330972368869,245.29153893569244
520.8452668928561,55.14189903470114,113.74845581561857,244.78285579505592
520.5226534164389,53.40003176613496,113.84244262229291,243.9187514535567
519.4400815024183,51.65363930749217,114.09031304812021,243.29737154158812
521.8899833198814,53.37125971820818,113.4195605263227,242.674627382296
522.7662923890023,51.9363874265151,112.65954968359392,242.53636133984293
523.8633840784667,51.303283159147554,112.03338319137622,242.80193210487892
522.4085704413562,45.35232826633941,111.96968497464555,242.7355286733321
522.0431111415793,46.323182038169136,112.08464667169552,243.04234364973797
523.3525974010786,51.061529480873816,111.95832895311194,242.99729225035156
524.8658411624506,53.255723422541905,111.91587358445116,242.75103092722657
525.1879055515775,60.30483955648339,111.88025440635995,242.6574201650809
525.691008408094,65.40405899610103,111.91841672196766,242.56261993483244
525.4123553381786,70.51459029198456,111.93015695861162,242.25206740623676
525.2394011726753,77.48972176324088,111.81202119553251,242.3133248494663
525.8238686159774,86.01067474860896,111.9187816328725,242.14841968744597
523.8197526909801,97.69664627886921,112.01655420285299,241.66507793002606
523.4924445532927,109.5657745108186,112.07147592819042,241.30796503607357
523.1867652274115,123.186007161658,112.14017905236109,240.8402410521438
523.3779179327262,138.65054614542368,112.0773327224279,240.53404974232726
523.1666469798367,155.69460345655233,111.97738871636062,240.10939871259927
523.2717687778033,169.56844460200256,111.92073430947994,239.57799068317343
523.8035288857992,194.1302093467708,111.74286484746305,238.7410365110197
523.8527579625058,202.52802161865185,111.62243567506498,238.31468038461608
523.0427447700426,228.2162315651296,111.44267751886122,237.6096548398051
521.9086062418983,238.13220488983418,111.39510837039238,237.09529508919962
524.1276831138791,259.97334677181584,111.24311128078854,236.13292862259954
522.3777529582627,269.216302031099,111.32834761626756,235.4522320322559
522.4493596527825,291.0946396562077,111.25911172742828,234.7767983897046
523.3714905579322,312.73378839787017,111.03978888197254,233.27969750061783
523.2652293567235,316.347139787711,110.66325532898007,233.16925238847776
520.5631715372532,326.5613579525081,110.76233203893494,233.02393335319502
521.1390483843977,332.98554808200566,110.56907682258172,233.20952964907053
521.6800320245472,335.96364522725594,110.40455722847821,233.5594528932075
521.8670683734374,339.4623298310327,110.24140780008875,233.8705196025545
521.7432438088491,345.04135102940216,109.94960616460928,233.9037089334157
521.3651570921342,350.28403413617997,109.81180243281707,233.47856439191824
522.104125656169,353.2127598987784,109.44684352473338,233.18283562215345
522.6533188594407,354.1981618354496,109.0647608243592,232.57702663234838
523.190106052942,353.30250716219564,108.8398539397596,232.01296426521802
523.0541192525075,352.9766074807235,108.6801616730617,231.65157216659924
522.6652271894061,350.8397980643939,108.58096585217437,231.38627107356865
523.2419553475239,350.94919302807807,108.43438493171364,230.68846919332321
523.1062684276646,349.43258610205277,108.32411252571409,230.16221596811866
523.5714983002109,349.59812838638334,108.2094104128772,229.29031735736612
523.2507111385969,348.45107460825204,108.11036626877433,229.02719158004106
522.4883141129125,347.6938477761177,108.05333089147021,228.57153864259467
522.3183429373258,350.08068061138346,107.97383240692929,227.87991328196912
520.3970198518828,331.9855450914739,107.94124492760788,227.82092437305784
522.0025424619746,332.25782003677057,107.83059514847953,227.72947635586232
520.7629248984234,335.5784042767249,107.76269945244647,227.46686984952547
521.8217800624933,334.0131870050589,107.63885282612698,227.00568275551302
519.4438831669936,315.83572882262854,107.70572611923225,227.27734716724882
519.4116819706026,314.32896549838495,107.69401427470567,227.48784642430226
520.0047715894314,311.6315900265227,107.69828594380172,227.5739034822235
520.1375370519023,309.64781681804914,107.6713404462633,227.74115263888618
519.1256710934548,309.39002476650893,107.63790411784265,227.8899488613075
519.1361546617752,306.4362961435683,107.61018050507522,228.0053781569019
519.0853393785516,303.80528844036616,107.6148323698715,228.25023934653987
519.6603149278395,300.6248857763278,107.61064085381513,228.4919240767772
519.702564726822,298.4837518077529,107.61411922400652,229.10739366073173
518.8011554252499,296.4064558353035,107.59285378364785,229.4516044315431
518.9081543077986,295.45260210892326,107.55524952746175,229.69700736369654
518.7198046634561,294.6540551934019,107.5667611413858,229.9959948819875
518.9478916760861,290.1923638010951,107.61165105903504,230.11909900296587
518.9209607697939,291.8763948059312,107.65154363370338,230.45940696361524
519.3195996352472,288.73675073941587,107.78294316367243,230.59939379659718
518.6476544870397,285.3763550499938,107.8417484972425,230.58708142330508
518.3068980308877,287.65684560378713,107.9223402555241,230.5881768843219
518.6305071339814,282.92422396631935,108.14713412809907,231.00326642695762
519.2855605043327,282.7330387876239,108.20254798390064,231.0699731486178
518.9420793796384,280.91371766360766,108.3550682853523,231.05112156692311
518.2521679913694,280.02420096965056,108.51214707385303,231.096523343967
518.037604213883,277.6354173570887,108.65796314258162,231.23345650918463
518.4877728301788,276.3870551997205,108.74364653462769,231.45281370890027
519.2967173583586,274.55684515041867,108.8335205540966,231.79763412755713
518.0756412020717,274.7678505435485,108.97686047729664,231.93716507742343
518.292047169076,273.67089360923745,108.93045988233267,232.46242259686335
517.7201783792917,269.17881599568574,109.02967314988187,232.53256586870552
516.9655886130827,267.72914333651386,109.07315706271666,232.61393018233434
516.0653321744799,265.8311524738532,109.20366199581524,232.72256735656921
515.7618899652258,265.83127294258304,109.23852606243658,232.88148527478626
515.7519698378263,263.71704374055474,109.32241261818328,232.91917639063482
515.4601920217931,261.2536902752754,109.35637837788953,232.87259812298183
515.1081308044412,262.6046780704004,109.45318086153596,232.7580232075518
514.5145633575188,258.8088797901291,109.51499579764752,232.8014692286962
514.2308358384886,255.3128280904043,109.70014721036277,232.77356215680177
514.4329264461529,254.99751231683058,109.77517491145983,232.77503645879003
514.5407692034274,254.5138199086789,109.8815058148909,232.65575326056705
514.8301909495768,254.18408619538303,109.98667843110512,232.49977705217188
514.6236982654996,252.94044104416403,110.08342214748598,232.4585303196215
514.1534662814536,250.97982248513932,110.21691861870622,232.39930154869384
521.3881349160682,252.34652533818183,110.32057748900314,231.921143912372
518.8704397261477,253.25011386422037,110.60379492191446,232.1378819127089
517.8981782794783,253.10720725240674,110.99310758251845,232.2587439012802
517.5530295081566,254.142872259083,111.28575667144949,232.26028485770007
517.5889601128765,257.39263447150256,111.52821110889629,231.76628220715295
518.2754306837495,257.33206612175576,111.48154471976729,231.17539052243788
518.9401236359453,258.0576337405861,111.43339236449371,230.6520853848367
517.8066621873362,245.6608812927112,111.66458060823898,231.02001502423883
518.0770725104377,249.53000681720965,111.59217048378173,230.91229814730005
518.4443525468428,253.0974979689472,111.84691286735062,230.4056641943498
519.7913191395028,253.61293403544374,111.7188750010155,229.96478798201483
519.5836127178895,252.44634566361555,111.40088934713727,229.37699428576036
517.8244851863767,239.46188527902,111.72724248793705,229.78576872316435
517.5968114600914,242.24576693095767,112.07050072379846,229.80533862165106
518.5237325966608,246.1673158253367,112.16007206588635,229.5928594051281
519.9616342464753,247.74770362579068,112.14262357315731,229.44155665120502
519.1741695233526,234.2701659766867,112.43971490847912,229.7778365545155
518.7250043524067,238.50846824267217,112.47095806498804,229.75764147689029
518.3472367398781,243.40260161239257,112.4931485563301,229.24039276570878
520.1110003611082,244.77408447974102,112.42084249001749,229.00660924574882
521.4353906409012,246.75805527183195,112.24551473690406,228.19215653600233
521.7304235954314,248.90680351990522,111.91487977276356,226.60928778262317
519.8160278537985,234.7486127967818,112.18693669410904,226.91820386632114
516.8436002034794,239.37485291572114,112.62665216701912,226.76758844320076
515.1771798418315,232.13835675289226,112.9281522912547,226.7366859629503
523.2205081925339,236.93208146346694,113.19153411829244,226.65484223943278
519.6170155735974,241.35227598549614,113.18608601800008,226.2132845628671
518.9802434134004,243.75187524751948,113.06805679007697,225.85359924530238
517.4522211282263,234.1378710387327,113.31745620547245,225.97900184317376
525.0704475840247,238.36229404110253,113.47467623699066,225.77818363994774
521.5608512214794,242.4494530256585,113.22905792311039,225.65701775518644
520.3369684419455,245.14124786697897,113.13745389904834,225.53656779727694
519.9418333768373,234.54984034254755,113.45827626749066,225.45530661322957
518.4604182133669,241.28197451681234,113.82153131328828,225.2735041994534
526.3972752649288,243.4577802306797,113.79560888191726,225.07876838207028
523.044064428298,230.15080456422805,113.89795989172683,225.0580761602861
520.2374368380853,235.89413878267533,114.02370915937139,225.0732931375151
518.9899343852511,243.53813953230372,114.33670675226512,224.80527206886134
525.9375774248672,230.9307083143248,114.28595554699552,224.98168807842757
520.433374595259,236.61831410745708,114.70943746201,224.9042078916991
518.0712984545735,243.94289130794027,115.12768154025618,224.76810643110136
525.4529876121065,233.91854202871158,115.22012292733851,224.9696446502033
519.8823608707869,242.45306512864113,115.61962092444313,224.65188018862548
519.1524407484391,233.26275069912035,115.66666729439811,224.75478764263772
526.445103649538,240.8983844529305,115.68068002369422,224.69050084027867
520.79890805054,247.67329599824373,115.70369923530116,224.20159369661263
519.3625806626824,236.80974656862122,115.91561864228792,224.08952400727367
519.5105647556404,228.79517742943642,115.92949524826089,224.09755747302123
520.1722703750315,239.6599840104401,116.00701143390951,224.12837750803533
520.4111290098933,230.4845493670407,115.99728709579047,224.1017901297951
520.1008553085463,241.9265328935005,116.06861667831676,224.04117779794475
520.8733021153283,231.87325734385024,116.03484827170014,224.13607118240157
521.5572648855398,225.6704743744365,115.98408441054512,224.05104225733743
522.0870800849992,222.62060494869422,115.95312944859978,223.91366095730226
521.986166489964,221.63149199667814,115.92225296781083,223.7743057322603
521.8554362095826,218.92243171342838,115.90680140560889,223.67356881966435
522.3738065893856,219.8564125442765,115.8883269662314,223.6302133381591
523.4072011712517,218.59604307471977,115.87097174910882,223.56354135045376
524.3715066246124,225.42236545818673,115.82316299692853,223.46079949947443
523.0367187139011,218.1020448375267,115.80505833548665,223.36533672925884
522.7045494614878,214.7023377880095,115.7845439421923,223.15739752247663
522.2385201508681,212.80693145087434,115.76503866868293,222.99801846052563
521.9801328289216,219.35375374150618,115.73568331103107,222.86321234209151
522.7077724946246,212.36634500833839,115.68142510255754,222.60060018959166
522.2596223717778,219.89825941597613,115.66369497515458,222.48080499705787
522.4403596515531,212.85116766360596,115.62363551212555,222.30129827810435
521.6454859878864,212.04403621201936,115.6138470165904,222.18388662931375
523.0822956619973,211.74550482799037,115.57874342688311,222.05846331863256
523.8745476149513,217.8971862591449,115.54980535502054,221.8536092911624
525.8107415853223,210.44213639276663,115.51428355464422,221.78550334307175
526.9323270654835,215.15136303713993,115.42100683183995,221.61117351318745
528.5854292106487,220.6983271491227,115.21214980103109,221.1098556484138
529.1836731215552,209.61652609658583,114.98032810737655,220.82928012592407
529.5560907682228,215.86269634917295,114.787153888203,220.48090820290312
529.8975266765814,223.92792128262477,114.38941126097713,219.6862260819712
530.3114448968091,212.3190357737066,114.10632634544677,219.13170019428998
530.1013241137109,219.37557623109615,113.84154353095933,218.6566912933658
531.4711034608123,227.75981290741476,113.55802831858347,218.40284730474227
530.9021956799455,215.47956340633192,113.19505388035509,217.600065056908
530.4570846635056,223.21667020977168,112.98426237201339,217.21409302717686
530.8178246209012,210.70858010285272,112.75268152629292,216.65559672734292
531.0904682653389,215.69308121966574,112.49566477050243,216.2819666937291
532.5876585081186,222.83381200814702,112.23786155735812,215.8848330052553
533.0641610470166,230.83209338749901,111.91538624087657,215.42089544491557
533.2151608202349,218.4986385130028,111.44846375668898,214.69699708843928
533.9386028599886,226.2622553950943,111.00497571142259,214.1222789263681
534.0633154054083,211.59138884093295,110.86671417715888,213.91219509438312
534.1011457917983,216.43232300424032,110.72806842373602,213.71086322864488
534.780192727172,221.0857056912883,110.62467700183349,213.5698321456256
535.2556676492891,227.8015151565015,110.38548958588319,213.09795671495505
534.7449998033338,212.6749326493321,110.24273917435436,212.78143293229678
534.5197344365702,216.86694015390867,110.05716085379302,212.36801137559726
533.8472141580769,222.14122598546962,109.9665888514611,212.13846952051978
534.4095856967685,211.96345325964342,109.90031626167224,212.06418060632748
534.7342028587117,214.42365961315977,109.81224291944109,211.87164313199128
535.0906285425837,217.9499578543373,109.70524457284203,211.60693088501833
534.6028110088394,220.35289975887684,109.6042272326846,211.43109058256155
535.0375272260579,222.74409586153223,109.45186043059057,211.23283343279277
534.8722909042158,218.2005691248628,109.41069921678624,211.21167824982058
539.8143970640871,222.19435625702806,109.4470019574686,210.95083385533255
535.2222392814169,224.67282806633608,109.3289340999573,210.8114704598
535.0064386195062,226.79880811777642,109.1969131279222,210.67149317933757
535.0373326718635,224.06350613153865,109.11776791036769,210.6289970045658
535.2974856071367,227.54272441393317,108.97383628451139,210.50747068757946
535.2981499741297,229.06361325464698,108.85467295269919,210.4650561901271
535.4850110417574,230.32775050444732,108.7257029115936,210.40492801468412
539.6999815700764,229.01051943576414,108.75515440256308,210.27642232711457
534.5791925246311,233.92342435844685,108.6792209349207,210.09946769109973
539.9776869981605,235.3738275688408,108.70075444117015,209.97177547471858
533.8287993595177,238.38372657343564,108.63210611158314,209.85160467423862
539.0064925767837,240.36708364574872,108.65024529655815,209.7209388942517
533.7368631503241,242.4396420122215,108.57161474518031,209.6448262201441
539.1050718388,246.0904654942679,108.56933967169533,209.53572610053365
535.2455770770476,248.806051445536,108.4621239415989,209.5035710551447
539.7673832429981,251.71196504901843,108.48221133198803,209.28095531210803
535.1432811542693,257.5432827547939,108.28391854594467,209.33255997471485
535.6572394171237,263.58200576249635,108.05184955536922,209.37283360957846
540.1008605262512,262.3213765990363,108.04893617927736,209.30323228493307
536.4554090380374,267.417115226019,107.72108953717485,209.49744476638026
540.5971865741534,267.7883163238886,107.71655763541393,209.37660314421902
536.2729502159308,272.37375193060456,107.47842699645149,209.4973397875375
536.3065621513588,276.523527894363,107.19827842163986,209.73078022299669
540.5471491328535,277.15842680608984,107.20648529513701,209.66897113855666
536.7670368165356,283.1771449710828,106.87233317301227,209.95474171012108
536.7273400523509,288.40214129688604,106.58832373869711,210.14793944242564
536.5169556532661,293.8066658908497,106.38557812303293,210.26042193174456
535.604968520469,296.5996719728471,106.21207318826386,210.42702665007394
536.6903562204883,302.15170244330847,105.94379889448761,210.58049115318192
536.5473768340369,304.51861757254574,105.48098367532874,210.90077952797768
536.87475798204,306.1634712403134,105.1952187743612,211.2224105694412
536.8627699477428,308.03235708482316,104.84434737124168,211.64487810008728
536.439894491101,310.34782260235795,104.57028245810919,212.13013463749687
536.1928029131453,313.58976193586545,104.40163865870198,212.59239196825408
536.9107122103453,317.82075315493523,104.22142468905021,212.8450720819944
536.3546751362006,320.027658493115,104.03854894815656,213.12118373839857
537.3828101141582,322.615676246127,103.75561039597376,213.4685633210281
537.0262108473947,324.06085252994103,103.39241496759423,213.99325482269026
536.6039862930106,326.45496627923217,103.12143884728992,214.30422471180333
535.6875167406718,329.3472303353044,102.93360501800767,214.82544220131285
536.0040143024341,335.3828945978564,102.75488052555791,215.10787344183382
536.5690625538418,341.46218864797754,102.54164263623363,215.13986189493627
537.6114264669477,346.49573805757797,102.33898916610089,215.29089986315003
537.2547293672274,335.4800225686582,102.1497208499012,216.14854658500803
537.2680463814552,341.18076581551196,101.90035055220996,217.17305019597583
536.8741097696368,347.0670184257712,101.50658911131134,218.11675152605548
537.3114566308334,352.3820681720337,101.33761784012803,218.88826526900417
538.046623357472,344.5234806916329,101.17596372912097,219.5551892227257
538.7522801685083,352.5403052389887,100.88874828877287,219.95301099898575
538.7122468637671,361.0901883344462,100.80175902319236,220.09084704195737
539.5497159110645,347.8025882605364,100.6815635032892,220.43989476973312
538.3175144669107,353.3826432865184,100.6778527307844,220.17470220586733
537.9105861553381,361.095573028088,100.74130773783305,219.61437750513772
538.5696168824061,348.4339755158154,100.66524066464801,220.0618382004593
538.5280374759293,354.4269630043059,100.6796753445274,220.27999244253348
