623.5,177.5,49.0,101.0
620.1437857304257,176.64139053091913,48.767502277246706,100.76956689624967
619.5288810675793,176.66950614081654,48.033140312541875,100.55478592064317
619.3943955873772,178.28924798169456,47.84646896018103,100.31266604465799
619.9646195201897,179.7058767664912,47.774543547864035,100.09112069239565
619.9739330428977,181.11911179868483,47.8186415472351,100.03254489604427
614.7386605557648,182.17717863510714,48.47187618824892,99.73259300210744
611.9323617002349,184.17718822721696,49.1876357111374,99.34387428633262
610.4652328041826,185.7543278606402,49.71815929608841,99.14076927867194
609.7549182169125,187.0935807288223,50.04169250428967,98.94910641302
607.5012595457555,187.63239330395902,50.427014874374684,99.00581689983912
605.829041597601,187.90628844981546,50.74458552677186,99.26374294389973
603.4652235267513,187.51207948212462,50.9793580133811,99.3877023064169
600.3897669575852,187.73137050545816,50.96375723188289,98.74113102899781
597.7168150337493,188.3447015339734,50.92434423079973,98.21943349051442
593.8286557678895,188.47654265193438,50.627965123054096,97.76782979014921
590.3424566654194,188.99675530127712,50.51145179463866,97.47982497648346
588.6305834180412,189.8718115256783,50.61827109479966,96.95248143045964
585.0099290002339,191.47071900709562,50.68848217498213,96.25547852130545
582.9886407380939,192.45858080409587,51.066391808164155,96.02233832135556
579.4975928584154,194.27210467176124,51.46749916038605,95.86650845673711
576.8154145598984,195.5227517197044,51.997645361607105,95.90754224171016
574.890277890725,197.3867898396978,52.77192754623695,96.18063186857519
572.5052885099803,198.80336129832568,53.57513017514236,96.65454084836837
570.8276840001715,200.23455766144136,54.214004374966336,97.07882095271867
568.7011228098324,201.7894411917046,55.04461398594539,97.83429637342388
565.962219355582,203.24389473659824,55.95869208508977,98.82474803302627
564.1890984003359,204.29711325019468,56.99154488501675,100.06892579198143
562.3188078594123,204.49118017673848,57.80801317008025,101.23748811542275
559.977536415676,204.4007152919561,58.43567019329528,102.48942764012212
558.4704671473603,204.95013770614975,58.79383171919981,103.5237467407204
557.0636771390829,204.06403479979656,58.8565293485933,104.91066568580824
555.4553251342662,203.41450231454849,58.656177512965925,105.30386141077521
553.8640016677502,202.34668000418895,58.10508650044133,105.48047874115005
551.8341417869822,201.8910736655274,57.18072547050411,105.01683601934138
550.6877656137315,201.5862436498739,56.08039662880346,104.3834852912947
549.2762285252309,201.91153225821864,54.92200379721413,103.63863639985303
548.1592175628181,202.43327402887232,53.728374793542386,103.16331589584576
547.30101092122,203.0575812292845,52.386134960512166,102.71411726221423
547.2036434125237,204.13157506968298,51.292987411453026,102.01960016914765
545.0827950365523,204.25471477668856,50.30264137393653,101.0143784490948
542.8377972218897,206.07628286871696,49.45416320641712,100.11788437776993
542.6626693680901,206.91591571089617,49.08573441952113,99.69233170515315
541.9717165799544,208.491658458598,49.35222084639349,99.4692364742606
540.826203033338,210.31760750586636,50.07997200636069,99.67793503652322
541.3379918516061,211.21744446681512,50.83533790849024,99.98223593380902
543.1051867027192,212.1522454331796,51.629105154353766,100.55334669143352
546.3224784055425,211.8983130473263,52.204254471943266,100.7628043257461
549.7066595322898,211.7330843386464,52.69824420819455,100.69576814226059
552.6519981302981,210.58796212988454,53.11454428421175,100.43558822239723
557.3330296883155,210.00787434534053,53.12809628811102,99.95440291254083
562.0016111747708,210.10811337929482,52.911760990066036,99.30479660428536
567.0244419652358,209.9203685445304,52.52968030360625,98.72001199469659
572.4611854008529,209.35030622628253,51.904982265990405,98.61534285849488
579.1976937283885,208.87286631271974,51.308015606341634,98.40171808986392
585.3923645425247,209.7550913663774,51.17435978434359,97.89700630862131
592.5411783680985,210.47159179524851,50.92605712251475,97.40152988878344
598.3685107996478,210.4818227364361,51.21683922749483,97.39091734240658
605.4168711908006,211.83693442591937,51.725488013060215,96.85204491940314
613.0818043610418,213.05654991619218,52.62696398825169,96.35734490275522
621.7778602060857,213.86735629516335,53.259634478949806,96.15096349189693
631.0569978432256,214.73808479619174,54.038179807087126,96.19262449940744
639.8763892435987,215.94528976294902,54.554508319207116,96.43253885902946
648.9342551776181,216.83455527017463,55.27514310461094,96.97251027072568
657.78423910968,218.41573567817227,55.736346199959655,97.5613994833407
666.7433885249734,219.1520016072706,55.964129293811425,98.35645194902709
674.224214193155,219.93027007923146,55.99106533690368,99.5609153999265
681.7013219279291,218.8614568821379,56.00101555491649,100.81862941770981
689.0446538807473,218.8975767106891,55.69918689250527,101.9365904470622
694.7530907979286,219.0589305053071,55.3872754070806,102.85330851700584
700.0480836787488,217.94963681483247,54.63464716649745,103.35916549024029
704.2040291650127,217.46813494292803,53.92336215863015,103.35041694809183
707.388756404664,216.8574223344889,53.22010593295912,102.51924297330449
710.1024832286446,218.77521668757106,52.58935323943517,101.9317862575729
711.4855870519189,219.3931145651266,52.08829542465846,100.97614291273054
712.3287619022109,220.27156369289878,51.80833364922257,100.04533487382284
713.1183208399975,221.96132074795725,51.48584762484551,99.33260695755362
711.2099295407218,223.37063897620584,51.03531292832247,98.86300838672231
709.81241425872,225.3694798782097,51.088477857407966,98.7953163974729
708.0320358691699,227.6737647895086,51.337157114230244,99.09368608140588
706.48924529414,229.5402952166105,51.51663584539051,99.7145585615526
703.5903639037904,230.8986846806103,51.43762765288426,100.55484965041401
702.8035347553774,232.5445261144798,51.517305541995356,101.60191952925703
700.2526502829944,233.28015719218595,51.38014330771463,102.63428920406015
699.0367278578901,233.0977183559367,51.22094540088889,103.35777857947765
697.4220832517565,233.665619539456,51.08208986256105,103.57579665559246
695.0714630216379,233.14712053251813,50.6304525151811,103.3350298722575
692.9025002023897,233.11874805876198,50.16100224577957,102.88476638642786
690.0890735758094,232.72020263849086,49.75301872983608,102.03938412535418
688.1103420247589,233.26952564658222,49.58743877163434,100.68972730380302
684.9896377954261,233.52872638714572,49.52725058875935,99.39728023609001
682.7701905865539,235.25547045367966,49.79369207986816,98.24977135488369
680.3253590896709,236.5178155513736,50.19881890267468,97.24872250738096
677.6668330036218,237.07897612212804,50.75951769647686,96.66916662561485
675.2185522315146,239.4744614808923,51.44035477246018,96.31501641513586
673.2037774459993,241.61847752488396,52.25446788490297,96.44018279822188
671.133375647477,243.09061007062863,52.8031517881916,96.89864674115637
668.4007154126316,243.77438506931549,53.32007652881744,97.61515479012358
666.4186882953725,245.3966443722843,53.98666377000385,98.53078623530288
664.9675551431766,246.02118890050718,54.62961386841717,99.63607850171789
662.6759034530043,247.00544228830307,55.20439235404757,100.64212721852721
661.0702267918423,247.15405497090856,55.70438736757943,101.74468200754444
660.28109449813,247.31380733569387,56.144269520159035,102.91448146288745
658.7214503945547,246.8460915940883,56.281232888671134,104.08917890953374
657.5803199490143,246.39561256382123,56.24745922431673,104.93345033773274
655.9526298243878,245.7190808810278,55.896044639432894,105.02467097565848
654.7626770911796,244.85255143443783,55.442842395964675,104.7373484181853
653.0347926440796,244.0949405051004,54.78334210605214,104.0091410929002
652.5122563055522,244.3454336286897,54.19449029885397,102.97006485510573
650.9366607141172,244.0965699986226,53.31506424463272,101.50145884516698
649.1187604312437,244.313389029571,52.31818296376125,100.13443147720182
648.0380863905611,244.98792455681001,51.56384992139285,98.88297548591423
647.5877533064654,245.86274508256795,50.867758677627585,97.88329098261231
645.9325571558257,247.42637969739684,50.20073851667228,97.0087771564732
643.0811948204448,250.0204421468813,49.7803757812758,96.66385341793523
643.0876841934557,250.83095672045636,49.81827590648622,96.87304640060691
639.8695410238547,252.63131677164296,49.71496330388535,97.28771478700324
638.298634978795,253.29430886795473,50.05887900881189,97.86733185742595
637.8943984833818,253.90650995342438,50.49257474219581,98.76033462423077
636.1135046920047,254.02899734151248,50.33784892964061,99.5922716551148
635.2419102054552,253.64714387916402,50.57317402353573,100.05690515189616
632.8514068575496,253.59836331951465,50.512267972917584,100.17688049355453
630.621297938582,253.51795063884015,50.52762487564161,100.31894788576253
628.2367891909103,252.92453284987647,50.229044504926634,100.06881728288855
625.6150458780664,252.2461660258324,49.678930571379674,99.18368195819833
623.4903464894375,250.34765023209104,49.196886897160574,97.85489195525744
620.7315159614055,251.39609270864884,48.77412351093309,96.70782066610136
618.3588976571556,251.8388458326126,48.55638700160467,95.57201994142636
617.4588954861965,251.7358169582304,48.482275518823386,94.52149268824526
614.4725952455857,252.26973679205267,48.67489200270006,93.79688693378391
613.5658015704831,253.2303232206965,49.08919308276357,93.5616176256906
611.0724733213322,254.62085730471114,49.614882040324595,93.44612043201128
609.1276379246607,255.24640123276106,50.1906928940922,93.84698388893025
605.9999063451231,255.3999278379105,50.65429976425752,94.42747101905496
603.3638211873188,257.1315641311259,51.339332380739094,95.32353528565152
601.4512950660732,256.5349497258705,52.00743152684044,96.1524508215404
598.8219122353124,257.32759090837385,52.58864496515644,96.9676775755675
596.417554309014,256.93591943731025,53.07200385745669,97.79484117453072
594.5769830516431,257.3792208267208,53.3417293647521,98.51852188970523
591.4155069037223,256.49197489067234,53.13875411695363,99.33949811296033
590.4146115422353,255.57078366072784,52.95250982863604,99.89662192206961
588.3768634251496,254.52217577025877,52.49528311282576,100.0689452774706
585.1168637899541,253.49780613363168,51.713791122688285,99.96263689561918
584.3854886433129,253.0227806400125,50.73135241679469,99.3254705519249
582.6188001932891,253.01127210781632,50.244512375008746,99.0664474077392
581.4078379555842,252.59900418668158,49.7612747543948,98.36035385357009
578.8317989600548,252.21006452937343,49.26114775506685,97.72507189041536
576.3488788885376,252.31363006047224,48.857269823302566,96.87415702046327
573.7573747818979,252.05780705269805,48.39887197731691,96.23053126744168
572.0263705182323,250.81049170325878,47.45669616321743,95.52943247222541
570.1626133013549,251.8169294230437,46.96451741307322,95.03989082057363
568.2728977865318,254.00967213796596,47.127991897843486,95.03409794520297
565.6992459291597,254.20809645345128,47.65624081827602,95.45450367872284
563.387660248492,255.24899280167966,48.127491384170725,96.03431800931995
562.7147909015401,255.58641322828652,48.65209187493049,96.51878558963892
561.5125866953462,254.7593297260945,48.86487826850423,96.98380237982767
559.3740694121605,255.1800071887429,49.318398134939734,97.39451227863522
556.6458453896407,254.2828082263972,49.42958651353638,97.43038077865923
554.2360586558236,253.2482110816884,49.320560623565626,96.99360459001899
552.2225171954755,252.88080234703355,49.21973769861983,96.22794307640329
548.7087650358313,251.96956123925864,48.93898729912754,95.06737017720702
545.4243700208698,250.04985214938588,48.68252002772011,93.70481539552674
544.25902517098,251.04539331524813,48.69143929788853,92.35689662562321
541.09489405763,250.6671800890798,48.784479661795565,91.3418575380276
539.2037058183734,251.25570792699432,49.12599920671515,90.51580735679319
537.291162391994,251.99849902732163,49.493557706736354,90.04259347755733
535.7279992746638,253.24627678198345,49.954581903203845,89.97607816179139
534.3244861079015,253.93120349878757,50.60119735568613,90.14238877351707
532.27697941684,254.25887949071384,51.10335766850369,90.52774437786032
530.7040045591117,255.4250047972309,51.618267526095984,91.00804430956494
528.2708324653976,256.1495330918171,51.90515204631831,91.34059665956336
527.2647053845652,256.1190656273074,52.38079441255772,91.92668939784025
525.8916977323522,256.4211038448158,52.77028691844553,92.88033481607978
524.0264956062978,255.8943744004693,52.959145541053054,93.79503504540995
523.1352510029077,255.53021673424638,52.97450175032035,94.59703899669452
522.5455931208643,254.11361903576105,52.63481185816467,95.12626071889105
522.810185824196,253.12922799746804,52.05697025237388,95.14536759310737
523.3693028721171,252.06051011081456,51.335349605389915,95.02684099458816
523.1452622133592,250.35885354380514,50.381733525673845,94.3809240298826
525.1743634429405,249.14158180044544,49.42198983344841,93.19842235249375
525.7934695213992,249.6147610158524,48.31771539301516,92.09759535550056
528.9857270653054,249.86722150785596,47.43321699450317,91.11249249864873
530.0906428387443,250.43067477419297,46.622508520249646,90.1217291735248
533.6229875563553,250.52360437829833,45.9278070496578,89.33447221255221
535.8662905414833,250.43831837678667,45.54725967696642,88.52460359896786
538.4849639595949,252.46467651469456,45.42741123857039,88.5061595170608
540.6172103346224,252.97001700371663,45.89679996205663,88.69209804966728
542.522946273933,254.60602108067647,46.44961879769919,89.33671301128715
545.7135669388757,254.21832001069998,46.87172410172511,90.08206144253779
549.9846878983504,253.612386210919,47.276077374731045,90.53789681362989
554.6025080880557,253.15507188381935,47.70133520393859,90.83138004060221
560.2153597242473,252.04067281736943,47.81495879007622,90.91114295812423
565.7722690130535,251.67713447285809,47.87912731115765,90.64718591425586
570.7903669304812,250.1100749795067,47.874219623274726,89.99160153181798
576.4303376573577,248.99847206271642,47.46617109859904,89.08971032903686
581.9112097487729,248.14896028990444,46.84847923052682,88.20919886718401
587.0124546601239,248.11331747172076,46.25485133104268,87.35049802665317
591.9409535425222,247.99469468776434,45.7943388949204,86.84832169047894
596.1521582601328,248.53349570826933,45.47195940507281,86.0909344872585
600.280470361568,248.02737640046655,45.13301546572162,85.63399526072384
603.1749765258096,249.15319052169758,45.257444795258344,85.35647571424566
605.6916651547026,250.10569765576818,45.56822284905674,85.08695031386416
609.0274593474514,250.58872104925038,45.92423904348472,85.01302543794866
611.7287450284953,251.13565211466647,46.27237769192551,85.12991317169474
612.00017595018,251.79261772653496,46.84859937230638,85.42031677919553
612.8032959763283,252.24666622874082,47.46538869508623,86.12866328960772
613.2471181839611,253.11436443247962,48.06900397392005,86.81620832843446
614.2245530333223,252.67587662731097,48.535201274633096,87.65735822802813
615.5905435045896,251.71275712922483,48.777212441397104,88.65026233717263
615.8402750863842,251.5553661369053,48.91178748772305,89.50010770777517
616.5563177885368,250.77885689698368,48.930292813131224,90.17918339520276
616.6207637907678,249.58336095810495,48.7581202146185,90.50152288152648
617.4220991868948,248.63341237700115,48.44796660757559,90.47590105417115
617.4642022287657,247.49013894077873,48.05653577331513,89.83220085821078
617.3904146753284,245.9207017131428,47.34251799135741,88.74854971686403
617.3357168023547,245.3830112809333,46.44237639809438,87.95715125389046
617.3461205868562,245.72891542964305,45.56792141822182,86.8881132659192
617.89597456841,245.57235777600667,44.827486173543704,85.86867161022504
617.2993889344472,245.06547612451575,43.96478619322426,85.01148159174996
616.1307502753967,246.3392681767445,43.178304956866455,84.04414465106503
616.1901042979232,247.05910824407496,42.57177142872969,83.6794969890146
614.65431576028,249.0284518541488,42.17882900328359,83.48730859203276
613.9533369652381,249.78042433515117,41.97805834572499,83.72263503238707
612.3303316375356,250.17008430667468,41.93692648594757,84.313493192787
611.4847872107324,251.07316451089747,41.9983327986604,84.81325553099978
611.0213979847281,251.84152113306106,42.093666510373694,85.26815078715325
609.2893920474862,251.3258035053963,42.28501383789086,85.90338472994078
607.9557457862452,251.14895816125645,42.53988322652276,86.51717545508001
606.6843605835891,251.36641701170095,42.84188019242759,87.0021798676096
604.9147081884128,250.37509326565714,42.840035604957365,87.01665612079793
603.1068966352766,249.6538657609808,42.56610921743999,86.49580994835742
601.2086766979146,249.43766406518677,42.235401894440706,85.63599537005109
599.7722410546717,249.28594436692188,42.03864875694569,84.35209441166144
598.38066051572,249.45964553324706,41.9372218316906,83.06643992799866
596.1546752999809,250.97501420715827,41.87412373213249,81.95672451850018
595.0339796977763,251.4165282510205,42.04051345834644,81.09690709971213
593.1483295742261,252.77261227738452,42.02915393638861,80.34377873509442
592.4971368012574,254.0683894600271,42.32427117273274,80.18610112266268
591.0121997144164,255.40998844590325,42.74855160785887,80.26342861592195
589.569317335665,256.38793644729026,43.263696829915425,80.5976536916392
588.1177788203297,257.4514720749215,43.84905654681954,81.0697755325375
586.5511553964884,258.34615483649617,44.43583609027243,81.6351766166728
585.7785948936512,258.0919020307079,44.87178320201846,82.30054705016016
584.1666370191871,259.415612867885,45.22703969305775,82.85038813978306
583.4159329432514,259.46037579860354,45.560963919109795,83.60716741025819
582.5150307035274,259.4724250291938,45.76539252880686,84.32303486475757
581.7644080179449,258.7200844098836,45.73593197116937,84.95639406758849
580.4250826132505,258.43024309460924,45.585100702005704,85.22935200078578
580.0123098652656,256.63901569021374,45.280303237617936,85.00102699962498
578.7720226487756,257.8924552287284,44.71128970558622,84.56543221672408
578.2994835110468,257.3200106670862,44.117857539263916,83.98821273748467
577.9565496655731,257.02876453630284,43.316904413217664,82.81428951271565
577.9740012817819,258.10844775897743,42.640122099074,81.86265336064034
577.784390864754,258.8193392628357,41.92246523899977,80.71737257474666
576.8241703224053,260.1403825926478,41.04159292342865,79.74675059674763
577.2638451673542,260.9696890256067,40.565278844445004,78.85956625627769
576.0628269782467,262.9503272371534,39.96156742755518,78.32922497760893
575.4362935212317,264.18117274661836,39.63124625145138,78.14706853700227
575.2153775169437,266.8186964059088,39.610961690746706,78.456414242866
574.0371276540991,267.60304775713183,39.69552309246136,78.9166436349939
573.7135621895526,269.74859032626887,40.015034200721175,79.6120172751011
573.1421442399369,269.8871719510595,40.279257760455906,80.20291074005465
573.0785027882167,271.52231584597973,40.59097272342274,81.09986929191946
572.2063062498881,271.76847467393486,40.795640854057766,81.50636649301535
570.5232141129177,272.0176926975581,40.95451969663271,81.5142586709046
569.4494951778031,271.75551290184734,41.01482153666477,81.20986771157925
568.5699138811526,271.64870071581805,40.87425761991793,80.61437524327523
566.5451335529265,271.57259938261564,40.5666290979034,79.65622134038989
566.7580375154654,271.978238232484,40.465501322380774,78.65457029444376
565.0314957518067,272.8484414306447,40.40006759391518,77.71566249002218
562.9898627674839,274.1693730326266,40.42921016091869,77.02054408567227
561.9298966555069,274.83360340383166,40.62814762626688,76.52431748747304
561.056560594301,275.5162411070279,40.85829984454196,76.0931563584434
560.2748553260328,277.98790769635195,41.30793584303812,76.2880778222818
559.3446917894205,279.7576527350218,41.77741916721645,76.69072331737556
558.2264394523362,281.0620372820747,42.328302937416225,77.02246878778402
557.529716678476,281.6951470809694,42.70820726351815,77.49462330403121
555.7429393977159,283.4053187712975,43.10968989129204,78.08592524045253
555.3291664155804,283.899807523005,43.50550406525876,78.80407065898123
554.3053572591738,284.3592582723289,43.90377876826212,79.48150731321891
553.553740669624,284.3755143832296,44.10839553806007,80.23027602622815
552.1547201100303,284.5374957100109,44.253101085958235,80.8101539741098
552.152551686168,284.553544361505,44.396751244067595,81.50241564700885
551.4956954604563,283.24967235900607,44.44819610592175,82.04834772802596
550.2122180229844,283.55624411708595,44.25448556414801,82.2802970449084
550.0486718543806,283.0844587540666,43.984471146576006,82.34065472773422
548.018080451915,283.89444368385534,43.292676103454134,82.07930074340089
546.8548331552811,283.3979788663097,42.59958055733285,81.6113410390451
546.5559198587115,283.2964860333668,41.944161796773365,81.03267824788051
546.3975761023817,283.53085126431466,41.30855108546076,80.02819405902567
545.2132848357685,283.48174347571353,40.596243440006646,79.0373871190236
543.8989221089904,285.06762238570866,39.94116590741774,78.14846740518874
544.4974527088414,285.9991457786048,39.56514134454534,77.47166904106544
542.9264199133513,288.236238739632,39.07572791063838,77.21500812435175
542.244806203151,289.52916042323574,38.94542970676365,77.07786280096744
541.9534279861139,290.7463838474358,39.13099121886772,77.45814755046761
540.1506006351698,292.96288840533623,39.598973734857964,77.95543342520637
539.6529454004018,293.45047536314496,40.304758874327305,78.58211955597562
539.1520475146467,294.7490844542373,40.85796657258369,79.15388101856644
537.3895873106204,294.8925729757015,41.30742726193226,79.88715012374733
535.4366231884867,295.9588983172845,41.51384254767302,80.23940921345428
534.8310477399864,295.7217429329926,41.7803179991169,80.5220566721064
532.5359696619217,295.8526881079869,41.90763359814795,80.47277202201454
531.2975823877618,295.6524058564642,41.76343026789701,79.93981775770303
529.6251561752993,295.4296848322267,41.56887615481261,79.26667600776952
527.5948519278408,295.1366289004097,41.16021966559882,78.22472562317364
526.673938009595,296.77386999441205,40.968138658096265,77.47709103610582
524.9226406289961,297.02081363534177,40.75980497920001,76.67219395977273
523.5238662795197,298.773035979036,40.75225085298799,76.0784150228877
522.6777157704149,300.3824069838772,40.75366954602512,75.78170823049047
520.9494149266923,301.6940012528594,41.22374855890982,75.72700805197744
519.6411033090241,303.13845316569194,41.666064209483736,76.09967015000315
518.083452009958,303.8082475981249,42.1921839539171,76.60594736923596
516.6959875871239,304.6625614493532,42.665069123208895,77.26355849925324
515.374007018544,305.4203554820067,43.19616624288208,77.54752180170593
515.0607764118488,305.72761444450725,43.68902781733363,77.9712263088413
514.3509005363643,307.06389089718175,44.112512964832916,78.74818922304183
514.8197568334391,306.81971494357725,44.60854921196882,79.85380206317326
516.1812328423579,306.12472686955806,44.99198147147514,80.56841699514337
518.397518818412,305.48534761079543,45.11484946840264,81.07771596705632
521.0133993858981,305.0672939929605,44.97337363463884,81.43933250057388
525.3342283194066,303.4218779431126,44.418987457990454,81.35329516019104
531.0958825953945,302.14063326825595,43.64691486792862,80.6664616186689
536.892546626203,301.4986361180993,42.66989025022021,79.80180527277255
544.1607035833141,300.7469173160215,41.64200777062959,78.5330105828454
551.4784040306296,299.8435125723015,40.93566971932135,77.61088554384193
562.5578256901792,299.9743486336995,40.07941009468007,77.0622758862369
573.0216267579026,300.7231061266643,39.47894304529294,76.6815584667212
583.7285124997704,301.36816263121597,38.8359845498386,76.4443987008734
594.6997501843508,302.39722068057483,38.43349483741593,76.30976418575096
606.1221919313742,303.37848914637425,38.17494366453616,76.55154625439633
617.6796997505102,304.3429053859611,38.294056978290726,76.91021701771524
629.1814019961654,306.4199654968003,38.62217638224385,77.73990769767872
641.0723003132432,307.1289389670261,38.958721194011076,78.27786583706867
653.1369210244445,308.1563880769629,39.17038400744831,78.93885373322294
665.4479618030379,309.1845754219281,39.30015257843545,79.33675870447115
676.5550372359367,309.4792203343161,39.48270543273062,79.94139664458771
685.7741604040582,310.7443371460116,39.91175913005688,80.4475640545981
692.1192227667855,310.9179464202621,39.956547276916915,79.99811415257582
698.6568217299603,310.524567844509,39.7956321493344,79.25329669718653
704.682306194874,311.02584303545166,39.605876903588914,78.42014660495596
709.7471640503109,311.72150424618894,39.540605734646206,77.5625575514014
712.637698955851,313.67457284607923,39.864949360455626,76.97440254842866
714.0519931328386,315.08564146993143,40.29916503785252,76.72029494282936
714.7452654013994,315.31342836303577,40.63572509686901,76.07098420109723
713.8869184244285,316.43014347867535,40.96454122888847,75.50881897588343
714.2091843586679,319.28759422998706,41.601481685734605,75.86572581142525
712.410343899039,320.49826673985876,42.005370261852605,76.19904783536774
711.0026596373398,320.956496474787,42.547408335193175,76.4522967366737
708.863799895328,322.8371564017903,43.07593391243261,77.29154040882065
707.5068736434421,324.35754771704654,43.59303100696395,77.98213728728032
705.7010172244713,324.37912036466685,43.81062505904719,78.490282623334
703.9533446979472,324.524782350544,44.09382049203944,78.9840703173054
702.7792120081068,325.1931138896859,44.39960564138877,79.56647640997349
701.8119497163799,325.52608832482275,44.696275529522424,80.14085561320137
699.9777962816563,325.31333833567913,44.77179942472643,80.97307441182203
698.8780390367592,324.555406678907,44.742413243515294,81.48687635833144
697.876386619963,324.81856032597216,44.712483004018125,81.70631698805207
696.9487835835203,324.3237075838595,44.65357877397848,81.85617276181293
695.535866167867,324.41977871499154,44.481699085784335,81.78086190649985
693.6941041913133,324.1753054734682,43.9442953235903,81.15813479602534
693.1917830907483,323.6104593412553,43.481644619866245,79.92415337346998
692.1448094312245,323.4702017332011,42.92735208791604,78.52948684309547
691.0648799897244,324.79615569755845,42.36208947280834,77.33332520744878
690.2015976811493,326.67196560011513,41.809973526985544,76.3000038375466
690.0309837617299,328.0046465587176,41.344369052286694,75.70978311182417
688.4828936179181,330.0615680279466,40.888041700979215,75.6278515465046
686.4530078932617,331.2754506570494,40.425471898918545,75.62482135757384
685.063279332111,332.3764641697328,40.129061606745495,75.78406166046945
683.8190187810942,333.55783362998005,40.0593351425559,75.94787303294368
683.367524013236,334.68782513049615,40.10493075785074,76.1672332077995
681.928057960529,335.159945960801,40.126666293821984,76.6840073676931
680.5228661956739,335.5671091652263,40.18388076377863,77.0538823185913
678.3980357702375,334.69165330422226,40.109763462185796,77.58627375690034
676.7343103383009,335.64899788244287,40.01787490764759,77.41661798382856
674.1248216286986,335.1598145145392,39.833865800363114,76.96069705236143
672.435616038591,334.99255945875245,39.92454604834258,76.11613132679963
671.1850787318144,334.3266590608904,40.02529488674913,75.43425404864072
670.3239143794046,334.2341594309282,40.211266904023006,74.5376674244709
669.0259249182648,334.7428725064598,40.364956473885776,73.90969194269636
667.8107398532387,334.3481616564666,40.42020119576526,73.0519793386361
666.6645557043,335.4568482856126,40.61342265068605,72.57193937807358
665.5085046248524,336.7585810097272,40.82506690285815,72.65692974992794
665.3390849098122,337.8947943485709,41.19195822709686,73.00842756603024
663.9734689830235,338.8145599631697,41.55877085879617,73.44643868950907
662.5890776116457,338.827069590681,41.909420581150684,74.02779196971515
661.4980684676545,339.7028663295313,42.27082763065354,74.42390619274391
660.2642099337653,340.1373717829099,42.53339790888111,74.75934839668156
658.8816752759047,339.1783664360193,42.76875979280913,75.41878961147418
657.9523152403273,339.3244739807541,42.82717640479654,75.83753848646691
656.9993587799685,338.79642541182056,42.96442794569994,76.56125911442906
656.1234282820153,337.15360591335974,42.849576371415765,76.98285153771177
655.2343171485434,337.2273052696291,42.55538066388779,77.19732907448642
654.0981291001954,336.87125526075687,42.211147902475105,77.40883513194574
652.6488126847637,337.23266008487644,42.24040741180541,78.00065217743209
651.3194888485576,335.7201943599325,42.020084699619694,77.71592796096866
650.5752491941165,333.9965104438837,41.74004258039374,76.72869877768544
650.6081870231042,333.3254469563595,41.07610100969498,75.32633322191111
648.9262487500529,333.19707351401087,40.28391829066079,74.01700358950328
648.5944881781488,333.7707555614476,39.57009160751121,72.8836406927428
648.4972683692952,335.14522328723086,39.04167678977464,72.31862252518803
646.7306050731802,335.7432238134787,38.228132482803986,71.87506150803557
646.4468220398167,336.4620328152754,38.035035338185395,71.79187501441373
644.4596101366502,337.2763626322102,37.60250867073298,71.76763604247051
643.6125046838101,337.9595770483646,37.607234264904896,71.94034731540908
642.5662463998558,337.9645329483224,37.550912551182094,72.60974845990573
640.9592499258304,337.5730702309136,37.55497054935803,73.40862399149458
639.3076549594526,336.7653084882984,37.60490082330018,73.96723958449769
638.4960706057426,336.42544896497407,37.91113375305598,74.38996313201233
636.8150360878612,335.9095527185078,38.00270379780616,74.87290222757545
635.3308178321446,334.863378121059,38.1233941754352,75.19475779587862
633.0081421990762,334.0158122903276,38.09613706602258,74.76183316957587
631.3364807016324,333.23040964212174,38.004450342968966,73.99668523036132
629.5366723722884,332.5088693293401,37.89391699822359,72.84851638998231
628.1981175648363,332.4404533159613,37.705898572814235,71.46253879206795
627.3585703222006,332.26210813829005,37.7157760676145,70.29162134883406
625.561679185955,332.4624922864517,37.58981413463103,69.2388878516097
624.7754850285006,332.84462030479835,37.55054471085418,68.56746787454631
623.2335912794049,334.7588456618445,37.77292206805449,68.59482756427795
622.5548433044708,335.88185710350103,38.072244480668274,69.15264054980022
621.3667743117458,336.30143905545526,38.24598202018014,69.46255859131108
620.5761696923541,335.8354629171798,38.647095467146755,70.10185212161942
619.5848143955517,336.1105665805734,38.90038229938379,70.57883881796468
618.2976178649834,335.247216760989,39.04594497531229,71.09045771906588
617.0649926453456,334.4524271870949,39.15438603691767,71.78795238752204
615.8738746657496,333.41923134075336,39.235635467713166,72.25301308464539
615.3405718189125,332.18734271982527,39.271164134066424,72.68092168178721
614.2029116795447,331.9715385926761,39.12159699405493,72.80755663181395
613.1821941656111,330.66361106734075,39.0178255705062,72.73874242627426
611.9377432049761,329.3731812722839,38.686773573319115,72.19320893663027
610.4381258022565,329.0785586406633,38.23716275383456,71.34050042160456
609.6919063598373,328.2555409194814,37.8999051026089,70.50918872842459
608.8274478513073,327.3107598186398,37.63185969157592,69.46285906342385
608.2976060731435,327.59406787104956,37.0882028605593,68.29518471389906
608.1490999718468,327.5896177741808,36.59182466989542,67.35206992493627
607.8033965317364,328.31187849832224,36.17909079160183,66.69507371325997
607.7536690505902,329.14545454752454,35.82876418703577,66.35666650316108
606.2568111723239,330.35310962657604,35.40749047213298,66.35505549514343
606.2465963034304,330.4786319907978,35.36354190365047,66.4414177596123
605.3936931477878,331.25132560114025,35.27011918909488,66.53878616655945
603.5935214034955,331.4661199733312,35.0588352896788,66.89102826944092
603.0707762568675,331.5782184781593,35.26716994280959,67.15477401500709
601.7797760071451,331.38748098914846,35.439768310220266,67.73152501498609
601.0167331026468,331.6514163893431,35.53576500312039,68.05425433800225
599.2593439674697,330.2344174511041,35.636929238821736,68.44248743443572
597.6626018498757,330.7282440213687,35.685743941233724,68.8105946298287
596.4728783557248,329.63600338673547,35.72391809857253,68.51385183903662
595.4830717018808,328.9853709243523,35.601966045237475,67.93262505600119
594.0116535068597,329.10467830335165,35.50884676778405,67.65960989822818
592.5539381915364,330.32132854507483,35.5128012631767,67.92980587092799
592.1942239718668,329.88552844246124,35.803169153971915,67.864710023604
590.3331745612209,328.95908665100364,35.76455892794647,67.24057501177737
589.1851365109148,328.4554727087584,35.69561523027964,66.36015181041425
588.7318927090241,329.6434862313639,35.867348688915555,66.14214573840879
587.5700814029356,331.1106787157272,36.29070453454449,66.39448185618431
586.7675226773721,331.7800049649554,36.863905605743014,66.743462395295
585.3491305105497,331.1378459774532,36.993868736155875,66.9197240634604
584.9333073503956,332.4301196229758,37.2182246097058,67.31100685054031
583.6212615199373,331.1303443907438,37.22929418161786,67.30478553499019
582.481883872832,332.17211395276024,37.195908534208684,67.36379568730928
581.6437162964502,332.57496363046926,37.29224245196403,67.67273477965279
581.3113268978324,332.33543219815544,37.45058400716867,68.05495226331846
580.1910442579074,331.3769976503495,37.43260412672492,68.5089388401621
579.7349806314209,331.3914314879492,37.35985212440329,68.57721408486064
578.6496063747674,331.2048790264038,37.150788158691086,68.56387685330554
577.4332063239245,330.8365468160656,36.99599542018208,68.44076000872312
576.8323540308527,330.2882647620394,36.87425981219576,67.91083400065618
575.9209963248288,329.3938319325277,36.57694005273461,67.02013327631778
575.0170556685601,330.3087312776164,36.194506595527145,66.43017795467057
574.8551845335431,330.1187880216779,35.74190248008223,65.57088843162018
574.7366655584847,330.4465277979458,35.31439769557616,64.83900917278041
574.6956005492119,331.1291936335195,34.77491260229394,64.08635978455763
573.4299504825347,332.2778080338141,34.2090969805673,63.78715878548217
572.6889911644082,333.96826532892885,33.832085267470084,63.64982358291743
571.9189289665878,334.6386276926357,33.69029855223285,63.578960792072984
570.9342896460629,335.7168933906887,33.55445295812963,63.42227597361119
570.6926495299039,336.739418952905,33.721543126494275,63.49474780411947
568.7914480716469,337.9976259912485,33.70384955024087,63.708940760208264
567.7438995438531,337.7838048775725,33.91022359004312,64.04584843869367
566.611094997596,338.6342771067707,34.05242674917724,64.64661959270873
564.7812503782961,338.791797682542,34.14844511413514,65.4559244590037
563.4991450447275,338.25133793542176,34.408625839713466,66.06805622350397
561.676629621095,338.4668713010374,34.58078252239719,66.62076051840722
560.2910963354383,337.24181830760915,34.85049392250696,66.7346727052911
558.6325489477963,336.8376563548906,34.950486885428376,66.5644715085897
557.5382386774027,337.7585954098586,35.01332088332302,66.29042872961696
557.3928191934114,338.5411049906725,35.322032818131746,66.39739281002389
556.9347462319906,337.4416610550722,35.27335072659932,65.3693092933614
558.2219089830883,337.2384785131144,35.17032630320049,64.6007353409077
560.3644120119978,337.7422766635741,34.84443861162269,63.89008657884096
562.1803160360015,339.95408321595477,34.890050702928086,64.02047671275766
565.1828821466981,339.9984710113176,34.76612451714884,63.7491313053234
568.1581099674423,341.7866604459722,34.75929527946921,64.04235058626747
571.6038961630045,341.22292025751176,34.80339755570323,64.317552372986
575.5566973119907,341.5851538689334,34.812259254618155,64.43522922219853
579.7203616636368,341.2456986370692,34.766603029047936,64.62823642283492
584.545855566113,340.6840358467144,34.71184000894654,64.63484633391256
589.2515841320794,341.5652147976016,34.72887923779272,64.85943251153725
597.7934877703171,342.5557337214624,34.815848328504735,65.39877420712014
602.5895012295549,341.32668171225833,34.827306517451014,65.64859074803492
611.1110131889931,340.881241627059,34.77651587494181,65.94035203005541
618.7157915128063,340.9516133759908,34.84314617036959,65.80805066678828
624.4803005009004,340.4126439814068,34.626539502469896,65.47648551918871
634.8978175042033,340.1937660201276,34.19185988124011,64.96595222618234
644.2402263777641,339.9786556258561,34.03566952974858,64.32109750756138
653.5626992189752,340.65953003449226,33.744178437169836,63.62583817221505
662.1470567519617,341.95468181846724,33.69686229697818,63.0154090959567
668.1165425187328,342.4984369931926,33.43977171436393,62.26161260582557
676.6503442464046,344.28955084786753,33.357722000475256,61.98268432350819
681.7354274160352,345.1965491812258,32.976576199544084,61.49817152348333
686.3524506260771,347.2080714235601,32.71456900217761,61.41881400094239
690.909565575894,347.4572922367311,32.418079542912494,61.19137198502433
694.6556249687203,349.01035746510195,32.42046759319748,61.58954760623991
698.3497142827767,350.4141726698561,32.48540252099275,61.91752420089719
700.7570970413462,351.35083242485155,32.70109163947376,62.239154079410305
701.9079094592674,351.3239644682862,33.238992026409655,63.09802637512083
702.6731648086414,351.67433342696347,33.87317659057065,64.03876485051234
703.2768040686553,351.63383313376994,34.4451525070357,64.93564996744358
702.8268023943903,350.6396621822141,34.80137815132702,65.35549397436077
701.8261460880321,350.5189307703083,34.80031396922828,65.29868046317137
701.1607341128095,349.77289109543744,35.01270384813277,65.04187048586385
699.0045341091676,348.76979886938284,34.73786935834626,64.35084009613043
698.0362754346937,349.6572141979729,35.0612001094698,64.13611810060192
696.0031129868097,348.9575849167094,35.06701913823346,63.76498293391908
694.6320874967062,349.20123353899265,35.20762801982297,63.28388603691394
692.9964646805583,348.91254909409895,35.131187361377684,62.58475708581999
691.937223105868,349.50118025859007,35.317315583695276,62.28219554152096
691.0514276259382,351.49938146315725,35.634715693296975,62.75499422033831
690.0214200687636,352.47834936949965,35.836248327597175,63.28465396581997
688.3241632527803,352.10953594444373,36.0588752770534,63.62626725802094
687.1001312032533,352.38569096105357,36.035163129082754,63.84023179621997
686.1833464399118,352.57975343516017,35.89098759961353,64.23304004931985
685.1525936335654,351.91331611144483,35.94106437929841,64.66208547979338
683.293074150014,352.063831423497,35.86815121322257,65.21489163051513
682.5151437507172,351.7033799415841,35.962958163549445,65.4503920698696
681.6161424278612,351.9751019711492,36.00195061352956,65.76403794747276
679.6816525355998,350.8468840402678,35.75125047022635,66.00898370265287
678.7344368339137,350.0727053343233,35.76712681416559,66.20859040405449
677.6383669474044,348.7651898191491,35.830202980921925,66.16199223442119
676.0482960047556,348.0157940823549,35.600399139825,65.86332207909568
675.4082407292656,347.95821321728295,35.60918994383387,65.4963926506112
674.344814837644,347.2895427672388,35.37958353997365,64.91547071138216
673.4657058138541,347.28486530813876,35.274846613378976,64.34677072464447
672.305149602175,346.61320523020856,34.813892929941005,63.31796000968573
671.7737356146254,346.34887825896885,34.34209310982068,62.359951325898734
671.703507453647,346.7408997320445,33.97925275847952,61.555371273427156
670.4932867847583,348.2660293953285,33.465625893284496,61.339416518010964
669.2370360211419,348.8503268154374,33.00518149194376,61.09509987746568
668.3278363350772,350.1345778762641,32.67593896687156,61.02177264060855
667.5992197034574,351.029713445503,32.45010443149672,61.07347683343723
666.7644977963694,351.7327632101939,32.25289969087079,61.21449453733165
665.3406305605506,352.4288159104513,32.17775375136025,61.539310227896635
664.2518586011383,351.8850043094228,32.365014777004106,62.05739555191715
663.4309819073405,352.485792358109,32.58184498306587,62.600278129929265
661.0411140677759,351.92518581447604,32.6725867313785,63.27665939885298
659.9384354403878,351.6039790598949,32.87132453272443,63.58176563367364
658.7572078175143,351.23470772150205,33.04231082438521,63.60560892290905
656.4990553262353,350.05428662320656,33.04359877431981,63.551033209877765
654.7409329189081,350.77001277421556,33.09373502841214,63.218803329505924
653.7595882045825,351.53602462166253,33.40531309269853,63.092656271117065
652.9598007945137,351.2342301611995,33.90314576443683,63.030276773921855
651.5849147200722,351.5858975944049,34.07038097751367,62.931522071466716
649.2932149944588,350.75998860997584,34.01043554959013,62.48765384304395
647.9627200968812,350.76246380631204,34.11531663159522,61.935512784172865
647.0649948553839,351.72876207876783,34.33641246599977,61.90902247285801
646.2732455258449,352.2529351326107,34.426704147233515,61.96966321972553
645.0225578068028,352.6674898492569,34.39385221410211,62.072688891566166
643.8538720537495,353.58520994841473,34.38208140720498,62.1424253328074
642.5943709279222,354.20458084067127,34.40838045947297,62.56281435998558
641.8224785096515,354.9353121823545,34.5797616743408,62.888488469755806
640.54389724551,353.9904175615576,34.68061464566274,63.35632749028783
639.8136701347219,353.81408383832104,34.948026231321464,64.15021933298974
639.071966663276,353.36865525870144,35.19805500229211,64.68812082306425
638.0164521082239,352.56122811521936,35.31898396705661,65.03154056451147
636.008851099539,351.4656365730839,35.31358280449473,65.29352752947403
635.0106891423869,350.87376146897924,35.40738153226023,65.046632510251
633.2675050417994,351.6003446611529,35.651067038046364,65.01963707107117
632.0327168577278,349.8364507470824,35.69419911412126,64.46643982993734
630.6122920998388,350.49119600374786,35.579476024766045,64.06581035767539
629.8145267340069,350.34658613076016,35.35403622115152,63.538860901323154
629.1318753372635,350.18152076330296,34.978075982678746,62.94775231977407
627.426862557161,350.3089810778858,34.52101394026829,62.5657261267294
626.7509731771182,351.21676611602106,34.31697438103336,62.46705937935435
626.4173896901057,352.3900887595256,34.18716025879074,62.62885530213836
625.1973113002315,352.1737784056462,33.81502923107446,62.749538737348495
623.4333106808202,353.42228489816387,33.637985008242424,63.41174740148308
622.9590707587699,353.6127749683645,33.74100163603822,63.92077219396232
621.8579980298698,353.7767950525998,33.83637872416367,64.52476312051951
620.3492926326776,353.24753201643983,33.78172297306166,64.72891573779191
619.8329007814611,352.2388285402975,33.63223960567804,64.65537220103235
618.257988570467,352.21475852363443,33.48292834269938,64.89465874221771
617.0366259768773,352.1526586653205,33.42538459372156,65.12239265069249
615.432689387706,351.84312898786266,33.48484411392211,65.34892874668361
613.743609534388,351.1365792154348,33.45257219709891,64.95232398779793
612.9511288042231,350.27195469220806,33.61759068238471,64.26479780765843
611.224065541088,350.951519517728,33.50709385278936,63.6990978293366
609.5536181213502,351.6479497894955,33.758927432041574,63.45816070384655
608.9825227978499,349.67060302810034,33.76364235005349,62.41350987772946
607.322877783639,350.2271383875729,33.678389455501744,61.66465602289337
606.5661690654217,349.51652951874496,33.52380786277667,60.58108536180656
605.9925446839088,350.7896152332499,33.61934685464627,60.31829992484683
604.9175801387819,353.1893234266349,33.788405340385026,60.78898031694648
604.1021815680402,353.87991864701235,34.042544161441455,61.25598006459953
603.0737822351891,352.6850209767291,34.288850073160944,61.40820654988028
601.2937227024013,353.58994466118685,34.4462274681283,61.73626716283745
600.3491697235612,353.67706338374376,34.55724855165515,62.08235388831305
599.7158594601672,353.73212274335646,34.82367202548758,62.52327313629271
599.0350129006181,352.80024495858646,35.0949893635266,63.043113600966684
597.7237237480344,353.06210363329666,35.151535735862964,63.58635742078912
596.8358986306929,351.9020938603619,35.085229355098164,63.760084518614846
595.9863578592409,351.4251638789072,35.09212442320193,63.78546212783695
595.6381191885994,350.8647792736638,35.09500385169665,63.89037614518549
594.772319476612,350.57838617952285,35.01062152995152,63.601324171522165
593.8123610091178,350.295645462377,34.82612877026833,63.302408437654336
593.4044956450787,349.5598327548953,34.56996497186496,62.43612320045714
591.827147252374,349.45096769216246,34.09736817054333,61.75024732836041
592.7409085226044,349.24084354384775,33.795005227479365,60.82577538058212
592.2167581653536,352.4499155615764,33.771284815233855,60.889870114656084
590.5855605533799,353.5967915066815,33.28581722332426,60.95530177432691
590.6772197702825,353.83476606862416,33.243354384988706,60.94988864401765
589.8553766912573,354.49427767785346,32.87367455907595,61.05620691248993
588.3883760480277,354.44228353958647,32.65548396817001,61.50088466932854
587.6129743747831,355.8834283757879,32.653273155456645,61.996510140892376
587.4891250299469,356.56198326664605,32.913315090687504,62.43652379133547
586.6004180070117,356.6116058802066,33.03382658490684,63.25167812848064
585.1804899541671,356.97801468537983,33.060145331358484,63.64463657060917
583.9724496063646,356.72846695117465,33.16097157711903,63.74273323802656
583.0735323646707,356.2092768890913,33.18380775327893,63.642078852534354
581.4475169810096,355.43018344651466,33.011117279603596,63.23600217929995
579.8745062673406,356.5936737121679,32.91152846982005,62.92508104664454
579.003170334388,356.42619959925486,33.03806104300827,62.52020020905512
577.7065080528316,357.95556738962324,33.13619403202442,62.30651544008598
577.4730955826776,357.67498595071635,33.09132275288811,62.23549053418161
575.7183206066287,357.8739823655815,33.4314422106775,61.762053766076754
574.8559293387614,357.5135976066954,33.59299017876999,61.24760332840466
573.5109120777536,357.47656110531733,33.57350579133109,60.36162765562364
572.639098697729,357.1404125689488,33.50478752345679,59.387292295423144
571.7677210819093,358.9947631217568,33.68898643681321,58.93228143257443
570.4572412262153,360.30888323175185,33.8583141253434,58.95358306744278
569.4944089748457,361.2777496795388,33.996515916748315,59.113611802880904
568.7165421415315,362.1194163174878,34.2405728427304,59.415877806386554
567.6756625248154,363.26750563761635,34.43540697488231,59.86039273531275
566.7845095153532,363.47548930476154,34.63671266574276,60.362170812418384
