687.5,295.5,114.0,235.0
684.0154316507146,281.0093596513103,115.21266601833383,235.18656863072897
683.1902387744084,270.1488735355218,115.33507704617676,234.9479709312758
680.8849473521282,257.5331088010528,115.07647491988166,234.02861195722056
679.1644163236623,249.2659405291821,114.7394596128453,233.1033079980323
682.6131245939874,240.72908778285438,109.82391467711452,237.2082158069719
677.4943751691982,241.6136224227323,110.17737650887088,235.82110808150492
677.6225892091029,240.5301882157495,109.52135692353394,233.02403873607116
679.7401229196438,246.74826536879567,109.63919525272672,230.83547163395824
678.3820228153892,240.50069461349074,108.83675732723337,226.8059454047
682.5248975626973,250.10608789751655,104.77914437207609,224.35658194761024
685.1487504066815,265.0523258785312,101.64793357813552,220.58909644883778
686.816081479017,272.9167349554488,97.11222365533483,222.05859296175058
688.9894563003463,272.2476732175988,94.30009310561769,222.7393598176158
690.5633113262086,264.18140321738434,91.22350814401534,219.78913423882105
691.68981600359,261.8326393951113,89.29566069334923,215.61797329999314
693.8502100129868,278.96032720826383,86.9184214731166,211.6466343100405
694.7439971723081,294.4594738599138,84.89270379981966,209.1393707461204
696.2236870840815,304.89956121467316,82.99090742754395,207.68260454490255
696.505188981601,294.30481276306654,81.02975831447353,206.8199640732379
695.8381770463211,285.2505363986357,79.10766198010776,206.77496570041504
697.0549461141193,277.6212203322625,77.58332493007913,204.98263538504128
697.9096372890705,271.37861265244743,76.57675572867511,202.81164938206157
697.5953537554095,265.7131343526355,74.93522410977882,200.01575013146572
698.4448881346259,277.60012910114654,73.55484806532206,196.9573329916213
700.1180441190216,291.17942848232633,72.33131045909451,194.6581283027481
700.7773280691403,287.5476415597751,71.90519616975445,192.4776446832509
700.8289893853574,282.6509359370987,71.13580641390698,190.1346824087062
702.8128446270317,281.11589653345027,70.08806835029722,188.00811977084322
703.5281800400168,281.13429048858046,68.8442101635634,184.65580990509275
705.9257307862806,283.62835942235324,68.51177852043148,181.11813771671584
697.3701130215147,287.74628428409994,67.85734327359617,179.28105927923326
685.0983952121863,290.008199250979,67.44181549808786,178.5266735726938
663.5631217764808,289.8104061759046,67.0782421912764,177.2753311740297
645.1841896544446,290.2481005442319,66.81617845683306,176.1031006967669
628.0825689543684,294.0268429739659,66.13122863384098,176.50571505757463
619.096830058035,298.43197929295263,65.97748517406617,175.70088217790197
618.043853120703,302.95414551538244,65.52694242855216,173.94011620795698
619.5645859334879,307.0257293942398,64.77121241012958,172.7233090573894
620.829661617229,307.9571754878992,63.83725185285073,171.78534440274356
621.1823659217621,305.99697019750676,63.298201759405025,171.08598445664248
622.6684217115093,304.3991833068187,63.018181168069795,169.93329688166475
623.5349292708004,301.14928716254695,62.768596792705,168.80311099027665
624.4469663169637,295.52518920047066,62.0970301247331,167.68570251379447
626.7461788732551,292.1244779494574,61.63586354181318,166.38430271204896
626.6228687469903,289.45380003047416,61.722304253827915,163.54682649587735
628.3744990225407,289.125209738298,61.477055997496436,162.66383927169693
628.5700272081676,284.7192492841982,61.16196506800584,162.39493246688386
629.5162524674564,277.29448457642087,60.608892906361994,161.19440923961625
629.7554663418528,272.3597370127666,60.48710174137438,161.83306654496442
629.5848165234547,269.49028696720825,60.441679260507875,162.5799407838776
629.8700767435136,269.40415612091476,60.587711256742,163.14502068897383
629.6956013313933,269.9243793044973,60.53297138521993,163.20497941881655
630.2912089864217,271.58657659753356,60.16550210072554,162.3318062988084
626.4555578727786,273.0906519231819,59.767365393685424,161.93640212463882
626.464203393684,274.5394178762369,59.958516816345494,162.78180539919288
626.5696115748383,276.0622367768432,60.12338546041708,162.49735252878173
626.1980904686802,277.7984954964621,60.500243110288466,162.60118935475685
627.8047994600589,281.02641052746435,60.55583781712151,162.91417147231783
625.7933982768257,286.3541890536485,60.29145689882842,161.96810138131423
623.4918702846536,292.5254928056276,60.16231035326539,160.96173083109133
620.093641727143,302.06342130511086,59.90859513933761,161.1128521341268
616.8404532964855,304.52307886184565,60.080527954632046,160.70348432061456
617.511341679222,306.62212719854824,60.53008450691564,160.81973682170886
616.9844957074173,306.05938041424434,61.034276521574,162.43292754460015
615.9785950128073,306.6576876091105,62.03160506857747,164.4877405669009
612.7806416223827,306.9596602071437,62.46770826818879,165.3223003051454
607.6460246607296,311.7552122432707,62.411624808682625,165.56895048246417
607.8764757970702,312.4134391612986,62.8129089678861,165.92618648863248
608.2156852263007,309.9114255003775,63.03330389354748,166.12601363805038
608.7126659686667,306.0298019194989,63.14268744532221,166.51599410287767
609.4580640731353,300.12916775964254,63.11333239563333,167.01372791483885
609.737074367203,296.61796112678763,63.39063138614562,167.80044391110903
606.3331713025455,293.09990333320127,63.222925487720104,168.6819336056426
596.3644644401019,292.2271112879796,63.931045389365075,168.6941333252821
594.8537209350797,291.72392232346954,64.40317951511702,169.3464409484779
595.9599239224472,295.71506214148485,64.46402006710008,169.28324586139746
595.7273878587564,297.5859747932527,64.96120847721298,170.5612488774113
595.1370807812269,296.1201406539696,65.42306512208668,171.25290093397743
594.0793657231497,299.18295450888127,66.03027277749415,173.33141960934705
592.9407421367144,301.56542851622083,67.04374686667799,175.33223058590931
593.2219949070724,309.81985576205875,67.91286311589442,177.84444657458013
593.6226677417745,316.83909818735634,68.52189769074512,179.9536019522565
594.2090687110758,327.00864390283823,68.82272260417813,181.18855760991576
594.6897542268109,334.8715390409048,69.14757462664019,183.12856742838713
595.1682083431475,340.46543816153434,69.58416707965871,184.34421919933504
595.2203885082397,342.9828978112259,69.78827613438312,185.58230776967238
595.7229807180119,349.8983554805583,70.59571652696484,186.8867750832904
595.358368645824,357.4732432870434,71.22559221567295,188.49505801829378
596.7999656688828,365.10814661687755,72.17552805236802,189.6041309057445
597.1847447785874,374.09417866450303,73.17022619110557,191.20587548053754
595.584955305087,358.47353406514924,74.2954497742605,194.3370877749483
595.6084576870106,342.69993279169995,75.38321790717991,196.46350632526477
595.2386447552116,319.9439814054307,76.68519285181752,199.23084885610405
592.996706961992,317.6998316786385,78.43223081275303,202.85914048717498
591.798431388326,316.7870688824393,80.20102041728794,206.90550701051203
590.4959399384096,320.52640353537225,81.64935575414012,209.62337853716562
590.119107679491,325.31115493344527,83.22643787594697,212.27338772679846
589.807128385238,332.24309380184013,84.46933145342825,216.36955485084857
589.1932298037839,330.6221421077623,86.214026950363,219.3354780346605
589.6729302007273,327.9210234677217,87.41330111184432,221.59348113429124
589.4802018214909,331.2354956077978,88.36825462114841,224.49904460560379
589.2306962588633,330.4946967900319,89.47777782421218,225.41348044265843
589.3833073276186,340.678132744487,90.48623705076102,228.50061472881657
589.5525614244009,349.52449197609394,91.68193322101934,230.81850875339566
590.4991321848222,362.9853775425392,92.76063971119362,234.36957125392806
589.559222953277,379.50319882844263,94.06870389753168,238.74948654344925
588.3734114455546,394.18470671916776,95.82066641626457,243.1511840493525
585.8100336875913,404.2448215201278,97.60080661770755,246.94752129618738
585.3718427438142,386.73417782731855,99.54326657208753,251.97739365800217
583.7026394733881,377.57436071373326,101.86018945319547,255.68187838718688
580.6279002117072,371.30614569308966,104.16378866022734,260.66697452420766
579.7941670671843,366.9149669670146,106.11649217218309,266.06643531459935
579.5471911600433,362.31893210818083,108.23880485396529,271.1273156859535
578.969575836287,351.988306952231,109.84837381362705,276.2728542134903
578.2227566509375,338.42956575083883,112.08242114133049,280.8326755597561
576.8528616577701,323.7352212690199,114.13790444650937,284.6611380829643
575.7688508131366,305.33915992857237,115.26004701018104,289.33931575653514
576.1089681857015,288.2744270302509,117.21738121570444,291.54535015669376
575.5938077122643,283.11969447808264,119.3062030485423,293.90319039072995
576.908525771195,285.4468347979786,120.76383072004876,295.7725074682231
574.9012249708861,298.1010034667506,122.60929627330296,299.32705846686076
573.6727865515992,301.58304889983293,124.1011122817605,302.8373356960941
571.7582250212486,294.95564692915104,126.06142766900766,306.3888687252874
569.1379392873185,291.3151696498702,128.40755800909056,311.8747024485449
565.480629477678,295.56068109571396,130.69697773823495,316.65573899747017
561.9647974507891,303.63916751006553,133.36159114427716,322.8994467107592
561.3086654801809,317.3571518495737,135.51915599835047,329.0753669172409
560.0280609072329,305.19832203333294,137.79845102929443,334.88747235050363
560.1937433569622,295.16832068100626,139.00250273292426,340.42986736625323
559.2898134808745,280.9738176176838,140.6484016150722,343.1758604924099
558.6477348330898,262.03659881821403,141.66548632243615,346.7178052629803
558.9924184025607,238.77433828274854,142.78772439856698,348.7554260043214
559.2765748785446,221.90173273340895,142.90341789915965,351.99062352267833
560.7714916841397,219.13188503314086,143.15220862230467,350.79083938143594
560.9695401095016,225.70393949041247,142.96707502078732,350.03400711636783
561.6006983536438,228.73013467672897,142.86032796666896,349.21460319393015
561.0803757104409,224.42860780979018,142.79489689332615,347.4831995303468
561.8074549138994,213.2164814222113,142.22242231285549,344.6600768172233
559.2310207585624,204.11146402367118,141.93369459234043,342.3442136345672
557.1066439577849,198.52848843134385,141.9691703771232,341.64616831348457
554.6278621532032,195.18966002482256,142.5101533092541,341.3453328665479
554.1871762511863,193.68235761227658,143.02941712111559,341.0096194982042
554.0085688251424,190.29412310324003,142.61895043414455,341.93822388843915
553.7820979212581,173.98776879414547,140.90835164018299,342.9533716240599
554.1799476475528,162.20391042265516,140.00209041441255,342.1582477145747
554.8210543127273,152.67393408802488,140.186597903537,341.10457008903546
553.7408240865017,138.78808319513846,139.9843237997899,339.7437435697546
555.0023373115876,127.66827127430344,138.98353727309532,339.0930075328846
557.3751450939709,117.22964408012297,137.27503585170035,336.0416635173149
558.2233560781332,108.36549103277218,135.85298887503114,332.20985379780745
561.2125651630746,119.63992800458897,132.68974981472155,328.3081794849112
559.286981674509,138.4723742366784,130.9400733622873,324.7981713591112
560.2914818204681,149.28080006256107,129.0286961354833,321.0664973196506
560.0804762435068,144.5039373939431,127.1282456843336,318.1736856390643
559.0347704426121,141.93842210799647,125.84504566998858,316.9238487297258
559.951909142103,137.93333003838518,124.3796870177165,313.8157219406037
559.2110303351625,138.11033703600265,123.26784149744226,310.03112470676706
559.5737796225044,137.8749441513666,121.25453545815901,305.67809989864656
562.0658544196687,154.34718036790778,118.32904446368393,300.5082379849734
562.9943341830715,168.4160441832441,115.9712341997834,296.0013792660439
562.7177412706599,184.49175727417173,113.80582451984576,291.93193665047284
562.6112023183866,181.7008243388887,112.25439107757536,287.81572627286994
565.5292743331005,176.3433852594235,110.19389492679448,283.28987700717875
565.9293191699063,164.13040552872232,108.08451114860678,279.26777547920125
568.3731062762465,157.86532066802368,105.70383223965244,274.0587026468876
569.7673367076318,152.44321842473855,103.48389663160845,269.12188315427085
568.8757009703312,162.57022538338063,102.27972370542223,266.40075192741637
569.2679727650134,170.79398498433585,100.63600628173396,262.84046932065974
568.1899993517038,179.04181353169076,99.40250518087797,260.899439644468
568.7145228099869,192.3306454185842,98.10285181685359,258.80497403657466
569.0820337258596,189.12177315558876,96.88291374513152,257.17491945215295
567.7339634084777,189.96370793798246,95.89145877404476,254.81911939544128
570.3212696445653,188.7399249168887,94.50286753447476,251.968701791236
570.8904760682026,181.9719968459412,92.79546421822126,248.17499288491317
573.2922684965042,187.54867906683307,92.02911557530194,245.22543436659137
577.6382117696602,182.16288106994728,90.34970165853728,244.5992013045768
576.6687891251954,180.36627314951562,89.10533109091476,243.37294769353582
578.388525418028,187.6330443627037,88.86478709983865,243.7892210172817
578.0227695798707,186.3077616970535,87.95028873491654,239.98505393052181
580.4576033899424,188.61515612858807,87.87442909817142,235.0054378815835
582.2730988370415,194.18396243586778,87.70130773369739,230.30698179931161
582.3479620148656,196.01383598103178,87.37813196606086,228.0464883157799
582.6575186273237,195.76566239004418,87.48714920093015,225.96594669808775
583.1009506686421,189.30075376515555,87.57738262958487,224.74047715892462
582.162991363342,194.06916063836184,87.74535935042226,223.6314845718748
580.1577685986184,199.4438383645525,88.02999649783504,223.22776357994266
580.7337196930563,203.11111961966753,88.28758930503018,224.00906010138985
581.7377093759236,203.93571408268355,87.71162357016252,223.19433936125952
581.2554953841532,204.53709961094296,87.33124535939804,223.60151980086496
580.2576926516386,193.9527825598064,86.35019271857686,223.46612634576505
579.8428964777765,187.26269663113888,86.51975297277612,224.18428801022895
579.2588324437463,183.32006826767628,86.6564370873226,224.98356718283284
577.0501032031397,174.62571499570038,86.39905130355162,222.23439340146732
577.7810633035557,173.863160821549,85.30605279985944,218.26862459828075
578.4109171377013,175.6780517316189,84.84725637929844,214.64062331568013
576.6250671275213,178.6568667611865,84.47888505528279,211.5909436578511
574.8291725451239,180.66677008578105,83.98931387995906,208.2523998594234
573.1758289325413,181.26240024709514,83.78061690788928,205.96824176400622
572.1909381399927,186.00662965966202,83.56724319475352,203.07802808276284
570.987144519963,186.47178389556288,84.19699637700509,202.049911510678
570.7485304243212,189.72695849454158,85.37721104709411,203.23663100397425
572.1814564902035,189.67281714088188,86.04220598793083,205.3352675340018
571.5084406746178,194.65465828536165,87.07140200704362,205.4120582293562
573.1500223367239,191.5955192672314,86.33089581974862,204.96883571630033
570.2215237037477,201.77412752917658,88.16993349097423,202.03216858511013
570.4876127058368,199.57523029334175,89.47109279377251,197.80390924666017
569.8707640869792,198.96968062360818,89.93835518317908,193.01289047547056
569.6194889014997,217.33181038679362,92.83574150308218,185.6007437573272
568.4273867331757,224.04835327758224,95.87164878019415,180.12365544279098
567.6634954402905,221.55566781199832,98.06453098678358,174.3854946509364
566.9209261221196,246.89079107971077,99.75711481248223,169.80557251736698
560.0054258056284,247.32659726093334,101.39299177297934,164.87561865177852
564.7661689988265,237.68911086816246,102.33292544578715,160.43760163019132
567.2477503056227,240.76851409707612,102.22941058304917,157.13458197274855
565.4880357684726,252.0987607889684,102.75771526579362,156.03746596933507
568.9267738899133,249.64582982900657,103.38390923851894,155.1429142807077
568.1766770209678,250.4557422406575,103.44561580428334,155.02005748833545
565.9897106762239,250.3211290060693,103.4655875028652,154.97318377736275
563.4994948605024,251.92081879022493,103.46636720636036,154.9715881560425
562.764417413257,250.36447947980176,103.46602973787513,154.97175394996924
562.5466671830396,247.51372198877922,103.4660071055629,154.97179664960464
562.9073481225776,238.58993845057978,103.4659663324442,154.97190774761
564.7598843349713,222.13443843051465,103.46474918376458,154.97437278407813
565.761881494308,204.99869584795823,103.46250199643877,154.979386086398
566.7689804253515,195.74742905300104,103.4611835059947,154.9827741684999
566.8631210782099,187.4320072828985,103.4584052509628,154.9902885461073
567.2298283269624,179.23648028140525,103.45568117313168,154.99814094997268
567.5646319853315,169.66376559723182,103.45359455827878,155.00432242403247
566.9181554413814,160.05999085015748,103.45147628272994,155.01035862777584
566.4507745922515,149.90831948106782,103.44681883063721,155.02332851744444
566.3275880189235,137.91337845066192,103.44470903471203,155.02891568689878
566.7125350250226,126.1582122185632,103.44245591120483,155.03509776047127
567.0689282333519,111.90670323808068,103.44073103181198,155.0400230700691
567.1208213329629,92.43237140595808,103.43901435205011,155.04494207489049
567.1825011467532,75.47605716528354,103.43778766655016,155.0481772456927
568.0372739271169,62.80437201706947,103.436431116443,155.05152450134935
568.4430384724681,52.53026431933799,103.43530280975625,155.0542648907088
568.6653354187067,46.585989557968276,103.4347111581752,155.05571228637302
569.1338770471759,40.716184637676065,103.4339367024108,155.0576016374555
568.9377769453903,36.682849766779995,103.43288349015926,155.06027887894246
568.3394059063083,32.88488692361973,103.43198550694447,155.0624579031231
567.1108496629715,29.929746146815248,103.43073899055115,155.0656206594298
566.1280821974711,27.378536987479947,103.42891831261176,155.07005275678694
564.3305015604568,25.349396654401602,103.42545106567485,155.07861599664358
563.2160168114815,23.878151351793846,103.42366022770334,155.0832527886877
562.4836243552535,22.976312785104255,103.4191341412428,155.0954748916256
562.4416809629747,20.86011509327824,103.41464685497715,155.10712709595634
562.0241126275073,22.215274859230277,103.41086162134802,155.11769689396255
560.9463721799381,24.915736399788273,103.40772907311177,155.1264618087572
559.7985218221274,26.469771216037614,103.40429648795187,155.13697919331784
559.354989186504,30.611895058976913,103.40177471448277,155.14460162462674
559.5825310059223,34.75138094473071,103.39941735037488,155.151638687958
560.0871842721463,38.9078919802578,103.3977933798014,155.15720201271682
560.9131650413095,38.19550253865924,103.3961905183853,155.16252655974756
561.7764207467092,34.62047460203952,103.39504248134246,155.16587918973138
562.8286268736057,32.392511585160634,103.39447177074697,155.16748097803628
564.25621931436,29.60237590701314,103.39417199055674,155.1682635800588
564.1667614017198,28.473435417336972,103.39359939535076,155.1696810317317
563.7099941720156,27.642489479786192,103.39285177124763,155.17132415042457
562.2021714150934,25.4827116421055,103.39213604851982,155.17280464573224
560.9898836446799,22.98237097686318,103.39157311583601,155.1738598165489
559.3065954261658,23.17465685799607,103.39105002931997,155.17491574126052
558.0398552009834,25.50279061207364,103.39045068956942,155.1761723419921
556.2466012640203,27.514783031235737,103.3891089464913,155.17914072403534
555.2665089756334,27.122079491342546,103.38653796239012,155.18505500835434
554.5005639660304,30.236101596168453,103.38382653162961,155.19137626195936
553.9784689360563,32.73982781826086,103.38212435296109,155.19565258135486
553.7138486599629,34.733833017164,103.3806018750957,155.19963036561646
553.2002489658655,38.31697290687062,103.3787904905854,155.2046166651522
553.072047433244,42.300047091674614,103.37764227318387,155.20787394663674
553.6040161875577,44.088086993587,103.37645212383235,155.21101205357857
553.7771517627638,44.76083914599535,103.37500984729303,155.21478083435605
553.3552562499638,44.54967595984586,103.37300965222812,155.21996225245047
552.5190354027573,44.260862085958536,103.37116974950378,155.22472469289403
552.5800061280858,44.81292847483222,103.36922341603417,155.22962681104357
553.0328755904087,45.218573629967324,103.36761292366204,155.23367696012014
552.7251498351534,43.32153817795128,103.36426790678716,155.2421581691754
553.2441349627838,43.266961935630405,103.36283005356462,155.24567248506497
553.1155940064447,42.39597931855792,103.36100783697633,155.24986430078343
553.059676694075,41.64323066511787,103.35902749682518,155.2547115594076
553.2375489374904,41.320630227036304,103.35743479536823,155.25850136951544
552.7971913244976,39.56445929562109,103.3563154547606,155.26116653747587
552.1567618934789,39.3156052313109,103.35420472279604,155.26661376297622
551.3602827929279,38.850307774235745,103.35234766968671,155.27130935032523
549.4509436580943,37.903303731750114,103.3506676629869,155.2756872368178
548.3812763666712,36.69413723563842,103.34901031963977,155.28017707413395
547.1177454329074,34.98876210637657,103.3471784779844,155.28518492581256
545.6907390786694,36.50631871206723,103.34450507119571,155.29223818591257
544.0194802683087,39.10290326986775,103.34082460994675,155.3010749335012
542.6432007394938,42.16593108910111,103.33678376447004,155.31085828047762
541.9615783476016,46.51476731463457,103.33006776334229,155.3276223604776
541.5903359198387,47.6321063246742,103.32224863517956,155.34653325526955
542.4516659636857,46.99771781225341,103.31787518097704,155.35714837768344
543.0766985567798,44.87613545511675,103.31617205915065,155.3601569182507
544.8485823751955,45.32457987676291,103.31502746537944,155.36210003849752
546.8576073006717,51.876522243596455,103.31391534712371,155.3637345995692
549.056786432656,61.37153178415487,103.31298797991398,155.3651076540725
551.0839834781502,70.44553901315292,103.31219467704207,155.36634131924532
553.0815617781251,79.99572117530053,103.3109705626728,155.36819371553116
555.1742050346479,88.58776354928635,103.30985858728579,155.3699400375058
557.6716085126557,98.83873310032047,103.30854471140951,155.3719892014288
559.7726999517906,107.96796010648674,103.30750366739869,155.37366702503374
562.0902954416513,118.08355671037296,103.3066606033268,155.37497580090388
564.4177312262357,125.2251197339502,103.30602296665303,155.37602371920352
566.3095752553379,133.87730936909344,103.30566630264416,155.37661232916605
568.0814960320773,142.1307250778133,103.30524244134963,155.37732829026635
569.4915480188802,150.77012206814032,103.30489926715195,155.37789031241994
571.9853641004901,160.90600472802652,103.30438773228919,155.3786393359093
575.6723521963227,175.1345613615054,103.30353518640636,155.37991344382942
579.6365958480842,191.2490567621174,103.30298396000128,155.3807200058867
584.8818415756186,211.36856154705498,103.30249990544512,155.38137642111894
590.4341937753277,228.57292819774432,103.30191862156651,155.3821050948379
593.9424947821816,240.01187426922374,103.30146088352393,155.3827720644279
595.7554436105102,246.75083703436852,103.30131400697238,155.38300739229265
597.2682573594864,252.0612572558819,103.30120254219266,155.3831968030867
598.7338015828091,259.04461426522795,103.30116081986661,155.38327775204596
600.9994386955349,263.59734350503203,103.30111227571997,155.38337480680056
600.7424514042101,266.6435082025198,103.30104907045535,155.38351224303236
602.0856301763295,268.61784624797696,103.30096486262704,155.38369489006354
602.5122785631636,270.4399647842849,103.30091310887161,155.3838002399331
603.6693247694138,274.0337522766611,103.3008639798335,155.38390311544057
604.0962795224148,277.58218807533257,103.30079744754089,155.38404880630569
603.4463949442279,282.4234510480899,103.30076275087958,155.3841305115479
604.0112914657856,285.83620698453194,103.3007255623709,155.384215448051
603.6735438196265,291.74077766895687,103.3006881560578,155.38429439322698
604.2387390710828,298.19734432566776,103.3006298846667,155.38440532724175
605.0096986099062,303.7093872132264,103.30058295076535,155.38449614971964
605.4315911166818,312.52985065165433,103.3005421555635,155.38458146463628
607.2920605948585,320.5619047270093,103.30048776074887,155.38468039095278
609.004106272839,327.1545020281892,103.30046199469278,155.3847332098576
609.1792527651195,337.15027621456755,103.30042622801575,155.3848115766028
609.7732485415413,346.8558683051847,103.300390412286,155.3848899075756
610.7159920223411,354.8053830382197,103.30035262175282,155.38496932822426
611.5457088284479,366.8975179410379,103.30028990873966,155.38510008105965
611.4599017585301,374.9316543170937,103.30024106229676,155.38520959213153
611.288446982088,384.0556150400832,103.30014719315905,155.3854094077493
611.8020453532175,394.88547303186186,103.30000833702375,155.38568182751223
612.3946803486823,406.16108685380993,103.29988932704342,155.38596404079388
613.2240015063492,414.5854314563217,103.29979775099804,155.38617276973025
613.240332717106,425.3536031682545,103.29973355302167,155.38631501786182
613.639847725476,435.69630127620474,103.29964270473488,155.38650763863126
612.562287418412,448.2882872763575,103.29955949958807,155.38669014882373
613.6091388249799,458.35004861507883,103.29934347234081,155.38712605902757
615.1593659279881,465.6445706751951,103.29906297810119,155.387569968275
619.0737155685944,475.41632449204906,103.29870422728423,155.3880686822233
625.0622830902312,488.1441210564158,103.29732869023611,155.38981197927106
630.4911974975992,497.7658436264876,103.2951345648313,155.39218593092443
636.3609811198635,506.8014821669354,103.29403167577128,155.3933823760298
642.6705834100998,512.8757712196626,103.29105519893643,155.39650333673748
649.2365438647124,521.1888267762124,103.289893528908,155.39765433911637
655.076971679488,531.1358519086609,103.28863670764532,155.39865030835026
661.0237076875597,542.9633908501985,103.28713818698512,155.3997613901188
667.1848995151695,554.0995426573608,103.28550286092842,155.4009524962533
672.7418546197175,560.38863883034,103.28366178177617,155.4024329637103
676.0413585288896,554.0084217581463,103.27959748683877,155.40712980341027
678.7586867965376,552.1367533220291,103.2769330055285,155.4099554966743
681.8733519020461,547.9493244680895,103.27166142259371,155.4157221706179
685.7802725282385,528.5039713359839,103.26526951102936,155.42693472145015
688.9455902242546,510.9436011425836,103.26403942676681,155.42925927573123
692.2024599010141,500.58965214485596,103.26255288086519,155.43179876593754
693.6521796248489,490.0726890491062,103.26091364033337,155.43499375626516
633.7576284169935,379.0230116046339,97.02438891981393,157.02024952411605
635.1527637462198,381.36751107592625,91.65573076250585,157.72395411470396
635.9306483790982,385.47314461321537,87.284147716918,157.1417620904797
652.3238057209759,390.18284838357056,83.57481362398295,156.37441887319454
667.6233545457401,395.67784275929404,80.32228694308243,154.62323875364464
683.6034906031039,402.0418839344229,77.87368207994186,151.82672359546453
689.8070783643426,408.3104640088766,75.88307817459074,148.89095905355177
695.0120358096701,416.3476710744351,74.05480257379173,145.56548920496655
698.3671420010888,424.51415356344796,72.51862430960651,142.41582996729724
701.3548022657483,432.00929011628546,70.86953764411834,139.7179886929821
706.0296103302962,437.5926488220015,70.02715418103807,135.9770234444834
709.4917941151205,448.0358233502928,67.78329045660448,134.95270060250039
710.8507686789737,458.03768423492966,65.83110586337114,134.66064684775296
709.6235529651332,468.04329736672736,64.3961585049653,134.5034664520775
700.3011794441161,480.52358992314976,63.34384019360588,136.06775507275327
686.4560935960706,491.00035931493824,62.002826739550564,138.49408956493306
662.9388563582071,492.7480104291135,61.51645008002357,138.93077176117373
663.6806811925422,504.3911986352156,60.78217772162938,140.00264310592755
664.7516640417194,498.013062238411,60.22465320827255,140.0881423933721
665.7642436306343,487.1775542172178,59.59732892748415,138.48515826791186
665.7496488034872,476.9645653009061,58.79678902474098,136.63731522346006
665.4868591017396,472.5323307295183,58.258346960073645,134.91801456795673
664.8034877716108,467.25981656743943,58.58754060147127,135.09506765712922
664.5434030892228,454.96311079345304,58.86907207185522,134.89705350014592
664.3946300177993,442.63432127868293,58.47025613651248,133.84968982643915
665.379431511844,430.49968214320336,58.337241531143974,131.45718487901442
667.5556567601877,435.7961967773897,57.80528282522809,129.33256514891087
668.5725302046278,454.6306472663159,57.31707865332778,129.0974753588025
666.7187919607445,462.10604645357125,56.739954883220854,129.19898792789536
664.3677492679234,466.4950022421082,56.78256065079059,128.31192355693713
661.904882279475,482.1287216772474,56.69759773971743,127.73828275184424
660.767918826105,498.7417289019428,56.872069766696754,128.61901497603753
659.8758915238384,502.6177434374109,57.01900269383131,127.97470961802247
658.7821635412182,501.5803840726684,56.98715886582814,128.91483664886096
657.7196867268705,486.4302162999929,56.704772921617284,128.53512229797172
656.6720373379961,477.96985816198855,57.36467109416409,127.20188845496185
654.2931094640193,471.25344649396396,57.43286295509402,127.7248225698196
653.5211520679484,457.6694182369341,57.453668788037774,128.61848790956287
653.1444532769467,443.2274400305697,57.53854347565859,129.68805986184242
654.3368709031715,443.3412186308668,57.387706283435456,128.93402401306253
655.479632596735,424.32128367385576,58.67480448024713,124.86029605721156
656.8412009873856,433.6023344538643,59.732270869340745,122.2352987223532
657.1880827372817,434.39645228297974,60.35931601861165,120.08312373116028
657.8373869868464,441.9805788726678,60.77381212515705,118.23410826082959
657.38470397105,446.34263812544845,60.58314160336673,116.76578666460057
656.6018498160598,452.1495119930148,60.39990682290839,116.23393475771488
656.7471500681169,456.1879491559901,59.933418719206884,116.17505626611492
657.6479597823826,450.157730633315,60.03266031553189,115.65821517425809
658.6326782238168,431.3747199905806,60.01673824704037,114.84033295630884
660.4215949578308,413.536853721389,59.7252371478631,113.64607419220192
661.8751500828596,393.27176319714295,60.41809580802282,111.09424306418038
661.1537345221441,391.5353859139361,60.426662269572205,108.86331759214175
660.8190210991772,391.76082639134773,60.44154452360228,107.13657835427573
662.2282204427828,386.99568538483027,60.76446797231646,104.87323358203233
663.5299256897794,390.7112312529289,60.45384503020314,103.28320820630876
663.0317056230612,389.4120389294187,60.02085968565806,101.82783470895035
669.9407144626014,392.9432047724402,59.62345052708539,101.49685392165007
670.4495908247951,394.9014088393694,59.36873852411441,101.33538200605338
669.8172964791519,392.40736472478085,59.59069678136463,101.12314188516334
670.4284288542647,384.1965812041543,60.078514562114414,101.10411711428259
671.6845104081281,377.27456977845264,60.27011255515662,100.54527455583492
670.9600382854575,363.70192421625177,60.5478728567494,98.98674640533429
668.7796362105552,358.11581007661164,61.26715340692929,97.03548339738317
674.6505589424318,354.00838338630547,61.13729028875713,96.2696343777879
671.880126507099,364.5728771950288,61.43003771252335,96.26731759774364
670.5237926911076,365.2842537940394,61.741006755181225,96.06282242298447
670.6473915046925,364.0767807872998,61.88580113073699,96.81418873408636
670.4465786545293,362.82368465135437,61.92321047359386,97.57078619835242
670.0049301538471,359.92230309878687,61.45883906561067,98.44694360204089
670.5393817517571,355.46249886928024,60.83843784413487,99.11382455250916
670.265696426737,352.4215633070877,60.6600945258982,99.14346341142183
669.9919534756154,348.58584994816266,60.27132628442639,100.00445006579541
672.2212729704241,343.80710106585207,58.82687749180001,100.64867211172756
671.0204683006017,335.21291915644224,58.83553152825266,100.38250902930218
672.773530800191,329.97043134045725,57.473816662435816,100.33482799165539
672.5034896105843,317.99720628698236,56.41853077554366,100.07593675949381
671.136007920913,313.1671428133328,55.6449551934757,99.4141223310605
671.2013282855669,302.9108514809707,55.0760058079522,98.01505338445673
670.2866350238945,293.66223503913056,54.87802688520636,96.79603108014865
670.3552670093195,304.15321490187625,54.85474743210954,95.45876472929098
669.9178367768818,315.38431217763593,55.00423695343857,94.02918393204409
669.9886928537625,325.8416881873801,55.32253291425345,92.7593904086496
670.3381515751893,336.73485112718305,55.35212620881916,92.026607619864
671.4292766401826,347.17990254537966,55.25994942592409,91.30847705825099
672.6757881353535,359.0193407047755,55.28623571788517,90.74012968538217
678.496890987853,364.7548112369126,54.415626921455406,90.02363178974818
679.1345043534785,378.6250094717843,53.57153971895589,89.28075195208481
680.5303018213392,392.9003682188112,52.64482153036587,90.09553013979374
682.6780606802336,400.2101660819767,51.46927222688379,90.83864250519856
681.4328636496758,404.79778869592377,51.75372532616136,90.87852903694792
679.0686376871386,398.7307644659276,51.65589379634088,92.03313394683042
675.5685742240064,392.2338711727044,51.51753576777123,92.5569021464359
674.4028629251238,384.72353807402374,49.763326994991935,94.8528950726182
672.2407668746281,381.47943886536956,48.22527782782551,97.00682205895728
669.3497871951085,373.0872343186652,47.38969968839051,97.95574092562039
665.7544071668387,368.6147038072556,46.7912565779685,98.38432627094939
661.7594259067777,365.61781634077977,46.50526580524379,99.48576054380577
657.7620184672217,362.52726678947556,46.34225712173383,101.00216438350523
655.1943649559556,355.41856356173804,46.30167369855668,101.9548947449251
650.3253229076511,355.22451607999744,46.22199255926489,103.80607047222317
647.0833526958013,347.41051934105815,46.10064686159592,103.70926860861
639.2025187482735,346.67349293996114,45.86166053607057,103.19809799829036
634.8713795979407,346.46385587339546,45.26604622809349,102.63949552781834
629.0784354873396,346.5730092848852,44.87900163374422,102.72676216827882
624.0038738637613,343.04697174197577,44.39565093528283,103.46565633063578
618.5146590305492,339.2622257639778,44.135993901267824,103.5606166360884
608.569077607811,336.37033239114055,44.099903023599595,104.44448864024687
602.1339902684407,338.10020458596347,43.771042057808835,104.83529633266274
595.7283011461486,336.00629910165287,43.58616442775924,105.23843384890667
589.4754445603759,331.13540707192703,43.42709602887019,104.75700852725485
582.9910558804506,331.27904331374,43.518772444201694,104.94105109971446
578.9361281424474,330.4419731610472,43.44160666471488,106.16174042729774
569.9080172474274,334.359059744855,43.492125482342765,107.6582042378316
565.2495250463046,329.38648262672837,43.44544525751334,108.81060906917766
557.0754208889517,334.10174939946893,43.41384896101297,111.12505538209493
553.3734528641901,328.6130504317563,43.34974692841344,110.41378506648266
553.0510988543767,331.6199789518045,43.47954103145231,108.68090765971752
552.7905904633493,335.95670652411025,43.47886917338959,107.94064238403307
548.4170102243028,339.92530070022434,43.19744517119689,108.34918290601142
548.3339303694627,342.64481202062547,43.237800799318016,108.68191262269207
548.3864497173373,346.8088561802189,43.440352737199404,109.6214701393816
548.1376199574116,342.372120094366,43.73844985647139,110.29882967833603
548.4540022523295,345.8704066603808,43.96288487591539,110.17651649503685
548.9017679448059,348.66711282932476,43.996943000926365,109.96121790379192
549.0939750362794,348.9251595223857,44.20593072685401,109.40151524498148
549.147677225744,352.67318113684826,44.18109992568623,109.40216658087566
549.8235045315039,356.30004119534533,44.23612399077185,110.34712352686981
550.9632032908863,360.6108467891305,44.43215195380331,110.8714721934254
552.6120308917184,367.14395785537897,44.18558651578033,112.33738030232252
554.1184071634193,371.4132085762766,43.701153569622775,111.713079166466
556.4845178873494,367.49709354560184,43.62271019793448,109.47668473135563
558.0506684583909,368.5325839615041,43.810465732716125,107.83382680742801
560.7946060610979,370.07565202428856,43.781253514057596,107.3053319496356
560.834451143631,373.83907901594955,44.15039630792813,106.99635106277968
562.3811324710025,387.47220896151106,44.09017431251721,107.29394538918602
563.2433100089432,393.8281906945189,44.255404850840236,107.55135657984754
565.3212491224406,403.35747052051363,44.50505898392254,107.92270758764813
571.4657447331433,387.41972299897583,45.19030234351074,107.49543010875102
571.9207661023552,368.078238364444,45.31545209471106,107.51128512000224
573.1292436864552,358.4329056477283,45.319013179028595,107.50545130111422
573.6916880426953,346.0359635573434,45.31907272971666,107.50534820771423
575.4668323655025,338.16143548499633,45.32009343125509,107.50470380614365
577.1807445475355,323.42465045934784,45.56866805972748,107.3006272204777
