102.5,445.5,38.0,25.0
105.65156137553834,437.79175777539916,38.17765355889037,25.0372482278882
108.98294093929148,433.3817704873608,38.343662684710495,25.1481525982764
111.32686817840913,428.54617533856623,38.717761751091906,25.431247993826997
116.37594039883248,421.1365201684805,38.888921585757885,25.45663781703071
120.92967482243728,417.0933638693168,38.95077570607761,25.519021773085125
124.76238218161252,412.73911441149164,38.79895084673589,25.641727193557266
128.33460183310135,405.2218963414669,38.72684058810029,25.883374828052474
132.22111429302535,401.5719627996522,39.24949857535675,25.9115544040525
136.3148407201507,398.494704521029,39.263448385290644,25.813939022364536
141.60688815498366,395.84776213730277,39.085142890929866,25.812459886771478
144.4942532545902,392.0187181452953,39.2400582300469,25.871965126187977
150.24701161623258,389.87123367557456,39.36332282542668,25.728839449693147
154.26194705342886,387.17805734502457,38.62125083256487,25.86400001789766
157.6890370572129,384.1292570741937,38.28202920664969,25.3956401523024
160.42221115219326,380.15852268575844,37.63804248595772,25.573625881687427
163.7500023916725,378.3452545327076,37.33549593381811,25.359106079314373
167.5339123464126,375.26988660601825,36.94193234910596,25.076734079757284
169.69436648268174,374.2117367480835,36.139081184493094,24.71474776771845
173.5349519581798,371.90427502489536,35.50584142780241,24.31311209010181
178.7770514281349,366.37943094623677,35.08333377207186,23.93700373862993
181.56441625206344,364.4746473314591,34.86947877707732,23.504065894637908
184.96963961223008,361.11086607853207,34.68547305863615,23.422061425852114
188.06536522315758,356.8819264193517,34.36190790321793,23.489497896007276
193.47113371379365,354.4371863620331,34.39964746460936,23.25662111901234
198.70398541883392,351.6303206675952,34.17200500576172,23.031955958663357
204.81945313263182,347.38554961959164,34.05826089286319,22.315482467817453
208.42665100108948,343.3552595356324,33.98683428741761,21.756027464227103
212.6827059423549,342.540601170096,33.726100556925374,21.357525038653215
216.1742445268976,340.9102684682951,33.30556773369563,21.202680503061263
219.30157398580332,338.9424016982543,32.89266372921432,21.116429942801087
222.5719117141268,337.88237507569306,32.41511054505879,20.916612954387755
225.32949935436022,337.40490590843484,32.20010425568081,20.919268025697725
227.21956508417776,337.59419340540967,32.39172758539813,20.687234075864104
230.92304121085868,337.58230668699866,32.53734901291398,20.210127509710702
238.4802633813053,337.1285823068779,32.19294136940845,19.964414744225877
243.70481479453366,336.4781436043458,31.926021808637774,19.877247195943877
245.07093843083288,335.6223432502005,31.483136966611827,19.93445971491859
249.65948706935845,332.2161780776763,31.34050738670427,19.813140043182315
254.1720130556862,326.98127470000946,31.432922340623477,19.919249746514048
262.8859620102204,322.136594199254,31.348068712560874,20.022880195351703
263.68741645497533,317.4398156929699,30.85428007279928,20.192158757907684
266.8459849649214,312.89160549255473,30.45217496284974,20.06092279429705
269.5931332740143,308.0320490945687,30.06981825173796,20.073159789182704
272.66769596820427,303.4611121916213,29.931125106705156,19.77017218302925
277.8122786105031,299.00236278141244,29.998329794336566,19.58037119875942
277.7043923306029,293.8214519031365,30.18397038453597,19.70624916106082
284.29799342768644,291.637444323763,30.91610832403589,19.56564119663885
285.07688977212706,289.6736108568949,31.037642765472313,19.686970535389055
293.35039426275483,285.91509524978966,31.632458506506882,19.23778709276979
292.42987421487067,282.52024921235295,31.54084732091843,19.13352489060455
296.0771659248359,281.40173628276966,31.251103321306495,19.17554604815679
301.0131486292611,280.51958722446653,30.982227245036746,18.653796229277184
306.7774878766674,278.5720807480611,30.248116812052686,18.336648594777234
307.7810290087028,277.90270360901525,29.775265257057843,17.97150253564977
308.32191275725864,276.9201326826818,29.501860363133673,17.730156494258374
310.31221376213574,273.71747845541734,28.947972296860982,17.400407594813956
313.34795415291603,272.6513983869902,28.4081535026051,17.210496179391594
314.1258367645171,272.22833192752273,27.714111702407116,16.98533610192002
315.04891061749396,269.95220845415736,27.187235918564806,16.747733767339703
317.7194740094962,270.4456999838383,26.658617717629223,16.526274499290984
318.57486688354504,270.84765686795737,26.330847959788805,16.365817845749383
316.66616786875994,270.97961003607486,25.660449205911682,15.998010175407478
319.03673316492154,271.0055207953668,25.31442016082969,15.660072116391584
319.90725014524605,272.5150942116864,25.34685791324682,15.576658363662657
316.81594996395216,272.97443969355277,24.94476627449188,15.097492676352456
317.02978797133005,273.9215911264111,24.5704739975386,15.02532645118443
319.38519587143503,274.72284046382896,24.354757741853703,14.788039859211633
320.41712094280234,274.8471123498209,23.902995564130737,14.60395181248031
321.1964697659851,276.04784884340756,23.626778992098394,14.31288808510314
323.12705979612366,278.40937080715634,23.096848168881785,14.025673797040389
326.6441128605515,279.4620005777382,22.845713422167226,13.836891578455125
329.3713422358211,280.6074439101239,22.709586866910023,13.713235281344245
331.43825110168274,283.2385488169947,22.635855385491908,13.440694313733092
334.5454039685268,285.81740372982244,22.502912376108004,13.303460352487894
335.86924355974026,286.8110882612958,22.753503323838554,13.44725512506673
337.386414650776,289.4164147773087,23.347162593259416,13.948585773765979
342.30869588526303,291.91363962216116,23.54248183052314,14.204966734390755
347.34356952356245,291.6861088323751,23.01180277597014,14.990673189727623
346.38636850882574,291.6395869057344,23.474724536011514,15.124140898194632
348.1109733925378,295.08068185527037,23.38820402525548,15.220293532234203
346.0888484172999,295.0964807183183,23.580400095039778,15.098488177232696
348.6600895070397,294.61533414485467,23.945085254885196,15.116470122587469
346.62420405007856,294.23241634840343,24.23372194677672,15.051267776895134
350.0562373571843,291.79644394023376,24.47772570610049,15.209296768344272
350.31996381256795,291.0005790070252,24.51368438877038,15.340530447551341
351.55139783493206,287.0756839293948,23.86409239651711,16.219757667936584
352.6749960432893,285.7103004778451,23.281046217839723,17.120686414335907
353.2300991217032,285.4541586531174,23.366448319259348,17.216671078310025
351.6958097960498,283.231647247667,22.613089886368183,18.113709289143664
350.24285963962956,285.80370162433144,22.02862850868732,18.784634448473476
351.7554397474385,279.8178210498653,21.805442589639235,19.24155261034531
355.35074862331544,275.28005275370225,21.443427151880766,19.65312874582321
355.7161473986311,273.8810597190883,21.12827388931253,19.77128617125228
356.6327035761862,271.9318852025806,20.912811923873672,19.75796165843036
358.05196607466553,270.7662976599876,20.44246648662258,19.939269208978867
358.71156406923717,272.0467005821118,20.227317319073546,19.81062541116298
358.9859178181197,273.24546269939447,19.895884353030603,20.124761084892285
357.40232001027744,274.09315280098946,19.797696009898562,20.002435314571198
356.229247324319,275.07746732936306,19.7142814357553,19.951965146640855
356.85771525806035,273.88310740039896,19.64126654777239,19.757148618079214
356.799195229784,272.84081476668206,19.474194985329355,19.758471203552
356.91890828772625,271.3332661271665,19.466665150687284,19.59223970908453
356.67869877476323,272.3692756890816,19.295735049320715,19.70450527229663
356.27383460116323,276.21858355149453,19.121086489172008,19.614758623245834
356.37618001519195,274.99704017049606,18.981778260945287,19.474470884968078
353.30416449979,276.387619690962,19.237995246796764,19.093565855190427
353.001033037486,274.8845220280718,19.125197750414678,18.95701234826818
352.08598500515143,276.3402744068515,19.180889289327062,18.506784598765393
350.58164214507246,276.644557624431,19.161446862359718,18.347385683414256
348.5980686685002,277.0770947307213,19.09351052158947,18.246854646531006
346.6599610193935,275.95305425247994,19.160761805749583,18.231436104646356
345.5175006127368,276.09202120255884,19.221623514143555,18.20848819262873
343.3429325141627,277.35344715687893,19.189296660449347,18.18547463619183
341.7750683193798,278.1349019927453,19.3272649925659,17.986961655781478
344.39017600388127,275.9033764003083,19.125056654049985,18.21858850899044
342.59133537563497,276.3494558327756,18.337524535451095,19.095293441243648
345.11456776008527,278.64508252514776,18.3308465821938,19.36549740436922
340.1763985176581,287.76535237795196,18.72870758902077,19.146165508209002
338.666265694857,293.3068054391009,19.22362576338582,18.83266188987845
341.2008282967879,294.0040146836092,19.20845897550906,18.78289486150937
340.9327579191258,301.9546422219482,19.29719573365044,18.55463344480465
338.89808394777936,302.83181742542934,19.34022321888479,18.48772760552262
337.4579314255094,305.7831361454812,19.482389826153643,18.227451329512007
340.44776288783953,301.10039477946316,19.575004924259524,18.278791834375188
338.0148994269852,301.1403706750166,19.54447253810674,18.339974856696262
340.5426356491103,298.49660026578636,19.72586466065961,18.385334374039772
335.3992796547802,308.9773408703699,20.41326005233498,17.79673600789018
335.8283108991212,307.0228991440091,20.5306256084489,17.56840813782739
335.65380675927634,309.5833418468004,20.557067080868592,17.548768135534612
337.0830870786386,309.62270149851423,20.966422883107796,17.300046654749302
335.49977014243984,309.50038224456165,21.53140270277098,16.98407313977767
336.5198687819963,309.42674061808975,21.744631260221094,16.85001227698736
336.5035053588289,307.0999315023166,22.161827526273747,16.50685631190893
335.19304409211054,302.91223909070237,22.93895189915746,16.00265300800119
334.6316429597749,300.3159458888771,23.29508804949841,15.874937402069198
334.11172786033615,297.749493538046,23.39182506771949,15.817807714235494
330.5070008330712,298.0901607964961,23.511612755672328,15.75817771613041
327.4876675099911,299.9887259048838,23.77857568173964,15.643149941142715
320.82498525632195,300.26677497018005,24.525287807181066,15.366411747264312
313.95879715292705,302.9483942728911,25.418093968499594,15.103132515316334
308.08585328552283,305.43124876378107,26.11328628399651,14.863668936826201
302.45861579675966,306.20275337026123,27.205031044542956,14.508229580509562
294.95049451520055,308.8931073025658,27.74428958361324,14.366830549976356
290.5879911787093,311.2761101338307,27.866703788334174,14.324665124110387
287.5980199926241,311.3119961728495,28.16475042762487,14.255227072226889
286.9584361132859,311.6163664739535,28.090559559935514,14.34479559353495
283.5382164678786,311.74024416350665,27.910566378521136,14.568701394686554
277.52067601129687,310.1431063209067,27.867199949765634,14.66022367908379
274.755936619035,314.024630405012,27.254163074957077,15.11573668335855
266.7993652903776,314.9024929744799,26.15072515060697,15.919433798985072
263.11961295458855,315.7029025467406,26.023368116404978,16.039809517783112
260.28261891600624,316.1133665905831,25.875627964046863,16.17398536390936
260.01331991552854,314.29339841150244,25.877834587553213,16.172513278619725
260.41088568086457,313.2778491587253,25.878179851124013,16.171829633905475
261.8591925071224,312.8639378070969,25.879074104568513,16.17148370656233
261.9770163121126,312.38016405539844,25.883272694338935,16.16806558610358
258.2241839029738,311.7998010128478,25.699202576856177,16.193504267144426
271.62151755921,319.65170676536513,25.471694917093576,15.838395192834874
270.536766041222,322.48054930567537,25.467193398321147,15.832308088899016
270.00687688944134,323.60577841655675,25.454928759835294,15.680789285928968
259.2609193908078,326.2616069019129,24.815774573752684,15.881863390503554
255.8031783438761,329.61456707371724,24.724716845991374,15.766139179554813
251.48629662223777,331.99909855469383,24.387173488425795,15.273994152019323
246.36012923026115,334.5937458321928,24.264390970438125,15.068489994665473
238.33656824522657,337.45349360946705,23.884327881913517,15.22039622692115
229.82422521553295,339.2797279417418,23.13126583339062,15.814042293206578
221.23486837680449,344.42738305763316,22.811776233259643,15.7351980114361
213.96334141951831,349.9243264870109,22.88554609021482,15.446389277680586
201.7513768802309,357.93455915383083,22.959783777798386,15.415076852365923
191.8873140161997,363.18692370867365,23.23238506128077,15.175822062138336
177.68833730277572,368.19922264830836,23.551050005462706,15.200062798286325
175.85938160950408,370.6446966576022,24.089091444572514,14.71400531696065
177.03272216511655,370.8738036628351,24.089341075611323,14.71308773755947
186.08811399060187,368.8256300283212,23.88930686006554,14.51337873598787
175.94062148037884,376.26869283143526,24.107549708270355,14.106966569701173
175.9866098401351,376.23015793764273,24.10803898550011,14.106877116444362
175.66750444576095,367.8302592934888,23.76597384527425,14.01479246200323
161.69353345236496,370.842952998739,24.09429646255939,13.693408385548206
145.3242184044133,378.2327962417257,24.06312827965412,13.542117933815629
132.44936791634345,383.1271814760318,24.34728741619423,13.799983092949933
134.2820511981282,367.6549280954734,23.71079024311238,14.09992808648862
121.63909461188956,372.3537040021386,23.561568527894337,14.145047095301686
132.20427983674017,369.7608033134681,23.227222400702882,13.982813613939125
132.21895526700888,370.29484455176186,23.2291993167763,13.98219191272694
142.6633216971475,372.8175358483737,23.412611918535227,13.674062985427357
139.3116128443783,377.18357323539726,22.99075019749895,13.776530485855375
142.84954250039192,378.7199334999311,23.271001458286605,13.796576241730385
141.86240840268096,379.88886460577686,23.26995920887666,13.797435305368326
151.8973672455802,374.1777099486306,23.276959171393624,13.506718572908007
142.25623571516317,380.91137765631373,23.261092196827313,13.321669801523578
141.29722592059298,380.26645088408617,23.261915392954666,13.321230963738453
141.9736804562306,379.59783467136367,23.26274486805089,13.321000129486496
154.98253459917458,383.5573807761705,22.47895381849105,13.981245039929068
143.73464203813356,386.07652918438765,22.456128939962742,13.920377136611167
151.14690480745753,385.70416687513926,22.554730575692272,13.926313746418035
151.64609343615018,384.7801259328801,22.55304979047489,13.927319214920756
148.28199178795597,367.72471340562697,22.852170216379957,13.910153546770717
147.92502556654483,366.97638182664076,22.855432426429388,13.910181506150018
148.00979139022772,366.6768493858643,22.840852694208557,13.917236962539711
148.00845247407315,366.0825092933974,22.849543745762464,13.914799860791359
144.38625945545826,368.0251552863438,22.903866306429723,13.906969308309154
144.2277150660645,367.2868177982832,22.905162465035218,13.906981410208532
141.8464438954616,370.96355391167833,22.56234811297321,14.045537419807467
144.66919101259535,380.23132759141066,22.710185978620252,13.712556207193439
144.1000377753867,379.7329934659748,22.71068091148021,13.712088222828068
153.62479036516203,364.867866235636,22.88163471630455,13.616603776645338
137.0991332559106,369.9103228206152,22.72185884691683,13.750624665829987
139.71489913725196,364.8436577631747,22.561042034795587,13.601465957773952
141.1239544875325,366.87224642074545,22.47250553772576,13.375303037392488
142.9098682361322,373.4066149583671,22.455059887907883,13.285855970694241
143.45312420595818,375.9371658020422,22.454505356207356,13.263050029193531
143.83617789258793,375.8142457676966,22.455987611644254,13.262602751998532
142.82481989051206,375.0974284238386,22.460010168682974,13.260245794855226
143.03147172166624,374.8196084099167,22.463235357168447,13.255688230917368
142.81250989945661,377.5201528398507,22.486202729939276,13.23931063661338
142.2994270397989,376.5553967578109,22.48766494659969,13.238993203219874
155.08085126277058,378.47731651265167,22.959802996628042,12.909535102229741
156.1216538527131,376.18580285538866,22.993241695298224,12.844985607826253
161.81097872569387,373.87865602281005,23.010306709163377,12.858299467990804
156.3913761996256,376.12005768290527,22.898460049263793,12.830331085849652
155.3665363811212,376.3391538405653,22.885334033654193,12.839403412053034
155.4304900065238,375.75865558291395,22.873989812436243,12.845368007876337
155.38859607302396,374.2392425989911,22.863013096623128,12.8545912096851
144.73593368476912,366.86221393109804,22.809685758264635,12.740251786437966
151.55862334525725,359.4668518707753,22.556720530305988,12.65043219828217
151.54296862248455,359.30323445651806,22.56164185408257,12.649114184656444
150.72308758809285,359.46421331715175,22.57151276571569,12.645810642962156
149.57913161676876,358.4607257430372,22.57479584026084,12.643573297294727
149.98581198205915,357.95566937174567,22.5770977917365,12.644026511145524
149.47830582554505,358.30658487129847,22.58012730618833,12.64307198642043
144.4514344633198,353.879901264265,22.724499608275572,12.614218932237812
141.24524950605246,351.1934389141923,22.38942775416396,12.868855592222092
152.31834425954105,350.1617290499468,22.852075374872353,12.74612548512655
151.90821822329562,349.8507456482106,22.861567306944234,12.74653177462568
151.31254579778454,349.8434464097707,22.876406115485928,12.756613666706784
160.23293394740605,358.36011178944756,23.242628641316102,12.899251077519176
161.642990442579,367.3997147681599,23.329331179839887,12.911857253883406
160.28490651385135,368.36871676061355,23.3247966275509,12.915511288995692
167.7330826340678,371.0716789631845,23.290475370089165,13.152180744480043
167.87054481346806,371.37148311094666,23.29048202487282,13.152013381229661
167.80189991455185,370.66637893395665,23.29576665271754,13.148838966578655
168.25400619180286,370.2607815102461,23.303373735037276,13.152810792015625
168.3367868434826,370.0617857069737,23.30031036935708,13.155157942412288
176.96678952269696,383.7060313391621,23.447703234805335,13.038724783504177
177.53740707435733,383.7233360561519,23.44821405643419,13.039501233869203
177.28745224200838,383.60295594145424,23.444242981920087,13.042394391039911
177.74631556773187,383.40477594137855,23.444859159223693,13.043193530557508
177.35823329299058,382.4722186471954,23.445687323933036,13.045336932285831
173.6235944462939,382.44991496586556,23.426722867973353,13.063059379638421
190.23343326879964,373.85645621501897,23.563639308655244,13.112611540145005
188.72819224361504,371.16791812835646,23.288003566894908,13.335915836181265
188.8162056999042,370.79049160470873,23.288448826457675,13.336393604526952
186.28755273190114,377.88403156455297,23.07553782063028,13.574724909203766
175.56656188364124,378.5790655439228,23.078672929015358,13.766914459695638
174.73105634184867,377.9148692527323,23.07831696338326,13.767216731979984
193.4452115048798,388.64745218336765,23.029664382682324,13.941371244244365
186.81717546652706,398.5311413055318,22.848386186255468,13.963784107093824
174.49740219340268,402.27399820887416,21.576355507772778,14.922424357721074
165.44103423421262,410.40680497904515,21.808279734868744,14.605118808406893
157.01840747636905,417.24229063177984,21.5668232743596,14.658891346016176
148.66769813137248,419.8061888181299,20.5826683864719,15.409884398212276
142.11085903426596,426.3551185815938,19.965881645382165,15.752762595588743
140.56759041055375,430.20957644163093,19.568984454101166,15.951616078700413
141.54027157469997,436.7768755074037,19.145158237640377,16.264145289378984
