799.0,638.0,62.0,82.0
808.334267631021,632.0851147884798,61.30144879252329,82.22141585455903
822.9244087325493,630.81471875812,60.436846139637716,82.76698689648752
832.9679532207919,630.365088591394,61.33974930487614,82.763229828244
841.7511095933856,629.6377211522644,62.02283383752075,82.74390011795673
852.6196577207597,626.2210144725706,62.63352353247955,84.29787736589402
863.566812319614,625.6008083323159,65.2355655768365,84.4414585631056
873.4496387742693,623.7994432814896,67.3282329037319,84.97658817609552
882.1518474071011,621.5628533438014,69.2456845345528,85.87779305871985
891.8479969604742,619.8396960311093,71.41759631953012,86.86670354744643
903.9343356203323,619.1015305795044,73.11072939410109,88.55130967939489
915.7866981728793,619.6347901550967,73.99319300971028,89.76866956988208
925.6301493076735,619.1705592439323,74.58347236548792,90.47969510838398
936.3564695403862,619.498723934255,75.44727629703524,90.66719553835793
937.5675340173806,620.9970369719974,77.64773073232861,89.49451117048432
949.2636532629889,621.5174895097977,79.01426032277703,88.91713898973353
962.0155433397456,620.3356217368779,80.05771184345804,89.26964788152034
968.6528838861478,618.0362326311811,81.1734516643499,90.0370702827486
985.316574152559,615.4187978983624,82.15413845330465,90.60176371918061
1001.0095945029515,611.9313394448943,82.64836394209512,91.17085644169904
1015.3061348265916,609.2542079067524,83.12960885633841,91.43254682892646
1023.2689410612253,609.6631254500819,83.38536044651914,92.07846878038396
1038.8730002347265,608.3619875611541,82.96901875662132,92.77628877725637
1047.9320321178875,606.765568199183,82.64997194281402,93.46716913098987
1061.5661942166348,605.9635344983801,81.18756357783862,94.57675633993443
1071.0932052447376,605.4116149970273,80.1911720605736,95.0902254624408
1078.7634185913382,606.1785310611597,80.16477506097578,94.87556714704218
1084.5903710372888,606.7422725130394,81.26227588501717,94.72264533852032
1098.0485074191324,607.7475496973542,81.8221803369061,94.99157381138258
1100.6475453819526,609.3258434011858,83.65888539042216,94.96879692389149
1112.0680856609633,608.4069576599238,86.22976543420742,95.43513538677736
1121.6271434095602,607.5361336389963,88.56184906421089,96.196409211599
1130.8072045783217,606.5587467715543,91.41801624695154,96.63969987324839
1140.7780148229833,605.5986616573908,93.63030162615871,97.75793413079222
1150.3872902905482,604.6353575825833,95.6337832380261,98.27000175115603
1161.6968068204972,605.6110959729574,96.39822262075513,98.82908762871782
1175.0405554872068,606.5355093180145,95.93215129746757,99.39062055965152
1173.823451714971,608.2210229482922,96.5375768795444,98.52100664443313
1166.967299411019,612.1064459374372,99.65551350649154,96.76115986887146
1165.390063128757,614.4014378049073,103.53965510549637,94.51916283208179
1170.921767709564,614.7853399408414,103.70242125210984,93.48488762129266
1177.3277255842006,614.5054912985055,101.34017915548567,94.02856732555958
1189.1358000444895,613.59137949236,95.91623184928766,94.94781801886333
1197.8880372360456,623.3758687583586,90.29739570317511,92.85782813432718
1195.4240289021898,629.7657891798866,88.06209421369051,89.86384735291645
1193.9247109474386,633.9313249768932,86.61661305394844,87.51508986870566
1199.5133205178333,628.0006620616001,85.98517504871843,87.3243155177121
1196.126171904177,631.4069709602263,85.64204683428882,87.00109572308432
1200.8339656381756,625.5378935422713,85.23904786726816,86.95095385947039
1205.9825761363584,618.7472697258455,84.7446365861736,87.24902888490007
1210.2268908564988,612.3287374376356,84.14303822423149,87.8248286602946
1205.2589402295669,609.0734760816421,84.0758829519114,87.90151395849378
1199.8364530591011,605.2753616239204,84.05571637792566,87.92370770624312
1195.569424908434,601.508510279434,84.05152557080052,87.92866188294774
1191.844759876536,597.0919084659478,84.04727048673885,87.93393505948069
1188.0612693548373,592.4771691315638,84.04264394041462,87.9396264205096
1183.7662874703258,586.6194461837771,84.0392325034442,87.9433032120789
1179.4486599113434,581.6112000885258,84.03329327784198,87.95034925847736
1174.7900229919333,575.5340019000728,84.0287621163568,87.95501686035908
1169.9912353235397,569.7408354431753,84.02516405226524,87.95877302244499
1164.910459587328,563.8092665149624,84.01973001290901,87.96342851803112
1159.3663150974219,557.9745537507578,84.0085250123134,87.97262913188958
1154.8131232673204,550.7745220228708,84.00569770449884,87.97182989387699
1149.7191521622208,543.5731078223056,84.00218598098218,87.9704682315308
1144.9706976052814,536.4272986091173,83.99951661890853,87.9682128709811
1139.2620800257057,530.4217846963322,83.99643698924203,87.96501855147065
1135.1299579521651,524.8910223649692,84.00290201492402,87.95643575417466
1017.5533047495209,618.6298331003544,81.00156059306423,87.57470051387295
1011.2228810688192,615.5057318325432,80.54357155157435,88.78943051150092
1012.6833784709256,612.0888912298865,80.00311330360543,89.79114150197074
1015.8099927106285,609.7191991495226,78.8452112478447,91.15267203072521
1017.5592596358234,606.7018548863157,77.4945729720245,92.67634991031903
1017.6892639031722,604.444385596905,76.79529143756353,94.49388553503888
1017.910288344576,601.8151616887955,76.48348540911279,97.15746159184313
1016.1029447910639,597.8674622561466,76.5650461619194,98.43754120512688
1014.0672972237684,593.1822931768221,77.81534834988557,98.21130648779916
1010.4782878935648,587.7717048703971,79.42011194818963,98.06513977026587
1005.2726470163127,582.0816463623291,81.6107725936849,97.37713010793507
1001.4044477912317,577.9486449733408,83.6352917904594,96.90870734117291
997.4947391412942,574.3495097098295,86.02759269629158,96.3161324740611
993.3181810653715,570.1573530665192,88.55968252291103,95.55542718310579
991.3020615807885,565.959932894216,89.7777265743982,94.67215606988769
989.7268102866282,561.5258281803507,90.92649919750899,93.50868729785029
990.5876802608431,556.5045801004943,91.58975494800795,92.42632936973335
993.77477559065,550.6709802619818,91.72594455649099,91.83680278180478
998.714251978196,546.2130187803212,90.12537312905525,92.8303829678736
1002.3806765806107,543.0070597426777,88.3427291549387,94.63542371619542
1003.8902202824214,539.3628493264964,86.1774766783994,96.65366623053438
1004.2603510279778,534.788811528709,84.39446757051874,99.14948152261198
1002.4006858648607,528.326511515256,83.18520998323962,101.3406993244812
999.3332132561981,522.4358878936043,83.07363849600567,103.0886280481923
994.6701819207412,517.9902204200854,83.19751458244684,104.1751868035187
989.6103159196176,514.2317200535833,83.08701148490155,105.12127469854077
984.8658041684279,511.28995579102974,82.83343359262767,106.28300528053259
979.1270048492039,509.4258047161291,82.49888032220107,106.57330651289917
974.9454492162984,505.6104218553686,81.5511662401117,107.16938900688116
969.9648608689313,502.085095975899,80.3251185467234,107.06979176145632
964.0445745695973,498.12129209803277,79.80617690894101,105.67819232572147
957.0346509392828,494.2245157246175,80.0673419185938,103.43240886802324
950.7174292595438,490.1368591326613,80.21460075353548,100.42477584679649
944.1141095424789,487.3957656803546,80.78277812101499,97.17913663294067
938.1985522520667,485.6600585066296,82.15457549450265,94.58450903397951
932.3995312487409,484.2275467294687,83.57785668267293,92.46948536234913
927.5585788670743,482.4764867267027,84.64857446480501,91.0340600683511
922.4766111374695,481.45122249565645,86.12899342163416,89.9224877385125
917.2606152354814,481.28424625111523,87.53106083291034,88.88399833973936
912.3567124175593,481.83838184085073,88.47874188074194,87.90387799590167
908.0630555098794,482.4521254650316,89.08695308455978,87.16576392482986
904.899863155794,481.0146389140368,88.92901095328364,86.43550621856144
903.0346250719365,479.9326062220884,88.31998383272952,86.10477294217995
903.8062212491952,480.0076975831736,85.99053331714418,86.67881818488766
905.2587746625702,479.4768380178241,82.67540011891505,87.83390909431313
907.5462699539435,479.60533270138063,78.63561543683761,89.69822352396827
904.5439135159031,479.93744106587513,76.74847211937586,91.20234938531135
898.0098550461955,480.10883537802613,76.67073792353715,92.24759939626321
890.4508507547384,479.7949090406738,77.54611745524299,92.68587611569617
882.3377754393912,479.6737943031479,79.1107194714354,93.21557071607037
874.6368590599374,479.45732889207227,80.50914093731329,93.20811023611279
867.5153024639148,478.2154131963597,81.97236692995648,93.14617122081492
861.0959875059233,477.127207174237,82.75747950432587,93.6160187194289
854.4458684066182,484.20257136416353,84.37201251799952,94.24679687796693
849.0123808044048,481.3541738989754,84.45458582881068,95.94757149126562
844.8098294343007,485.0416287769276,85.20112543196423,97.35093436414535
841.8761870167957,480.8502689425613,83.83937822733188,99.74530268781574
839.9867839005434,482.85285214030023,82.52013005080941,101.39921202933733
838.8909737541021,477.08957328761835,77.03454859579786,107.65676157506365
837.9910627605979,472.73120665251156,72.0476455385559,112.27597067917011
835.862192497992,471.388854599082,68.06891298027139,115.904857062755
830.2215160972,470.01850080829036,65.74904183623771,117.35750946283494
823.9629208323462,468.36994986495324,64.81343542991014,117.16371679346364
815.9265391499126,468.2574283542313,64.61063650840042,117.07083915989544
807.80702014972,468.93871696437265,64.99289159557777,117.10202774676449
799.5695587825145,467.65798047064004,65.66856944931234,117.45059437360348
792.2613226851073,474.7305297735959,67.6296318311996,119.44355156908335
784.429060807921,473.0253712457383,69.04567478875818,120.43322863303834
777.6404714103256,478.46868558940207,70.68406230892438,121.35017641513214
771.298579712406,480.0805462733345,72.46328847667547,122.08323524250355
764.5806853666725,481.49897353835416,73.65752767626017,122.96185627169879
758.9611425656309,483.7419853495552,74.04351536269373,124.95872850043206
756.4099679482332,485.71766285256933,73.79937326066677,126.98145834852977
753.9589549415091,487.666728444121,73.20936579251696,128.03054319936186
753.7003639865602,488.24940011958995,71.89170537815801,128.49291197897054
753.704598761608,486.17155252779753,68.92680992283462,130.45590200813652
753.1165815952074,485.27151904511396,66.00159932918307,131.77474026428277
751.1379847937613,484.4935753557262,63.664802320045176,131.85019370217083
748.2290796884614,483.15125989550756,62.65140859311471,129.73939968440612
743.9804351236706,482.1947152523264,61.975226271890456,126.34566428662549
739.6224379014255,484.30291012477835,61.53003068342178,122.65779703317658
734.4672410867953,489.44506934223807,60.97112251672269,119.67933196510893
729.0919823066133,492.97748295196374,60.623550858947155,117.67081349199556
722.7386003605596,496.62668667045676,60.84893524208228,115.80306344178932
716.803395038778,499.5204368078764,61.04004843844085,114.42697302183893
711.3591476272904,501.73402266797234,61.463399104006314,112.02820506064968
706.5485742966339,504.16645231985973,61.49023500482146,109.40914958988273
703.2298659113018,506.7160250816843,61.06171950162103,106.5892370450545
701.5266545033352,508.9868726509473,60.49051718594711,103.55230241029734
700.2796214335783,511.9105802661793,59.65411872394405,101.12539699504947
700.0023979283803,513.4294388760844,58.750467203570594,100.35247460174669
700.7073438241453,513.1668205359078,57.82351504278762,100.26204560789026
700.6638317692399,514.3673276000693,56.41196108100425,101.52156228515506
700.9531709238114,514.7418853210428,55.142502966677846,102.90865776163464
699.6525098876457,515.186172385563,54.36576803598785,104.10103079331508
699.072941498035,515.6154023352883,53.27743300582204,105.68717219124291
697.7916313819769,516.5439322148686,52.47182766344481,106.40084407194436
695.77194156242,516.4359977682927,51.89401837204714,106.31238047036041
693.3311322373592,514.8677431530716,51.57858645072735,104.95735117617502
690.8621626731709,515.7144492782325,51.74696762622287,103.1876759153516
685.8551277031419,513.9210093372498,52.33548519811683,101.05178176853877
682.2048698484504,514.0769735987525,52.228495395262364,99.40291653326835
679.4796583259472,512.7303185709953,52.27964361421891,98.660982028541
678.3716004582005,511.45847492571073,52.294090133556274,98.56720765681766
676.5845019460533,510.6283313435817,52.112732004957756,98.44568179560123
679.2593507140026,510.8679674736808,51.683823234012515,97.51510352015
676.525416172764,511.30202953684886,52.32254926915708,97.6685896538236
677.6110728035358,510.0806124580039,53.120228479308565,96.41970237215202
679.9427048942209,509.8940469152329,53.23947887008172,95.25724114011275
683.371592680906,510.09250153036305,52.96933499913469,95.03002400894684
686.325370363628,509.9378649737794,52.71338714711828,96.84936792289533
693.4909247207075,509.86532322638334,52.64602755557898,99.15493406272225
694.9219391739617,507.96174815708576,52.5351559328535,101.72305848930418
696.3372941137213,505.7038482435107,52.600140070744715,104.12452421000897
698.2853563666249,504.2358359534286,52.52530844213471,106.46054632254098
705.1493470878547,502.4536136675584,52.40185351945056,107.2859204787845
704.9951329301391,499.9661345131353,52.12844632653507,107.50362227975724
712.567393976253,496.6587692702864,52.04339441100407,106.07279192866295
713.4232852420423,494.3351464428952,52.10855902011909,103.35811341199758
715.960099163233,491.9763452265026,51.38228463614214,100.8465693642225
718.3511557874336,488.8394922122066,50.829626381942816,98.95924462346639
720.9432330832819,487.56237692773095,50.447086551598694,98.8251350053449
724.9571568833803,485.17115604656095,51.18853559751999,99.16063253092956
728.3037989139925,481.24922526764675,51.82472550861631,98.98018874513005
731.4778223731645,478.48610570773667,52.64373896548584,98.11706171504787
732.7391609338356,476.14016888777724,53.48324112347119,98.35358018757776
736.8262124623952,473.63643502101246,54.923087842047565,94.84251898281384
740.4402055398391,470.2447097568652,55.19797653838671,93.39633045776375
745.650440849949,470.06764280811683,56.29164890827928,90.5455485933128
750.0166649765396,469.12628502272867,57.120623956794844,89.41971304333103
753.2411935988648,467.6439958372584,57.949959503892444,89.22504759217382
756.4402164519432,465.2602582269743,58.69147926556994,89.51916561211947
758.5249711524176,462.9645773743399,58.599457810177995,90.07710389362109
761.7340688018587,459.65395316906967,58.85049201874206,90.71968361443389
763.6793272581675,456.3938136219115,59.97348533332779,91.31322730759666
766.2403532804558,453.35032633998253,60.50680209368283,91.29384143596866
769.5974234729583,450.70903408270055,60.55208782562107,90.19632140875416
774.5229077361873,447.3818470559118,59.7742623045343,88.7293384982203
783.463669923686,444.4877699520705,57.79196984024256,87.81044858129965
786.9943140193453,442.2799296693183,55.609289398862735,87.03938684104847
790.4601371751066,439.07682119499356,53.73989036364631,87.72519582689884
793.0894977280983,435.754887106639,52.6846251826508,88.91888251938559
794.4517917971147,431.71896537241497,52.42266803178546,90.27743577329501
800.4721110269704,427.12509827474395,52.73058513695421,90.74923330787041
804.8155094905497,421.3311001493297,52.082962289690585,90.99622804807876
809.4571062504291,417.826953928913,51.17961152811054,91.9662190210167
809.170607068904,415.73773026008456,50.52380005763427,93.15720288439994
815.2297631360863,412.2960850482598,50.438410668020744,93.03980189417007
819.9175188275394,408.8065994851871,51.0618206794625,92.42513412337328
819.4855673257752,407.502268962239,51.57787222777945,92.92587476102065
821.2274489044898,403.6995044592706,53.999972832251956,90.48119758257023
822.4289112095344,400.215846168263,56.15821498546852,88.40258902420452
824.5604779889254,396.5906715681747,56.693337823933724,88.95538172871466
826.5083954949885,393.0680648576091,58.11147099341771,87.50835329040984
832.3059306792203,387.63372278433167,59.772948552810576,87.38478508711114
836.9232754650847,383.4799620819569,61.36513466772725,87.57791325760772
841.1192585477519,379.76714285819844,61.99514974171166,87.2001006438759
838.8518385308603,378.5248894373749,62.924664076642365,87.08935521005607
844.9628261707549,376.23877455687295,63.28936539444848,87.06800424825113
845.4949420126368,375.20403888755203,62.72254821020585,86.74443802929102
855.1840409437776,372.1991667018823,61.214368353295086,86.93388134472225
859.7878593912216,368.508574493013,59.9180297334013,87.17167224592036
864.6629515045723,366.57813725563176,59.33299996379198,87.4780733205669
869.8851993381284,363.6624315191107,58.955486565967036,88.79687578863458
876.9084126119903,359.505079789745,59.060963170708916,92.51155025566676
879.0099397331745,355.98846670928225,60.53271790737496,93.27352187710252
881.894510757305,352.9183991657383,61.291003532453715,94.44356180656712
883.7230336024229,348.60110615297606,59.38883064113765,99.80582398527467
887.0033644654784,345.35910230263573,57.64508824180894,104.15174751275278
896.2405087082595,340.582779409877,57.05867054482091,107.0009516783972
897.1114478592128,337.6580418036475,55.657207988887876,109.95716521978991
899.6264658728485,336.03437248387047,54.482913939308105,111.6384216201929
902.4194690185508,333.90947580420203,53.447773774917735,111.30120602643534
905.1123046149858,331.15913724028985,52.59706237513871,109.9311575225458
907.4612544179038,327.554046288788,52.36499452589439,107.9746047301149
909.4573509820068,324.78723714602376,52.23209843481309,106.95242305455342
916.5086139317402,325.4927186083214,51.70951333124461,107.42658481333815
917.4848864612612,322.80289239205183,51.885601771347986,107.67167570718107
918.5573808044031,320.6741403977854,52.44842634800379,108.14974310742657
925.9430823455401,318.53780891347856,51.86587652958481,109.24585425719265
926.1030098716137,317.7215398818185,51.92347852990676,109.78837404811279
933.8468864368117,314.9081095525437,51.608606525914595,109.97588505532573
940.5826473857395,313.55784552439513,51.2443930158153,110.11228852742482
941.5606734585398,318.76801809767596,51.31812459595328,109.98300478223035
948.6198608133407,316.23737634974805,51.205919205504415,111.24361956165558
949.6674552709015,315.97469583020586,50.71689808365652,112.06854108801036
951.8967941943046,313.66753309485273,51.0481114798316,111.21833990542677
954.6647517092272,310.541503533727,52.03637781595313,109.01077855190925
956.2859872122141,305.96124159800837,53.44062864988399,106.42315445886895
963.8675509058561,302.4455815812917,54.590445674831535,104.96179489635496
964.292650622307,301.24352377540134,55.484077757242034,103.32227466295133
973.7462558779935,300.46433717664365,55.88243212624012,102.62887259572676
975.9499398212237,300.73081077937996,55.057245216647296,102.42276790691483
984.8873368999153,301.8295551432389,54.8280752200306,101.54764029083785
986.7746612382387,303.47843279465826,53.80711607089545,101.38677659146904
993.4990217131336,305.2388537467451,52.661959192760776,101.21802743021516
995.2420355224878,305.3298853432849,50.951436759179934,101.4314431711853
997.7659910159209,309.9282807499438,49.807022514561964,102.35411532478643
999.8522269097741,307.2594820115411,48.9991585378297,103.63717884315683
1001.1336347564826,305.76722590027083,48.80836046640673,105.02445765104729
1007.6317291591888,302.6209771780209,49.40755149040108,106.44442415835236
1006.9992198538831,301.5108005722831,49.849342397441276,107.34333405050731
1007.59547876544,300.78728042922575,50.66624997601494,107.5359103063562
1008.6582277843156,301.24142598397196,51.84974265519805,107.61354755351128
1009.9579426501325,301.2999336095965,52.966678737773314,107.11314059412655
1011.7249637972423,300.3878045480871,54.04456395286166,107.09581463072725
1013.4377401820358,298.7414355839767,55.052865763200046,106.16141213231225
1015.7997325321284,297.7807123199082,55.521972455531966,105.09885893129275
1018.3632643230908,295.52738854416884,55.9308190031544,104.62162453239304
1027.3988938357386,292.0938382575342,55.45765873274132,105.31093398704058
1029.017960804968,289.79084592706283,55.016813450517304,106.36856640646717
1031.6055655260402,288.64301663447037,54.64075209110616,107.10852707371389
1040.0376557620768,285.850604795,54.01659427833445,108.39081951028408
1041.511518295136,283.87926599940704,53.194077113217006,109.81102972666827
1044.1142328756391,281.4941035495121,52.40899325860766,110.4134101951532
1047.0017044082178,279.37334224683843,51.807496371886444,111.20805222150585
1050.2845071707914,279.0206033320519,51.2467455258468,111.88971491653868
1053.7320954295794,278.0888577117903,50.504221748749316,112.63630177912455
1056.3783552320795,276.54664340344505,50.41361454685608,112.86062440445158
1057.8291029906406,275.0396140094799,51.020369743082064,112.49964218438612
1058.5570169350933,273.34615197625885,51.8452673333025,111.94672879507881
1060.3697129424006,272.20014519434966,53.57148073403248,109.78457308552075
1063.628224620061,269.80659133995607,55.128419590320206,108.77675033623899
1064.6667759920647,268.00779098156363,56.35834370941137,108.86084797837788
1064.927509305819,266.511073459251,57.24609801581673,109.72879474175318
1065.9141459609607,263.38304173089534,58.085114897183914,110.29084317237192
1066.6173543613636,259.97821854487444,58.76218608389618,110.25406973316498
1068.6991060900566,257.38865446723327,59.25718806626874,110.45695439250619
1070.1320815872832,256.4047098328628,59.65952663785559,110.8698208255156
1071.2830037877836,255.21462773311345,60.33596707266996,111.04598598250331
1071.5850401326875,254.03742259759616,61.10948813858454,110.55575456805207
1072.3028965940964,253.82951619393248,61.89557148995169,109.07100091667735
1073.0875328054594,252.5552727987354,62.642537947383104,106.62129682724975
1074.7766961564805,250.5480511652876,62.92823178367118,103.85384684081889
1078.1837571824494,249.1232091881775,62.475860811292335,102.00904513067141
1080.2804643782513,247.5574949777082,62.28062776276757,101.58011049733457
1083.0933443404856,247.34015903865844,61.74667377320459,101.76248708997073
1086.8024719690636,244.6428277874135,61.30079629314854,102.67171506029509
1091.043926754669,244.97162167392187,61.82992686018231,101.39671603144183
1095.6420807805503,244.39949150478068,61.776969409615816,100.55665680204386
1097.4646431832768,242.64083315865759,61.78260668530902,100.30805905413504
1099.507983546847,240.94847757816203,61.26733375312111,100.47321412191017
1101.3206171743457,240.7814754098414,61.07919075044296,99.62974229087261
1102.986200101701,240.44057027099902,60.77650757128502,98.83714596855889
1102.616060185869,240.7578507519766,60.58904456408919,98.17409452843086
1104.1474709190425,240.11322498136724,60.289878760278995,97.52977222760089
1105.1743373757274,239.00334799968059,60.089509956901814,96.3917109253187
1106.8615932771752,236.0028177908306,59.324887422881574,96.7710104978344
1107.9196501422994,235.72138258800396,59.11481209614436,97.47067851043269
1109.85198769157,234.54087739695706,59.41966405143616,98.13878906933768
1111.9254337350706,233.03938646505773,59.53984082734976,99.14411852167548
1113.5115068433922,231.41379510880597,59.52808713351856,100.02369440739676
1115.3547336730546,231.66612763943422,61.411567842327095,97.79197653833234
1116.6092122034077,231.5792474656275,62.92235327048243,96.15745367614505
1118.2819438671454,232.47625316426365,63.72693915260149,95.16400734282615
1120.3928952271438,233.37877158929538,64.47438677058693,93.68574592439569
1121.8902058900892,233.65519052754945,65.451975851953,92.34521073267149
1124.0637320120059,233.8337637019151,66.22391021471785,90.91245326943823
1126.535431228369,233.4177734765719,66.55345527869596,89.39646967173898
1129.6459225894391,233.0219367844659,66.96824955316791,87.81112436584175
1132.5063518581464,232.3369870370203,66.55722692655041,86.41225721911616
1136.0003454078412,231.41103158123144,66.06367132282749,85.52546654873889
1138.6869283003714,232.42911050508945,65.68453935124339,85.59134398506524
1140.9118008212195,232.31200301800686,65.81992976944751,85.76649874328044
1142.4664283965826,232.90780771974278,65.99694094562537,86.04574719846644
1143.9855309927293,232.86754309923452,66.21035866859965,86.3638003826687
1144.2396051649835,231.86234682598706,66.18246142773131,87.35961780537671
1143.7350345927314,230.05524881279044,65.64248298052229,88.6985278725262
1142.35478205877,228.6134030906517,65.20624241436613,89.99841506704018
1139.7682534684611,226.53955748362387,64.51680607996904,91.2308259389938
1136.666444781315,224.59598863865767,63.979288333869604,92.25098641411297
1133.3203716988123,220.4582899470995,63.749996758548846,92.75248901039461
1130.1835486743007,215.94749516486,63.31696727809218,93.24381944248836
1125.636129415048,211.67179235789996,63.109716105435915,93.35465517878389
1120.4801005200093,208.7648185328489,63.1007499544731,92.5681818770428
1116.3237071155443,205.6586340972073,62.57635853311726,91.34529092929515
1111.432504526985,202.74688848435125,62.025854126190644,90.54998628327266
1106.0494982474884,198.94247827305705,61.30106296661697,89.64623727837083
1100.2670614797203,196.90339805734914,60.13206122749495,88.87774138730741
1094.4574477286294,194.3749247848069,59.10533555127086,88.65924294795589
1087.9871028095467,192.14436011115487,58.42567645907718,88.24874353396841
1082.7846365485882,190.24344706071986,57.537083285193454,88.41869626562149
1076.1045243684614,187.48169237536672,56.67036081469752,88.36672279102142
1069.3939169806745,185.56381632390617,56.14239689459302,88.38063270033898
1063.8117671365517,182.80586346768527,55.65475146870272,88.4757320048523
1058.489122425677,177.6563917427986,53.2802464263411,91.1114235777946
1053.5655667440587,174.97314202726974,51.449720689357605,92.88035330479653
1048.5814862554578,172.65025022096248,50.054838835138334,94.15555099898455
1043.3779611912373,169.63075654969649,49.073952371477375,94.86191676711466
1038.3986578747417,166.3605435690626,48.42058428828187,95.14630215526232
1033.4891248301865,163.72067503189626,47.767306932568474,94.94451285477813
1028.5576162348088,160.86377494569592,47.105645893038,95.29803346708967
1023.9707414380331,157.12773936045883,46.31535282301515,95.09103082698645
1019.4457847321172,154.17145843018935,45.78225556132398,94.88400478927105
1014.4894389447239,152.25884715656733,45.05778111285612,94.6606123577248
1010.2440104571386,150.78934522861744,44.33857320002639,94.90510241586459
1005.7504587328111,149.9688754722183,43.51277229077125,95.2318645347496
1000.6893045623711,148.44094019183134,42.786805447019766,95.90193568756449
996.1897404600044,148.1323347200284,42.221294560261605,96.7318337361108
992.4096639805042,147.95872296436275,41.6670523776605,97.72247091035257
989.2001834321169,146.55861429702784,41.213029541939925,98.07725057526837
985.2754290288852,144.7480507698182,40.801978312697564,98.27632357733472
981.319800039064,143.42773260131364,40.6836428246276,97.71159401811887
977.2441006088285,141.36812912857977,40.14700095176128,96.76027960891136
973.6625744150599,139.50136310586282,39.45694922476599,95.51438240935009
970.3476479176134,136.91982684451278,38.96475479534284,94.02407978327697
967.6775365495162,136.41343884011678,38.22737991343415,92.88529262449696
965.384755897083,135.69201119677336,37.89470162479463,91.57404210483308
962.4150171370839,134.89721932598562,37.362316351824056,90.78895152618766
959.5082356125463,135.820047265125,36.876480978658094,89.99801104288264
956.8102404592173,136.00414041528285,37.14325270697739,89.94975258399191
954.2525943940847,136.20962014185272,37.29836598516134,89.88369904372827
950.5008680837196,136.21325199360444,37.59759831093898,89.84413885030065
946.2199870799737,136.74368204331108,37.91133347059155,89.8961303706078
942.7857523834163,136.14137141911695,38.2134633709085,90.2707794710545
940.2241318046814,136.09963197936452,38.281372821377545,90.68600540561306
937.3727139655075,136.58764390634514,38.462754642303395,90.56723313618167
934.1314490164234,136.33559251997207,38.58289449912047,90.49344855264656
931.4047783516523,135.87175157156545,38.61857893016402,90.13052144734644
928.4273362659268,135.53309151827526,38.54271330379399,90.4553232040409
925.774512450175,134.7693870669315,38.69825879677816,90.07247440962298
923.5336606373853,133.53308012112288,38.77766587923641,89.85666609817629
921.0813204984298,133.23319283393533,38.7564576187868,89.18795071569558
918.7850975412791,133.53971098291788,38.65844809638159,88.8445905368196
915.9373158406977,133.77630932346557,38.52497049336353,89.08033632865896
912.956430494225,133.99107317020793,38.41182816140664,89.36681539100313
910.4846093277578,133.6493764728139,38.318611458849155,89.29424814249964
906.9594284730902,135.00740651376407,38.30567494278143,88.82446658499819
903.8304306828089,134.554319599205,38.58422792690844,88.2987417010044
900.5957651808886,135.08546488048495,38.744442090386414,87.54644681949195
898.0436931439662,136.58896456312195,38.68225725721849,87.28353777289779
894.7148910117027,136.18817756906367,38.935968050981195,86.74105813495385
891.6198753002135,136.59736964653223,39.16190626564673,86.39732704522136
888.6496340763497,137.65860328886168,39.314378592982436,86.08849952057983
885.6023162913002,138.46058939502186,39.448843417231814,85.5002790277343
882.3083685825761,139.42374157210227,39.40961309462867,85.64796764117905
879.0335162541706,140.57846335493102,39.454689093144914,85.78345772839936
876.5069710564977,142.4587108184915,39.33106220714913,85.5955450461514
873.8150511913234,142.58167491356653,39.37609101678261,85.38889180185652
871.2966958155396,143.62368944352275,39.32845452027268,85.15953863095929
868.9501497196993,145.6091210982377,39.314710965188084,84.7456876410942
866.6336604919983,146.81996225446505,39.32906377972114,84.53738566540098
864.2694571242107,147.06084687347357,39.48877353958822,84.5887175688367
861.3623288855275,148.93316634851345,39.633571627672424,84.52159174131553
860.0906745221541,150.83933001704003,39.69099664165057,84.54754126736053
857.7076922515582,152.2195609078101,39.88408615995412,84.17709341900218
855.6929414542982,152.77769685207852,39.964198296771755,83.93219625676079
853.4596063487465,154.96176501267774,40.0353788151869,83.9450137243197
851.1556478217276,156.51317190210833,40.06244622170288,83.94248213768873
848.7725534671632,157.42822409602724,40.10254736064123,84.0680334438588
846.8836649070817,159.38271487544668,40.306259510787896,84.33196734369909
844.7012991163497,160.3260820078109,40.32322135500812,84.84052846051668
843.3371296152342,162.08859612437894,40.25301356616258,86.1336574234255
841.4131130366683,163.93159625756417,40.35674206631186,87.55882363425843
838.7247766701339,165.90121037141168,40.59315076510945,89.3809584360434
835.9944669253348,166.45655747517173,41.12643070087471,90.21864076489258
833.7818137229566,166.97011466934367,41.6699192879431,90.62522693807213
832.3358540965304,168.77904298225707,41.95525899863529,91.03080781224537
831.1066473037771,170.38600887947234,42.2906526504415,91.45139559484117
829.6841396792823,170.7995327563877,42.378091433824196,91.5237717382769
828.1460870146229,172.19654609852665,42.16975576888038,91.06424274419979
827.4709572864218,173.67959308758566,42.083785519471945,90.42757648519795
825.3994385480383,175.85103473408097,41.829671049217445,89.98019528266143
824.182233553742,177.58566158084597,41.70362309294022,89.5388513448382
822.6632001903573,179.74623402269577,41.75997461737813,89.59567334193693
821.470049338714,182.40770643546242,41.66612442895622,89.59417064363144
820.3959418562255,184.76729565197138,41.83533989842709,89.9579184839595
819.4365130533243,185.821812119479,42.370867397494166,90.09638215386364
821.5436585839993,200.3317889142578,43.062104881523744,92.66426959824162
818.5729301188666,198.27793947816082,44.22195847545494,94.92798052869367
816.9783610690515,202.51114462192217,45.16007089835779,96.79750297279934
814.8353138367186,201.39688671453808,46.39366845292861,97.80290155524484
813.8006707668634,200.536738141427,47.117553067141415,98.50389859827942
813.3800170238419,201.43837485767287,48.02663091508467,98.70634601959325
812.611380092362,201.73463741772966,49.18391920713691,98.27260996794011
812.6640751853844,202.61759380590732,49.94388683731147,97.4476070541031
816.452564438365,206.82453935443488,50.045495768026264,96.35791324937591
815.6782418343334,212.02328114377343,50.86448720039746,97.40431928861872
819.3400329461314,213.6085224703101,51.099533535914205,97.46360658068998
818.4648929777477,214.51885458927129,51.99226541464839,98.10084191323274
822.8331156495643,218.0593562405789,52.22530249289033,98.0113466176671
822.2294908815273,220.36967786293906,52.71642171270679,99.1901933479223
826.8339562961642,223.40433723539294,52.812409172617606,99.65597363255557
830.876888043465,224.79726590598398,52.89485202872397,100.02003437074974
829.5594204100653,228.77491055302795,53.05517553633773,100.47106278753824
835.2600637121777,227.0690023041082,53.23956798637297,100.2351091189806
839.4844112048933,226.6334203184949,53.811221549831004,99.21949115928379
843.3786715418203,227.34157214771864,54.491773217895926,97.72261590898222
841.7530123618925,229.04244188902237,55.29772233412972,96.00366956678616
847.720584930545,230.02990314946794,55.649244066942,94.31249409308091
852.497262506989,231.38497363505857,55.87747270006464,93.23802604880238
856.7651010822606,232.24901392378695,56.242745027671035,92.30857868915724
860.63257372959,233.65009166019684,56.05283414158124,91.70244763421466
872.7720836019798,230.27536874674533,54.85682220930169,91.72072280682079
876.8387048620043,230.48574507296212,54.02133350013533,91.76834345303222
882.0687707929967,231.20359305749125,53.34422356503047,90.84230075421858
887.6450709989218,232.05387276824237,52.50149291941567,89.07741753489434
893.4449849153073,233.0361968599926,51.64559876431812,87.29056236246316
898.8585042727615,235.06801362221955,50.57461969601598,85.83037341427267
904.0932738500042,235.67336957176798,49.41717809096917,84.44958301407054
909.8642941873712,234.89639706650394,48.22718533646212,82.67329564277793
915.1865183326753,240.74210718359564,47.133593636124964,83.18512247890706
927.1309025969509,234.0457377442106,45.274970752715234,81.28261141871221
931.9446872528592,234.79696334442954,43.45044814423725,79.92894862571934
937.3134828796107,237.85425006998003,42.0553537626827,79.48126865682664
942.5420491193864,239.33820349856663,40.81456230180786,79.49365960353218
948.3907205517999,240.6937606692099,39.628040779449385,79.57624476519061
952.8701250625594,241.51968625536588,39.056109771541145,80.19630998234396
953.4661387819401,242.1841355940933,39.2689636909262,81.23664038318196
957.8909273280966,240.93703712553457,39.00672313883537,81.80536982914956
957.8939130522631,240.55220206048105,39.29232673489601,82.59799456663899
958.1764218791998,239.23183898832923,39.6032852858948,82.91630297488918
958.5761331594236,238.47568352368478,40.12560871715399,82.73358679121723
958.2770968686717,238.70484887705894,40.20895620958467,82.72800435331163
957.1607294417183,237.79053596309842,40.35237398013268,81.8863888253367
955.3386122263918,239.95043079819217,41.277890358875325,80.71456101008386
952.8735909153538,241.10525591432582,42.23804334014315,79.52084073902105
950.1100956549742,241.16018996445615,43.25156082699738,78.66446171585166
947.8435029428325,241.56703829335075,44.19983705061229,77.37622768547334
946.0409186469601,242.17484851511358,44.84411916393312,76.28265963580131
944.2411212964867,242.4232442776564,45.70423623045012,75.55577263480356
943.1008523925102,243.3282494095834,46.20791952332737,74.61081274641114
941.5979801736187,244.2304490274878,46.66183033150216,74.17803583459224
940.3026727236739,244.36329437963647,47.13245154471566,73.95682231366668
938.8654066178232,244.15218638682953,47.40878796517262,73.63135876770632
936.1621366757648,245.15247695996078,49.14261218537943,72.46917059438998
934.0835338167633,245.08270492713396,50.3805538252423,71.7178418835353
932.2203798349873,244.9542375320444,51.259572703406064,71.35789130965878
930.9007615260133,243.84859631833817,51.83954966826261,71.40677325298618
930.7501317207634,243.15806342153104,52.00640427676439,71.31642316925817
929.9917546704768,243.39439863560978,51.95078057639622,71.49389934468502
928.7105865245761,242.97266154506866,51.87188413923953,71.46978840318197
928.4474897605226,242.02388539834584,51.43427825032772,71.85957921820349
927.0602448016815,241.3383908844766,51.038016834773174,72.3744750776833
925.9759600667843,240.1262775556175,50.58855194177451,72.91711363401456
924.3080111949085,239.74568552986565,50.10935998291974,73.11895434750551
922.9635322523061,238.71510123917682,49.702971655737585,73.51604207065259
921.6718235671793,237.904508099329,49.33019367152961,73.74193809480163
918.938900061215,237.08664729691043,49.01487603730939,73.8740692350468
915.9035531824306,236.71044019511763,48.91735642741598,73.69618463339562
913.167292661569,235.3022785686386,48.711840779380985,73.73954293197744
910.8358427013823,234.18748857272772,48.291941265092554,73.71634010214395
908.3139314611805,233.48538447590627,47.850907139966445,73.66986744385049
905.4698835349036,232.95512760672744,47.7350173968171,73.82317929603104
902.1131069489662,233.05008823491985,47.578331787716394,73.653955393054
900.0472277540412,233.2905032045955,45.25846053889468,76.7112237889688
898.3226836413075,232.25246395065903,43.561777260913466,79.47612575837431
895.3925609707915,231.62073752777167,42.310349723680304,81.31768631880212
892.7197276844411,229.57606524606683,41.43286985778235,83.08965474543194
890.7388330977179,227.83207921744534,40.75340126831981,84.10467610572975
888.0616078639968,226.92541648346565,40.14625858466961,85.2691467219664
886.3300142587606,225.69109961296772,39.69034551056563,85.99720824883569
883.9732596546339,225.40000924684696,39.26980005802167,86.64404826364235
882.097633969844,225.44572110292864,38.87433149504536,87.05350139540823
879.6718881716606,225.77788185995814,38.600380109692125,87.27810525490351
877.4805413140855,225.06777164434268,38.56364404578962,87.22507803884893
874.7141858200245,224.82721878037393,38.57466371158506,86.82242397016704
872.1923295325679,225.24661958475892,38.69491723345864,86.11355834124019
869.4838651977257,225.4711891443605,38.34593623135977,85.83123348967237
867.1900720353425,224.48964717343262,38.49293932706115,85.42879290111736
864.1658087595002,224.73704064267577,38.13748943831597,85.02716700913606
861.3713693212942,224.2795008153035,37.72789514730858,84.59780226976899
858.4205187307634,224.98310818742792,37.33405933343601,84.04655057683925
854.7445773610121,225.76839488880805,37.059873004029825,83.65483056667999
851.9257747350075,225.7827405796941,36.85852905254798,83.27599602051164
848.4725671655465,225.93272408606327,36.44598781634795,82.86660275522935
844.7566482270943,226.72753472203226,36.161899999740434,82.55797744829533
841.0345575187428,226.67562626353734,35.88846247418272,82.5379603438957
837.2912757358175,227.89739927161617,35.52933102126492,82.56974253475404
833.0214617232517,227.20751865214226,35.933873940500376,81.70288907910651
828.6849399719933,228.56480335437942,35.466575684289126,81.89270595659931
824.1360547592792,228.67446185528163,35.23361376413651,82.30117189565946
819.4147767516231,229.85340476677808,35.12758388772488,82.88168300336116
814.5781230631183,229.90988968288445,35.07545696145107,83.47513639416708
810.218416832104,229.1456776873222,35.155611038774865,83.92580898720502
805.4879914177527,228.483238789437,35.64088642039503,84.03687049784209
800.5100880650406,228.11503723690487,36.210207072352475,83.81344647783385
795.0316162815923,228.18438216176293,36.79459109182474,83.65423553682044
789.9913120804374,228.81267345216884,37.36231821514284,83.8748990020749
785.278859565442,229.35456743192537,37.724393273820134,84.05605285412346
780.3118433732948,230.8864835615395,38.00251039779964,84.44905491114885
775.7644454125319,230.63191494091535,38.257035323231484,84.5189391797943
770.4494739226085,231.21788122732892,38.50027099717012,84.74435834875794
765.7150699397868,231.75276286798882,38.54863161326534,84.8157579397526
760.1361834091502,232.30636657277563,39.88625906754363,84.20960720132155
755.644045584957,234.37591101685254,40.52779370335701,84.04342490267577
751.300868199659,234.42714513391624,40.853120756362514,83.92183552644411
746.7343437066495,235.32342579938665,40.79669182184932,84.07191533453377
742.7219123688991,236.12605979635362,40.41301472531644,84.05219848329236
739.8537192386932,236.27943915658403,39.79650811005689,84.24949937558256
738.2275929413606,237.601447715439,39.03004103156547,83.92790500071621
736.7014370392499,238.88521173611963,38.423643786562025,83.10653138688338
734.6671175379765,240.40295311957988,38.12573329722643,82.52824008724804
732.6587821705401,240.93122068152314,37.77427144085172,82.19582540146041
732.3740627898753,241.4918322871233,37.11910774132004,81.89724767566128
731.7861939507933,243.98077772815446,36.47442145879846,81.259393662648
731.4728499081252,244.63602481011668,35.88110522398976,81.45791684701302
731.2465441912188,246.36207173860873,35.222703364536414,81.35467896231897
731.4094496723886,248.25099340624843,34.93484624090267,81.12958621450295
731.1609799620554,250.67697791326015,34.69321264683305,81.30686353074074
731.0061412909675,252.26950508810512,34.383389173140415,81.91620844252544
731.2192044391287,255.7902235364335,34.51282674391011,82.26926655624466
731.3870867603041,257.72791933219185,34.6770273222492,82.46022971631493
731.5411701988226,259.85955672636857,34.86117159504787,82.43480464033323
732.0199887449054,262.8312997250683,34.887794167894555,82.19959777577688
733.1412334971252,264.658435993044,34.92519591597266,82.0235390269043
733.3289373420873,266.51213117230145,34.968015570799636,81.52813544855596
733.4732929651155,268.6052393080066,35.10796835338789,80.6641163760134
733.2281187799517,271.83454342310455,35.00779497088123,80.83564988089451
733.6181055559476,272.63575364872565,35.11417485202156,80.99433687441545
733.558384561633,274.18520910692246,35.18802283387381,80.8679227059925
733.1113018532662,276.2133305292325,35.46472603279979,81.06731750709379
732.8451680799197,278.93445640249746,35.820039786920645,81.17258258337885
730.9934991457809,280.23010239150915,36.465241192033005,81.55780327587246
729.7361173120753,282.7978986679455,37.11433501290948,81.6364717779924
728.598250909591,284.62243286011557,37.25470638484902,82.42310762491441
727.0231374857372,287.37554274037126,37.39122154165396,82.96791134767939
725.3163918168073,288.8131317127729,37.723497497891444,83.30568315568382
723.1418218450668,290.2424546020457,37.81404674313006,83.66667572476388
721.5617555357584,291.0040558691162,38.01415500490502,83.95478836949411
719.2514917462207,292.2550951753427,38.253017354182894,84.04635985965642
716.2128752772685,293.33565813991805,38.3356623938331,84.2677491225376
713.6969181717363,295.7208201487122,38.10413838010486,84.22479632076954
710.2396004650778,297.07734515234773,37.921645878993154,84.68195834390932
706.5118732019527,298.93111787278616,37.683937963989834,85.0199403612233
702.4831835364699,299.9572394885342,37.60061409366132,85.6150534014711
697.787757598113,301.2399410676028,37.31851808676921,85.85281019549751
693.224496939159,302.25838627619174,36.91428436164723,86.53862800356988
688.6033472983647,303.4628677354009,36.602597093858506,86.72423810608663
683.6554780871102,304.6775608738316,36.288715994272955,87.04499511879119
678.3737690769898,305.60527299851293,35.97256305351515,87.31129571340753
673.0097206586917,306.65013406028044,36.152816910680336,86.91998994214453
667.4265387145952,308.4427594388213,36.0196574452965,87.08644220897324
662.6412993813423,310.4364506261945,35.977221072739965,87.33048082803174
656.8483191603283,312.0307461941805,36.03680383685033,87.98557078909047
651.8044927862169,313.98740577102217,36.134649456166855,88.16115792355407
646.8218313623846,316.5071033877921,36.27943569036704,88.43621867603723
642.5882644249143,318.02019869146045,36.525919846069435,88.02542623726438
638.0458655951172,319.24938507603025,36.75903007432818,87.23574164618717
633.9984098958394,321.3269169130135,36.68452409159727,86.38247583904194
630.0020432222964,323.32845534142183,36.80492629625769,85.2568144008502
625.9738367121093,326.5715129811015,36.64966939475683,84.45408592416423
621.6436754767861,329.31674137914956,36.481874494797715,83.5409921422893
616.9967400943784,331.82892263775375,36.119211064666885,82.399186063527
612.4890553245302,334.331402841937,36.02353762798373,80.97118645723869
608.0784646639598,337.7924600694132,36.045169846341395,79.52667448412826
603.7746238061884,341.414133444856,36.131453017572674,78.0348655330779
599.186988015764,345.3708073491135,36.15845589877561,76.31550318675167
594.1318369537092,348.9755543434731,36.2866193891571,75.17592544635394
589.372150515419,352.548754984845,36.23895754436312,74.77761633814015
584.5172838301006,355.0280963626721,36.07338860024156,73.87871656435854
578.5498472111609,357.5525469737836,36.20650593296959,72.50581402987976
572.6782281409033,360.66158144258634,35.89866527709805,71.31783685481695
568.0586377150971,364.4446181515917,35.7546054289423,70.79163846732371
563.3748675813354,368.9937305373454,35.423811956231546,71.03190608931
558.2045863681049,373.29954813834166,35.36972392340297,72.03755280107488
553.7078383962686,376.609086008767,35.602536807383125,73.43100166502157
548.4643089628547,380.0648670769323,36.0317696320355,73.94146997760453
544.860319425946,383.73770972300883,36.217886198986534,74.8932042334861
539.9221551610696,387.44781786286376,36.50208216038012,75.55758458768743
535.0825606202392,391.31939173820416,36.75575129880352,75.68232194976903
530.5558130960283,395.6516190387519,37.03029565600207,75.84465052891036
526.2115545293278,398.4207127074565,37.59705432840462,75.51479859112885
521.9672732892894,402.5712379704147,37.99357197815907,75.523118106106
518.1560694828759,406.8535492028665,38.20742980537205,75.48674156710582
515.2253235669766,409.39636105694746,38.53383452855855,75.16273504262911
512.1946687137255,413.0620383605452,38.38809200422598,74.78500325342684
508.0312879269633,417.297989290683,38.57335119737924,74.32323609011162
504.84967189119624,422.1222840871887,38.45678924349213,74.55230248007146
501.7306756853581,426.15718665082,38.6944988907336,74.33017124578373
498.59014394250414,431.29547890951676,38.68429879611921,74.57553363543362
495.9713118549726,435.4301355682751,38.91535019347239,74.53821399314899
493.90266280738433,439.5100415959067,39.00657342140043,74.06938332597765
490.94329976139545,445.646743590207,38.78194128278729,73.7861698433586
488.65450494705925,450.72919098029416,38.71729610921362,73.95082103791573
486.16732030367984,456.0886192765362,38.73591016220777,73.53913531335164
483.39202620852734,461.31409012388326,38.7419603314252,72.76609965503434
480.88621852875633,466.31980428149035,39.13197840092812,71.7503397510751
477.7982788956465,472.26792380924684,39.48754659765922,70.45262669653869
475.2969677688934,477.46359915536624,39.84426001861534,69.28883032558899
470.9871961438299,481.9262538114231,41.470362163853466,67.9943241216905
468.2232381811266,486.8311987640326,42.61566538402934,67.13543347642036
465.12341108618926,494.19583362732186,43.662826097036394,67.01287513747606
463.35241636066246,496.41142763287075,44.89445916953464,66.56671396277352
462.61075304003003,503.95291006552605,45.98143101629732,66.77517003404742
462.77667830459893,510.3553231210715,46.84516871824616,67.38286814628417
463.56935405423576,516.3414263444567,46.96466228981153,68.2471132299703
470.834532295586,518.9700495590157,45.892466207501705,69.60717446381614
472.08432211535336,523.8778480623845,44.00468306626558,71.30429088939064
472.9896797956546,529.5195364737696,42.738634293969575,72.37142371017514
473.84483932647794,535.4069787639762,42.21889929585278,72.48740064099225
473.5510208587097,542.9454128019867,42.30062446390646,72.73047790035957
472.84381994372416,550.6840604734335,42.69868341553597,72.97566809976313
470.3472376373725,558.6997116579397,45.4174146538344,71.49688552902964
