5.970000000000000000e+02,3.950000000000000000e+02,2.700000000000000000e+01,4.400000000000000000e+01
5.973748680070663113e+02,3.937488588339736566e+02,2.511098031389217411e+01,4.564123266505193754e+01
5.950615936045069247e+02,3.928335029748188276e+02,2.406387027120215549e+01,4.528076653836031085e+01
5.930383657469914169e+02,3.926624285989274199e+02,2.363278549322182442e+01,4.437355854346957784e+01
5.917324794488847601e+02,3.928213462725067302e+02,2.333807825392471358e+01,4.308855206374646230e+01
5.893197674396830053e+02,3.931888292912489646e+02,2.467245012160199380e+01,4.146845734937063810e+01
5.877351613581499805e+02,3.938739692274896811e+02,2.406946122341923910e+01,4.513873152352005746e+01
5.853231177969023520e+02,3.934875682616218455e+02,2.472259793316436216e+01,4.730266855180575902e+01
5.834354752875445911e+02,3.931770324608298779e+02,2.505009924330728666e+01,4.877545184381550314e+01
5.828856910425633941e+02,3.931433852609177961e+02,2.523353748853798706e+01,5.013500319497177315e+01
5.806235499043627897e+02,3.934275498944006699e+02,2.549524080070580112e+01,4.880673175404824349e+01
5.795252656732459400e+02,3.927216473819559042e+02,2.761292976499414564e+01,4.660118596221107623e+01
5.792198750578850195e+02,3.933036394448229203e+02,2.518777297119499536e+01,4.503889561570709787e+01
5.785085359424236913e+02,3.944018184260111752e+02,2.450452945681730199e+01,4.275883556592832235e+01
5.784130049086106737e+02,3.945114004555993574e+02,2.273040933927040541e+01,4.096637650953667276e+01
5.773356086336044655e+02,3.937158320889302558e+02,2.188244600892705449e+01,3.944317007652347939e+01
5.766503328590143838e+02,3.936460523967298286e+02,2.099602333783124308e+01,4.057384330245809423e+01
5.756761187001171720e+02,3.930733124981745732e+02,2.121651729512145579e+01,4.323502332063025477e+01
5.747600313787100959e+02,3.923620838008155829e+02,2.229256636859220464e+01,4.454807544363930560e+01
5.742373836703682173e+02,3.913097092078199921e+02,2.316439322529542011e+01,4.801788782009065670e+01
5.722704706786054203e+02,3.892801946729849192e+02,2.388911586295008505e+01,5.074216671428472836e+01
5.714262628768602781e+02,3.870899033858181042e+02,2.318598116393490471e+01,5.215089317136983738e+01
5.684860661930448487e+02,3.879473288384151033e+02,2.436120485383148448e+01,4.713967295198213492e+01
5.674207670327979258e+02,3.885163834446424289e+02,2.550317645580402726e+01,4.475436241601826737e+01
5.661064916981847546e+02,3.877279987217856387e+02,2.534534945664970351e+01,4.259939210228658624e+01
5.634661693203237292e+02,3.882060079829306005e+02,2.779714203570544129e+01,3.955350646497598177e+01
5.627082801837154875e+02,3.861250477698982309e+02,2.775321314415753804e+01,4.064027711648925845e+01
5.609097854644711560e+02,3.844143783060965234e+02,2.793662478761759971e+01,4.329875675921498868e+01
5.605518851367118032e+02,3.823965304865772055e+02,2.647027841707437545e+01,5.003505063815220666e+01
5.581554563696124660e+02,3.825406948135611174e+02,2.682097534488867296e+01,5.094135367993175123e+01
5.553097693685771219e+02,3.814230750885028556e+02,2.763797686465951386e+01,5.131931096833571360e+01
5.535127148558326553e+02,3.805796661548239967e+02,2.568779153284875960e+01,5.296512769462209747e+01
5.504275273451795556e+02,3.808487168417628936e+02,2.579772935170127823e+01,4.811154847269126833e+01
5.489294947312081376e+02,3.804163704130180008e+02,2.206948465837941242e+01,4.604366944221113300e+01
5.459184961016525222e+02,3.807116171129007398e+02,2.130021642981976981e+01,4.427798690498684664e+01
5.426597816195815085e+02,3.810398458388752942e+02,2.205848487531568480e+01,4.012740360998961364e+01
5.398662072607296523e+02,3.789958998528844631e+02,2.372137035411243033e+01,4.041181614891162610e+01
5.360247582421859533e+02,3.774410984496835795e+02,2.700489152199823195e+01,3.903850498436616334e+01
5.338444048617319595e+02,3.745138196124935916e+02,2.802375563153888649e+01,4.432803101106394195e+01
5.316856936084451490e+02,3.725826052305739609e+02,2.852074094519561598e+01,4.690118400948412614e+01
5.291790825435726902e+02,3.702746397434663663e+02,3.015480934645562883e+01,4.855702720751523316e+01
5.288389036643029613e+02,3.678253997593037639e+02,2.488641470173575954e+01,5.224375118485835401e+01
5.279270968279470253e+02,3.696763402266151388e+02,2.284305974270314010e+01,4.994098962737189140e+01
5.270166401795082720e+02,3.690753416151490001e+02,2.310325545687806681e+01,4.638755519823505580e+01
5.274625822369645221e+02,3.677520442260640152e+02,2.337358347537307424e+01,4.439488443914306970e+01
5.263017124219200014e+02,3.675756348297436489e+02,2.751463055194192719e+01,3.939990917584508878e+01
5.281515502455087017e+02,3.639598628563718989e+02,2.446550991937485975e+01,4.069535502383368453e+01
5.278413337965415622e+02,3.628840864906830461e+02,2.840135963020586729e+01,3.805909266121725665e+01
5.306029419200584698e+02,3.598061985223073407e+02,2.633165104499160236e+01,3.986483960626943457e+01
5.339807256037760226e+02,3.573450280946880184e+02,2.441118385150672765e+01,4.502880311809190061e+01
5.388169154872414310e+02,3.540837297150325753e+02,1.968567298106026442e+01,5.072469328913445707e+01
5.407827246026547527e+02,3.533276964697717517e+02,2.222089454057780245e+01,4.981592643042822033e+01
5.471193068354502884e+02,3.526408887263164047e+02,2.185939084158822610e+01,4.827901802589001079e+01
5.531543861539098543e+02,3.512954490335855553e+02,2.096596140693968380e+01,4.697709121513889130e+01
5.616855650760171557e+02,3.503477805711654014e+02,2.166754246653373173e+01,4.427094288759878538e+01
5.686138953618801679e+02,3.469862766116070247e+02,2.101301507351860920e+01,4.296612163648852345e+01
5.754567818844151361e+02,3.447662238627496549e+02,2.040898812982803534e+01,4.187426521632603738e+01
5.842793981397511516e+02,3.422528822176641370e+02,1.961924344264236808e+01,4.365430186381212962e+01
5.909998143028493587e+02,3.392267660393094388e+02,2.223059998973695528e+01,4.450679476434480364e+01
5.937239878018002628e+02,3.356523544494875750e+02,2.048595496479651246e+01,4.480632232783861468e+01
6.035921907113119005e+02,3.344241289161362261e+02,1.776671719081720013e+01,4.805135655398801475e+01
6.092488167059252646e+02,3.322140689331535555e+02,1.771978829119016297e+01,4.777186628664651380e+01
6.107034320077054872e+02,3.298109338782435316e+02,1.953910430704479850e+01,4.608080000883224159e+01
6.199488660229926609e+02,3.280650980717114749e+02,1.811710300620694625e+01,4.524150085773624852e+01
6.211735682942285166e+02,3.281692513859320002e+02,2.190842874937970208e+01,4.100884358613718916e+01
6.310344504370582399e+02,3.256745616390556393e+02,2.247590243979445290e+01,4.173227907583106600e+01
6.303629459711490881e+02,3.243403348221996794e+02,2.672294336357141731e+01,3.763577671207595188e+01
6.342847997149133334e+02,3.213132778859079508e+02,2.429879154010545506e+01,4.226042171449649487e+01
6.369987663574391945e+02,3.198588658473013311e+02,2.469611221852421679e+01,4.337142474678781667e+01
6.405248485399739593e+02,3.181505259857825081e+02,2.352526499212647337e+01,4.477924483542605572e+01
6.424276451529432279e+02,3.164195201848327770e+02,2.541331056776272135e+01,4.301936360361577272e+01
6.469553503865796529e+02,3.151444513614400194e+02,2.164061542107700120e+01,4.435984238924106648e+01
6.494058112869099659e+02,3.133031925758277794e+02,2.137305543682269260e+01,4.336169303694254040e+01
6.522282361399256843e+02,3.136618684895512956e+02,1.967418890225418693e+01,4.052864430245211480e+01
6.543764153910527739e+02,3.111504403863000903e+02,1.951200188590081552e+01,4.054781026618721285e+01
6.543471485464849593e+02,3.097717015080294800e+02,2.294117823708478454e+01,3.760111779567759527e+01
6.544775467902862829e+02,3.052471866784215422e+02,2.397501990637307046e+01,4.132576658025966765e+01
6.544822490327228479e+02,3.044935431760010829e+02,2.502146354314297128e+01,4.020940398793266723e+01
6.557888355261588913e+02,3.023013452120632678e+02,2.335277544577820663e+01,4.105865344097005476e+01
6.550561596022409958e+02,3.007073872089503084e+02,2.353265800001965147e+01,4.167408113924305724e+01
6.558645139510527997e+02,2.975987547915738674e+02,2.116828759261063198e+01,4.447493075945740770e+01
6.550766515324427246e+02,2.970487804138083447e+02,2.165817852270328103e+01,4.232889901381355457e+01
6.556431057682174242e+02,2.955155360972867697e+02,2.146580267587546587e+01,4.166994452208550115e+01
6.556096593548447800e+02,2.937807534777635965e+02,2.019497057853331512e+01,4.233532890061252374e+01
6.532493444383859469e+02,2.928474650202484213e+02,2.650977479652180691e+01,3.831508454565380362e+01
6.528406919848091547e+02,2.898860631761642139e+02,2.717025296913238464e+01,3.846093978182638295e+01
6.537765882873876535e+02,2.884121669362854732e+02,2.592848008834451434e+01,3.826445683471925463e+01
6.541843200966245604e+02,2.858793270030982967e+02,2.483866600552660486e+01,4.146917681358897312e+01
6.539664115109837894e+02,2.841060585623040424e+02,2.469238898430320006e+01,4.177499533046191971e+01
6.528427550084653603e+02,2.823058802358633557e+02,2.375885148351133580e+01,4.333591850403426804e+01
6.527812032818461603e+02,2.795521665771105972e+02,2.268470480895744856e+01,4.391868275467574279e+01
6.532049812874709005e+02,2.765747123779918297e+02,1.973324121256389674e+01,4.581804677654000102e+01
6.524107664895075231e+02,2.758006643368532878e+02,2.254137436359764024e+01,4.283294259484001287e+01
6.542598466610195374e+02,2.729004037183030960e+02,2.076864658340172554e+01,4.501638171295237356e+01
6.531776277198393927e+02,2.740017538762296567e+02,2.352403870989881085e+01,3.986412123169391464e+01
6.540679136882480407e+02,2.713078932043207487e+02,2.251570699458202540e+01,4.044132955595003409e+01
6.544940099588116027e+02,2.676374083391276599e+02,2.309868403105340207e+01,4.156426597258494837e+01
6.559277386612897089e+02,2.655851744693272849e+02,2.136008376186983071e+01,4.289923131083375551e+01
6.576769484255306679e+02,2.631049341081140369e+02,1.959388667124658667e+01,4.398401370524211984e+01
6.601868375822331245e+02,2.610521854954924947e+02,1.885546516936517136e+01,4.709856600851482256e+01
6.626362843052431799e+02,2.589103128676101733e+02,1.761389389169522701e+01,4.620462361932099782e+01
6.644263277847211384e+02,2.568726672167974812e+02,1.889212621527094882e+01,4.763268715681667942e+01
6.650518669862458410e+02,2.577513703848746900e+02,2.244063410830310801e+01,4.437079914742162856e+01
6.675665880179030864e+02,2.568502447564382010e+02,2.152819691635708210e+01,4.383646822045672309e+01
6.688870488776036609e+02,2.566523615797165689e+02,2.509842488949125894e+01,4.051932010704207698e+01
6.729475662579976643e+02,2.537704954325329254e+02,2.303770430717015216e+01,4.204952998624819571e+01
6.767489203918570411e+02,2.519210375176712944e+02,2.146838036257153348e+01,4.373785478585062947e+01
6.799230245659070988e+02,2.504617636495564739e+02,2.140781497025128033e+01,4.519778400038990185e+01
6.830630123183899514e+02,2.502699701589204153e+02,2.181379069819592331e+01,4.330428806158755606e+01
6.874068105059241134e+02,2.487439144912439133e+02,1.954544433457151342e+01,4.614237483827721320e+01
6.904226396177923561e+02,2.486202488070541108e+02,1.969047239776143599e+01,4.475036771330965735e+01
6.974349619101845974e+02,2.478188725032996444e+02,1.831442553026214881e+01,4.388491463043463625e+01
7.006928275484700634e+02,2.470666263532543496e+02,1.764910233093099379e+01,4.475302375467531135e+01
7.027993467718370084e+02,2.465333386431414624e+02,1.882655298560706925e+01,4.300684382860290356e+01
7.042488582948319618e+02,2.459907997245612137e+02,2.164435685535814713e+01,3.947558532009075805e+01
7.070828914376899093e+02,2.438601655301839628e+02,2.055654893908802094e+01,4.146253286800968141e+01
7.100221697712435116e+02,2.416492667140568358e+02,1.914614050348729535e+01,4.379618977417446501e+01
7.130723441764188237e+02,2.410952449664648327e+02,1.852620036165456696e+01,4.463778334107479395e+01
7.156177137025651973e+02,2.407432309588337489e+02,1.904090717117832199e+01,4.384804850557551958e+01
7.183338540559216199e+02,2.411330078367859358e+02,1.920108805046413636e+01,4.527544231474989544e+01
7.246460614806615013e+02,2.415090396287275780e+02,1.897311466064011398e+01,4.593963873491018290e+01
7.304164243313557563e+02,2.412494523120942915e+02,1.816070335897077825e+01,4.660921116063532565e+01
7.306265465062059548e+02,2.415577366169738696e+02,2.204249577150784489e+01,4.345504203360321327e+01
7.319675446615113970e+02,2.401955783628392282e+02,2.239946707030262374e+01,4.344366294136285944e+01
7.329984536771881949e+02,2.402858448467847836e+02,2.382765739313596498e+01,3.952762320047675360e+01
7.349214493904806886e+02,2.381662447100802638e+02,2.265802299741945092e+01,4.152125281424831371e+01
7.361461782914260539e+02,2.379772960047844208e+02,2.249098034712478267e+01,4.405049881569082970e+01
7.360921629244672886e+02,2.382895070371895940e+02,2.405942346412186339e+01,4.260868779910211401e+01
7.373999104913400515e+02,2.373943740275716721e+02,2.268284985347063554e+01,4.392537581230881472e+01
7.380362894258004189e+02,2.368970498169532846e+02,2.003258560923692144e+01,4.572062994786669066e+01
7.402832963202650944e+02,2.369040290921078906e+02,1.651430772309381467e+01,4.644059554802440459e+01
7.405310316021277686e+02,2.374817977804091242e+02,1.563425151059354690e+01,4.691868320193952968e+01
7.382728786697696250e+02,2.395256414237472029e+02,2.221039543187398380e+01,4.138031470569917047e+01
7.388744773780017567e+02,2.369631561029165141e+02,2.237035040016782261e+01,4.539067777480499899e+01
7.397608543382234529e+02,2.366333924408348821e+02,2.210574109680518262e+01,4.605981323080166590e+01
7.403977268671237653e+02,2.354507577193355701e+02,2.314380152568364934e+01,4.606513475395465917e+01
7.412711147894196984e+02,2.356233354158580653e+02,2.330931530053759815e+01,4.390748782476925527e+01
7.426120662212699699e+02,2.339164397316741315e+02,2.347309076630480718e+01,4.380328073618218099e+01
7.439355692691967761e+02,2.338497624759557425e+02,2.237737196388515315e+01,4.456761782541968842e+01
7.451936564873216184e+02,2.341647904850279360e+02,2.226262932657058968e+01,4.535115343058154735e+01
7.484851367434204121e+02,2.344889825196536322e+02,1.761860993547420762e+01,4.651945563395133831e+01
7.494143293317717962e+02,2.352952423212692565e+02,1.870789879479762163e+01,4.405077419791065552e+01
7.510337650550529816e+02,2.348266086253088361e+02,1.736162919588374365e+01,4.661811346826473823e+01
7.503088229624045198e+02,2.362680412756528767e+02,2.083706827658163974e+01,4.417163269645198653e+01
7.517368833125267429e+02,2.356419289822053997e+02,2.110424097614800587e+01,4.388587923025397686e+01
7.523953369162151148e+02,2.355492777233612287e+02,2.383539227859788667e+01,4.056934091809310416e+01
7.554554213273510186e+02,2.349696415611816178e+02,2.106979384512002440e+01,4.227236823732155102e+01
7.556027572353125379e+02,2.349151149827667950e+02,2.380915198982945924e+01,4.340685898761128669e+01
7.571531519921501285e+02,2.350359388672450791e+02,2.370592273883424639e+01,4.415108175879675656e+01
7.585995195627849625e+02,2.345317162145300358e+02,2.216359269457231562e+01,4.610637080755112294e+01
7.607102551176358247e+02,2.350818034644241550e+02,1.914698453710306580e+01,4.507392712943199342e+01
7.639713347279928257e+02,2.350240817860512834e+02,1.529280789466667123e+01,4.726858195964271658e+01
7.640114446100018313e+02,2.349494417758171210e+02,1.759333068054488081e+01,4.755699856272402570e+01
7.626788874876784803e+02,2.367996668131943636e+02,2.368947257602453860e+01,4.110350054485427052e+01
7.649264121322329402e+02,2.350953050583858612e+02,2.116445919752201377e+01,4.806025323881271305e+01
7.663856975217651097e+02,2.354048023225758755e+02,2.294460076739566645e+01,4.484497503619257230e+01
7.683329514990450662e+02,2.344722843968552581e+02,2.238950049525454844e+01,4.280961525584367422e+01
7.694467745111132899e+02,2.324869305509349999e+02,2.274694820776686655e+01,4.419170586127364686e+01
7.712726490863682329e+02,2.312979438079466377e+02,2.262785215059482624e+01,4.568748339769591382e+01
7.721501267296511060e+02,2.303457936926682237e+02,2.222344334325439519e+01,5.073712788560747100e+01
7.725991289339474406e+02,2.309181149472565551e+02,2.239260550151047369e+01,5.131510026080735543e+01
7.754295951377857818e+02,2.298149161947407890e+02,1.871631774524658809e+01,5.203504685527065732e+01
7.766237610504661006e+02,2.328020462050948538e+02,1.821277967827843014e+01,4.877968083938428379e+01
7.767012880989069572e+02,2.335918762700860327e+02,2.075927320407733845e+01,4.699029167867357870e+01
7.777290173528508603e+02,2.331723118419813829e+02,2.016753215682173206e+01,5.002780052832160607e+01
7.782183478771295313e+02,2.328205232297379723e+02,2.122632785913431519e+01,5.055774975040327490e+01
7.793306020885312364e+02,2.329226630789775641e+02,2.090661150671959945e+01,5.129029747311243170e+01
7.799804773291315314e+02,2.319058783244116739e+02,2.192918792409391671e+01,5.047030486562128715e+01
7.804887011287547693e+02,2.316134850867329078e+02,2.141803274046634442e+01,4.725587721629924687e+01
7.802960503171077562e+02,2.313381203725744228e+02,2.342076362019960811e+01,4.568778192423356188e+01
7.835342978080923331e+02,2.289625945347631273e+02,1.726083358559710490e+01,4.976109654264712390e+01
7.832911149302861986e+02,2.291460828259023685e+02,1.786992378488346489e+01,5.083556328445769168e+01
7.829047941221945166e+02,2.312240508786174473e+02,1.731824413107783300e+01,4.926466369521710220e+01
7.821940140305849809e+02,2.315563875107556555e+02,1.777963815800482195e+01,5.171054417239578527e+01
7.786618088763667629e+02,2.338189947628296750e+02,2.443744781231603014e+01,4.645617001506091981e+01
7.787904651313979230e+02,2.328496306247281495e+02,2.361577265710464246e+01,4.764831906143226092e+01
7.798067270926293304e+02,2.312390706599446162e+02,2.178038646297518710e+01,4.921903203432670182e+01
7.806935721358598812e+02,2.288849746146227631e+02,2.012874152095281488e+01,5.678015991598599754e+01
7.781993967991511454e+02,2.277729633993129710e+02,2.402102428894435349e+01,6.053709686591561479e+01
7.725714055995989611e+02,2.268122803829196528e+02,3.162289053433172370e+01,6.280311865088425805e+01
7.703499109243980456e+02,2.239384874806254686e+02,3.121142632104336911e+01,7.149470732221760727e+01
7.667756247131185319e+02,2.241531708138564909e+02,3.383991674668448724e+01,7.802190555901484004e+01
7.626123216359064827e+02,2.228520828789761481e+02,3.994244186167988886e+01,8.551620894266102368e+01
7.576571480609526361e+02,2.245248510876007231e+02,4.457825478612380721e+01,8.777071153069144316e+01
7.528314069295074660e+02,2.245183587859405066e+02,4.700133300390908886e+01,8.835694261304625741e+01
7.473905030594346499e+02,2.261981371813181738e+02,4.924522990115931975e+01,8.977346309279876380e+01
7.473905030594346499e+02,2.261981371813181738e+02,4.924522990115931975e+01,8.977346309279876380e+01
7.249261114186369923e+02,2.235526303885816901e+02,4.832422833168040199e+01,8.868765992869899151e+01
7.246135497666568881e+02,2.258964251083846762e+02,4.471790632314052516e+01,8.365807524983517851e+01
7.212201187142629806e+02,2.259185895093405918e+02,4.505003839405394217e+01,8.165285341298834965e+01
7.158262643239730778e+02,2.263010054923146299e+02,4.538963564051501010e+01,8.422576759038135208e+01
7.108159498021999525e+02,2.265152056041611957e+02,4.408003873954221064e+01,8.653590920819516441e+01
7.046471682346078751e+02,2.299014349585271191e+02,4.693134527530010303e+01,7.967361368595385329e+01
7.012048446630323042e+02,2.274331209552150597e+02,4.519679552666669764e+01,8.328017834952987641e+01
6.974842302333465796e+02,2.275838322059891539e+02,4.384490114079888201e+01,7.806176270680740004e+01
6.923933942545656919e+02,2.253213328415567389e+02,4.292737857168827276e+01,8.115365072171347549e+01
6.880556353894613721e+02,2.235631608922842020e+02,4.130630263582013129e+01,8.147699740308020466e+01
6.816366783955493247e+02,2.228320551507312928e+02,4.342765721354899711e+01,7.907791127876413384e+01
6.775709493389920226e+02,2.221710573859567717e+02,4.299261943127793018e+01,8.320398252623921564e+01
6.775709493389920226e+02,2.221710573859567717e+02,4.299261943127793018e+01,8.320398252623921564e+01
6.562053821134129521e+02,2.197003298869265677e+02,4.019600958922326583e+01,8.657277338264461264e+01
6.548768812970599811e+02,2.200354297983003562e+02,4.129339954380574795e+01,9.129267976106891069e+01
6.494545841618669328e+02,2.223205127936393524e+02,4.824827742739676495e+01,8.528866646223204384e+01
6.469568362476329639e+02,2.207443480102550382e+02,4.681024197153240607e+01,8.947790072165055619e+01
6.439208052541079041e+02,2.225702078571587776e+02,4.699070573394261885e+01,8.677497944588812118e+01
6.417271059736682446e+02,2.231930026194401080e+02,4.414757737068853061e+01,8.866810065855385403e+01
6.389925990169027727e+02,2.227988676825196990e+02,4.400201542133509491e+01,8.973457476484894357e+01
6.358017784081027912e+02,2.227316974662293489e+02,4.517300810225297170e+01,8.864214276987074470e+01
6.338846435965692763e+02,2.250617477099140160e+02,4.446668171701924166e+01,7.975565811959862117e+01
6.352118062919092836e+02,2.232209636950643130e+02,4.015954801773773397e+01,7.912434181854845860e+01
6.359482659170195120e+02,2.214168138911981600e+02,3.779536075260946859e+01,8.626758691425686720e+01
6.360867132308068221e+02,2.208969842345726420e+02,3.971069992592289566e+01,8.717529462719474509e+01
6.365561914459182162e+02,2.223437396596496569e+02,4.221441431784371900e+01,8.312239642695826092e+01
6.368379183299364286e+02,2.229379551070427112e+02,4.352765224883534501e+01,8.347352012811946054e+01
6.421267716967164461e+02,2.226401545619758053e+02,3.737829977858089592e+01,8.476789203934779948e+01
6.450510412536131071e+02,2.219467908229850650e+02,3.489588767894780119e+01,8.364526325702956910e+01
6.479226868857545014e+02,2.228917258940233239e+02,3.483261579332706503e+01,7.667321404543400831e+01
6.533144255234564071e+02,2.222720591464715767e+02,2.736084315354342422e+01,7.564960260378519763e+01
6.548858526404344502e+02,2.242258970379590437e+02,3.044724411901952976e+01,6.866869512372775830e+01
6.594622199334331754e+02,2.229495578375039599e+02,2.817502939996562006e+01,6.379523512360640325e+01
6.690280852354169383e+02,2.202711182062054149e+02,2.332817180472597585e+01,6.259226989233751226e+01
6.717506561695016671e+02,2.235772908224824675e+02,2.449684476733665406e+01,5.346592543607432901e+01
6.797645299503204797e+02,2.228481225562081818e+02,2.250936610370926516e+01,5.025912086297100956e+01
6.841582847980150746e+02,2.227048401881658606e+02,1.979736738701885201e+01,5.079925269862687287e+01
6.868846859279258297e+02,2.224309184113136268e+02,2.059470484048452832e+01,5.247849600304088824e+01
6.940070558741897457e+02,2.254571693635151917e+02,2.061284336592542843e+01,5.068862026974984758e+01
7.014305155108127110e+02,2.264894849865274580e+02,1.839928114071430443e+01,5.071034470991303778e+01
7.116178006276511496e+02,2.246393181299220032e+02,1.800994612127072969e+01,5.361186174221577971e+01
7.132979234808213960e+02,2.249315615133864981e+02,1.731951953152274370e+01,5.694326900681140557e+01
7.135174965427831921e+02,2.273779656658753652e+02,2.310292999863299812e+01,4.926174033249472473e+01
7.213358677852212395e+02,2.283145337042088840e+02,2.068348792879611509e+01,5.363673410049320722e+01
7.233185655694528577e+02,2.277411140873323916e+02,2.225257293207950582e+01,4.774310797932670880e+01
7.256305002003477966e+02,2.267847088214051041e+02,2.318706663110514654e+01,4.842647686842006749e+01
7.285418118751681504e+02,2.268648828463203699e+02,2.312267396765220440e+01,4.905129543979771967e+01
7.313254739764907981e+02,2.277998316260085971e+02,2.321277707595053386e+01,4.724392453114807466e+01
7.343929981300964300e+02,2.279184848025212204e+02,2.259149267331068245e+01,4.939281264566736240e+01
7.363792554561428005e+02,2.286747192954433956e+02,2.317556380994488308e+01,5.121691392273197607e+01
7.379259078560581884e+02,2.302210314898404135e+02,2.412900717143000051e+01,5.041478159173826157e+01
7.401917334680338172e+02,2.313261176540693498e+02,2.347866855619769666e+01,5.218054496083588845e+01
7.409834788501946150e+02,2.326124279403653645e+02,2.435928482846654219e+01,5.149561600525590421e+01
7.433884528062609434e+02,2.302578129116228922e+02,2.109286451948338481e+01,5.549974195011574096e+01
7.424536681204859860e+02,2.310004266108167599e+02,2.387701495144271746e+01,5.060289250430366792e+01
7.399280262076457575e+02,2.301628998990000241e+02,2.496729070522391680e+01,5.209394290264381056e+01
7.363269385974318766e+02,2.305020471730728673e+02,2.687566271062469525e+01,4.843152679344767364e+01
7.351713506246329644e+02,2.290403441245677527e+02,2.414226344183646944e+01,5.387967525534133983e+01
7.291250951034163563e+02,2.307659323427880054e+02,2.727015866243137054e+01,4.823357351067330256e+01
7.274553562059530805e+02,2.298197141952408913e+02,2.394987121382776252e+01,5.290425716218232566e+01
7.225328981112215843e+02,2.315802445545034516e+02,2.592378949755949336e+01,4.898046636615209337e+01
7.215997822525081347e+02,2.324823486495857310e+02,2.100678280403678144e+01,5.040023431124146214e+01
7.178625420736265141e+02,2.351678351293048479e+02,2.157457733263733601e+01,5.383573603747215941e+01
7.126022542016057741e+02,2.354214907952085696e+02,2.444609235051306229e+01,5.383712042729097647e+01
7.079621787162413966e+02,2.346867930281204337e+02,2.614351493531660253e+01,5.464926812010907042e+01
6.962109511002418003e+02,2.357663521110482918e+02,2.511728173652944562e+01,5.374672768443217308e+01
6.956632406915171032e+02,2.354843532529845902e+02,2.511335377048592221e+01,5.101828236352653789e+01
6.918422349899853998e+02,2.351944260420838191e+02,2.803199319097485187e+01,4.995713520318234657e+01
6.874638393315253779e+02,2.352114221839668460e+02,2.974968052306223854e+01,5.059731162535653937e+01
6.816879645358894777e+02,2.400163016213361971e+02,2.782642687184116781e+01,5.522966586402114331e+01
6.780528466002513142e+02,2.370631582845982166e+02,3.033276437046734486e+01,5.433783585353715040e+01
6.746751736529942036e+02,2.365324044756247588e+02,3.052963286324829539e+01,5.315804431910980554e+01
6.722751742751274833e+02,2.368364366732640747e+02,2.838083010149521712e+01,5.491429829465030110e+01
6.696130837360447003e+02,2.398878684341057976e+02,2.632998256943113446e+01,5.276145079469533528e+01
6.667964960681345019e+02,2.395133686102273884e+02,2.407190348020279203e+01,5.529177244486306364e+01
6.628223126231347351e+02,2.410604652998668485e+02,2.679002334948081554e+01,5.182983724238769696e+01
6.599113529924146633e+02,2.401645101398305826e+02,2.701875241774480685e+01,5.251493544297631644e+01
6.577171204241483338e+02,2.399036518957449573e+02,2.699811463755981933e+01,5.227225436959740534e+01
6.556846606837133322e+02,2.394887159616509678e+02,2.774245339752845041e+01,5.150889301005561549e+01
6.547684197159634323e+02,2.386206287703083717e+02,2.648222960640474710e+01,5.230808923140578770e+01
6.532096460688374009e+02,2.395375050533974672e+02,2.672637549722952954e+01,5.073059086139457463e+01
6.546198783224382396e+02,2.401667517956295512e+02,2.169427921512554036e+01,4.876155678425997309e+01
6.546022094574117318e+02,2.408055436448813111e+02,2.122726738968615479e+01,4.980255967366235126e+01
6.554069525679078652e+02,2.430190486613077212e+02,1.833561647581518272e+01,4.996460184112692104e+01
6.552993760338097218e+02,2.434490728478187123e+02,1.779801676309725522e+01,5.185712195145760717e+01
6.550908880401798342e+02,2.452863775331803708e+02,1.902997856206719973e+01,4.795365545092207071e+01
6.549147608010564454e+02,2.456251190242884661e+02,1.896107630608590000e+01,4.876106340651104176e+01
6.545553461496929231e+02,2.453655232569495013e+02,2.176295085302998089e+01,4.969874737759793959e+01
6.542403162896284812e+02,2.465322815689446827e+02,2.229796523011743048e+01,4.655164684314233625e+01
6.536992101815574188e+02,2.449985736673390022e+02,2.368131110872180756e+01,4.944227000984001563e+01
6.535609298757278793e+02,2.447808635515298477e+02,2.455950294453624494e+01,5.130734305155503705e+01
6.544717748055285256e+02,2.452779552932775289e+02,2.377611753306273812e+01,5.083377401326921330e+01
6.556033528593142137e+02,2.453349033260495275e+02,2.237739316434480941e+01,5.434874676600830412e+01
6.540503910401863550e+02,2.472138815687571594e+02,2.442076935730314347e+01,5.460402823377905435e+01
6.548544290146928688e+02,2.475468841133777005e+02,2.327169712499745913e+01,5.924654298477843639e+01
6.545838558610854534e+02,2.511456166446420468e+02,2.565335201242017860e+01,5.044141822471711123e+01
6.570460380439835717e+02,2.503410494549949021e+02,2.325756497435222059e+01,5.298762613277800426e+01
6.570537273334614383e+02,2.512065754431811229e+02,2.524066397355965918e+01,5.131843814131821802e+01
6.576739817209387411e+02,2.491512153525150666e+02,2.674642680886495327e+01,5.342901384099136664e+01
6.590901286562507266e+02,2.490838655796805767e+02,2.547388242230312727e+01,5.308752696216659217e+01
6.581294747310238336e+02,2.497983142647600801e+02,2.776567131681088441e+01,4.804869955355543709e+01
6.595355884072699837e+02,2.485486029780462047e+02,2.689542706807088734e+01,4.982928009741165454e+01
6.592999316454993277e+02,2.484911593566799013e+02,2.702866778501540779e+01,5.124612304006491570e+01
6.582189361360080966e+02,2.488223231456776148e+02,2.492882275205688458e+01,5.219390753310673858e+01
6.583099116088944811e+02,2.502565034453140242e+02,2.252657065500850564e+01,5.299509902161774022e+01
6.568267901298572724e+02,2.511524257058516412e+02,2.192542770114143380e+01,5.164055509320341031e+01
6.567863492118538034e+02,2.529258971134816818e+02,2.036699798510068149e+01,5.191304239078208838e+01
6.566087519269752875e+02,2.541025968738020993e+02,1.826101639786005748e+01,5.656858022899744753e+01
6.536258746613815447e+02,2.574132916885757822e+02,2.056407575959865142e+01,4.961655645252126590e+01
6.519171331133370586e+02,2.576314607879676259e+02,2.172116309038310789e+01,4.807267633498304349e+01
6.500519053156270957e+02,2.583903370238913340e+02,2.229994989880042411e+01,4.611083090397008277e+01
6.481229188418965350e+02,2.582377950032775971e+02,2.346813712734372004e+01,4.631868745375916774e+01
6.464542208411022557e+02,2.586710656797638990e+02,2.451855106945338747e+01,4.562825709858262258e+01
6.452158135354419528e+02,2.590252249517799328e+02,2.401149040611579366e+01,4.775289820649756223e+01
6.445356397291342319e+02,2.589527901236872935e+02,2.303145878060273688e+01,5.190160497129488704e+01
6.432429918759418115e+02,2.608768365593771819e+02,2.219244809431771870e+01,5.276782417648372814e+01
6.426668637562042932e+02,2.621241654927814579e+02,2.265106070424187124e+01,5.124963612445254313e+01
6.425589221052360926e+02,2.626945388335495863e+02,2.299930215487223961e+01,5.123702345513856926e+01
6.399477126015216299e+02,2.619099414723642667e+02,2.596895669887651437e+01,5.256564454777227269e+01
6.395323338668446240e+02,2.617872205362380100e+02,2.662588811449203519e+01,5.401700652023694715e+01
6.406520663000188733e+02,2.621607925003900732e+02,2.516764284977470822e+01,5.122975128860335303e+01
6.414089216997143694e+02,2.613068007319487833e+02,2.368751306510629462e+01,5.170796821820131584e+01
6.410410087846357783e+02,2.622999134090023290e+02,2.390519041341769224e+01,4.813785230680516491e+01
6.404418782754869426e+02,2.612961251021797011e+02,2.454060715528697756e+01,5.083971139258405003e+01
6.407103628726767965e+02,2.599740573683486673e+02,2.427456834053652202e+01,5.693891449482858036e+01
6.404101800027805211e+02,2.610945042372313765e+02,2.586150914737232398e+01,5.535495853505931052e+01
6.409930887573294740e+02,2.609110326475417310e+02,2.657405536679766556e+01,5.691197460853494761e+01
6.447821067277061502e+02,2.615296557282039203e+02,2.151896316116690144e+01,6.230346112848502571e+01
6.462853705207940038e+02,2.644550998525965042e+02,2.099162878559297951e+01,6.095443349829115220e+01
6.485033822887852466e+02,2.656725565169860488e+02,2.011550004979666184e+01,6.161238802076931620e+01
6.491728131200721919e+02,2.671590038683365265e+02,2.142989933349677756e+01,5.823329159783061471e+01
6.509207693411233322e+02,2.674067472607154059e+02,2.240368770468787574e+01,5.496744553534770006e+01
6.534991062631003160e+02,2.669893212565807517e+02,2.110877590754785871e+01,5.544858921680046393e+01
6.562453207919159013e+02,2.666433127938536245e+02,2.059800816964944659e+01,5.585903511163786561e+01
6.574613708947515534e+02,2.663837327137003967e+02,2.386548720286964453e+01,5.312532900378646872e+01
6.615160180988107186e+02,2.672217355094479672e+02,2.107971917719770261e+01,5.594840836178467214e+01
6.625103098009010409e+02,2.695764321141445521e+02,2.474692562515922134e+01,5.518183236354266086e+01
6.661976900161561161e+02,2.693344633808704316e+02,2.329321288217973418e+01,5.777509714637506022e+01
6.687753330932098379e+02,2.710588350681640577e+02,2.514010539704793601e+01,5.875722907314884225e+01
6.808719885764151059e+02,2.718394758803316336e+02,2.496084396066671118e+01,6.051716736992576529e+01
6.823468884749559038e+02,2.731875438732222960e+02,2.449939932334461901e+01,5.855484651771608640e+01
6.847055300548516925e+02,2.733008258603247782e+02,2.650186942893396491e+01,5.669081790098644547e+01
6.893579381761002196e+02,2.726569979901404395e+02,2.627571319772852121e+01,5.733433548398740243e+01
6.984387842159508182e+02,2.744222538622872207e+02,2.510233479295402148e+01,5.800279310386005704e+01
7.022312288459347656e+02,2.732460765124243949e+02,2.559290119857443457e+01,5.752901026086107805e+01
7.065397118858925296e+02,2.722324823490736208e+02,2.608109297083191436e+01,5.743258523001878757e+01
7.111037693050180906e+02,2.721101462680156828e+02,2.636281490168467911e+01,5.734851232501503659e+01
7.226632269201140844e+02,2.716556113708655289e+02,2.611725744431998564e+01,5.751861058792417225e+01
7.272709340092288812e+02,2.736947165312519701e+02,2.341028566797633204e+01,5.689903297474714350e+01
7.306462838040964698e+02,2.745165753609826425e+02,2.352085412175906853e+01,5.843303157047377994e+01
7.340159802383263923e+02,2.757711483616107557e+02,2.367091752542463112e+01,5.815653036558899913e+01
7.421169792847388180e+02,2.793654624633237518e+02,2.212757936759732758e+01,6.350731752166009159e+01
7.446835776624080836e+02,2.774159076724849911e+02,2.252481579020678382e+01,6.367872377043663334e+01
7.544907056493040045e+02,2.769604417073324498e+02,2.175275151258190576e+01,6.800517779928291873e+01
7.551318204418655569e+02,2.779895036459129187e+02,2.250722932873442161e+01,6.173155452102946583e+01
7.571597478304641982e+02,2.766838222323020773e+02,2.298219158339757229e+01,6.211602225433328073e+01
7.596607988592155607e+02,2.762078240125287039e+02,2.415313563795529461e+01,6.160861076827426785e+01
7.623156009292167710e+02,2.760366711593845821e+02,2.461256636047124147e+01,6.218001260409911879e+01
7.643589835097976675e+02,2.781515527368416087e+02,2.642396404110630925e+01,6.164459540026540196e+01
7.675312409594871497e+02,2.783953754543424566e+02,2.571493002246469217e+01,6.342397853543894115e+01
7.694318602299246095e+02,2.801331513772240669e+02,2.737326284313150282e+01,6.086829968886696207e+01
7.738249035295668818e+02,2.810433986760893958e+02,2.425126926142502271e+01,6.045471288799598142e+01
7.765514792001533806e+02,2.824399572641696636e+02,2.425889091143234211e+01,5.829873634351120870e+01
7.787537668604546752e+02,2.824234043563965315e+02,2.466721947190276154e+01,5.807004106524067311e+01
7.802437713814780409e+02,2.823942464099571907e+02,2.411093436593695216e+01,5.726233896085460628e+01
7.806097753823105450e+02,2.809145193239020273e+02,2.447630592951099970e+01,5.672427769297773636e+01
7.807981868252231834e+02,2.796299950083109707e+02,2.440102741195273950e+01,5.667727608078211432e+01
7.813963453551638167e+02,2.799967472821128354e+02,2.317497484276521647e+01,5.786893587510499515e+01
7.796634502326793381e+02,2.798490010919108499e+02,2.391908039344406234e+01,5.866571863646363738e+01
7.797385612557162631e+02,2.794982442576178414e+02,2.349466923279962316e+01,6.042735419893249116e+01
7.780858011758662087e+02,2.805748799823577428e+02,2.487213505976654915e+01,5.997170230683333614e+01
7.772378887658757094e+02,2.808535555375478907e+02,2.370776901136981962e+01,5.993554499880971775e+01
7.760069570405769355e+02,2.835418681204090490e+02,2.351332214206686899e+01,5.788088695802636607e+01
7.758064391255713872e+02,2.835686846852403846e+02,2.174753100865346767e+01,6.094539047272709098e+01
7.738380032253016907e+02,2.843808171570270815e+02,2.164161191945281715e+01,5.993709870372569526e+01
7.724654133282182329e+02,2.841025264894666975e+02,2.077347970762298957e+01,6.220410458127351205e+01
7.707196582006786230e+02,2.841066812999899867e+02,2.128483377945936184e+01,6.336005594369402871e+01
7.695511602258144421e+02,2.818985497245168403e+02,2.020951984416276304e+01,6.679977370117337898e+01
7.660175245624376430e+02,2.823812841985745763e+02,2.203576810725673596e+01,6.622313800763362224e+01
7.640303455651200011e+02,2.817071018113763898e+02,2.164756773702384862e+01,6.809102372042647744e+01
7.614064990537116273e+02,2.834200012328875005e+02,2.249020952845624777e+01,6.643665870766548665e+01
7.571294447936678580e+02,2.847136213142310908e+02,2.479859718520143375e+01,6.305672606250682577e+01
7.549110951010050030e+02,2.870826507966436907e+02,2.329319413827628438e+01,5.836894520252339902e+01
7.518189401051405412e+02,2.879677668704816824e+02,2.281277358114659393e+01,5.611931092996563564e+01
7.494968983196173440e+02,2.876080688151721461e+02,2.135912603875910065e+01,5.742393828514879317e+01
7.449089543449182429e+02,2.883378781286169783e+02,2.372485287441821455e+01,5.696931858060711562e+01
7.428377438337872718e+02,2.856707972076028454e+02,2.234459266041308112e+01,6.334553066505938546e+01
7.382097551478952937e+02,2.859380939019828247e+02,2.535075456817740758e+01,6.407478772681514556e+01
7.345844294271843182e+02,2.846689849510671024e+02,2.446005335609588371e+01,6.857164322382331534e+01
7.303390911798026082e+02,2.841826291936738471e+02,2.506525040063335297e+01,6.955138815700814803e+01
7.257184605160746287e+02,2.843505755234309049e+02,2.637306627444555573e+01,6.970829281261477206e+01
7.216136275053230520e+02,2.837765410819449130e+02,2.653549489970842146e+01,6.899384195452842050e+01
7.171008997477304092e+02,2.854057283316249141e+02,2.644005979752309088e+01,6.806151845194887073e+01
7.127463039385842194e+02,2.876323296603352446e+02,2.621317429789555931e+01,5.989096435791313411e+01
7.101424329800402120e+02,2.867582789085531658e+02,2.365944589714312229e+01,5.906955683208892083e+01
7.066183094716235473e+02,2.875562976624253793e+02,2.352860956665593761e+01,5.879068934826263160e+01
7.041474428728441808e+02,2.890295253326716534e+02,2.243617165978349703e+01,6.008846189396997062e+01
7.008575000147640139e+02,2.899079348307495252e+02,2.278226983932266592e+01,6.119148639032226100e+01
6.977898846578890470e+02,2.904763673758180857e+02,2.213754135125976319e+01,6.157346852728167619e+01
6.958675313821601094e+02,2.898761180473914010e+02,2.095889957126625802e+01,6.284549479932458382e+01
6.932612696133700183e+02,2.891379030504847378e+02,2.170852056291750642e+01,6.539962159336985792e+01
6.900196536486586183e+02,2.884909069752318942e+02,2.323575502529938319e+01,6.511181137571148270e+01
6.872505455672567223e+02,2.890044036281074114e+02,2.382112132314352593e+01,6.320404476406750405e+01
6.854200040904786420e+02,2.884910332922587486e+02,2.291459639706094720e+01,6.484252644213914607e+01
6.834597112099876313e+02,2.890505060344041794e+02,2.394039937644200222e+01,6.299935358901668536e+01
6.832421671869218471e+02,2.894989884754199352e+02,2.250993547402615391e+01,6.396310695725978945e+01
6.824378099542135487e+02,2.924281180893411829e+02,2.397854129448039728e+01,6.006500428936151792e+01
6.823795808866034349e+02,2.939758502035300580e+02,2.356878655862594485e+01,5.652309665225610047e+01
6.809469577327809020e+02,2.933997810767900205e+02,2.533456141641917725e+01,5.859030216123314716e+01
6.824581992347895039e+02,2.925623962505575264e+02,2.366152029835012627e+01,5.947186869823487143e+01
6.839665023533739259e+02,2.907912991552996687e+02,2.361408463155483872e+01,6.433146417869048150e+01
6.847603186606405643e+02,2.900210157276679865e+02,2.280012310762436201e+01,6.593551326634570842e+01
6.861218114629140246e+02,2.883803066366530174e+02,2.296508863871290629e+01,6.753384398022826929e+01
6.873900804985003106e+02,2.878201019202545012e+02,2.331687864294923429e+01,6.823250614577912643e+01
6.884027263572951369e+02,2.872779499129296141e+02,2.326924209770757201e+01,7.407439997747597715e+01
6.898386887902668150e+02,2.889536242312862555e+02,2.464617139207300056e+01,7.003724762934838566e+01
6.926904453286044827e+02,2.881955990421081424e+02,2.335617292950298207e+01,6.723570395634345687e+01
6.948206128437656162e+02,2.904996220545765482e+02,2.360184890839688876e+01,6.349998639162321723e+01
6.972937531110039799e+02,2.910425018906385617e+02,2.410730959248709837e+01,6.125652916109622481e+01
7.011733515002675858e+02,2.913069803023226996e+02,2.153088974190792371e+01,6.234625972900906987e+01
7.034773711660571962e+02,2.927107574157809609e+02,2.303668336092073332e+01,6.161751380974020975e+01
7.069904343973621508e+02,2.917416404934531329e+02,2.193742772121737161e+01,6.324424701567251361e+01
7.100043056722763595e+02,2.903869763514201168e+02,2.126255611255103517e+01,6.667735360717648518e+01
7.117858385267629728e+02,2.897498718288627515e+02,2.276893124525253143e+01,6.771011705130473501e+01
7.145022129444612347e+02,2.896309469443752391e+02,2.219523363742557365e+01,6.875275523094329344e+01
7.160154618238999547e+02,2.900238037848342287e+02,2.427914513834433308e+01,6.637086003814638957e+01
7.187104407401342314e+02,2.898792468706440673e+02,2.430112215847593760e+01,6.639546752649982864e+01
7.205823400217861945e+02,2.898775649108304151e+02,2.382933797467321568e+01,6.767153986211229721e+01
7.211126980511186275e+02,2.926147842125809007e+02,2.660062241001173788e+01,6.265326582727387716e+01
7.233119320814639650e+02,2.923875445392218353e+02,2.407772107028366904e+01,6.501210725647347033e+01
7.227460922726281751e+02,2.960314994245151183e+02,2.687475112511940267e+01,5.881675157829414502e+01
7.254702676567249000e+02,2.955932115092395520e+02,2.348894923273477175e+01,6.189728615861632477e+01
7.265116279954144147e+02,2.942648387008137547e+02,2.334229208341654882e+01,6.524983207988081801e+01
7.269752883313329903e+02,2.936924513053800752e+02,2.209636724030337618e+01,6.570220891866836155e+01
7.267662719156760431e+02,2.929336233850544318e+02,2.228446366560084613e+01,6.841627660738788563e+01
7.259000306388824129e+02,2.913249741127258403e+02,2.313550122855333768e+01,7.027987093794904183e+01
7.245174670705123390e+02,2.928248195578482864e+02,2.356626514317126819e+01,6.853532500143185757e+01
7.240313176047004617e+02,2.911931628153808447e+02,2.223604475335331898e+01,7.230398234079407871e+01
7.208872511793729245e+02,2.917211903719803558e+02,2.433405929117281374e+01,6.933135310707348253e+01
7.192911286404629436e+02,2.915091742662849583e+02,2.400359523775190240e+01,6.725607601708787797e+01
7.173231666746405608e+02,2.934707234370121114e+02,2.376916146523393536e+01,6.222315397186777375e+01
7.148015324313654446e+02,2.953067169720681022e+02,2.405193524276922545e+01,5.683344377057598251e+01
7.120156689841095385e+02,2.952014887267129666e+02,2.562152209211520670e+01,5.826377786195614306e+01
7.095006898436686242e+02,2.951406013219303759e+02,2.554559772834360132e+01,5.979248359498321008e+01
7.072594622587949971e+02,2.943435824725609677e+02,2.473692664687026976e+01,6.105866654118137404e+01
7.064880748569124762e+02,2.926168011413673753e+02,2.349411223249561687e+01,6.680314993797414047e+01
7.036434583462338423e+02,2.921490326557444632e+02,2.379901164331823082e+01,6.537928949787352906e+01
7.028573768533678958e+02,2.910832467978182194e+02,2.246326142104233980e+01,7.013408690266034284e+01
6.998921143331671146e+02,2.901560400220869269e+02,2.372078850993625565e+01,7.054030988424531756e+01
7.002893371590686229e+02,2.901125236947426629e+02,2.142679621106150023e+01,7.140947433004859590e+01
6.989868858631145940e+02,2.904763947933897725e+02,2.231900511171583190e+01,6.801547379764090806e+01
6.984727661835156596e+02,2.921149115507787428e+02,2.283782699664381965e+01,6.562278736404738311e+01
6.988542052775939055e+02,2.928229494812431994e+02,2.170267566138124593e+01,6.627127263173476024e+01
6.991358654516507158e+02,2.936622023123663325e+02,2.058712036558618053e+01,6.555161449222407555e+01
6.993852425418850771e+02,2.949543357175478491e+02,2.193991235344466872e+01,6.297886407316072166e+01
6.990874548876399786e+02,2.951297692265227965e+02,2.220229862151245470e+01,6.265358906754168800e+01
7.000783789112457498e+02,2.942667621373485076e+02,2.169458525790986414e+01,6.397266096774349364e+01
6.997437343605212163e+02,2.936681085819338932e+02,2.346850268386760519e+01,6.405114645763157455e+01
7.021923512235257476e+02,2.910157017801253687e+02,2.317619888186990451e+01,6.645100610464469071e+01
7.040286787304497693e+02,2.911749624531074687e+02,2.288599254127003491e+01,6.498698719817934943e+01
7.059466393904231154e+02,2.907888072380317226e+02,2.326398323151632752e+01,6.232364918701620127e+01
7.078266419301484120e+02,2.903313085222942505e+02,2.308866610029267719e+01,6.431072591937147820e+01
7.107157748959074297e+02,2.905095326723184144e+02,2.283139101731589093e+01,6.449599395652721512e+01
7.131346717860894842e+02,2.913691771500010645e+02,2.331882163651844309e+01,6.580057737665012496e+01
7.150150614080464493e+02,2.921245563437278747e+02,2.551249347674131229e+01,6.089383863107274664e+01
7.182733386339662047e+02,2.930740252325489337e+02,2.401086736581384429e+01,5.839211484888733139e+01
7.200136399082681464e+02,2.928736970825918888e+02,2.428395124527997950e+01,6.127947430622629099e+01
7.217844353920859248e+02,2.935708292341274159e+02,2.407730714844814912e+01,6.232103916575292146e+01
7.241750454986323575e+02,2.911867566834648642e+02,2.367347159798360678e+01,6.634828732684677277e+01
7.254165877277456502e+02,2.898844008608256786e+02,2.307101119561941260e+01,6.796631661672121538e+01
7.269330754440983355e+02,2.886371964788069704e+02,2.320715273679092405e+01,6.946311242757256821e+01
7.280291453874690433e+02,2.868602652987693773e+02,2.397675787377686163e+01,7.136432133191348726e+01
7.285447025455715675e+02,2.861370310739874299e+02,2.409015597250409968e+01,7.167596252527474121e+01
7.307550208248446779e+02,2.862263016018523558e+02,2.210017608548191959e+01,7.679197999463028168e+01
7.299663490966635209e+02,2.881569527696045725e+02,2.379622094766749285e+01,6.830293966016353124e+01
7.308374327489984807e+02,2.880303150798702063e+02,2.169714922572115512e+01,6.668185257091266749e+01
7.300178941227865153e+02,2.884504980934443097e+02,2.297655333571200842e+01,6.597484938835091839e+01
7.294017860436370029e+02,2.902482165314810914e+02,2.271740060420225049e+01,6.223476401994103213e+01
7.301612525151147111e+02,2.895913266510701760e+02,2.160569994579283204e+01,6.359215059848522600e+01
7.290622544572813695e+02,2.891431393546766913e+02,2.294468029865348058e+01,6.384335134359689334e+01
7.273732395112054974e+02,2.887833269974355517e+02,2.337289014914885854e+01,6.253511422450678481e+01
7.270297849472685812e+02,2.858147933209287999e+02,2.148620566053710235e+01,6.592604424460402868e+01
7.260880327215467105e+02,2.855871005408393444e+02,2.101315441167859888e+01,6.388831247232440091e+01
7.228729979093762950e+02,2.850493367185183615e+02,2.273724039725596668e+01,5.900444899987043357e+01
7.211519959292591011e+02,2.838988558934827324e+02,2.116505988254541393e+01,6.007537427203485692e+01
7.185229587915612228e+02,2.844138872019154860e+02,2.141160900382745069e+01,5.794981285489166112e+01
7.159867420096563819e+02,2.841664329373137434e+02,2.150697128238933686e+01,5.822495145921607218e+01
7.126616570734979632e+02,2.843040267315153642e+02,2.248189730018330579e+01,5.667875537929669605e+01
7.078214144175877891e+02,2.842236680089959009e+02,2.379897929169120019e+01,5.567399340272006469e+01
7.045615182668841499e+02,2.833880040065166668e+02,2.357960342598415338e+01,5.640288495099818533e+01
7.013597815917207754e+02,2.823421222798358485e+02,2.280099364642812532e+01,5.799200058722496465e+01
6.973265568494772424e+02,2.812251576813515044e+02,2.357818894237775709e+01,5.935736499966685642e+01
6.940506588270118300e+02,2.794625561689001074e+02,2.333492006116102147e+01,6.137298073666683251e+01
6.903182711646835514e+02,2.775002964920890918e+02,2.385293854606536001e+01,6.256624980418661153e+01
6.883333296434677777e+02,2.754286354124212153e+02,2.205864140508640503e+01,6.389380276796562441e+01
6.842778401785781170e+02,2.747717299278125438e+02,2.362404948449326980e+01,6.486416849573180343e+01
6.815922172014079479e+02,2.753105352905949985e+02,2.322500649458928379e+01,6.079545507470179189e+01
6.777482428942215620e+02,2.752275759209695707e+02,2.420876294740203605e+01,5.818542195161737851e+01
6.753484715676474934e+02,2.739665656563565790e+02,2.288825755443797050e+01,6.006336357049254104e+01
6.727857425011389978e+02,2.735031094808796865e+02,2.257888549870388317e+01,6.032346129618315445e+01
6.696606804779321465e+02,2.721192967292842013e+02,2.277099562910196440e+01,6.184709757017185439e+01
6.687870789858224043e+02,2.732519064952713279e+02,2.108766472736560615e+01,6.242348012521846812e+01
6.671406334406444785e+02,2.731543599253647585e+02,2.108018464767757649e+01,6.145161111827262346e+01
6.665384815125693194e+02,2.712094420722669383e+02,1.978920633067108525e+01,6.151472587148056448e+01
6.657484663176011281e+02,2.710718692279280617e+02,2.002652455668225073e+01,6.167540472161966392e+01
6.652796386682045977e+02,2.694330268944328282e+02,1.928164659131508074e+01,6.184026471018910343e+01
6.652635977695875908e+02,2.685141167270741676e+02,1.972756883144516138e+01,6.164674301533484879e+01
6.643556324564973465e+02,2.668257527116238634e+02,2.100953357198645932e+01,6.089960830285782833e+01
6.651231822285700446e+02,2.670562039341864420e+02,2.154401577489608144e+01,5.850649398181712968e+01
6.661606879297783053e+02,2.660754635794608589e+02,2.042425618541443555e+01,5.918631961810238096e+01
6.667524772153609547e+02,2.657115230420950525e+02,2.108888866428267050e+01,6.100265482014570750e+01
6.676774185034823859e+02,2.668492960321734699e+02,2.028387789513825368e+01,5.676331353569042903e+01
6.691734773479099658e+02,2.671113233250355279e+02,2.026240754133561950e+01,5.522539502880096052e+01
6.710242967855233474e+02,2.661145548974033090e+02,2.031602651103367307e+01,5.562530335833142203e+01
6.714317498299369618e+02,2.665111380121197726e+02,2.194986829551271512e+01,5.492974518854310872e+01
6.733146782391569332e+02,2.642332167371160949e+02,2.227491905077273060e+01,5.790298869470440479e+01
6.759456848970311285e+02,2.618312244730838643e+02,2.077706231499553979e+01,6.411847439197352116e+01
6.759456848970311285e+02,2.618312244730838643e+02,2.077706231499553979e+01,6.411847439197352116e+01
6.777628138012320278e+02,2.602582206851564592e+02,2.301228225546475059e+01,6.144100136174922255e+01
6.811080506293924373e+02,2.591703570956914291e+02,2.147495486608118043e+01,5.583059858920233154e+01
6.833812553101823823e+02,2.565963603775293791e+02,2.044267156689449649e+01,5.902117549110252526e+01
6.837490558182780660e+02,2.584729364788605608e+02,2.080621942021750215e+01,5.484438318629215559e+01
6.847102963380082201e+02,2.576616514580839521e+02,2.125633297571270930e+01,5.884309620651355033e+01
6.860370150926262340e+02,2.559334132517978446e+02,2.075964662232997426e+01,5.932789197791147018e+01
6.869848058868590215e+02,2.577383866681789186e+02,2.106285200781752565e+01,5.792979292728438168e+01
6.888060581932442119e+02,2.572333164506196681e+02,2.031930727015405580e+01,5.650717598477831416e+01
6.909297739795536017e+02,2.574644653991871905e+02,1.992002595083111061e+01,5.367477353632796166e+01
6.929680370647913605e+02,2.553856334789624043e+02,2.004079163139941144e+01,5.647646353701770039e+01
6.943917225516115650e+02,2.555472649589480056e+02,2.060670567477249193e+01,5.560154766872128818e+01
6.958480284903148458e+02,2.559604901461550810e+02,2.109293851629903571e+01,5.337593547866386956e+01
6.980021335831129363e+02,2.541920767344673777e+02,2.039834598931799547e+01,5.461982526171024688e+01
6.975736606691936004e+02,2.526005296158372175e+02,2.408968245741536407e+01,5.281417714743859904e+01
6.987275372623849989e+02,2.507305735902799313e+02,2.527750374536737610e+01,5.418409479662143013e+01
7.003257309136603226e+02,2.517065509847818987e+02,2.717065501703548236e+01,5.192044022977590600e+01
7.037898285440301152e+02,2.508133937655813384e+02,2.422125528470773759e+01,5.290604977172696977e+01
7.058885939745811129e+02,2.513239662704931732e+02,2.453238807793298903e+01,5.129526992618325210e+01
7.084310323729590664e+02,2.524504174929175520e+02,2.351283368031658227e+01,5.054201545630247949e+01
7.108992080479562219e+02,2.516459765572089111e+02,2.321899751281744173e+01,5.093726176386932281e+01
7.137043557068735709e+02,2.515770945745903475e+02,2.264327861099835815e+01,5.016419332401612508e+01
7.166467759481373605e+02,2.510802642756984540e+02,2.171144296550686548e+01,5.013973053350950693e+01
7.188214511479949351e+02,2.493328039424739302e+02,2.234713418413896591e+01,5.193222870030190563e+01
7.212100655618260134e+02,2.484518672583141381e+02,2.311845024020475492e+01,5.094852997847257114e+01
7.251745481179282251e+02,2.473668533143164723e+02,2.046261935956776412e+01,5.246730804051341579e+01
7.260774027206474557e+02,2.467048696213136054e+02,2.437336847474703205e+01,5.078939716495302292e+01
7.297069196356919747e+02,2.461064932172869533e+02,2.440738684116067247e+01,4.986445350083833716e+01
7.334261485863853522e+02,2.445301840561739652e+02,2.331585658259601956e+01,5.285155507403995756e+01
7.362433121772087361e+02,2.462028302816930818e+02,2.393117940247529418e+01,4.948526225448107141e+01
7.404667528155189302e+02,2.449564510620135707e+02,2.086021699105871363e+01,5.284006657797249318e+01
7.430909884461037791e+02,2.451865744647024599e+02,2.158610571905521880e+01,5.111811771189527320e+01
7.530407724213538359e+02,2.454385435304332077e+02,2.179718497009326938e+01,4.957933756612103338e+01
7.561603486991043610e+02,2.455109468901291336e+02,1.690872337547621029e+01,4.849428635086049155e+01
7.578846838556396506e+02,2.461858653261585346e+02,1.779320154186729042e+01,4.905363262337110086e+01
7.623569063036451325e+02,2.450613272200199049e+02,1.842371449345164436e+01,5.048587533955455342e+01
7.677683929751683536e+02,2.461594845291301681e+02,1.960828566792233474e+01,5.143857972424848413e+01
7.693501816926774381e+02,2.452682473421944280e+02,2.171066129686896318e+01,5.009448148917221744e+01
7.758053872136277960e+02,2.444616941925649485e+02,2.250420971999508524e+01,5.071131093296244075e+01
7.818096085979793770e+02,2.439935152439710464e+02,2.336488850280546359e+01,5.163880945838380399e+01
7.875207059360743642e+02,2.442194732205925902e+02,2.597927391237006844e+01,5.117916209586292808e+01
7.994935156701872074e+02,2.429456757028602851e+02,2.377595257036501408e+01,5.192887195180788495e+01
8.066474957434793396e+02,2.439624020188368547e+02,2.378746664405661448e+01,5.104984112619020209e+01
8.130070337455605340e+02,2.447701466322202180e+02,2.278267744409353313e+01,4.940610060165153072e+01
8.195418478387246068e+02,2.472681350766037554e+02,2.339690431452799757e+01,4.862001169429923664e+01
8.333945007071932878e+02,2.471286177903965324e+02,1.989055411347925428e+01,4.965872975651321752e+01
8.442229775016769509e+02,2.477338313175674500e+02,1.998466482504916542e+01,4.951026602194981052e+01
8.455438259210708338e+02,2.479097235105244579e+02,2.108008599201392741e+01,4.879519898532662836e+01
8.573137840371717857e+02,2.492604807929719470e+02,1.970873550993403356e+01,4.951068924411632821e+01
8.679286537986808980e+02,2.475487669878301915e+02,1.902906388852722586e+01,4.923527313682479445e+01
8.685842667411819775e+02,2.493102552819530615e+02,2.274041385878011567e+01,4.734849542686733770e+01
8.856881581177048020e+02,2.519592753625747719e+02,2.130258197243377793e+01,4.886958520947158036e+01
8.958983733935588134e+02,2.515683514560569449e+02,2.259958344282029330e+01,4.863327160645342673e+01
8.968482876122269545e+02,2.515936382384959700e+02,2.534576158965152004e+01,4.805842869915290549e+01
9.131750190689488136e+02,2.504944314010701873e+02,2.469362237615899147e+01,4.955527490297706805e+01
9.156493667017624603e+02,2.525679011853524116e+02,2.527846735940268985e+01,4.642752624189096622e+01
9.312416366136038732e+02,2.513043772955081181e+02,2.203612342805385538e+01,4.850940773177318022e+01
9.411629773919092941e+02,2.523929636334086126e+02,2.039919329051026153e+01,4.911355968098749258e+01
9.418228813197648606e+02,2.556859643456053846e+02,2.243269745033261842e+01,4.743934338232634218e+01
9.465209751355115486e+02,2.653436602048966506e+02,2.740634281139295325e+01,4.309219240165884202e+01
9.509780335312334500e+02,2.686156628917600528e+02,3.080846442326941315e+01,4.063856674289783655e+01
9.580865952395053000e+02,2.661992413475539365e+02,3.149146651026589439e+01,4.184721306350308367e+01
9.670002111610681368e+02,2.589783043769696746e+02,2.688691857369538241e+01,4.734336251736689860e+01
9.709965188440976362e+02,2.597520182011795100e+02,2.368797863030477302e+01,4.995861692537427956e+01
9.730333884070925023e+02,2.620580142692626282e+02,2.392656116721789061e+01,4.969357436653957905e+01
9.747808867531921351e+02,2.633494734365414160e+02,2.438401808829995332e+01,4.937170911730910916e+01
9.759149002208598631e+02,2.650711184843706860e+02,2.644763091965743129e+01,4.569892249791269734e+01
9.765521759607011063e+02,2.672158296506278248e+02,2.489937607345699533e+01,4.566015677016527263e+01
9.739934643205499469e+02,2.677459526713341802e+02,2.710434975544692549e+01,4.440626773995156640e+01
9.735390100939890772e+02,2.691099245419454746e+02,2.500078844004450573e+01,4.590612103013155831e+01
9.688419742289551095e+02,2.726618337937525212e+02,2.932899799130990814e+01,3.877943369766943249e+01
9.664004714773553815e+02,2.725027732373432627e+02,2.776245334268449483e+01,4.036625326439119021e+01
9.629148497462097112e+02,2.733909500075957340e+02,2.835477863404676313e+01,4.164024729049081941e+01
9.587754830477706491e+02,2.732650283698800990e+02,2.930482102521815335e+01,4.089369887805208492e+01
9.454043559192184603e+02,2.743853946485079405e+02,2.966346932529138058e+01,4.078900200156732581e+01
9.419566587264043847e+02,2.741846149401901016e+02,2.922807462171648751e+01,4.055770945992811960e+01
9.374362668141624226e+02,2.740082629144701514e+02,2.994680167587587505e+01,3.978165984925857401e+01
9.322549468071157435e+02,2.736020931457372285e+02,3.114217961263765844e+01,3.928797268956564892e+01
9.273364750317772405e+02,2.729720703489169864e+02,3.171106629380787467e+01,3.894762474949949649e+01
9.233299966036800015e+02,2.727284449891205327e+02,3.228987388471303177e+01,3.856072262990858945e+01
9.018104145195567298e+02,2.697171742014284064e+02,3.027344646970757225e+01,3.976230416043202354e+01
8.981627528671416485e+02,2.720296484675241118e+02,3.107856782446455313e+01,3.854791623615076901e+01
8.981627528671416485e+02,2.720296484675241118e+02,3.107856782446455313e+01,3.854791623615076901e+01
8.943806313761533602e+02,2.719987956486982057e+02,3.184195230882149374e+01,3.787059830755657686e+01
8.957832177706802668e+02,2.692743881833580417e+02,3.188195025608037270e+01,3.783576016969438882e+01
8.972397589440291767e+02,2.646256294780669691e+02,3.196394742674705114e+01,3.782932536317446903e+01
8.972397589440291767e+02,2.646256294780669691e+02,3.196394742674705114e+01,3.782932536317446903e+01
8.972397589440291767e+02,2.646256294780669691e+02,3.196394742674705114e+01,3.782932536317446903e+01
8.972397589440291767e+02,2.646256294780669691e+02,3.196394742674705114e+01,3.782932536317446903e+01
8.972397589440291767e+02,2.646256294780669691e+02,3.196394742674705114e+01,3.782932536317446903e+01
8.972397589440291767e+02,2.646256294780669691e+02,3.196394742674705114e+01,3.782932536317446903e+01
8.972397589440291767e+02,2.646256294780669691e+02,3.196394742674705114e+01,3.782932536317446903e+01
8.972397589440291767e+02,2.646256294780669691e+02,3.196394742674705114e+01,3.782932536317446903e+01
8.972397589440291767e+02,2.646256294780669691e+02,3.196394742674705114e+01,3.782932536317446903e+01
8.972397589440291767e+02,2.646256294780669691e+02,3.196394742674705114e+01,3.782932536317446903e+01
8.972397589440291767e+02,2.646256294780669691e+02,3.196394742674705114e+01,3.782932536317446903e+01
8.972397589440291767e+02,2.646256294780669691e+02,3.196394742674705114e+01,3.782932536317446903e+01
8.972397589440291767e+02,2.646256294780669691e+02,3.196394742674705114e+01,3.782932536317446903e+01
8.972397589440291767e+02,2.646256294780669691e+02,3.196394742674705114e+01,3.782932536317446903e+01
8.972397589440291767e+02,2.646256294780669691e+02,3.196394742674705114e+01,3.782932536317446903e+01
8.972397589440291767e+02,2.646256294780669691e+02,3.196394742674705114e+01,3.782932536317446903e+01
8.972397589440291767e+02,2.646256294780669691e+02,3.196394742674705114e+01,3.782932536317446903e+01
8.972397589440291767e+02,2.646256294780669691e+02,3.196394742674705114e+01,3.782932536317446903e+01
8.972397589440291767e+02,2.646256294780669691e+02,3.196394742674705114e+01,3.782932536317446903e+01
8.972397589440291767e+02,2.646256294780669691e+02,3.196394742674705114e+01,3.782932536317446903e+01
8.972397589440291767e+02,2.646256294780669691e+02,3.196394742674705114e+01,3.782932536317446903e+01
8.972397589440291767e+02,2.646256294780669691e+02,3.196394742674705114e+01,3.782932536317446903e+01
8.972397589440291767e+02,2.646256294780669691e+02,3.196394742674705114e+01,3.782932536317446903e+01
8.704172746691995144e+02,2.785249948976867813e+02,2.869227474105480979e+01,3.948914211609790215e+01
8.704172746691995144e+02,2.785249948976867813e+02,2.869227474105480979e+01,3.948914211609790215e+01
8.704172746691995144e+02,2.785249948976867813e+02,2.869227474105480979e+01,3.948914211609790215e+01
8.704172746691995144e+02,2.785249948976867813e+02,2.869227474105480979e+01,3.948914211609790215e+01
8.704172746691995144e+02,2.785249948976867813e+02,2.869227474105480979e+01,3.948914211609790215e+01
8.704172746691995144e+02,2.785249948976867813e+02,2.869227474105480979e+01,3.948914211609790215e+01
8.704172746691995144e+02,2.785249948976867813e+02,2.869227474105480979e+01,3.948914211609790215e+01
8.704172746691995144e+02,2.785249948976867813e+02,2.869227474105480979e+01,3.948914211609790215e+01
8.704172746691995144e+02,2.785249948976867813e+02,2.869227474105480979e+01,3.948914211609790215e+01
8.704172746691995144e+02,2.785249948976867813e+02,2.869227474105480979e+01,3.948914211609790215e+01
8.704172746691995144e+02,2.785249948976867813e+02,2.869227474105480979e+01,3.948914211609790215e+01
8.704172746691995144e+02,2.785249948976867813e+02,2.869227474105480979e+01,3.948914211609790215e+01
8.704172746691995144e+02,2.785249948976867813e+02,2.869227474105480979e+01,3.948914211609790215e+01
8.449402408866653786e+02,3.001330290658664808e+02,2.580440810202164670e+01,4.089661275068583279e+01
8.449402408866653786e+02,3.001330290658664808e+02,2.580440810202164670e+01,4.089661275068583279e+01
8.449402408866653786e+02,3.001330290658664808e+02,2.580440810202164670e+01,4.089661275068583279e+01
8.449402408866653786e+02,3.001330290658664808e+02,2.580440810202164670e+01,4.089661275068583279e+01
8.449402408866653786e+02,3.001330290658664808e+02,2.580440810202164670e+01,4.089661275068583279e+01
8.449402408866653786e+02,3.001330290658664808e+02,2.580440810202164670e+01,4.089661275068583279e+01
8.449402408866653786e+02,3.001330290658664808e+02,2.580440810202164670e+01,4.089661275068583279e+01
8.449402408866653786e+02,3.001330290658664808e+02,2.580440810202164670e+01,4.089661275068583279e+01
8.208562559418201090e+02,3.082547135794960127e+02,2.207353613380205459e+01,4.393452614835352676e+01
8.208562559418201090e+02,3.082547135794960127e+02,2.207353613380205459e+01,4.393452614835352676e+01
8.208562559418201090e+02,3.082547135794960127e+02,2.207353613380205459e+01,4.393452614835352676e+01
8.208562559418201090e+02,3.082547135794960127e+02,2.207353613380205459e+01,4.393452614835352676e+01
8.208562559418201090e+02,3.082547135794960127e+02,2.207353613380205459e+01,4.393452614835352676e+01
8.208562559418201090e+02,3.082547135794960127e+02,2.207353613380205459e+01,4.393452614835352676e+01
7.995228913756195652e+02,3.177406717249703547e+02,2.095411338021677494e+01,4.436941871055418574e+01
7.995228913756195652e+02,3.177406717249703547e+02,2.095411338021677494e+01,4.436941871055418574e+01
7.995228913756195652e+02,3.177406717249703547e+02,2.095411338021677494e+01,4.436941871055418574e+01
7.995228913756195652e+02,3.177406717249703547e+02,2.095411338021677494e+01,4.436941871055418574e+01
7.995228913756195652e+02,3.177406717249703547e+02,2.095411338021677494e+01,4.436941871055418574e+01
7.781934755492682143e+02,3.237109102671254277e+02,2.062009759029259470e+01,4.392593278377586330e+01
7.781934755492682143e+02,3.237109102671254277e+02,2.062009759029259470e+01,4.392593278377586330e+01
7.781934755492682143e+02,3.237109102671254277e+02,2.062009759029259470e+01,4.392593278377586330e+01
7.575724032330425644e+02,3.356366290300568380e+02,2.391474008651332639e+01,4.172507852512494964e+01
7.575724032330425644e+02,3.356366290300568380e+02,2.391474008651332639e+01,4.172507852512494964e+01
7.553748706407571945e+02,3.362933680030861865e+02,2.339090764230001795e+01,4.132744013194556487e+01
7.553748706407571945e+02,3.362933680030861865e+02,2.339090764230001795e+01,4.132744013194556487e+01
7.486315021320635879e+02,3.396435382856637375e+02,2.349223721187227198e+01,4.094538598570518673e+01
7.486315021320635879e+02,3.396435382856637375e+02,2.349223721187227198e+01,4.094538598570518673e+01
7.421350668704299096e+02,3.405851668783160449e+02,2.366802342270050730e+01,4.078877248192674898e+01
7.421350668704299096e+02,3.405851668783160449e+02,2.366802342270050730e+01,4.078877248192674898e+01
7.421350668704299096e+02,3.405851668783160449e+02,2.366802342270050730e+01,4.078877248192674898e+01
7.398991920512870593e+02,3.421507697447995611e+02,2.259209459037459311e+01,4.099304147849774438e+01
7.398991920512870593e+02,3.421507697447995611e+02,2.259209459037459311e+01,4.099304147849774438e+01
7.372928006083548098e+02,3.440897886970117270e+02,2.227010460331441521e+01,4.082250617760431055e+01
7.372928006083548098e+02,3.440897886970117270e+02,2.227010460331441521e+01,4.082250617760431055e+01
7.372928006083548098e+02,3.440897886970117270e+02,2.227010460331441521e+01,4.082250617760431055e+01
7.372928006083548098e+02,3.440897886970117270e+02,2.227010460331441521e+01,4.082250617760431055e+01
7.372928006083548098e+02,3.440897886970117270e+02,2.227010460331441521e+01,4.082250617760431055e+01
7.372928006083548098e+02,3.440897886970117270e+02,2.227010460331441521e+01,4.082250617760431055e+01
7.348947782257657764e+02,3.547456873391408863e+02,2.293022455236079082e+01,4.049355610709103814e+01
7.315334145898631277e+02,3.573144811404328038e+02,2.872711418817220874e+01,3.704716637666913925e+01
7.332124033284823099e+02,3.573815087747759094e+02,2.753287710743353855e+01,3.830216147247717373e+01
7.332124033284823099e+02,3.573815087747759094e+02,2.753287710743353855e+01,3.830216147247717373e+01
7.359464856302682847e+02,3.587271135257790320e+02,2.731508109898473080e+01,3.814167435015538388e+01
7.379494223897183929e+02,3.588234207716050719e+02,2.653519310712326273e+01,3.918245162028313899e+01
7.404782119767730819e+02,3.604314857238206287e+02,2.643244124166857745e+01,3.860316110565305081e+01
7.421973134313554965e+02,3.615727246621638074e+02,2.622297163366646089e+01,3.858149145841314720e+01
7.435999640440609255e+02,3.625667588933944216e+02,2.558190862274834032e+01,3.913198410168007513e+01
7.457091201298061378e+02,3.634788769649787241e+02,2.559159327742978007e+01,3.894529473623658333e+01
7.457091201298061378e+02,3.634788769649787241e+02,2.559159327742978007e+01,3.894529473623658333e+01
7.470921692896387185e+02,3.654774124632729695e+02,2.454505069335270306e+01,4.004389062502406915e+01
7.486161823167021794e+02,3.667230103852755292e+02,2.368324480829333112e+01,4.091133425970243565e+01
7.482519864635939939e+02,3.676058732167384733e+02,2.401039199336845797e+01,4.003240244862902841e+01
7.479954307094940305e+02,3.676284924814460169e+02,2.321121998563842226e+01,4.128152610659952160e+01
7.473985239543007992e+02,3.681689690331227212e+02,2.327763691246771316e+01,4.179386440510913303e+01
7.465635677569835025e+02,3.685717215166002347e+02,2.277057691788094829e+01,4.245116447088425105e+01
7.451319817176076867e+02,3.691843693568381468e+02,2.294637225903818489e+01,4.248348686005710562e+01
7.443181936820683404e+02,3.694800320056261853e+02,2.253369922084868904e+01,4.295307083372129142e+01
7.429663945048004052e+02,3.712469458961451210e+02,2.301563195458064826e+01,4.188259334870391370e+01
7.416826606127021932e+02,3.704578079506052291e+02,2.307940234345226571e+01,4.334446250847616966e+01
7.387486801819811717e+02,3.714382248571290575e+02,2.377542383187805086e+01,4.252391466420905886e+01
7.364052791702021068e+02,3.725205648201876443e+02,2.368329423769927899e+01,4.213542644951769489e+01
7.346786275320185950e+02,3.715679811906509826e+02,2.236100757113431925e+01,4.310474803550675915e+01
7.314261972866933093e+02,3.722030383205691351e+02,2.297386929393210053e+01,4.213345239372959838e+01
7.284097101107375920e+02,3.730076213620738486e+02,2.351201923635857938e+01,4.171266142611479211e+01
7.191194398120148890e+02,3.750565503012574595e+02,2.195540048626970275e+01,4.402964806068699488e+01
7.161114058138069822e+02,3.741625916758656558e+02,2.354050496645021440e+01,4.280583750156456802e+01
7.109263385549073746e+02,3.744901273660264565e+02,2.205424948485977055e+01,4.398606775889250997e+01
7.075379720120740785e+02,3.741655877786450333e+02,2.397622669207786927e+01,4.306967492685762267e+01
7.016878273598260876e+02,3.761116210634089612e+02,2.170624202501641520e+01,4.497060381021060493e+01
6.977536625303633855e+02,3.759290874335704302e+02,2.418115527921767693e+01,4.241943586137634270e+01
6.946796859320284057e+02,3.749272970559575242e+02,2.418206143304091782e+01,4.329783780266780724e+01
6.887906036175726285e+02,3.773949717027296629e+02,2.222733688653737616e+01,4.528439307302735273e+01
6.861064868910121959e+02,3.770079194435707564e+02,2.334256960342161946e+01,4.361372081789236432e+01
6.838444166187197197e+02,3.758070488364801349e+02,2.270503946319224653e+01,4.498436426233636354e+01
6.774423075623383284e+02,3.770884253149494612e+02,2.136408545681431548e+01,4.809378528229593996e+01
6.769361604126316934e+02,3.775196478064716530e+02,2.153877380301099009e+01,4.752718127787398572e+01
6.732424759745817937e+02,3.755505068090982945e+02,2.127271078671588356e+01,4.968910180716657976e+01
6.716257180107886597e+02,3.746257231464722395e+02,2.233683722798916804e+01,5.060486932916172975e+01
6.716257180107886597e+02,3.746257231464722395e+02,2.233683722798916804e+01,5.060486932916172975e+01
6.716257180107886597e+02,3.746257231464722395e+02,2.233683722798916804e+01,5.060486932916172975e+01
6.716257180107886597e+02,3.746257231464722395e+02,2.233683722798916804e+01,5.060486932916172975e+01
6.716257180107886597e+02,3.746257231464722395e+02,2.233683722798916804e+01,5.060486932916172975e+01
6.716257180107886597e+02,3.746257231464722395e+02,2.233683722798916804e+01,5.060486932916172975e+01
6.716257180107886597e+02,3.746257231464722395e+02,2.233683722798916804e+01,5.060486932916172975e+01
6.716528033592472866e+02,3.733147323287208792e+02,2.091208812283059970e+01,5.695341155731578198e+01
6.716528033592472866e+02,3.733147323287208792e+02,2.091208812283059970e+01,5.695341155731578198e+01
6.697470247600741686e+02,3.704202356698963854e+02,2.474179734763649563e+01,5.663608449380025434e+01
6.697470247600741686e+02,3.704202356698963854e+02,2.474179734763649563e+01,5.663608449380025434e+01
6.697470247600741686e+02,3.704202356698963854e+02,2.474179734763649563e+01,5.663608449380025434e+01
6.119225019783406196e+02,3.328729858953232679e+02,2.929381227145510636e+01,5.167063989011442970e+01
6.156259181034102994e+02,3.330261530022443708e+02,2.394106146128767421e+01,5.026192027454645483e+01
6.182900090669794508e+02,3.345024407568896549e+02,2.428430010833757535e+01,4.635873084933562893e+01
6.226120093936867761e+02,3.333020852810136034e+02,2.211168874859369282e+01,4.810282320596441963e+01
6.246933683719969395e+02,3.337072032487288311e+02,2.428431796757154970e+01,4.658308290461302903e+01
6.276665830430506503e+02,3.349069025538580036e+02,2.783280363400897883e+01,4.406351999683351295e+01
6.310861186065129687e+02,3.351334230361085815e+02,2.954544454321709424e+01,4.371996713959637759e+01
6.403159547764203126e+02,3.332201249900911648e+02,2.692489211459632514e+01,4.648285611836526954e+01
6.434219123335738004e+02,3.335338252041723308e+02,2.887172181230103263e+01,4.519855844336525763e+01
6.475915128439703494e+02,3.329287135352079758e+02,2.867698528430576488e+01,4.576705487022602625e+01
6.561469466421127663e+02,3.328981465355038267e+02,2.620155088504256469e+01,4.734846923080984737e+01
6.614011727251912589e+02,3.301156378086736254e+02,2.145394819474607573e+01,5.021002217641364496e+01
6.632706255311485393e+02,3.306161717275715546e+02,2.407145642407909492e+01,4.842987496096661459e+01
6.670730080550534922e+02,3.306126571944151920e+02,2.293314445167822058e+01,4.751420409899559161e+01
6.706465061060331436e+02,3.302457736564017523e+02,2.189003543086510462e+01,4.742342459947623468e+01
6.734543461756983334e+02,3.297828257433591261e+02,2.248813521783469227e+01,4.769796045022349062e+01
6.769629723679761355e+02,3.295685959296154124e+02,2.213722652224392107e+01,4.672093730869845274e+01
6.805624382965092991e+02,3.290891857620164274e+02,2.099118401225415909e+01,4.908498757000570123e+01
6.825139842780836261e+02,3.292819233941245898e+02,2.244424506042744838e+01,4.762979454093496656e+01
6.857611794638321498e+02,3.284159684054791910e+02,2.165569336919777754e+01,4.787595074358281977e+01
6.883640938904012501e+02,3.282833689740525074e+02,2.161650527457391746e+01,4.802898605528443454e+01
6.914034655796807556e+02,3.277793650947092488e+02,2.075360128200122745e+01,4.930676401899189187e+01
6.934193989805735328e+02,3.280994859888149904e+02,2.148385520394002413e+01,4.715558227506902966e+01
6.967065264369831539e+02,3.267439601348372094e+02,1.939352563368062121e+01,5.071083745516203578e+01
6.975043764604632770e+02,3.283466286285943170e+02,2.122389842264270499e+01,4.786323237620758420e+01
6.985919165222725269e+02,3.264845744659126581e+02,2.136189741775269724e+01,4.959314178322836852e+01
7.001622125849287386e+02,3.269979165345877732e+02,2.076564447243289635e+01,4.877330203531673902e+01
7.009866178654766600e+02,3.276593001319433824e+02,2.012842796842036108e+01,4.933857454874311088e+01
7.001468954442808581e+02,3.269539235266802280e+02,2.278216020152073895e+01,4.797991428804738234e+01
7.027021410114028868e+02,3.274386509849659319e+02,1.952648967636956101e+01,4.799083430376519743e+01
7.027562523305571176e+02,3.277370975477821844e+02,2.108913471956437746e+01,4.721864987831273197e+01
7.029378198399200528e+02,3.263747877672840332e+02,2.091998067777768711e+01,5.045728755769054885e+01
7.019115272919151494e+02,3.269115761820789317e+02,2.284897785997630848e+01,4.900247480075738338e+01
7.013173566899622529e+02,3.261837758285967084e+02,2.296014153931528767e+01,5.119170759542926419e+01
7.009729419169414086e+02,3.273126314058310413e+02,2.361151946793729195e+01,4.986449063022304529e+01
6.994953939954167481e+02,3.271831417823754578e+02,2.531660493977853577e+01,5.112259094704229057e+01
6.985005546243349954e+02,3.271025836036315013e+02,2.684223523671712996e+01,4.970516638331905312e+01
6.987630978428958315e+02,3.286543516969210259e+02,2.603302999824023800e+01,4.706383229868586682e+01
6.982480475813083558e+02,3.294469521062571857e+02,2.661384790503824149e+01,4.566249902394935134e+01
6.986948114791988473e+02,3.278122900561700703e+02,2.414438712967360701e+01,4.841936319036575043e+01
6.975896403813378583e+02,3.280610900916892660e+02,2.533232763491232475e+01,4.680311447106531375e+01
6.979868175120204796e+02,3.288561449489935740e+02,2.349659785570205628e+01,4.576221327829968288e+01
6.968223656232006533e+02,3.291911476285588947e+02,2.407984526222492860e+01,4.339733399014531301e+01
6.980734928611146870e+02,3.295250524570265043e+02,2.135078232783023822e+01,4.297669594380387537e+01
6.968321422348869874e+02,3.308289756465325695e+02,2.132612431400451669e+01,4.024496807575331303e+01
6.976975159335279386e+02,3.317281107736951071e+02,1.970720928956678009e+01,3.898411112051192617e+01
6.987330378926467347e+02,3.306737000951816299e+02,1.893172418156330394e+01,3.993558312947064337e+01
6.982132167420663791e+02,3.316212863250896135e+02,2.038658722018139002e+01,3.864393857321149994e+01
6.988373000769283863e+02,3.317508608529234380e+02,2.109253927909508519e+01,3.743409579100423912e+01
6.991425022843693569e+02,3.316466804413695968e+02,2.024707871723387598e+01,3.861580815229314823e+01
6.998151436677923130e+02,3.325402523379166269e+02,2.013735302970312091e+01,3.651372915183216605e+01
6.996087228051605962e+02,3.322490090913357790e+02,1.938678540266391792e+01,3.651946155182378106e+01
7.000097712242130683e+02,3.335576408182427031e+02,1.889681672098252463e+01,3.362061550409205779e+01
7.002530167961585903e+02,3.347527776258024801e+02,1.779433428270744599e+01,3.253380820901033132e+01
7.000123940719140592e+02,3.348630079039831458e+02,1.723041145059504231e+01,3.148976464579016010e+01
7.002287587840705783e+02,3.355988976214883337e+02,1.661075242783129369e+01,3.073740874326574968e+01
7.005020607101436099e+02,3.363906878366813089e+02,1.647785076560753126e+01,3.188449804974199964e+01
7.005915866792893212e+02,3.372860055280800680e+02,1.661023908653434233e+01,3.044846020565405809e+01
7.005272042401002182e+02,3.371373037267376276e+02,1.602597422267163552e+01,3.101599721426282130e+01
7.004076174068917453e+02,3.380393356217529686e+02,1.565719648642457074e+01,3.160338931298035092e+01
7.010734248292437769e+02,3.388733647728351457e+02,1.292889353804454800e+01,3.198857011794791561e+01
7.010258071853893398e+02,3.400853107669810242e+02,1.229809907206846198e+01,3.155083256672123682e+01
7.010258071853893398e+02,3.400853107669810242e+02,1.229809907206846198e+01,3.155083256672123682e+01
7.010258071853893398e+02,3.400853107669810242e+02,1.229809907206846198e+01,3.155083256672123682e+01
7.010258071853893398e+02,3.400853107669810242e+02,1.229809907206846198e+01,3.155083256672123682e+01
7.152593747177675141e+02,3.672170017227967378e+02,1.523247424595948907e+01,2.887176309405471031e+01
7.124985659461431169e+02,3.691092416634639903e+02,1.887648062892998979e+01,2.581283744054922025e+01
7.107750511856949061e+02,3.706020862192681875e+02,2.052467344175765263e+01,2.470939875714053713e+01
7.094472113065913845e+02,3.714436094461480025e+02,2.074471858692764670e+01,2.445948519026746126e+01
7.094472113065913845e+02,3.714436094461480025e+02,2.074471858692764670e+01,2.445948519026746126e+01
6.953999714556119898e+02,3.691257359368515836e+02,2.007565611359341773e+01,2.500964613784590185e+01
6.953999714556119898e+02,3.691257359368515836e+02,2.007565611359341773e+01,2.500964613784590185e+01
6.953999714556119898e+02,3.691257359368515836e+02,2.007565611359341773e+01,2.500964613784590185e+01
6.953999714556119898e+02,3.691257359368515836e+02,2.007565611359341773e+01,2.500964613784590185e+01
6.953999714556119898e+02,3.691257359368515836e+02,2.007565611359341773e+01,2.500964613784590185e+01
6.953999714556119898e+02,3.691257359368515836e+02,2.007565611359341773e+01,2.500964613784590185e+01
6.953999714556119898e+02,3.691257359368515836e+02,2.007565611359341773e+01,2.500964613784590185e+01
6.953999714556119898e+02,3.691257359368515836e+02,2.007565611359341773e+01,2.500964613784590185e+01
6.953999714556119898e+02,3.691257359368515836e+02,2.007565611359341773e+01,2.500964613784590185e+01
6.953999714556119898e+02,3.691257359368515836e+02,2.007565611359341773e+01,2.500964613784590185e+01
6.953999714556119898e+02,3.691257359368515836e+02,2.007565611359341773e+01,2.500964613784590185e+01
6.953999714556119898e+02,3.691257359368515836e+02,2.007565611359341773e+01,2.500964613784590185e+01
6.953999714556119898e+02,3.691257359368515836e+02,2.007565611359341773e+01,2.500964613784590185e+01
6.953999714556119898e+02,3.691257359368515836e+02,2.007565611359341773e+01,2.500964613784590185e+01
6.953999714556119898e+02,3.691257359368515836e+02,2.007565611359341773e+01,2.500964613784590185e+01
6.953999714556119898e+02,3.691257359368515836e+02,2.007565611359341773e+01,2.500964613784590185e+01
6.953999714556119898e+02,3.691257359368515836e+02,2.007565611359341773e+01,2.500964613784590185e+01
6.953999714556119898e+02,3.691257359368515836e+02,2.007565611359341773e+01,2.500964613784590185e+01
6.953999714556119898e+02,3.691257359368515836e+02,2.007565611359341773e+01,2.500964613784590185e+01
6.953999714556119898e+02,3.691257359368515836e+02,2.007565611359341773e+01,2.500964613784590185e+01
6.953999714556119898e+02,3.691257359368515836e+02,2.007565611359341773e+01,2.500964613784590185e+01
6.953999714556119898e+02,3.691257359368515836e+02,2.007565611359341773e+01,2.500964613784590185e+01
6.953999714556119898e+02,3.691257359368515836e+02,2.007565611359341773e+01,2.500964613784590185e+01
6.953999714556119898e+02,3.691257359368515836e+02,2.007565611359341773e+01,2.500964613784590185e+01
6.953999714556119898e+02,3.691257359368515836e+02,2.007565611359341773e+01,2.500964613784590185e+01
6.953999714556119898e+02,3.691257359368515836e+02,2.007565611359341773e+01,2.500964613784590185e+01
6.953999714556119898e+02,3.691257359368515836e+02,2.007565611359341773e+01,2.500964613784590185e+01
6.953999714556119898e+02,3.691257359368515836e+02,2.007565611359341773e+01,2.500964613784590185e+01
6.953999714556119898e+02,3.691257359368515836e+02,2.007565611359341773e+01,2.500964613784590185e+01
6.953999714556119898e+02,3.691257359368515836e+02,2.007565611359341773e+01,2.500964613784590185e+01
6.953999714556119898e+02,3.691257359368515836e+02,2.007565611359341773e+01,2.500964613784590185e+01
6.953999714556119898e+02,3.691257359368515836e+02,2.007565611359341773e+01,2.500964613784590185e+01
6.953999714556119898e+02,3.691257359368515836e+02,2.007565611359341773e+01,2.500964613784590185e+01
6.953999714556119898e+02,3.691257359368515836e+02,2.007565611359341773e+01,2.500964613784590185e+01
6.953999714556119898e+02,3.691257359368515836e+02,2.007565611359341773e+01,2.500964613784590185e+01
6.953999714556119898e+02,3.691257359368515836e+02,2.007565611359341773e+01,2.500964613784590185e+01
6.953999714556119898e+02,3.691257359368515836e+02,2.007565611359341773e+01,2.500964613784590185e+01
6.953999714556119898e+02,3.691257359368515836e+02,2.007565611359341773e+01,2.500964613784590185e+01
6.953999714556119898e+02,3.691257359368515836e+02,2.007565611359341773e+01,2.500964613784590185e+01
6.953999714556119898e+02,3.691257359368515836e+02,2.007565611359341773e+01,2.500964613784590185e+01
6.953999714556119898e+02,3.691257359368515836e+02,2.007565611359341773e+01,2.500964613784590185e+01
6.953999714556119898e+02,3.691257359368515836e+02,2.007565611359341773e+01,2.500964613784590185e+01
6.953999714556119898e+02,3.691257359368515836e+02,2.007565611359341773e+01,2.500964613784590185e+01
6.953999714556119898e+02,3.691257359368515836e+02,2.007565611359341773e+01,2.500964613784590185e+01
6.953999714556119898e+02,3.691257359368515836e+02,2.007565611359341773e+01,2.500964613784590185e+01
6.953999714556119898e+02,3.691257359368515836e+02,2.007565611359341773e+01,2.500964613784590185e+01
6.953999714556119898e+02,3.691257359368515836e+02,2.007565611359341773e+01,2.500964613784590185e+01
6.953999714556119898e+02,3.691257359368515836e+02,2.007565611359341773e+01,2.500964613784590185e+01
6.960761764566422016e+02,3.689156129010635823e+02,2.010609008278548160e+01,2.497427481139836303e+01
6.960761764566422016e+02,3.689156129010635823e+02,2.010609008278548160e+01,2.497427481139836303e+01
6.960761764566422016e+02,3.689156129010635823e+02,2.010609008278548160e+01,2.497427481139836303e+01
6.960761764566422016e+02,3.689156129010635823e+02,2.010609008278548160e+01,2.497427481139836303e+01
6.960761764566422016e+02,3.689156129010635823e+02,2.010609008278548160e+01,2.497427481139836303e+01
6.960761764566422016e+02,3.689156129010635823e+02,2.010609008278548160e+01,2.497427481139836303e+01
6.754800214903160622e+02,3.675177967416526030e+02,2.014604863604306217e+01,2.524617113015928993e+01
6.754800214903160622e+02,3.675177967416526030e+02,2.014604863604306217e+01,2.524617113015928993e+01
6.640391469678352223e+02,3.682789811231430690e+02,1.992221067538955737e+01,2.521168116661679193e+01
6.640391469678352223e+02,3.682789811231430690e+02,1.992221067538955737e+01,2.521168116661679193e+01
6.640391469678352223e+02,3.682789811231430690e+02,1.992221067538955737e+01,2.521168116661679193e+01
6.640391469678352223e+02,3.682789811231430690e+02,1.992221067538955737e+01,2.521168116661679193e+01
6.640391469678352223e+02,3.682789811231430690e+02,1.992221067538955737e+01,2.521168116661679193e+01
6.640391469678352223e+02,3.682789811231430690e+02,1.992221067538955737e+01,2.521168116661679193e+01
6.640391469678352223e+02,3.682789811231430690e+02,1.992221067538955737e+01,2.521168116661679193e+01
6.640391469678352223e+02,3.682789811231430690e+02,1.992221067538955737e+01,2.521168116661679193e+01
6.640391469678352223e+02,3.682789811231430690e+02,1.992221067538955737e+01,2.521168116661679193e+01
6.640391469678352223e+02,3.682789811231430690e+02,1.992221067538955737e+01,2.521168116661679193e+01
6.640391469678352223e+02,3.682789811231430690e+02,1.992221067538955737e+01,2.521168116661679193e+01
6.640391469678352223e+02,3.682789811231430690e+02,1.992221067538955737e+01,2.521168116661679193e+01
6.640391469678352223e+02,3.682789811231430690e+02,1.992221067538955737e+01,2.521168116661679193e+01
6.640391469678352223e+02,3.682789811231430690e+02,1.992221067538955737e+01,2.521168116661679193e+01
6.640391469678352223e+02,3.682789811231430690e+02,1.992221067538955737e+01,2.521168116661679193e+01
6.640391469678352223e+02,3.682789811231430690e+02,1.992221067538955737e+01,2.521168116661679193e+01
6.640391469678352223e+02,3.682789811231430690e+02,1.992221067538955737e+01,2.521168116661679193e+01
6.640391469678352223e+02,3.682789811231430690e+02,1.992221067538955737e+01,2.521168116661679193e+01
6.640391469678352223e+02,3.682789811231430690e+02,1.992221067538955737e+01,2.521168116661679193e+01
6.640391469678352223e+02,3.682789811231430690e+02,1.992221067538955737e+01,2.521168116661679193e+01
6.640391469678352223e+02,3.682789811231430690e+02,1.992221067538955737e+01,2.521168116661679193e+01
6.640391469678352223e+02,3.682789811231430690e+02,1.992221067538955737e+01,2.521168116661679193e+01
6.640391469678352223e+02,3.682789811231430690e+02,1.992221067538955737e+01,2.521168116661679193e+01
6.640391469678352223e+02,3.682789811231430690e+02,1.992221067538955737e+01,2.521168116661679193e+01
6.640391469678352223e+02,3.682789811231430690e+02,1.992221067538955737e+01,2.521168116661679193e+01
6.640391469678352223e+02,3.682789811231430690e+02,1.992221067538955737e+01,2.521168116661679193e+01
6.640391469678352223e+02,3.682789811231430690e+02,1.992221067538955737e+01,2.521168116661679193e+01
6.640391469678352223e+02,3.682789811231430690e+02,1.992221067538955737e+01,2.521168116661679193e+01
6.640391469678352223e+02,3.682789811231430690e+02,1.992221067538955737e+01,2.521168116661679193e+01
6.640391469678352223e+02,3.682789811231430690e+02,1.992221067538955737e+01,2.521168116661679193e+01
6.640391469678352223e+02,3.682789811231430690e+02,1.992221067538955737e+01,2.521168116661679193e+01
6.640391469678352223e+02,3.682789811231430690e+02,1.992221067538955737e+01,2.521168116661679193e+01
6.640391469678352223e+02,3.682789811231430690e+02,1.992221067538955737e+01,2.521168116661679193e+01
6.640391469678352223e+02,3.682789811231430690e+02,1.992221067538955737e+01,2.521168116661679193e+01
6.640391469678352223e+02,3.682789811231430690e+02,1.992221067538955737e+01,2.521168116661679193e+01
6.640391469678352223e+02,3.682789811231430690e+02,1.992221067538955737e+01,2.521168116661679193e+01
6.640391469678352223e+02,3.682789811231430690e+02,1.992221067538955737e+01,2.521168116661679193e+01
6.640391469678352223e+02,3.682789811231430690e+02,1.992221067538955737e+01,2.521168116661679193e+01
6.640391469678352223e+02,3.682789811231430690e+02,1.992221067538955737e+01,2.521168116661679193e+01
6.640391469678352223e+02,3.682789811231430690e+02,1.992221067538955737e+01,2.521168116661679193e+01
6.877986008315785966e+02,3.833150471838298472e+02,2.043988207998292950e+01,2.875540903059483711e+01
6.877986008315785966e+02,3.833150471838298472e+02,2.043988207998292950e+01,2.875540903059483711e+01
6.848753170343518377e+02,3.845162083394915840e+02,1.801623368627724275e+01,3.751671529745738809e+01
6.825569069983635018e+02,3.789393204308552754e+02,1.968546223412976559e+01,4.638523377525250879e+01
6.785125599083534098e+02,3.750139698794976084e+02,2.305522664654129628e+01,4.887450137195585853e+01
6.746586650447676448e+02,3.716676179676072707e+02,2.500954690654970136e+01,5.469062781841712706e+01
6.702811078950672936e+02,3.707224678712237278e+02,2.725342930668898234e+01,5.682906685615114384e+01
6.666435193478923793e+02,3.692628966230208789e+02,2.894481514508785835e+01,5.893407940394081379e+01
6.631438913620670519e+02,3.697397357085702083e+02,2.999279576807529679e+01,5.887634719908584913e+01
6.597199199611444556e+02,3.698238646108202943e+02,3.091977385205531093e+01,5.732304613115040581e+01
6.586572874997727922e+02,3.694480831194956068e+02,2.980517156441047888e+01,5.912646360503359233e+01
6.578072804688499673e+02,3.681663844984537377e+02,2.938953020404557748e+01,5.949201586497007099e+01
6.562914593642049113e+02,3.699867482911635079e+02,2.937463668297371555e+01,5.591351694058104727e+01
6.566634261585661534e+02,3.676520537570230545e+02,2.679860580230489120e+01,6.152618587126580962e+01
6.529809844114931821e+02,3.693966562304468084e+02,3.106899709941409782e+01,5.585222941379821293e+01
6.531850724459268349e+02,3.691276022094957625e+02,2.843786842625285516e+01,5.599520390076486365e+01
6.529703737372234400e+02,3.688167549990822067e+02,2.846193119218944645e+01,5.640943721779497366e+01
6.511977305717481386e+02,3.672955444356620092e+02,2.987664663462081904e+01,5.619504434164466744e+01
6.508322480160683199e+02,3.675725686556793335e+02,2.934428545871075755e+01,5.871667758801144998e+01
6.496731988229461194e+02,3.683508883030149264e+02,3.161032121057646194e+01,5.504998451564554784e+01
6.497551296524561621e+02,3.672045324717176413e+02,2.978628875802311171e+01,5.597044490603852296e+01
6.493532536370356638e+02,3.664666190012645188e+02,2.991211496374519641e+01,5.493363971536827961e+01
6.492158631054194302e+02,3.660254556429844683e+02,2.908098656023408779e+01,5.594729039533201131e+01
6.475593240955892043e+02,3.661350718329100573e+02,3.077826145737410712e+01,5.493831274427493128e+01
6.470610790069797531e+02,3.653634528411725455e+02,3.073534497737415094e+01,5.548775348510860539e+01
6.462000321269828191e+02,3.645513263886837194e+02,3.049326697013306386e+01,5.595481284855937076e+01
6.458370101716251384e+02,3.646449124423024273e+02,2.909344136829049887e+01,5.529966524407622330e+01
6.437261154799512042e+02,3.645051813608931752e+02,3.111847033560744791e+01,5.445260236245347585e+01
6.431920558917572635e+02,3.636376163512497328e+02,2.968520191586514301e+01,5.537213788739752829e+01
6.423487348527805807e+02,3.620156636196093132e+02,2.843081659094059432e+01,5.596003701446630885e+01
6.404288292090839150e+02,3.611680746914385622e+02,2.903704061331931285e+01,5.632817241036612188e+01
6.387799321344513146e+02,3.608975656667470275e+02,2.990182966805622300e+01,5.435610437919806515e+01
