1.110000000000000000e+02,9.800000000000000000e+01,2.500000000000000000e+01,1.010000000000000000e+02
1.113538542386002206e+02,9.965770735321294183e+01,2.612918627339464450e+01,1.031023685539195895e+02
1.109402205791221689e+02,1.025768097110102417e+02,2.622487464623717202e+01,1.023874410256723877e+02
1.111964249856009417e+02,1.033203446939962902e+02,2.591309977636051443e+01,1.041130285113299294e+02
1.091805196255401427e+02,1.022440075186753887e+02,2.676285836101460802e+01,1.081606890146206581e+02
1.078401776011206152e+02,1.022099006026189727e+02,2.815462176890821056e+01,1.080260980726875459e+02
1.050546105234275132e+02,1.055457993112865438e+02,3.004106473357481377e+01,1.080290342941158315e+02
1.033147398958477794e+02,1.106262480904340464e+02,3.083138648075392396e+01,1.045093401392937125e+02
1.002667378128395939e+02,1.109098572900030888e+02,3.052241380198270448e+01,1.042772228081755088e+02
1.002129802966825736e+02,1.132420939949928425e+02,2.847756887183336261e+01,1.024042864446284966e+02
9.723147350355893082e+01,1.172092824281798329e+02,2.766145009190022463e+01,9.954183807938366613e+01
9.409692813665931510e+01,1.140659285293372278e+02,2.768511369404662759e+01,1.067737330285009136e+02
9.185748807311523478e+01,1.118183165614662329e+02,2.843732117175123975e+01,1.071691544701938312e+02
8.710842178480547204e+01,1.076839817948776101e+02,3.060075173344769439e+01,1.114607653543079806e+02
8.780677939439861746e+01,1.069512362144184578e+02,2.793356768319907957e+01,1.087212632672404311e+02
8.866106403189134255e+01,1.060253558745296232e+02,2.929385870064831465e+01,1.062162310202297704e+02
8.879248663708608547e+01,1.071890430218117558e+02,2.777687752395785736e+01,1.075023773479189231e+02
9.005681783818195640e+01,1.079507124743521587e+02,2.682255403472998267e+01,1.041706154005407541e+02
9.129539890687800607e+01,1.072746210592285081e+02,2.734606209196373783e+01,1.077028395439594419e+02
9.201913469960852865e+01,1.081342180173783447e+02,2.882439059157044170e+01,1.054306557871522614e+02
9.242190652028969566e+01,1.079285825363606222e+02,3.080655714002744361e+01,1.062790826217710958e+02
9.400956843493109716e+01,1.048271712508546756e+02,3.069899330143678995e+01,1.096942758268619684e+02
9.552877622860873430e+01,1.049807608841475997e+02,3.362035459243845281e+01,1.070439967277413302e+02
9.508296286644167594e+01,1.024752691324609088e+02,3.465255910989391452e+01,1.094954010971272851e+02
9.523746054162592145e+01,1.046766914500083629e+02,3.560054727812585895e+01,1.071392361972160927e+02
9.549857997474566673e+01,1.064703502398359376e+02,3.679371757154672196e+01,1.060017951644206846e+02
9.984837220082226850e+01,1.084982922265095624e+02,3.124441264133566420e+01,1.044902200919065507e+02
1.020215977948400194e+02,1.077341993681658607e+02,2.973593480954711055e+01,1.052122880355379380e+02
1.045195751092446557e+02,1.049185241697194328e+02,2.991746183204399401e+01,1.063867559556241389e+02
1.052154102317959996e+02,1.006346322901921013e+02,3.095897120386940315e+01,1.065794815405455154e+02
1.050558370850587693e+02,9.779041623407327677e+01,2.999919613160594878e+01,1.085766576064879985e+02
1.025579028963737471e+02,9.443769424852170857e+01,3.129313422447585680e+01,1.130845093191377657e+02
1.014932864904970700e+02,9.667495437987000173e+01,3.150019282091245643e+01,1.072753199432819997e+02
1.016689122952208351e+02,9.672315427166883239e+01,3.218211203074744731e+01,1.048593376973735474e+02
1.039289404158991061e+02,1.009276673731351934e+02,2.963254731790194896e+01,9.930674607810475152e+01
1.043762726631976818e+02,9.663337881855254352e+01,2.950544682200400359e+01,1.096717068256520236e+02
1.034776574264735416e+02,1.005434955451988515e+02,3.060631098533264804e+01,1.053688390664054282e+02
1.047221206918262624e+02,9.814432476411801076e+01,2.950025334062114979e+01,1.064502294967464309e+02
1.020701378245486239e+02,9.669704156472604950e+01,3.115694124314519797e+01,1.063896824845806464e+02
1.013807266770863720e+02,9.493527453110019110e+01,3.205844882745262936e+01,1.085836038198987694e+02
9.883509168379887910e+01,9.116502540712194502e+01,3.524450510038168716e+01,1.134981247900995243e+02
9.534330778453360722e+01,9.174848026555831382e+01,3.775198389821029821e+01,1.106257051721800337e+02
9.392217259540382202e+01,9.528632625226413211e+01,3.782503535480849166e+01,1.065819167040937145e+02
9.378511128070813641e+01,9.820332515160706066e+01,3.714724313730275185e+01,1.029380303041047569e+02
9.337235733351731426e+01,9.593179358863559969e+01,3.319655979709576599e+01,1.040449543232971905e+02
9.191077299279241686e+01,9.609916522322698995e+01,3.181684294616641395e+01,1.055521373904028621e+02
8.834023575922910254e+01,9.640240398305752478e+01,3.204025193172566333e+01,1.065708908983449419e+02
8.488222492218322657e+01,9.134982954118022747e+01,3.124840693711623274e+01,1.106133891015575443e+02
8.074530189805635416e+01,8.729236045968458768e+01,3.068354506148083516e+01,1.123113450906291462e+02
7.897445042615399302e+01,8.743788674438789599e+01,3.182911291350394478e+01,1.146810853488287165e+02
7.897280795958269550e+01,9.068484058718428287e+01,3.082065537399790145e+01,1.120837128213933056e+02
7.994782236184479984e+01,9.508536821316567966e+01,3.053321218558546235e+01,1.060186962542754685e+02
8.054065498001959611e+01,9.873276246809847123e+01,3.056056775078005927e+01,1.017575121278785275e+02
8.203605742592040428e+01,1.043943173916575944e+02,2.920700875245683292e+01,1.010441034373764921e+02
8.013587540057937986e+01,9.837386275743041608e+01,2.973355645601667518e+01,1.153430111723225480e+02
8.282204953660658475e+01,9.981854488456369268e+01,2.918252633352891934e+01,1.070881436068987682e+02
8.521158338841584623e+01,9.806863207257482884e+01,2.998813775664991965e+01,1.122995288841586614e+02
8.959027268949975564e+01,9.630219495877906866e+01,3.357199908368130536e+01,1.104396270993295275e+02
9.329056766137580325e+01,9.182183967920347811e+01,3.247240496665039444e+01,1.135813693624296832e+02
9.375492562549270303e+01,9.098835917769521586e+01,3.799259975161240277e+01,1.129248328316479899e+02
9.654235311910468909e+01,9.242850508024874046e+01,3.577892483145082281e+01,1.118859058870756087e+02
9.786842506743792569e+01,9.306260363334392594e+01,3.563285035655252386e+01,1.119089849973921957e+02
1.013966383740871890e+02,9.349182472491247609e+01,3.172565470028525780e+01,1.108382436759475240e+02
1.051546560298177013e+02,9.130345428372609717e+01,2.967693029428076912e+01,1.109721542818310382e+02
1.071494822073296120e+02,9.008264507907495044e+01,3.008157792323521562e+01,1.111542893537309880e+02
1.097945060879381742e+02,8.889655966705915091e+01,3.059475806347681726e+01,1.083006830285621334e+02
1.103447544167468237e+02,7.807769207258832012e+01,2.954673228362614523e+01,1.228194153984425157e+02
1.103447544167468237e+02,7.807769207258832012e+01,2.954673228362614523e+01,1.228194153984425157e+02
1.103447544167468237e+02,7.807769207258832012e+01,2.954673228362614523e+01,1.228194153984425157e+02
1.814771920694476535e+02,8.085346379134169581e+01,3.243967863349789127e+01,1.209231108277417945e+02
1.784199598814892624e+02,8.030337549958476018e+01,3.888028871797561692e+01,1.193674398618171892e+02
1.780197274848000859e+02,7.603538021593185192e+01,3.794089321510458745e+01,1.266382090717774247e+02
1.796225923908449431e+02,7.414561688060264544e+01,3.734973020599340998e+01,1.305909358728984841e+02
1.796225923908449431e+02,7.414561688060264544e+01,3.734973020599340998e+01,1.305909358728984841e+02
1.796225923908449431e+02,7.414561688060264544e+01,3.734973020599340998e+01,1.305909358728984841e+02
1.796225923908449431e+02,7.414561688060264544e+01,3.734973020599340998e+01,1.305909358728984841e+02
1.796225923908449431e+02,7.414561688060264544e+01,3.734973020599340998e+01,1.305909358728984841e+02
1.796225923908449431e+02,7.414561688060264544e+01,3.734973020599340998e+01,1.305909358728984841e+02
1.096190592595603448e+02,9.483220952260109016e+01,3.327438374883605832e+01,1.261969452300148617e+02
1.069764786947994395e+02,1.005829858351889072e+02,2.954650719677825421e+01,1.125286188087576846e+02
1.050136002895633567e+02,9.797948847326013322e+01,3.135099764219915741e+01,1.169805284815555240e+02
1.000597975676403735e+02,9.874734688950266559e+01,3.419408177333151855e+01,1.122037587830884036e+02
1.006898120598317945e+02,9.426129795559569402e+01,3.236532523605788469e+01,1.130886126170888843e+02
9.932684083821401089e+01,8.905087406889532531e+01,3.578510687168389381e+01,1.146472558387928302e+02
1.025359630143072422e+02,8.633681901167383899e+01,3.334666584324314442e+01,1.191738189385225013e+02
1.036613320103620310e+02,8.532710128106950265e+01,3.363343991511366937e+01,1.178237995390439465e+02
1.066002632156692300e+02,8.541512185639601284e+01,3.361476939903053562e+01,1.132950662611631429e+02
1.096622942641468512e+02,8.661365294886844879e+01,3.127648916242686639e+01,1.058282814237829541e+02
1.138023460254552077e+02,8.897649165034513885e+01,3.032940251221614503e+01,1.086068664681867517e+02
1.158925876046326380e+02,8.790955180024971582e+01,2.974100090064473534e+01,1.165424853842284278e+02
1.192201185030046986e+02,8.926579101835184815e+01,3.059485071355026520e+01,1.132280946879686212e+02
1.228698581507199208e+02,8.734520637333288562e+01,3.122433794033663190e+01,1.150733635854741976e+02
1.255271636745593469e+02,8.640444261588496033e+01,3.242679241771271847e+01,1.176463702468505943e+02
1.261724239036545043e+02,8.507545510700236946e+01,3.319682336447540649e+01,1.205034669931552571e+02
1.241297001298391081e+02,8.466001430520277893e+01,3.687174499409927364e+01,1.242798010484603708e+02
1.197359718424293078e+02,9.056070552168989707e+01,4.570001862849540686e+01,1.160307302743454017e+02
1.211822608564453105e+02,9.057583891827680134e+01,4.056744631297254244e+01,1.191861486389474578e+02
1.213226150589803609e+02,9.642756793686641004e+01,3.923982547618552275e+01,1.103411965660474010e+02
1.236738614003472918e+02,9.613666172456700565e+01,3.419181906221043477e+01,1.099962244752653646e+02
1.227118467967735853e+02,9.329835186307879269e+01,3.249939724434869959e+01,1.174688688783794248e+02
1.237434682244782351e+02,9.197814636833778934e+01,3.134593018249179508e+01,1.138991110293604549e+02
1.220908868455568950e+02,8.460787939697021898e+01,3.165066068745058203e+01,1.224388641035653222e+02
1.220264735634399500e+02,8.279895755316093187e+01,3.124226140920855599e+01,1.214991959846958594e+02
1.194770584235070316e+02,7.850481275688838423e+01,3.284270721336638132e+01,1.253438332334909404e+02
1.213460163818267006e+02,8.213785019277646882e+01,3.123410357356726053e+01,1.195815586346563748e+02
1.208210109546993607e+02,8.397400155214376127e+01,3.246335407342226631e+01,1.179382027924476830e+02
1.224561261781302761e+02,8.619550763043316977e+01,3.016881184563086293e+01,1.115124571477859661e+02
1.189686445286415903e+02,8.099321282905745534e+01,3.208391729930183089e+01,1.174913680205264228e+02
1.164409388531318115e+02,7.975055540154544076e+01,3.260138814815465480e+01,1.136060745457774885e+02
1.166359309000755502e+02,7.471965623391517397e+01,3.068819400559165089e+01,1.185717167607377434e+02
1.137089691809142948e+02,7.188161874896906056e+01,3.379412659728025403e+01,1.187083787553186767e+02
1.081372277216103583e+02,6.706314065475038433e+01,3.778472837041081789e+01,1.222611779537047596e+02
1.011458883828906039e+02,6.437269467131662282e+01,4.143044625530882996e+01,1.213476940241184252e+02
9.650548137951234651e+01,6.456324438146998546e+01,4.393324035697501273e+01,1.207872897507299825e+02
9.423006698389330893e+01,7.397340728613355054e+01,3.966427735438983859e+01,1.125928947275356933e+02
9.629204575160218837e+01,7.476514192615695720e+01,3.277505769204946517e+01,1.214487288456212042e+02
9.555255300906026150e+01,8.220246575734761052e+01,3.243614025450303018e+01,1.153894526966065825e+02
9.488808971929509539e+01,8.320576555059763280e+01,3.138168618255934916e+01,1.155045679405050976e+02
9.220944236360078605e+01,8.676146435574744942e+01,3.127101815209616831e+01,1.163808984491019487e+02
9.065325236708537204e+01,8.726705541362136387e+01,3.135013899176089680e+01,1.194697791804915710e+02
9.273551603448763103e+01,8.426837886835295421e+01,3.035670869713277398e+01,1.234504551298388151e+02
9.505061123098175813e+01,8.556701816543485961e+01,3.327771344879784721e+01,1.217206256404609093e+02
9.813720331210939207e+01,8.634028249031450741e+01,3.207790937534871034e+01,1.209890683780879641e+02
1.008988355975518658e+02,9.063726419119394961e+01,3.221329377220668988e+01,1.149212881046859991e+02
1.055433111706135634e+02,9.251300414382268400e+01,2.992555331562798315e+01,1.106670636439551885e+02
1.089006189528517865e+02,9.171661759623830790e+01,3.043889976821085597e+01,1.173503513990055467e+02
1.116941817813389832e+02,9.390621418240073126e+01,3.162708272024524803e+01,1.159869291388511101e+02
1.139324972712831823e+02,9.505370194056160926e+01,3.291590650949137853e+01,1.206024803750012637e+02
1.148450992237666526e+02,9.209852327005569350e+01,3.640456111358815861e+01,1.226713371953069327e+02
1.151450095873326376e+02,9.244556417712809093e+01,3.887110419794910854e+01,1.194380190740179728e+02
1.130101044257626342e+02,9.193516828730975021e+01,4.498127146708062440e+01,1.265455227371995761e+02
1.140053599696373396e+02,1.002460470967550918e+02,4.459976320792922877e+01,1.172138299300154216e+02
1.152916179793403444e+02,9.843209372988638961e+01,4.208342850385588463e+01,1.215046661390602907e+02
1.192619182764367736e+02,1.017342021894032484e+02,3.711687247104914178e+01,1.168445001281152855e+02
1.241191926227249098e+02,1.051171832752732200e+02,3.112234383424373618e+01,1.208138466035310898e+02
1.245587547554707584e+02,1.099857671233442318e+02,3.127304096462605187e+01,1.179173003787941099e+02
1.273101846025172392e+02,1.126066381419297500e+02,3.102762755959560792e+01,1.188528087269074831e+02
1.282188179765508096e+02,1.091033138708777130e+02,3.054337577658581182e+01,1.236050274518118499e+02
1.265800165931676844e+02,1.072285563408316023e+02,3.167544426638981037e+01,1.277611756207583511e+02
1.250673434127532602e+02,1.094180368447565996e+02,3.313358066818850034e+01,1.235665300559473110e+02
1.227623676477782055e+02,1.118782644946012681e+02,3.328564931697404461e+01,1.247272949062518848e+02
1.234641688688841015e+02,1.174267806785734791e+02,3.292355876803466685e+01,1.129962659920389854e+02
1.266351606706590189e+02,1.166718532703226998e+02,3.022809029548153958e+01,1.185765253381120772e+02
1.254286493591443019e+02,1.151935145428250138e+02,3.219246479357773438e+01,1.196801454086164824e+02
1.266306438120330142e+02,1.140948711262323911e+02,3.280162133457763929e+01,1.191934248355670007e+02
1.279272729972665985e+02,1.133347299766248852e+02,3.199567976327429975e+01,1.198674955821620642e+02
1.247916039980406282e+02,1.085245003352109308e+02,3.631656495716080713e+01,1.274399216275326978e+02
1.235507482258336580e+02,1.041470388384535966e+02,4.033166964618229144e+01,1.289564169820397979e+02
1.201349408514125230e+02,1.063437551741911022e+02,4.665731332092025951e+01,1.251708756913516822e+02
1.203182256345403687e+02,1.073548751372550782e+02,4.481282512978663135e+01,1.231089498639693005e+02
1.235415218243644944e+02,1.089385564298324880e+02,3.974382865162763778e+01,1.185763146376325494e+02
1.254405924621473218e+02,1.029483411908373114e+02,3.951708778003840905e+01,1.194310575164407737e+02
1.313204641250394502e+02,1.001462183979281946e+02,3.164928099485781132e+01,1.195577568872016343e+02
1.293845474378015297e+02,9.836864092396641013e+01,3.206310131162491928e+01,1.221499189881594134e+02
1.290552437807336901e+02,9.334339761473238184e+01,3.150662025829844737e+01,1.245952706426382122e+02
1.263985910044947190e+02,8.754083778290851114e+01,3.255408432670653696e+01,1.324412874849358559e+02
1.252406847836447668e+02,8.840365690757865025e+01,3.285393345244270336e+01,1.243437462929381070e+02
1.247304476257085639e+02,8.297834544762567077e+01,3.274405372149350057e+01,1.289015535275718491e+02
1.233838220166051656e+02,8.677823204465911999e+01,3.306008454747313863e+01,1.250729490423062202e+02
1.242849486389528550e+02,9.263883960846166588e+01,3.096882483114385209e+01,1.172176430142800001e+02
1.255434342636272902e+02,9.358454151421788936e+01,3.232224352014947755e+01,1.240385757429897069e+02
1.293044945172982523e+02,9.731010995450634482e+01,3.347062662914055409e+01,1.166105355132516621e+02
1.338614505018779823e+02,9.379910024743581687e+01,3.186396544580874846e+01,1.230271058469254797e+02
1.352837027247232697e+02,9.222868245949585742e+01,3.300288208738317053e+01,1.227568438962551056e+02
1.329614402810767899e+02,8.926304571119221976e+01,3.919915763461877845e+01,1.264482938130741729e+02
1.299196819140964294e+02,8.801465655258878940e+01,4.376008695002323634e+01,1.299892700472655918e+02
1.282017963051244180e+02,9.031845635495773195e+01,4.774110101397941719e+01,1.247646488222541024e+02
1.310547530432121448e+02,9.223163676309923176e+01,4.168258809579877777e+01,1.269831564752093840e+02
1.328108957319539343e+02,9.756705068800889080e+01,3.974576863590247200e+01,1.193082719332666528e+02
1.382482382850892577e+02,9.833872135391249003e+01,3.136939194981314571e+01,1.238125404075202454e+02
1.360481500726074273e+02,1.031822993388711325e+02,3.222819249930373076e+01,1.186665168877067487e+02
1.349589253752165519e+02,1.007313341977564818e+02,3.350313013146649155e+01,1.228242036077145087e+02
1.333350519467896333e+02,9.605655645529533615e+01,3.538868674173826889e+01,1.307860340970237019e+02
1.300946641110945450e+02,9.476461222869286871e+01,3.539339153223856727e+01,1.252442702369962149e+02
1.276801856665865955e+02,9.491748164580613434e+01,3.579404899422202391e+01,1.291387386361986387e+02
1.257750177952516850e+02,9.833209506249595222e+01,3.597084720599278285e+01,1.267061296922232998e+02
1.301450530401473031e+02,1.034099928769165615e+02,3.135303013417027529e+01,1.222598396213959973e+02
1.287491204110396268e+02,1.042602887906173095e+02,3.233757634731880870e+01,1.208795608900409491e+02
1.267048736610702520e+02,1.054485117566237875e+02,3.314046584716602695e+01,1.199398690655032738e+02
1.280970256061114583e+02,1.050859369844991278e+02,3.193330550700271786e+01,1.225113288676642753e+02
1.272118979402016805e+02,1.053814364181071710e+02,3.441763753664865533e+01,1.211405311947345353e+02
1.275113673859015080e+02,1.009434062926916766e+02,3.493115317882598703e+01,1.272867609421017789e+02
1.252543981681263006e+02,9.844128778888455145e+01,4.045419050181993725e+01,1.285717150841917373e+02
1.152843656814333002e+02,9.862527775324095103e+01,4.909125025670007858e+01,1.285085179633059340e+02
1.103870680684371735e+02,1.031622107354014872e+02,4.374992686544378273e+01,1.242625094933390955e+02
1.098131395220113404e+02,1.042797345114716165e+02,4.300224038300858354e+01,1.235148435186906255e+02
1.086772834881390821e+02,9.996581949894309105e+01,3.789498230457392225e+01,1.261148047960364806e+02
1.081083913779579859e+02,9.811453367897163957e+01,3.554277867474688435e+01,1.222721355569205457e+02
1.093470900917954509e+02,9.617095567258736821e+01,3.166936596062636511e+01,1.266481097979338699e+02
1.084702811519143495e+02,9.066254757652157537e+01,3.350191611824682525e+01,1.322405132627094986e+02
1.080735285140996496e+02,8.925182820732408118e+01,3.530943051195635007e+01,1.306191457572080026e+02
1.116755990599941697e+02,8.354611770603773380e+01,3.538561340240607933e+01,1.335996156413114591e+02
1.156970247968256160e+02,8.813154379909465774e+01,3.644603532046683370e+01,1.293463512123082069e+02
1.169662506480180184e+02,9.256437121777469201e+01,3.469489243022341896e+01,1.288962294407440368e+02
1.216665004120071103e+02,9.768946529741216978e+01,3.193117411791298821e+01,1.230244635417534909e+02
1.254668419927050138e+02,9.782660821728470069e+01,3.227107370874496439e+01,1.258492079582798056e+02
1.290676812568543710e+02,9.570047125233799079e+01,3.120609628747140718e+01,1.267912628387194758e+02
1.314199534255603226e+02,9.251711141088091495e+01,3.362805017241056760e+01,1.270269266897244620e+02
1.309875873492438529e+02,9.192906161782475749e+01,3.708671256948929340e+01,1.254895751287573091e+02
1.248497407682527722e+02,8.653554350128976580e+01,4.563909454563466994e+01,1.305563817361253882e+02
1.177273983653427933e+02,8.883371394894462014e+01,5.210028869364820991e+01,1.275729104611388607e+02
1.153380822645662533e+02,9.458417015305414566e+01,5.597662906084689638e+01,1.254322037032493853e+02
1.223313207083859169e+02,9.789930184873091434e+01,5.181887798802691236e+01,1.250166400570740706e+02
1.317659496095997724e+02,1.026586066615099639e+02,4.339632028172958655e+01,1.206614873483250534e+02
1.390689582259069539e+02,1.023199097058072766e+02,3.192356854441552727e+01,1.269193694646864827e+02
1.393773989440723540e+02,1.045120934938209416e+02,3.428886818031980965e+01,1.228288673309351680e+02
1.415305929989800973e+02,1.018034920870298095e+02,3.125109328976547829e+01,1.259501523951125250e+02
1.401654319554099573e+02,9.783339518297700010e+01,3.368392078662332523e+01,1.322032320836884196e+02
1.396324692870034028e+02,1.034914337480823860e+02,3.365623059151505458e+01,1.317717317509629993e+02
1.414760643192462624e+02,1.055303154316665939e+02,3.346973599402458888e+01,1.319741621894891637e+02
1.422922000707793302e+02,1.059441896421808309e+02,3.478389493567582491e+01,1.334376718651556359e+02
1.465873963935637505e+02,1.090002953699793409e+02,3.182939849600912297e+01,1.288258273357518533e+02
1.438378341108731888e+02,1.127587707961071715e+02,3.310232820283918898e+01,1.295973295856080085e+02
1.439113915451600860e+02,1.190950454559667975e+02,3.175444283694333336e+01,1.207049659653516471e+02
1.422133540744613924e+02,1.171244218120219500e+02,3.244442255968225197e+01,1.300162174303348479e+02
1.372552218561149857e+02,1.211519290474310822e+02,3.541567251959894946e+01,1.290804494423657047e+02
1.311682795329369924e+02,1.207865236543082261e+02,4.027942609295687504e+01,1.336782386355175447e+02
1.229888243863082806e+02,1.221458216197043498e+02,4.796546861125094097e+01,1.351724474990368208e+02
1.150648969373733621e+02,1.253362781852987098e+02,4.970959902944548503e+01,1.301459448969847585e+02
1.122509418649896418e+02,1.295441819240882637e+02,5.225647284494351652e+01,1.303878570315272611e+02
1.132915445404713921e+02,1.327554667494364935e+02,4.776367667938956885e+01,1.291786352926654615e+02
1.170955618467077244e+02,1.340057802494448254e+02,4.357954720111794700e+01,1.223947021708226544e+02
1.199600540216005840e+02,1.292486209891856390e+02,3.721535472144942247e+01,1.227702830128131950e+02
1.219645971212331119e+02,1.248474996270651758e+02,3.390355596248434722e+01,1.268095915291378617e+02
1.204807036161055578e+02,1.187778751360383040e+02,3.332817800424886912e+01,1.305881418112404333e+02
1.196563376551785609e+02,1.128180343900460514e+02,3.304064350383110593e+01,1.359131749420188839e+02
1.149831028241653144e+02,1.061545093085431404e+02,3.819166095257024551e+01,1.371535275265945302e+02
1.098575318653103636e+02,1.042423828154385035e+02,3.896892687082947759e+01,1.374112200059831252e+02
1.106259161236782091e+02,1.074349489391687200e+02,3.645540964918350113e+01,1.372160315489584832e+02
1.130049227913374779e+02,1.096570391195265586e+02,3.301620951863029063e+01,1.293994368377331625e+02
1.118885357276100763e+02,1.104656712796689817e+02,3.312135698859913191e+01,1.270603556796606739e+02
1.096851230349909656e+02,1.083791379301393931e+02,3.258005844195257339e+01,1.292292676965604414e+02
1.097170849010751823e+02,1.091734507373541305e+02,3.229256728357947281e+01,1.297331430071950535e+02
1.084233642580107926e+02,1.057622376904832464e+02,3.649198865031279126e+01,1.295603245979155815e+02
1.050360989638988656e+02,9.978402180576549085e+01,4.180878107744961625e+01,1.374261029478564637e+02
9.557958587242106319e+01,9.727866580390890761e+01,5.186921669949215641e+01,1.359414717432566420e+02
8.698959989393553371e+01,9.191766994067589280e+01,5.514718727554279099e+01,1.372672127449301911e+02
8.624778014881437116e+01,8.728149383129729699e+01,4.863232641864766492e+01,1.352584599221834765e+02
9.110714185259216435e+01,8.913213068537842787e+01,4.292765874000443205e+01,1.284336107650313465e+02
9.953697750693407897e+01,9.007005082396645435e+01,3.935227393034402610e+01,1.326922266455396198e+02
1.071644391403616225e+02,9.411520251733415421e+01,3.443390232974871878e+01,1.274518378095854843e+02
1.123460647727860930e+02,9.616813294785617927e+01,3.662062169173084669e+01,1.279108511207521133e+02
1.169555674600999566e+02,9.075427286500161017e+01,3.526673911220809998e+01,1.398324061634754116e+02
1.175733435144397703e+02,8.934826022323136385e+01,3.660093826619325341e+01,1.414649549474584092e+02
1.143455126152318542e+02,9.124671864782860098e+01,4.022521707472567698e+01,1.361561668795825994e+02
1.146669248069606795e+02,9.113083795020884281e+01,3.934891386200337138e+01,1.389878490244864224e+02
1.149268127443364165e+02,9.492235202131934102e+01,3.750580961143553793e+01,1.333104754318641199e+02
1.188760189095853832e+02,9.641764724620693983e+01,3.243974372029919095e+01,1.337568599843777406e+02
1.189149944595460227e+02,1.002225591800507800e+02,3.355439668531930408e+01,1.334692941122955290e+02
1.208901672595456205e+02,1.039474322791058682e+02,3.589100787242950474e+01,1.326267308937690927e+02
1.227513793547528422e+02,1.058121688875347672e+02,3.635787420554410687e+01,1.317570298822640780e+02
1.211636246209074272e+02,1.059773231336143482e+02,4.315472299437142567e+01,1.344427662452227139e+02
1.196890931627475396e+02,1.071424585295667526e+02,5.047437182911770037e+01,1.346513190579016452e+02
1.148904958040192383e+02,1.082076963553624154e+02,5.918093773187703732e+01,1.360651656585838793e+02
1.159430194085100254e+02,1.133730331401862088e+02,5.618341670602383431e+01,1.308409641043171519e+02
1.199984568986749167e+02,1.139734637575898120e+02,4.583827782875189882e+01,1.295926320912830931e+02
1.232540070752275199e+02,1.149388527996928246e+02,4.355559201116914636e+01,1.284401748560188707e+02
1.283619559045611993e+02,1.143247576638279668e+02,3.566537627732172666e+01,1.325651074716511744e+02
1.324712890684103854e+02,1.178644751044871839e+02,3.417745621884941443e+01,1.250532260211284097e+02
1.351959828987093886e+02,1.149986757431830711e+02,3.426840659764964414e+01,1.348874973206409322e+02
1.361369253645050890e+02,1.170720376677448229e+02,3.386891659975879776e+01,1.365856664501856415e+02
1.337960518679902293e+02,1.162589798045615908e+02,3.758724546668224775e+01,1.411005014968493469e+02
1.325325149347536069e+02,1.177445391872955724e+02,4.096518916757857198e+01,1.390186017174157769e+02
1.286610399124492687e+02,1.203786295025252429e+02,3.985262277847139956e+01,1.352292783657802886e+02
1.229547938924367116e+02,1.297328701869424208e+02,3.709714416114790225e+01,1.281597158735939104e+02
1.200879135943206109e+02,1.291581030487951125e+02,3.354756621062718125e+01,1.350558355189986059e+02
1.210567820039205174e+02,1.336621644597656200e+02,3.339969488520176810e+01,1.289853867426203635e+02
1.197749173620543388e+02,1.280542545261041596e+02,3.481501074921061445e+01,1.358313655111578555e+02
1.150913599999398684e+02,1.251516109435882385e+02,4.400149234575020785e+01,1.353128373304255376e+02
1.099333728713372977e+02,1.203620310966679483e+02,5.195515214029359186e+01,1.419655133931320847e+02
1.009492647285220244e+02,1.207797626955960197e+02,6.174806878145392375e+01,1.397234150300614033e+02
9.983266105491406961e+01,1.171781669563654447e+02,6.012347397603618049e+01,1.427118547880940866e+02
1.016881234935374323e+02,1.184535936419130593e+02,5.608609329706406044e+01,1.349006674021062793e+02
1.066906609514051354e+02,1.187906439958128857e+02,4.920088761350638151e+01,1.316663001995556499e+02
1.089085330277107317e+02,1.204775934867588774e+02,4.237663013425028424e+01,1.282363891236428231e+02
1.063817034961727472e+02,1.177833166698367364e+02,4.135527746713216146e+01,1.320783451575038896e+02
1.099917550778499731e+02,1.172995930112292058e+02,3.323459395719338971e+01,1.307681862258633601e+02
1.085687634969547730e+02,1.134158903261313043e+02,3.687443934260897294e+01,1.394874343809407549e+02
1.052799626307585896e+02,1.140604252230396867e+02,3.917112819887220354e+01,1.399706769898492098e+02
9.937174912251532533e+01,1.102227456848924305e+02,4.535372371435164496e+01,1.462103151455809780e+02
9.705531126070529524e+01,1.175117184148395921e+02,4.763544487216054790e+01,1.362122799640069672e+02
9.912823901945695582e+01,1.173354877667000551e+02,4.301101102557092304e+01,1.404642707173783265e+02
1.034272843704303426e+02,1.233317634583450513e+02,3.881926235319568264e+01,1.302101642584428873e+02
1.057744161426807352e+02,1.240788717177251783e+02,3.852476143915755813e+01,1.350141102000097817e+02
1.032308380325488599e+02,1.284456094054657171e+02,4.497417931236775956e+01,1.261096777658605816e+02
1.051279545241112316e+02,1.217754588299445260e+02,4.514884367192492221e+01,1.397087474754051470e+02
1.038866247619065177e+02,1.240057116316108079e+02,5.199825629768319857e+01,1.342289141123298464e+02
1.024910232689646676e+02,1.195598472420233520e+02,5.540276997826143202e+01,1.441604521184945042e+02
9.744145471328465646e+01,1.164996368420266037e+02,5.896819088783922780e+01,1.432866908086552371e+02
9.683454676056925337e+01,1.213012900762494439e+02,5.862245626951211364e+01,1.391314334086604845e+02
1.007683719929408284e+02,1.253450306136831216e+02,5.056344072667732092e+01,1.350225549815745012e+02
1.073367254825416239e+02,1.250684416333853903e+02,4.219651533698379353e+01,1.384775423961341971e+02
1.133669829496759576e+02,1.246702058356355280e+02,3.372622872188320287e+01,1.403144742205539046e+02
1.103149693422225255e+02,1.245943473486269681e+02,3.643327231328544258e+01,1.360464128475556436e+02
1.099724088688023187e+02,1.227309966640204664e+02,3.411947997200938687e+01,1.428638353471397409e+02
1.047448327056723372e+02,1.244178080272089630e+02,3.809452022246368585e+01,1.431420397177018344e+02
1.046048972313786294e+02,1.265816609171771177e+02,3.731383225591287101e+01,1.444446592551483377e+02
1.070976158141198908e+02,1.261876266775734194e+02,3.743329402002629536e+01,1.433494000118062957e+02
1.078022147924523892e+02,1.242445936346657334e+02,3.812793665288462819e+01,1.486726983535573368e+02
1.090024600762944971e+02,1.317914151834674783e+02,3.695579338668355973e+01,1.341498159828825578e+02
1.071317673913518149e+02,1.315203852404202109e+02,3.706624118027495740e+01,1.372561637699017751e+02
1.070628438706483792e+02,1.289543059664825932e+02,3.527804745305849110e+01,1.360602039934972254e+02
1.049555604439436820e+02,1.206616194527233006e+02,3.611806658651244106e+01,1.430460611060988185e+02
1.019320650251252687e+02,1.195870243134980200e+02,3.958920955999826674e+01,1.420170723588993553e+02
9.387880466840996974e+01,1.166300380026741550e+02,4.953793913573356633e+01,1.460100969519826322e+02
8.645082075964310775e+01,1.134968658186598560e+02,5.502964818709297390e+01,1.450883109412880856e+02
7.765028522848025716e+01,1.127285371312759139e+02,6.235764986770480078e+01,1.467952370602862402e+02
