1
741.000000,224.000000,80.000000,168.000000
742.000000,226.000000,78.000000,165.000000
759.000000,230.000000,77.000000,162.000000
764.000000,224.000000,80.000000,168.000000
765.000000,225.000000,78.000000,165.000000
781.000000,217.000000,77.000000,162.000000
781.000000,216.000000,78.000000,165.000000
795.000000,203.000000,80.000000,168.000000
797.000000,208.000000,80.000000,168.000000
797.000000,208.000000,81.000000,171.000000
809.000000,207.000000,78.000000,165.000000
814.000000,207.000000,80.000000,168.000000
814.000000,206.000000,81.000000,171.000000
827.000000,217.000000,78.000000,165.000000
831.000000,218.000000,81.000000,171.000000
831.000000,218.000000,81.000000,171.000000
2
0
0
0
0
1
885.000000,207.000000,66.000000,163.000000
898.000000,207.000000,64.000000,159.000000
904.000000,207.000000,64.000000,159.000000
912.000000,204.000000,63.000000,156.000000
911.000000,203.000000,64.000000,159.000000
925.000000,205.000000,63.000000,156.000000
929.000000,202.000000,65.000000,163.000000
936.000000,206.000000,63.000000,156.000000
936.000000,208.000000,62.000000,153.000000
945.000000,209.000000,63.000000,156.000000
948.000000,204.000000,64.000000,159.000000
951.000000,198.000000,64.000000,159.000000
952.000000,199.000000,63.000000,156.000000
962.000000,190.000000,63.000000,156.000000
960.000000,189.000000,64.000000,159.000000
961.000000,188.000000,65.000000,162.000000
962.000000,191.000000,63.000000,156.000000
961.000000,195.000000,64.000000,159.000000
961.000000,202.000000,63.000000,156.000000
959.000000,203.000000,64.000000,159.000000
960.000000,201.000000,64.000000,159.000000
960.000000,201.000000,64.000000,159.000000
965.000000,196.000000,64.000000,159.000000
970.000000,191.000000,64.000000,159.000000
975.000000,186.000000,64.000000,159.000000
975.000000,187.000000,64.000000,159.000000
975.000000,186.000000,64.000000,159.000000
983.000000,189.000000,62.000000,153.000000
985.000000,189.000000,64.000000,159.000000
988.000000,187.000000,67.000000,166.000000
991.000000,192.000000,64.000000,159.000000
997.000000,197.000000,64.000000,159.000000
1002.000000,197.000000,67.000000,166.000000
1005.000000,201.000000,64.000000,159.000000
1006.000000,202.000000,63.000000,156.000000
1011.000000,203.000000,65.000000,162.000000
1014.000000,202.000000,65.000000,162.000000
1018.000000,200.000000,65.000000,162.000000
1020.000000,199.000000,65.000000,162.000000
1021.000000,199.000000,65.000000,162.000000
1019.000000,203.000000,68.000000,169.000000
1019.000000,210.000000,67.000000,166.000000
1019.000000,215.000000,64.000000,159.000000
1020.000000,214.000000,65.000000,162.000000
1022.000000,220.000000,63.000000,156.000000
1021.000000,224.000000,63.000000,156.000000
1015.000000,223.000000,64.000000,159.000000
1010.000000,220.000000,64.000000,159.000000
1006.000000,217.000000,65.000000,162.000000
998.000000,214.000000,67.000000,166.000000
988.000000,215.000000,65.000000,162.000000
977.000000,214.000000,63.000000,156.000000
966.000000,206.000000,65.000000,162.000000
955.000000,204.000000,64.000000,159.000000
945.000000,202.000000,62.000000,153.000000
933.000000,201.000000,63.000000,156.000000
920.000000,205.000000,62.000000,153.000000
905.000000,206.000000,64.000000,159.000000
888.000000,208.000000,65.000000,162.000000
868.000000,217.000000,64.000000,159.000000
849.000000,216.000000,64.000000,159.000000
827.000000,209.000000,67.000000,166.000000
801.000000,206.000000,67.000000,166.000000
770.000000,207.000000,68.000000,169.000000
743.000000,206.000000,65.000000,162.000000
718.000000,199.000000,64.000000,159.000000
694.000000,187.000000,67.000000,166.000000
674.000000,185.000000,64.000000,159.000000
655.000000,180.000000,65.000000,162.000000
636.000000,180.000000,65.000000,162.000000
617.000000,179.000000,67.000000,166.000000
598.000000,184.000000,67.000000,166.000000
584.000000,186.000000,65.000000,162.000000
569.000000,191.000000,64.000000,159.000000
553.000000,189.000000,65.000000,162.000000
537.000000,191.000000,65.000000,162.000000
526.000000,197.000000,63.000000,156.000000
518.000000,196.000000,65.000000,162.000000
507.000000,193.000000,67.000000,166.000000
491.000000,194.000000,67.000000,166.000000
475.000000,198.000000,65.000000,162.000000
463.000000,200.000000,67.000000,166.000000
453.000000,197.000000,68.000000,169.000000
444.000000,195.000000,65.000000,162.000000
429.000000,193.000000,67.000000,166.000000
419.000000,201.000000,68.000000,169.000000
409.000000,214.000000,65.000000,162.000000
400.000000,214.000000,67.000000,166.000000
392.000000,212.000000,64.000000,159.000000
384.000000,206.000000,67.000000,166.000000
376.000000,213.000000,67.000000,166.000000
369.000000,218.000000,65.000000,162.000000
359.000000,219.000000,65.000000,162.000000
359.000000,220.000000,65.000000,162.000000
341.000000,222.000000,64.000000,159.000000
332.000000,217.000000,67.000000,166.000000
326.000000,219.000000,67.000000,166.000000
322.000000,223.000000,65.000000,162.000000
315.000000,222.000000,67.000000,166.000000
310.000000,226.000000,67.000000,166.000000
304.000000,227.000000,67.000000,166.000000
302.000000,229.000000,64.000000,159.000000
297.000000,231.000000,65.000000,162.000000
292.000000,229.000000,63.000000,156.000000
284.000000,230.000000,64.000000,159.000000
282.000000,236.000000,62.000000,153.000000
281.000000,233.000000,63.000000,156.000000
279.000000,227.000000,60.000000,150.000000
277.000000,220.000000,63.000000,156.000000
277.000000,220.000000,63.000000,156.000000
280.000000,224.000000,60.000000,150.000000
285.000000,229.000000,60.000000,150.000000
288.000000,232.000000,59.000000,147.000000
296.000000,232.000000,59.000000,147.000000
304.000000,237.000000,59.000000,147.000000
310.000000,241.000000,59.000000,147.000000
317.000000,242.000000,58.000000,144.000000
327.000000,245.000000,59.000000,147.000000
334.000000,248.000000,57.000000,141.000000
339.000000,249.000000,56.000000,139.000000
343.000000,244.000000,56.000000,139.000000
351.000000,234.000000,56.000000,139.000000
353.000000,235.000000,55.000000,136.000000
351.000000,239.000000,57.000000,141.000000
348.000000,245.000000,56.000000,139.000000
346.000000,248.000000,55.000000,136.000000
344.000000,250.000000,56.000000,139.000000
344.000000,257.000000,57.000000,141.000000
344.000000,261.000000,56.000000,139.000000
342.000000,264.000000,58.000000,144.000000
343.000000,267.000000,56.000000,139.000000
345.000000,268.000000,56.000000,139.000000
349.000000,272.000000,55.000000,136.000000
351.000000,270.000000,57.000000,141.000000
351.000000,268.000000,56.000000,139.000000
352.000000,267.000000,57.000000,141.000000
354.000000,264.000000,58.000000,144.000000
354.000000,263.000000,58.000000,144.000000
356.000000,264.000000,57.000000,141.000000
360.000000,261.000000,56.000000,139.000000
364.000000,256.000000,58.000000,144.000000
370.000000,255.000000,58.000000,144.000000
375.000000,254.000000,57.000000,141.000000
378.000000,257.000000,57.000000,141.000000
383.000000,258.000000,59.000000,147.000000
388.000000,256.000000,60.000000,150.000000
392.000000,255.000000,58.000000,144.000000
395.000000,251.000000,60.000000,150.000000
401.000000,249.000000,60.000000,150.000000
404.000000,250.000000,58.000000,144.000000
407.000000,244.000000,60.000000,150.000000
414.000000,247.000000,58.000000,144.000000
419.000000,243.000000,60.000000,150.000000
424.000000,246.000000,58.000000,144.000000
430.000000,245.000000,57.000000,141.000000
435.000000,251.000000,55.000000,136.000000
439.000000,257.000000,57.000000,141.000000
443.000000,262.000000,55.000000,136.000000
443.000000,260.000000,57.000000,141.000000
449.000000,262.000000,55.000000,136.000000
453.000000,263.000000,57.000000,141.000000
453.000000,264.000000,57.000000,141.000000
456.000000,263.000000,58.000000,144.000000
462.000000,263.000000,56.000000,139.000000
461.000000,259.000000,57.000000,141.000000
460.000000,251.000000,59.000000,147.000000
463.000000,246.000000,60.000000,150.000000
466.000000,246.000000,60.000000,150.000000
470.000000,250.000000,58.000000,144.000000
474.000000,254.000000,57.000000,141.000000
475.000000,254.000000,57.000000,141.000000
478.000000,255.000000,55.000000,136.000000
479.000000,254.000000,57.000000,141.000000
485.000000,259.000000,56.000000,139.000000
489.000000,257.000000,58.000000,144.000000
499.000000,250.000000,60.000000,150.000000
502.000000,254.000000,59.000000,147.000000
506.000000,250.000000,62.000000,153.000000
