1
80.9602,145.6006,27.9917,24.7980
81.7055,144.2208,28.5648,24.5812
81.3389,142.2760,29.1556,24.3432
80.8413,143.4396,29.6388,24.0935
79.9699,141.2191,29.9610,23.8851
80.1416,141.2363,29.5631,24.4813
78.7963,140.0944,28.9112,24.9318
77.6692,138.6113,28.4797,25.5788
76.3428,137.0010,28.1220,26.3888
75.2875,134.9411,27.5296,27.5422
74.9650,132.4433,27.1384,28.5607
74.8682,131.6413,27.1850,29.1883
74.3153,130.1889,27.1637,29.8663
74.8554,126.6485,27.3870,30.4389
73.6255,125.2550,27.5480,31.0318
73.4639,121.4820,27.6533,31.7683
73.3431,117.1540,27.7790,32.6527
72.0687,114.5222,27.6779,33.4634
71.2883,110.9196,27.6048,33.7614
71.2096,107.2651,27.5282,34.1502
71.6941,104.2994,27.6596,34.1239
72.1189,101.2098,27.8703,34.1137
72.3485,98.5693,28.2367,34.1343
74.8138,95.0752,28.7492,34.0464
74.9428,91.6749,28.7857,34.4684
76.4233,90.5479,29.3740,34.2143
77.5301,87.2556,29.3130,34.4672
79.0211,86.9736,29.9231,33.8477
81.8908,85.4408,30.3762,33.3107
83.7295,81.3004,31.0497,32.5899
84.7452,80.1688,31.7991,31.8886
84.1958,78.0407,31.7783,31.8461
85.4045,74.1295,32.2404,31.5664
84.6666,71.8268,32.4034,31.6074
85.1420,67.5511,32.2245,31.5023
83.5904,65.9709,32.0585,31.3946
82.4864,63.1981,31.6721,31.3760
80.6445,61.7996,31.4206,31.2444
79.6534,59.4960,31.2640,31.1361
79.5333,57.7244,31.3516,30.9255
80.4214,56.3908,30.9852,30.9606
80.7151,55.4957,30.4590,30.6918
79.7784,54.1785,29.8175,30.5071
78.1585,55.5379,29.4892,30.7262
77.5001,55.0436,29.0986,30.7475
77.2282,55.9192,28.6477,31.0460
77.6704,56.2586,28.2704,31.0161
77.6909,56.8360,27.7803,30.7541
78.1074,57.4734,27.3826,30.2273
79.0645,58.5742,26.9539,29.6672
79.5082,58.6700,26.6021,29.1023
80.7672,58.0976,26.3443,28.9794
79.9863,61.4917,26.3236,28.7786
79.9885,64.9781,26.4057,28.8952
80.0809,67.5719,26.5543,29.5074
80.6405,71.4559,26.1355,30.2964
81.6718,73.4358,25.4866,31.0623
84.1191,75.5631,25.3472,31.6614
84.7687,77.6278,24.9332,32.3725
85.2918,79.9475,24.9857,32.9118
87.5189,80.1131,24.9129,33.3248
88.1859,80.8077,25.1061,33.5624
88.7849,80.7855,25.3825,33.7403
90.2086,80.9076,25.3117,33.9341
91.5115,80.6830,25.4019,34.1419
93.4031,80.5370,25.4715,34.3441
93.8742,80.7953,25.6950,34.6793
94.3993,81.1992,25.7914,34.9786
94.9475,81.7466,25.7277,35.3120
95.6816,81.2131,25.6415,35.8130
95.3178,81.0760,25.6775,36.0846
94.1738,80.7178,25.8967,36.1678
94.7132,80.4923,25.7419,36.4724
95.2714,80.1768,25.6432,36.7663
95.1095,79.7375,25.5667,37.0334
94.5572,80.9497,25.5982,36.8278
95.0426,81.4168,25.5924,36.7208
94.7508,79.1449,25.4924,36.6252
95.1616,79.5740,25.4731,36.6740
95.8223,79.6132,25.5310,36.7011
96.0136,79.1321,25.7046,36.5345
96.5659,77.0158,25.6936,36.5863
96.5824,77.5298,25.8206,36.7390
97.5589,74.3902,25.6486,37.4333
97.2584,74.8853,25.6767,37.7658
97.7679,74.6111,25.8093,38.1579
98.3441,74.1204,25.8660,38.5305
98.7936,74.0023,25.9126,38.7469
98.6007,73.7787,25.9415,39.0375
99.4562,72.5825,25.7406,39.5439
99.6543,71.8267,25.6514,40.0620
100.2418,71.1870,25.5609,40.5639
100.3671,71.5955,25.6870,40.7874
100.5846,71.1335,25.5903,41.3026
100.8983,70.4922,25.5449,41.5594
101.1957,70.2422,25.8202,41.3339
101.4003,70.1395,26.0943,41.2194
101.8401,70.1533,26.2652,41.0011
102.5062,70.5980,26.3502,40.6163
102.3240,70.8778,26.5697,40.2202
101.4877,70.7895,26.6218,39.8527
101.8269,70.2472,26.5927,39.5627
101.9014,70.0912,26.7881,39.3179
102.3109,70.7932,27.1528,39.0453
103.4455,70.8044,27.2843,38.5799
103.8330,70.0722,27.4789,38.1836
103.9573,69.9300,27.6374,38.0156
104.0037,69.6217,27.7060,37.6920
104.0178,70.0712,27.7492,37.4323
103.6215,69.1509,27.8952,37.7132
102.8370,68.2605,28.0266,37.9222
103.8368,66.3234,27.8255,37.5457
106.3136,66.9101,27.8527,37.0719
107.6188,67.4909,27.7850,37.2735
106.7669,68.2035,27.4937,37.3615
108.3426,68.3027,27.4332,37.2135
108.5445,70.0281,26.8978,37.8307
108.8056,70.9532,26.3889,38.1468
103.0360,72.0939,27.3755,37.6293
102.0617,74.3927,28.2390,37.1653
101.2574,74.6656,28.9805,36.7334
100.4267,74.4447,29.7247,36.2981
99.6906,75.6675,30.1376,36.0400
99.6018,75.1920,30.4441,35.6644
99.1046,76.3782,30.7706,35.2540
98.7521,76.4670,31.0202,34.8056
97.6422,77.9561,31.3292,34.3829
97.1559,78.9149,31.5475,33.9042
97.1400,81.1542,31.7487,33.6819
96.9271,79.9235,31.6020,33.8300
96.6888,79.4078,31.2341,34.1853
96.7293,80.8304,30.2130,35.2314
96.4558,85.7248,29.1762,36.2540
100.2490,86.5257,29.2482,36.0380
97.6411,86.5400,30.7141,35.1110
95.0446,88.3001,31.3826,34.3464
95.8344,89.8176,31.6555,34.2571
96.0824,90.7771,32.2083,34.1930
97.4750,90.8654,32.7320,34.1984
98.5321,90.4395,33.0143,34.4234
99.4967,86.4112,33.0393,34.7255
101.5474,86.1679,32.9524,34.9629
104.0807,85.4060,32.7894,34.9679
107.6878,84.5123,32.8899,34.7851
108.5109,83.4604,33.1254,34.5238
110.7586,81.9809,33.3401,34.2683
111.6561,81.3519,33.6278,34.1932
111.9924,80.4311,33.9186,34.2693
113.1762,78.7924,34.4639,34.0798
114.9832,78.9813,34.8997,33.8914
115.8623,79.1037,35.4575,33.2254
115.1098,79.5894,35.2003,32.7085
117.9363,79.4512,34.9166,32.0642
117.7644,79.3959,34.7705,31.5905
118.0998,79.6757,34.3895,31.0607
118.1993,79.4401,33.8569,30.6129
119.4029,78.4780,33.2394,30.4160
119.3391,78.4873,32.5917,30.3042
119.6787,77.3070,32.0475,30.3755
118.6431,76.2868,31.4298,30.3777
119.5876,74.8916,30.9804,30.2125
119.5101,74.2074,30.3560,29.9573
119.8359,73.7854,29.7976,29.5562
120.4181,73.1706,29.5869,29.1546
121.2511,73.4135,29.3432,28.7248
122.6453,72.8308,28.9556,28.4474
123.8790,73.4020,28.5807,28.1888
123.6392,72.5169,27.9299,28.4971
124.9309,71.8371,27.4538,28.6347
126.0216,71.6765,27.0779,28.9359
127.7014,70.9130,26.8110,29.3094
128.6333,70.5215,26.7077,29.5621
128.7508,70.4106,26.5066,29.7332
130.4265,69.3820,26.3830,29.7413
130.3212,69.3915,26.4232,29.6877
131.0267,69.0889,26.2143,29.8486
131.6063,67.3279,26.0254,29.7483
133.2735,68.2766,25.7874,29.7446
134.1702,69.0746,25.6148,29.5003
135.1384,69.8930,25.4541,29.1125
136.4335,70.3420,25.0713,28.8467
137.6266,70.9082,24.7599,28.4282
137.4853,71.9093,24.3763,28.0995
138.2635,71.9686,23.9813,27.7993
139.8988,73.1298,23.6209,27.4555
141.7605,73.5637,23.1741,27.0972
143.4253,74.6065,22.9210,27.0158
144.0692,75.6444,23.1736,26.8515
143.9658,76.0647,23.0793,26.9761
142.9953,77.6354,23.5675,26.4419
143.7117,78.8655,24.3510,25.5993
141.7210,80.6767,24.6169,25.1310
141.2126,80.1127,25.0627,24.5575
141.5475,80.5321,25.4486,24.0577
138.6540,83.2899,25.3011,23.8953
139.2121,83.3773,25.2855,23.8412
136.6466,83.4931,25.1556,23.9365
137.1476,83.2196,25.1290,23.9574
134.7194,82.8162,25.0259,24.0330
136.0237,83.1568,25.0201,24.0199
134.0353,83.8575,24.9978,24.0037
131.8604,84.6902,24.9839,23.9865
130.9776,87.8682,24.9010,24.0272
130.8270,87.9728,24.8980,24.0214
129.9873,87.9106,24.8975,24.0193
129.8070,87.8724,24.8971,24.0138
123.9387,101.8053,24.2135,24.7456
123.6577,101.9417,23.6344,25.5971
123.5302,102.7427,23.1275,26.2817
133.3661,86.3611,23.8105,25.6768
133.3339,85.8690,25.6778,24.3209
131.9005,86.4388,26.4860,23.8616
127.1787,88.0118,27.4055,23.8684
122.3233,88.2920,27.8107,24.6522
118.2104,88.1673,28.0066,25.6040
116.7912,87.9628,28.4375,26.5014
115.3570,85.6834,28.8645,27.4097
114.3790,86.2361,29.0711,28.2009
113.4293,85.3655,29.2164,29.0937
112.6069,84.4947,29.0095,29.8565
112.0745,84.6071,28.6584,30.4259
114.4448,83.9000,28.4588,30.8354
113.6555,84.6110,28.2572,31.1713
113.9266,84.7304,28.3421,31.3052
114.2432,84.3240,28.3745,31.4588
115.5625,83.8722,28.2402,31.6875
117.4823,84.6238,28.1524,31.5674
118.3848,84.1718,28.0045,31.5911
120.3345,84.7858,27.6501,31.7444
122.1096,84.3908,27.4343,32.1094
123.1933,84.7530,27.3182,32.4954
124.2517,84.3747,27.2293,32.8656
125.9117,84.3112,26.8891,33.3821
127.6552,84.0773,26.6263,33.7126
130.1853,82.1146,26.4469,33.9141
131.7576,81.6619,26.3580,34.1399
132.7708,79.6142,26.4301,34.0585
133.8204,79.3417,26.4324,34.0688
134.8307,79.6144,26.5666,33.9428
136.1614,76.9828,26.4948,34.0940
137.4608,77.5622,26.3062,34.1010
138.5978,76.4794,26.1592,34.0185
141.7463,75.9728,26.1270,34.0930
143.0252,74.6944,25.7549,34.2177
146.7017,73.9323,25.6281,34.2704
147.4086,73.1109,25.4572,34.1472
151.6669,72.6691,25.4811,33.7815
153.9264,72.2024,26.1171,32.8305
156.0397,71.4044,26.8475,31.9320
157.2355,70.0723,27.5663,31.1221
157.4841,68.4891,28.3976,30.6819
157.5260,67.8409,29.1555,30.2914
157.0585,67.6416,29.6091,30.3991
157.1351,67.0182,29.9255,30.4357
156.6734,66.3761,30.1517,30.4896
156.1575,64.9032,30.2418,30.5458
155.9363,63.0716,30.3396,30.5185
156.0343,61.4784,30.2662,30.7170
156.7047,60.7875,29.9754,31.1404
157.2911,59.3608,29.7701,31.3811
158.9663,57.1271,29.8809,31.6020
159.5156,56.0029,29.8495,31.9365
160.4084,55.3466,29.8260,32.2318
161.6765,54.3711,29.8078,32.5257
162.8006,51.3987,30.0026,32.8482
164.3536,49.2749,30.2626,33.0985
166.2512,46.6488,30.4722,33.4065
167.0114,46.2595,30.5617,33.4403
169.0833,43.5849,31.1926,33.4039
169.6009,41.9387,31.8897,33.0901
169.6389,41.5008,32.5425,32.8434
169.5947,41.0040,33.2011,32.6581
169.5509,40.7664,33.8366,32.7840
169.6462,40.8266,34.1528,32.9787
169.4362,41.7370,34.5892,33.1724
170.2371,41.3457,34.9503,33.1583
170.5923,41.4540,35.4842,33.1504
170.6967,41.6517,35.8448,33.1129
171.3071,41.7788,36.1541,33.2269
171.4846,42.2819,36.4168,33.4544
171.0538,41.9524,36.7250,33.5342
171.0849,42.0870,36.8939,33.7181
170.4036,42.9037,37.2858,33.7972
169.9064,43.7408,37.5986,33.6992
169.6683,43.6242,37.8986,33.5644
169.2573,43.9443,37.8771,33.9085
169.7924,43.8481,37.9272,34.0878
170.1124,43.7479,38.1025,34.1253
170.2584,43.1695,38.0744,34.3927
170.5091,43.2182,37.8150,34.6213
170.5472,43.2786,37.8077,34.7545
170.3229,45.2593,38.0305,34.4678
169.7784,45.8465,38.1998,34.2149
169.5171,45.8798,38.4458,33.8840
168.8138,46.1630,38.9601,33.6346
168.1863,47.1339,39.1449,33.4992
168.1149,47.1862,39.2408,33.3791
167.6042,46.9216,39.2205,33.3598
167.5166,46.6473,39.2803,33.1495
167.7501,46.7352,39.1739,33.1219
168.3027,46.7311,39.1208,32.8736
168.7695,46.0766,39.1029,32.5946
168.5200,46.2804,38.9092,32.4756
168.8253,45.9777,38.6996,32.1135
169.0543,45.4838,38.6391,31.9163
169.4038,45.3704,38.6719,31.6175
169.0631,45.8304,38.6656,31.3956
169.3920,45.5783,38.7475,31.1697
169.1214,44.7957,38.6377,31.1040
169.1169,44.7323,38.7136,31.1012
168.5292,44.6004,38.5941,31.0193
168.0856,44.4075,38.3361,30.9721
167.8934,44.5812,37.9046,30.9957
167.6777,44.1721,37.5290,31.0506
167.0615,44.9618,37.2928,31.0309
166.1525,45.2215,36.9219,31.0022
167.0185,45.5155,36.8775,31.1213
165.8622,44.5189,36.6880,31.2227
164.7706,44.7827,36.5363,31.3727
164.1772,45.3426,36.3534,31.4367
164.0675,45.3749,35.8409,31.4120
162.8673,46.3132,35.3155,31.6847
162.7115,47.1173,35.4465,31.6947
161.9603,48.1153,34.9551,31.8813
160.6501,49.2357,34.6299,32.0459
160.2903,50.4247,34.1593,32.0651
159.7591,51.4300,34.0635,31.9654
158.0705,52.2989,34.1170,31.7853
157.4303,51.3601,34.4218,31.7570
156.2043,52.7116,34.4845,31.8418
156.0083,52.2765,34.3920,31.6636
154.5405,53.7650,34.2258,31.7207
152.7180,54.4467,33.7773,31.7510
151.7129,54.8876,32.9866,31.9375
152.8031,56.2830,32.4551,31.7127
152.0170,55.9859,31.8815,31.2545
149.0922,55.3625,31.3126,30.6659
146.6510,55.9548,30.7438,30.5147
147.9455,57.0973,30.2500,29.9381
148.1463,58.5105,30.0025,29.4313
150.2712,59.8174,29.8861,28.8475
149.3309,60.2888,29.5578,28.1925
148.5554,60.5558,29.0266,27.6924
147.5643,60.1852,28.5458,27.2915
149.4319,60.2733,28.5628,26.7891
147.9206,60.0037,28.4091,26.4717
146.8551,59.9141,28.0139,26.2085
146.2517,60.2181,27.6306,25.9339
145.4832,60.1799,27.2584,25.6782
145.1443,60.2706,26.7435,25.4868
144.6029,60.7183,26.3028,25.2782
146.2099,60.5176,26.1589,24.9301
145.2182,60.7395,25.8911,24.6958
144.4381,60.3165,25.6409,24.5073
145.9256,60.5327,25.6071,24.1107
145.2216,61.0632,25.4598,23.8552
144.5352,62.9115,25.3343,23.5775
143.6015,63.1000,25.0054,23.3574
143.6604,63.9031,24.5821,23.3044
144.8854,66.3757,24.5210,23.1453
143.5303,68.8603,24.2862,23.0100
143.2630,70.6032,23.9295,22.9537
144.2372,70.9481,23.9332,22.7802
143.2680,73.0592,23.7114,22.7120
143.1777,74.0007,23.3684,22.7188
