384.5,268.5,11.0,13.0
383.77369408539033,267.8549425003695,10.948665405688757,13.284483528674002
384.2265854227508,268.3061697619694,11.015622189051893,13.167095729297637
383.2033876908193,268.0301166114286,10.945973370001745,13.039947736937457
383.9428272912864,268.0744401053708,11.011125193046688,13.052994282414085
384.5397323465546,268.20398252449866,11.26757715221246,12.89245306575799
384.0007316847465,268.2939888839203,11.329512043829443,12.746899349230748
385.19065850018035,268.3419018250999,11.204890270261602,12.721280809376916
386.61585867725233,268.20491166501995,11.126306885035383,12.651465204158077
387.399491708112,267.9087813343865,11.136315980290881,12.82856580549604
388.7144769004496,267.5279627403494,11.10900720526537,13.016782945810323
389.23931043634667,266.97781741368516,11.177523984713236,13.282441321650058
390.3672414506691,267.1541312881722,11.177677018400601,13.081635618121407
391.14298132253185,267.24078018794916,11.484706219186432,12.826653676216342
392.13642232242705,267.38987806296217,11.914982346227113,12.4484451949362
393.1240063221206,267.5520126978047,12.05700637679303,12.190147866007013
393.9180497773925,267.5668280111373,12.434193204156617,11.992286824951144
394.86480574518947,267.4202519079704,12.620843078484027,12.06719227330084
395.3586150533847,267.625268112244,12.750047777713934,12.171798288673411
396.8777912444828,267.43359320422684,12.408842288065339,12.702694142739201
396.3890490435902,266.9710862724417,12.568975169789077,12.971181261943833
396.5435685226377,266.84983925306466,12.619176385987497,13.125501277963728
397.712618870137,266.5414175222926,12.45693895698011,13.308581593107455
397.666320287086,265.6662206755719,12.515412404343538,13.38976056105443
398.052306523744,265.79183527755595,12.438968140237044,13.415947794950643
397.21664258403354,265.55674143505456,12.428503283604567,13.162315687682783
397.58145667934804,265.67654250956707,12.37537392329397,12.815250141572108
397.6328914245922,265.86629896969487,12.44426230967876,12.782648800686998
397.4728654279401,265.9306571171184,12.69680802691171,12.888919004791795
396.9749136492707,265.80454030888677,13.01942699400622,12.860019446358876
396.4326190747626,265.4530828828734,13.492105263410544,12.785882193912503
396.33021270706985,265.4108541355723,13.6459038175695,12.770562481736032
396.28544938144904,265.2945244970608,13.917526294483281,12.573455491221015
395.8156921905575,265.048585024501,14.332464965969734,12.369470116539386
395.2005117219166,265.01543716573684,14.103450164153937,12.361860902522379
395.07701775605494,265.14154292593315,14.107675917694664,12.23341419507604
394.9720253042966,265.24976439099976,14.076060218346136,12.14014388339162
394.3183129887718,265.27304771428356,14.05114055580131,11.966380731158257
393.1481761071503,264.64512330106555,14.138733302122443,12.049095945915141
392.7586925858343,264.53333061796945,13.47949104948159,12.035846279405858
393.31994735137107,264.2694637709072,12.951231303354415,11.956948396515521
393.28719118379223,264.42436392504345,12.58398944973607,11.776659772422205
392.3657914974392,265.0403769869632,12.342175976067654,11.69056072015404
392.38040352352783,265.04993776216185,12.06428922860172,11.682314300760357
391.93332624406844,265.38030950990304,12.030239608710419,11.75272393580926
392.10617212001233,264.8681392392471,12.17333175279202,11.511839185868979
391.5344935579351,265.02475233247077,12.209140997727417,11.397495161992694
391.31258636284383,264.4163135159212,12.090792094548295,11.314818566309121
391.48243644546056,264.7178876110748,11.777133042154976,11.321203149496666
391.31982856305666,264.5224796233687,11.741477968797517,11.365180829449091
390.9272956631348,264.4341161503896,11.81947073578523,11.207681554561052
391.33307278870456,264.33766296563107,11.797096107772738,11.168427743271042
390.7415552345613,265.25263845699516,11.801178045282828,10.994316561377591
390.5570114533933,265.3826362227717,11.690248333000806,10.982255848092354
390.7308950186491,265.2220479710726,11.436271167403433,11.055654561659374
390.8874049039539,264.70727721074564,11.42820887603233,11.127121572215705
390.2470590476618,264.8778546130759,11.53976024971886,11.255572332626372
389.92514686277417,264.5600199346322,11.323082912893927,11.434154291938437
390.0337773827938,264.49926638686145,11.323358441496326,11.247123218811165
389.49474185972804,264.491580761818,11.432963801783412,10.955047065228623
389.6256505593292,264.3573080383039,11.257240007145754,10.805504552967257
389.3574667634156,264.60674441053055,11.227394348812847,10.72817260527076
389.69473316229653,264.7814200247636,11.091751197581061,10.749668452982247
388.6442837262136,264.10808745632636,11.376868595633447,10.885782447164132
388.87609146648333,263.60036255281403,11.333897607004978,10.859727394264457
387.8718635721078,263.7862026625016,11.34609799795933,10.821849576908868
387.7602742024412,263.93568397895945,11.255993323643924,10.711159122166269
387.52577473085245,263.72348789289026,11.51423465363942,10.788070758797405
387.7833684616328,263.9069718202844,11.37335464571105,10.74656101338794
387.2692715280767,263.2363749001582,11.440483280069586,10.54567063656883
387.39261140070926,263.7965917882642,11.337950111328142,10.267759004674406
387.01614543829356,263.79995563844307,11.331037733028477,10.253492323978001
385.99866335363384,263.4920809684881,11.4178450686992,10.198961505368136
385.5998975695163,263.11286866582276,11.37264754528995,10.219535623466598
385.8944951715711,263.94042856306515,11.304599592309554,10.256532923975449
385.0194202793373,263.4312457324686,11.22993374586437,10.187298353997955
384.869781494093,262.9765862643608,11.080709461217978,10.044576355650829
385.15053427233823,263.8942694826983,10.898444894412554,10
384.6884507068306,263.7617238462947,10.734903433012928,10.054289745903134
384.33346831721514,263.58978482368934,10.830314939519733,10.032477738604516
384.043691991535,263.38716130843386,10.764290458178117,10
383.75152089465064,263.1693293391727,10.706094879291406,10
383.1805762043919,262.8581760479701,10.770623033727054,10.080161508991296
383.48422473410784,263.44542407237554,10.67244727308512,10.174961987089361
383.22349516199495,263.14722884847885,10.561051896036334,10.299419159421562
382.5117430799444,262.8864070723411,10.813208561243723,10.291055110912671
382.73866573963494,262.67698713596434,10.830255134772687,10.265805869000271
381.8306530213789,263.2137831656212,11.197240396800504,10.287159359651511
381.8395193930619,263.3792078720878,11.30296168776296,10.280788036527559
381.5231639423562,262.6848549357952,11.244146414629068,10.21514009975613
380.9373405177683,262.73230922606126,11.342850768458774,10.131910845408171
380.3740662761233,262.757470253524,11.39580110531019,10.09327525339167
380.340326236411,262.3995556813719,11.180788189472596,10.340132012766215
379.803444863072,262.3110297639032,11.3003593110324,10.264507450141561
379.8150578739374,263.2252954425723,11.267923858525064,10.182174508559537
378.65720749000707,263.28275443041485,11.658177877652232,10.099806729969128
377.90220577408854,262.865778114799,11.648605952052066,10.081280320578095
377.91564171649486,263.28328214091005,11.51761240456307,10.03208190447203
377.18741419341785,263.13423682708174,11.525909424975586,10.155229621457448
377.2307854916959,262.6477856085188,11.305679752852308,10.042949868641958
376.60889093166924,262.5530239835411,11.229902027011693,10.142173758143235
376.64272818954515,262.5087340932495,11.146952609385469,10.147698459743198
376.71478630766205,262.29564912901833,10.924718898238126,10.283969754248613
376.33376750345326,263.22632463276386,10.979354098532614,10
375.8947049136507,262.70796059797306,11.035430196812303,10.080075905122385
375.38354159378747,263.1390440123687,11.062437350874298,10.098702886221911
375.5978403545565,262.70333380726083,11.002371324668971,10.088090127168051
374.7168125945227,262.85009418117204,11.138372438570489,10.24616981174158
374.96136389011957,262.4917928586252,10.907259313567144,10.333616463373582
374.89870187691673,262.02788798192114,10.70601858095677,10.41015476626222
373.6919959916178,261.95784387977704,11.080359268485854,10.459977726304874
373.8160443966977,262.31272774169065,11.165441962005227,10.407780781801144
373.83238318414345,261.77015398876546,11.026615235192526,10.64874722686059
373.0634749316797,261.31330891088095,11.241607977226248,10.719878343036854
372.81117122766716,261.94519960990215,11.483873111062392,10.782201466745835
372.0586094082372,262.0853114760059,11.669710880323933,10.904672466489
372.10587167708076,261.44086651431644,11.790214390198468,10.911269070165822
371.1443766644682,262.01570647349894,12.176423223597654,10.67572305816535
370.8925982520099,261.5811365029221,12.114213237143442,10.948903633951083
371.16399965375894,261.37085867406773,12.009554104204362,10.861899157725862
369.9626108670252,261.77539785421936,12.021509267088238,10.79047643707094
370.32965103027783,261.46343824011154,11.96751561288913,10.62299880897869
369.67758233828,261.6444508589885,11.85680013929499,10.706952987595162
368.71533714982627,261.6131874913434,11.966256126706618,10.825525527058034
369.1033751037846,261.3460590639891,11.804008043382579,10.830096109622282
368.46335914765103,261.3645631422769,11.90190794995815,10.879350231305555
368.3744851989357,261.87727965640426,11.898684135514822,10.822190306287984
368.00072792224256,261.5556421998573,11.837929903424477,10.807123692396745
367.67802075405245,261.4944023497562,11.78921638211958,11.003043251452802
367.8045844997039,261.76089310118454,11.544193730178922,11.024752705665476
366.58433760773045,261.6934280708992,11.779129690944632,11.0877580276502
366.86498789390066,261.3603328913655,11.683820675248683,11.097633596468716
366.8979856975681,261.91448771154313,11.699962481236689,11.029039365392382
366.4835782937456,261.3288836200826,11.83936618515622,10.92970373460796
365.53796907085217,261.5602460296841,11.9088878726728,10.914318122338951
365.1001253788904,261.00717930457995,11.890031728039446,10.902089980254491
364.68990188855827,261.3119932441802,11.892341539819505,10.8271002078769
364.7943105940719,261.8147695471583,11.914897483584895,10.730375562411997
363.6771621525062,261.74605019216193,12.176886923097495,10.87486179195808
363.70878101074265,261.3798075050805,12.075912086681644,10.91511473613972
363.83866032993694,261.8571584977372,11.994581219026966,10.89127750216527
363.83900409898695,261.3537430163294,11.922712577339755,11.011305255199254
363.32454443215056,261.8398446200921,12.044265635225223,11.138891905538173
362.7134191782803,262.0426782348244,12.273884409548295,11.145786837757651
361.202942056122,261.2507058181884,12.332196937861362,11.46531271141204
360.9224677678277,261.9593643991853,12.136694086513396,11.433560472704713
360.83143508220206,261.3114307492293,11.984584794936271,11.400617080783125
360.281653112781,261.76736561895837,12.057416765852363,11.163575632264356
360.21624708209174,262.4177845240299,12.264357168488441,10.866111325806262
359.8290981993916,262.3110596073954,12.049546550233245,11.056343481005245
359.5842115175779,262.29146720924695,12.08229221033691,11.168722833240366
358.8606891877141,261.683289737907,12.2200768593452,11.261797608340657
358.59951711943273,262.337289721636,12.256537283139473,11.07035905369391
358.03387794737716,262.1902681919056,12.247602495345975,10.940857885077762
357.40032997765525,261.9830256467634,12.106620121915967,10.910327336295516
357.08443865114447,262.4381743401325,12.168197503693474,10.7225675267096
356.80213202598463,262.8584209888084,12.167839485836124,10.599508337614981
356.85382293339364,262.4773592008847,12.125194722087805,10.517691655436389
355.9068531347381,262.26669988912596,12.129431403253484,10.57730896927282
355.7907513844972,262.56646633407166,11.769662612265869,10.545711546147755
354.95833101905805,262.7009161602108,11.79171719793389,10.334300014961908
355.3603508579704,263.2983196055232,11.671269899202397,10.12392510637744
354.20703885331403,262.76110242682984,11.734843810095914,10.284977231574969
353.2188267806762,263.360211607785,12.014472849437432,10.465614574925837
353.2147867787465,262.66971393497795,11.67581007428036,10.814460248031736
352.51378498287767,263.1295225209286,11.746399800928536,10.605910156628124
352.61194376816826,263.5968138933178,11.716319674032924,10.385590135772528
352.2356917150643,263.5062011922897,11.660260249795634,10.59966650368624
351.6279655177322,263.131040550826,11.872784149052784,10.69544510205855
350.67289310324634,263.70675672210956,12.213337932644844,10.699447725578803
350.77716832484447,262.96260437508175,12.068783521328957,10.58464806668342
350.42320487799475,263.49367130776136,12.06727519049531,10.568839408080802
350.5257929182237,263.04897448324033,11.81311757385771,10.551926253896347
349.87450354577453,263.7174661238894,11.842049010406456,10.467234294352643
349.13333934266757,263.3166692448164,12.0026289215184,10.594958561875185
348.65434979137837,262.9353098657364,12.07157047460113,10.659772494824612
348.5575934029842,263.1192849082486,12.074500275644299,10.523145204952934
347.7255143176755,263.76370916754405,12.210418480822849,10.602663643072754
347.56785498544906,263.1231305606941,12.165175476402872,10.50645574446797
346.8267552006558,263.86472172931286,12.45243936655364,10.424290357837737
345.7282996778891,263.2520685012694,12.316777713493915,10.79337668777267
345.97422514060577,263.6289196314343,12.036763439028125,10.832417156629843
345.9872740286298,263.40347882756396,11.967841342484892,10.731842312954573
345.47789995137356,263.9797838297495,11.744853680995575,10.724766823964249
344.929163203635,264.1330879895865,11.882120548626807,10.740122231764527
343.90280243076177,263.2956723885473,12.037597760152458,10.97767838177231
344.1036839980326,263.9746002859356,12.007844051966206,10.893183673841142
342.7059949674619,263.7641149491961,12.09040349051854,11.061291446824566
342.63891290466836,263.4463905731216,11.64882096064138,11.157943178061394
341.87377150136695,263.86705712539435,11.607793008653562,11.092510675856621
341.4223579751972,264.22933297416574,11.716258112025995,10.888074890274423
341.3502202189102,264.0966203557325,11.769743337939854,10.787681388203474
340.7620847833742,264.81855695871883,11.967893583992806,10.886207350245348
339.78259527709145,264.4982142561197,12.059162125404955,11.257664922887843
339.0203411888451,264.64572628637615,12.205642981989481,11.156769733339086
338.609612612308,264.9192690788288,12.232028413986779,11.374974051120834
338.2010030965536,264.35351936543736,12.222263695629081,11.684078153196639
337.44844390364227,264.499973802595,12.253981965485014,11.58251780178299
336.83181643910353,264.571360007399,12.401473440125208,11.555476765604208
335.7203255298342,264.7659495114553,12.437389180477807,11.870841050014048
335.2536680643069,264.78336026825053,12.810219582990893,11.532386233973403
334.87544741297893,264.71345844095833,13.005539004638598,11.368211326202776
334.6213094281613,265.61602709356947,12.991636681999491,11.845832972167564
333.92698120220587,264.9335584418873,12.754515770133128,12.253936018882932
333.10324130429666,264.7445747986131,12.629885103762874,12.634054088048154
332.9608148771426,265.16618248427613,12.689495730755088,12.226482032037325
332.2933539239731,264.9694563018158,12.788846133454847,12.137430595373763
332.01176015212616,264.8508061683408,12.747390511083541,12.328834741954282
331.3217218617158,265.3355963670998,12.787203844414364,12.254431291553203
331.0427858246663,265.52447398409606,12.71508814223383,12.167920147164056
330.01218350558486,266.0410968119319,12.939316848275485,11.922738673297086
329.80022340608343,265.7077672611542,12.914763265931,11.736555503524528
329.0757395364194,265.85670833818455,12.784066536493775,11.656273724877643
328.8083578348934,265.88960461420794,12.452008590878705,11.644191428602738
327.50775181088954,266.4097704426374,12.42328561271755,11.86161254788981
327.00874577931654,266.81702969815075,12.53444702078472,11.99415378742005
327.24951308356776,266.43033446582064,12.556990442868443,12.152296466035153
326.41382021034184,266.771744250354,12.386403361408906,12.376863259521093
326.0334985957491,267.22060930168067,12.275623167304191,12.488156227203135
324.8227491666623,266.7799692540034,12.229939150798302,12.607783614504111
324.8217578204115,266.8040309216829,12.311139575252433,12.416243591298926
324.87064557885316,266.786097980019,12.32438840829708,12.27379919954884
323.8626263191879,267.46280919614196,12.496952658714369,12.173039187575743
322.63051799979627,267.30225618540595,12.732524926464897,12.126804674122305
322.7247797036848,267.73829797950845,12.961258261403573,11.812371532809149
320.7982135821786,267.8598900507249,13.137421691473527,12.046415644455983
321.0022478353785,267.7824996335749,12.703560414985965,12.128740036936364
320.4344183900093,268.37896425225176,12.627790544242227,12.009002919181063
319.234101862632,268.57669197105093,12.770860961667708,11.998009689138488
319.51878674387797,268.19492691468344,12.602325521151464,11.952439054765044
318.3931993545893,268.78338365853824,12.3466188242802,12.032145020485537
317.9267504120446,268.467108526465,12.150143039745172,12.114713094499916
317.7114810710317,268.00962441051456,12.278922866189742,12.016429902565044
316.8602534273746,269.0059485733409,12.479368761719375,11.983104506294733
315.6514615763839,268.97533467756534,12.687912060334586,11.961936915620338
315.17809046778297,269.09066751710475,12.644381874773144,12.029840230348345
315.1323106800089,268.8032049201036,12.53177336903761,12.008270809272577
314.82340896596736,268.903594491906,12.925365178816518,11.93664335269387
313.7777358777956,269.5033622151532,13.095879198025091,12.018284115649305
312.4193059050887,269.448328827324,13.06121850974129,12.132846763492259
311.66857729274756,269.10336659634123,13.065992732905293,12.020230505948742
311.246383894951,269.20318002451654,12.990373253321447,11.964061270934083
311.81504972846585,269.81840438299497,12.78825276793242,11.95442177524494
310.732429741222,270.50437290136097,12.879956823230604,11.826976315661394
309.93720001147864,270.5124588285274,12.981592392031327,11.614630897728915
309.68437356704715,271.0695412790177,12.878419001254077,11.530509002691595
309.3841523090056,270.6148528598695,12.787211841968027,11.503103123283225
308.3113611115373,271.2036890582524,12.973883294826894,11.62912020634531
307.4387516381737,270.9440161559455,13.097916819610436,11.780288775832561
306.9037937781253,271.67556401916426,13.186380849510165,11.834455150568512
306.56974331273585,271.3469318171645,13.309598231075727,11.93806577792234
306.11703447777114,271.7837582872013,13.59780771819338,11.677284663543823
304.93008675581973,271.2234600475591,13.65839373102018,12.11616142246448
304.39861486505487,271.57607588098057,13.652533248481319,12.437242822104212
302.93086565236376,271.6873400432851,13.653287077382151,12.849912792611539
302.2848574784948,271.5174676985189,13.696290358828296,13.01689604186687
302.1189007877175,271.2817749235958,13.537021174693734,13.104538394987273
301.7460604166066,271.46568435702056,13.713481016380033,12.89557246297504
300.7872108124845,271.4648913182966,13.714909968581804,13.01013767683027
299.8727017435427,272.68313042075744,13.75637217346674,12.928038887420671
299.6931316502469,272.2324103443966,13.59602521749534,12.980914594169947
299.5100746543236,272.16791093984835,13.681752433609994,12.714517230266075
298.4917370130163,272.51982869985335,13.593089638679482,12.80015023709635
297.1990321265332,272.5709751420388,13.689595650735544,12.994305285445664
295.9566083231577,272.4967775914664,13.745313418543148,12.853339297122332
295.7916892185773,272.92924565672024,13.659345870658118,12.747298027359182
295.1034621796102,273.67947934602745,13.687998501677697,13.106898969972821
294.65818073169095,273.0588862661349,13.414321037256183,13.564928079148363
293.52246121375606,273.7216410716234,13.753568581998918,13.400335631066474
292.7343321704162,274.1383580928991,13.963158444343843,13.065538966730838
292.42554735540824,273.9984884003172,13.993443747806502,12.908456593147605
291.3169831546683,273.95743301816566,14.029291536340839,13.11586019507044
290.13357560495956,274.0538550230527,14.45059338731469,13.07669907285063
289.4361490508674,274.05292930801477,14.590620068992987,13.301891327172799
288.23636427559626,274.5976029280729,14.643647022718234,13.493688586835361
287.756670675246,274.41391903629983,14.527868951659642,13.696747628692705
287.7500775780643,274.58765354625956,14.425477686687776,13.56834241232681
287.022588214949,275.0798358116845,14.48500594008664,13.436783615157609
285.4522551692696,275.35577676548206,14.561943698925944,13.300381963643225
284.7168879541603,275.0336486341969,14.523800136514481,13.312948618116481
284.75628008866727,275.7931728914029,14.453684178440852,12.99969086183744
284.0938651764614,275.858039261297,14.39290747552407,13.139410366092562
283.3886085770568,276.0857319289634,14.407008897790625,13.07407407107726
281.8648023660221,275.447661652143,14.3721826125084,13.375138962582058
280.5704873514118,275.6302985227268,14.523695541966987,13.357334342632196
281.09034524082716,275.8178002395332,14.415999116049147,13.20600395465448
280.09038588665794,276.7649320441505,14.387638043046135,13.05072826808835
279.0040425865446,276.814658621144,14.44388029398381,13.127977121752675
278.33630911006617,276.9554939492133,14.427149003799538,13.137148074853686
277.038259883553,276.4456708303643,14.348757720268836,13.115538361623953
277.3962855064869,277.0948204996723,14.17069430265575,12.74770156220396
276.73492139506254,277.44265627462295,14.350588458159832,12.603339001827553
275.7265409733103,277.77617336711495,14.400797520963543,12.849208423735103
274.63603253854154,277.8727094850535,14.3697174609509,13.025364312476594
273.61428651415196,278.4782426754962,14.378445458292678,12.746282952228707
273.5864529693143,278.6108210927807,14.34948611918514,12.607639196468476
272.87488042454834,278.82272738627097,14.723104874908142,12.72860000931781
271.93826296036286,278.9928617682086,14.699737291873145,12.758365522881622
270.8441450764625,279.0484156448645,14.476227034588394,12.761131415233052
269.63739132844916,279.1569742990883,14.286698603796287,13.003781478201642
269.1337810537707,278.5232388465716,14.15253061765359,13.102482069972112
268.5836081502543,279.41344563831353,14.310063326255785,13.082267914092839
267.2898158685617,279.4850723462571,14.62783077576468,13.28777739784303
266.25547950836267,279.57075037326905,14.819324350349644,13.343434082404531
265.02810440135,280.2651168127408,14.953207741178614,13.378583926315596
264.3927804615123,279.95401012103014,14.97965860986,13.541215487580093
263.98382509870856,280.1133775260911,14.830950737960045,13.646165900322325
263.3556604900178,280.360822855012,14.668682137920609,13.521594519528692
262.16243414538263,280.5697829770392,14.550190979534669,13.517220807866732
261.01052876481253,280.7034171189041,14.740715483884749,13.926252811383641
260.87042741036976,281.0694126131597,14.756730677988315,14.014857504539657
260.0677753601467,280.78348631647503,15.007766823608076,13.957850458741238
259.156267631659,281.2370115063961,14.896154151578124,14.164591783077114
257.92203664009315,281.5893977448658,15.140797594136687,14.029627431633514
257.23257849500874,281.750781498041,15.283108240079343,13.88803918053015
256.56858252816227,281.87657615932,15.35324142056804,13.820377885721328
255.8597627222956,282.3405970743102,15.346150135351511,13.689540252193954
254.8005884424065,282.31793490332814,15.251594480270725,13.746106532145616
253.62811249162272,282.8525548523957,14.75564166916131,13.880605204223848
252.54329478601625,283.2283464718914,15.073853459196592,13.945040248599529
251.74147043359912,283.17107864135886,15.16083253302649,14.028115181168301
251.14935237247957,283.789728877792,15.105542383445538,13.809195827076488
250.15980289651304,284.0032173202242,15.178158042798952,13.643349066542582
249.09078568952432,284.7228129806248,15.103441068226548,13.526230490110954
247.55921376405132,285.15882123741807,15.513810585218746,13.539989900253264
247.1990180970988,285.3065422210685,15.649693857714805,13.453429892271568
246.0954117324929,284.6032419046464,15.311574870389101,13.809038870719789
245.6887513502498,285.14159520456406,15.0626195099211,13.750367325091258
244.2083299435228,284.9278068161856,15.11030176085976,13.75447551206554
243.34885886610013,286.1006888301405,14.989799278406583,13.452867797098186
243.05954215057315,285.82072441391085,14.929442247634185,13.268167782912052
241.8109985339865,286.8151934530084,15.10792405783389,13.29831844983412
240.71860684646103,287.31629708331735,15.14129852213347,13.30105527529108
240.0249536569014,286.9645032922734,15.495908534942625,13.359085573023865
239.33865174925,287.38118985018053,15.30205245606512,13.495522466212234
239.2373719712255,286.9063989047851,15.207117928471114,13.535687264203002
238.17962955959587,287.45131399727177,14.51420951175546,13.814633162222211
237.17379881626616,288.1263113067776,14.57343765071283,13.668557477078885
235.88545688136864,288.04404539362525,14.878581593978911,13.706390958437773
234.64611311915561,288.2972196547571,15.219757149792315,13.734753797105498
233.83900448808518,288.10133105255585,15.38642888352134,13.800382878958883
232.4134081981707,288.6757056429685,15.39699665408509,14.091552216199961
231.38409165775278,289.0918698080911,15.424828438686855,14.330428786696412
230.43941733212108,289.4729066594657,15.471364194175418,14.21141421843053
229.29367449758573,289.7666198035064,15.42116909809415,14.209961967996389
229.2150941115216,289.5639259487077,15.230231294153494,14.304401842148357
228.03222539258317,289.8497780266827,15.332498797566853,14.250774106028647
226.78935538690453,290.31798906400974,15.379021003061698,14.467270727778143
225.8346086525274,290.8728913195307,15.595127321051521,14.216660376243894
224.45304647433352,291.5777216844412,15.786789761469418,14.212507926223356
223.8855915086974,291.60819796375614,15.851976921097098,14.135022426803438
223.52549661693624,291.5714552825071,15.846814655745511,14.086071452128484
222.42688976365056,292.00647154661954,15.82245191006158,14.1580556446754
221.39388682243654,291.9595919084279,15.752203005044583,14.039527241744075
220.32381006615307,292.8841406329603,15.57849514752485,14.036478147781857
219.92852551112958,292.555568119422,15.532847927043576,14.128606607151406
218.98726625466156,292.96056834176517,15.785512237709117,13.864372516072159
217.6725315729809,293.6600743982342,15.592327353786533,14.021257400585895
216.41667814495293,293.277681352781,15.376446509952295,14.155634012351143
215.2216288235672,294.22932335674267,15.185664749205129,14.362470062487432
214.49521773237504,294.4780379232625,15.043273041513736,14.431908459793721
213.888301937242,294.119895114774,15.247232791302812,14.354520025009027
212.79519820760632,294.9260314065973,15.21171478670696,14.401828744958976
211.60831961298896,295.28256944095114,15.471474993367195,14.34269764542855
210.34879188836572,295.48532705310123,15.686680268663508,14.675036305825351
210.19919120189775,295.45259783437507,15.65078140804463,14.755396409248362
208.51526005315773,296.0560076965284,16.308284847416118,14.667930694569876
207.63675819227242,296.31236619967314,16.26134004757269,14.820701573755592
206.89704166187855,296.7981998731991,16.150900152084468,14.824240005779274
205.83369523537314,296.64951159171903,15.883491623793406,15.090280365521966
205.40808090979235,296.5886291290283,15.657848879843907,15.263660238520519
204.36058244473605,296.9701574631047,15.818550036450322,14.943528159286327
202.82563710967563,297.51240399470163,15.866591312726623,15.043576440735148
202.13437198502007,297.81267389488454,16.293234363589537,14.793303901636003
200.55944677407047,298.48013423433366,16.568519660977028,14.802560230412947
199.76080790313682,298.9137723251716,16.52884261845097,14.766018540085332
199.2309852560295,299.80383084823615,16.35776381636743,14.653417844702421
197.96161936384033,299.1323304784163,16.024232646033873,14.939975250716316
197.38195564647398,300.11516143992645,16.17013043904293,14.720313498403698
196.09495098993256,300.3630443003933,16.14495833847525,14.802635882194895
195.4114782047555,300.83087905092185,16.205008652786887,14.755184366767853
194.39677396646002,301.1484829200493,16.2465856560273,14.673198390693281
193.52853060351907,301.91309198204306,16.195487838681064,14.618705513135216
192.61180216777288,302.0414842589671,16.212806919493495,14.545668474369432
191.39494358177976,302.62568687132045,16.11356701445341,14.706687154081663
190.66929712961328,303.29662860131384,15.993367604447664,14.773363850917125
189.69892604864324,303.2639654795759,15.973595101737788,14.971523470919845
189.0297934688906,303.848087833556,16.286036787312693,14.973650176190556
187.44292708781674,303.9880339801857,16.3299039030981,15.221180966713266
186.05649349422816,303.60853708189074,16.659863041645508,15.214558405976739
185.57783798416014,303.8571310636555,16.937878819948814,15.144526652392885
184.17287417164465,304.2010994355604,16.428079262591517,15.56689891336667
182.92441188106767,305.2029298489466,16.497793274363765,15.36126131047125
182.01078060003016,305.8655919033633,16.666684864759084,15.261278283257175
181.0220324974277,305.6630211634237,16.527228650683,15.442750681210015
180.24933760156256,305.47848389198606,16.22524173819728,15.556919642611028
179.51191665357626,305.567197106405,16.569948097976027,15.528413809419053
178.16960739549677,306.4230824124232,16.666946355803695,15.401817161883068
176.87413222832353,306.50740644140836,16.846754340906998,15.369006807855957
176.0730072797726,307.3865362500749,17.0219684294456,15.220065685319629
175.17635317564884,307.24082662697515,17.13976229729246,15.30995191197643
174.18976343234155,308.00606475195127,17.423108858110517,15.09578642538321
173.12145720584263,308.0622808053445,17.39234360076596,15.090046476282497
171.68352878009685,308.5366611050774,17.520177419115456,15.109996656960462
170.48427923253504,309.46173285329115,17.547847647280427,15.320184266718876
169.5448784492452,309.1518045626606,17.573923231194087,15.435596308433144
168.43904426609413,310.1569774329815,17.69174670690176,15.81601528107866
166.8841765618805,310.8478844697978,17.277882013858047,15.888976540850539
165.39625925710794,310.89398540599234,17.218525087453486,15.813430307275464
164.01877945238274,311.7987604820171,17.41172260240618,15.808371794363232
163.47710997723536,311.4608194792852,17.316788232502923,15.75846747151122
162.65048007583368,311.7407734233829,17.388308252019186,15.692940355429641
161.01321200134853,312.3974826969089,17.44252012311169,15.689683398953775
159.7230613881866,313.3449940563809,17.43581048899243,15.77166341991613
158.82258703381902,313.4536852228142,17.677453887478308,15.744551868566486
157.9505077005871,313.5302841473483,17.856070213663465,15.783554337477243
157.41350987477742,313.8571223280505,17.73042284942136,15.675081184996252
156.26195209809978,314.1543151462429,17.613426746587656,15.59875885541983
154.7611153986017,314.8340310730766,17.601168394332593,15.588348317327084
152.94232973025794,315.0042358596554,17.67437982768456,15.630448124748447
152.0312752965474,315.32980959209857,17.60579073902047,15.59601323005256
151.1027635837241,316.44087015446695,17.551606607942443,15.65722302267425
149.84928021075078,317.1616167603489,17.526038516166345,15.556451537327817
148.32502916743027,317.61786065002974,17.602487790231045,15.976949039910487
146.7594841561504,317.5065591667945,17.668941820740645,16.118445000903947
146.13428020684125,318.0708155577179,17.7362140906587,16.06686369565027
144.35177874118594,318.0890877531893,17.687157812145713,16.124976889732206
143.0363802939244,318.6334442627612,17.782459902286444,16.012807833543903
141.81875396372234,319.4860893334716,17.831929128776366,16.078960939918115
140.64131600097053,319.81860119514596,17.84965161952659,16.159466391374146
139.958097538006,320.35458160070425,17.942708385123897,16.19866359360145
138.85527291679614,320.7137461158479,18.083962199839817,16.15979133373409
137.02840371060353,320.56560023202724,18.24358907429167,16.49299425740395
135.31409219270387,321.30380648866793,18.197126613188487,16.568586200642745
133.84433584011444,321.515894359236,18.51897951116219,16.506598798740008
132.84115713456498,321.7720255670939,18.511156977269017,16.582492189088725
131.38896933984842,321.79926299416604,18.57896921793202,16.47368864745541
130.27316761717273,322.3170400942818,18.460491696333893,16.50198592293955
128.69735083402747,323.4305189064295,18.397215470678,16.774947474745936
126.98787169241021,323.7779081384357,18.410713396246543,17.158944416617302
126.54051830405672,324.328426539989,18.40468676164143,17.27455511927087
125.48078991173955,325.06297960031816,18.756334989719043,17.070861686867886
123.91665630006763,325.37943753587473,18.541833067097325,17.019467565251176
122.55890322491908,325.9110704041681,18.627641179293217,17.06249038094866
121.20350477170844,326.54434556337543,18.806192211309597,16.83918561650428
120.352894990058,327.22768763624856,18.909100707982965,16.66611893386993
118.39269196058859,326.739910466894,18.63002766383341,17.20440078350811
116.98061425241102,327.4183065830794,18.624423482410247,17.213208779446973
114.98172324827853,327.33128409889054,18.679415459242108,17.581106679085757
113.76961292980516,328.637222162564,18.823266099164307,17.242188115139115
112.6873518597897,328.63281861824623,19.032046118452428,17.141297511678488
111.80448715503985,329.1291835013727,19.131718060491483,17.175627181269824
110.43662626529782,329.5365846338698,19.30419382824154,17.115404698761765
108.83115010550134,330.23268101142384,19.44892729483768,17.13457328036171
106.94707232212042,330.7744468850632,19.31658852451761,17.47106568965337
105.98580013610899,331.05533158490687,19.19956924068719,17.59195430664777
104.38651359523078,331.59368000476843,19.108047946833274,17.741594422948715
102.76248506954279,332.3287148585989,18.956496147730114,17.701567101342746
101.20526892852133,332.859370713253,19.291148518731784,17.320638418634573
99.27661732659152,333.00327614359657,19.77323857638168,17.677005352403825
98.43295634423791,333.37006359247636,19.98253438943179,17.813576729210887
96.91442636560699,334.10861279500216,20.20831218879571,17.758581371530234
95.04296177519157,335.08971689845964,20.3480077938056,17.64943186040837
91.7342733540314,335.8461466371234,20.10823646565475,17.551692269479183
90.66128331243621,335.99519536688734,19.83879172508415,17.659974390449083
89.75434400764513,335.61440441715484,19.55080480465227,17.742736395123387
88.26657265769356,336.9041528433664,19.577900277077376,17.588487927176025
86.72447046333036,337.00848023162916,19.545496522951012,17.319280087943277
84.99912916148367,338.12414722599357,19.660831951046244,17.38172213452335
83.406648997017,338.66662076116836,19.8930868966788,17.813214144412058
82.46599146392066,338.6683635988702,20.04178220045082,17.877632173949646
80.78390336806035,339.4749774149804,20.167137362508363,17.678847915409406
79.02434796669488,339.70869941135055,20.09973297702214,17.925674454800237
76.84687719510677,340.41051727802085,20.369014062587254,18.263155125993134
74.8313844741729,340.9549737030189,20.555078630813036,18.52152552012999
73.82491106766003,340.75377755202703,20.458762500570966,18.58154564308228
71.97852715171038,341.4736684666353,20.90175635328326,18.36001253880334
70.43835959612403,342.3366331573272,21.018979348595977,18.351337557672736
68.08754367952709,342.7197620373138,21.21177109771392,18.34151388068451
65.74477461633086,343.50883526091843,21.691852490402773,18.513135332988497
64.40999768711448,343.7081072280174,21.650409482609327,18.48238457138835
63.06349107038412,344.5723934863099,21.58038241188609,18.45700285833113
60.91977431268376,344.8270603506895,21.628775552530954,18.782019357881605
58.761294559111406,345.499686892256,21.787482343611202,18.899882562933747
56.92164480589439,346.39105377259125,21.694402213280704,19.153676435930244
55.79599744930594,346.6390918313405,21.507391310078816,19.128870402812794
53.35910930850791,346.5728775493683,21.605014504058907,19.324084584764464
51.669202953011634,347.41650654963297,21.679128581857498,19.31096000422567
49.346980814700466,347.90306724788263,21.95093034138999,19.505335884986124
47.42912715036399,348.5724277924379,22.031752711795733,19.99861433620456
46.27085518132078,348.9372883700577,21.907580621668636,20.0713031874882
44.93721482638368,349.79368592514965,21.823838992675668,19.791781035106094
43.08295457789778,350.4326855265821,21.991434463707527,19.56356577732482
39.5279766034862,351.3975679477226,22.274879029474036,19.330667566551647
37.4414857512795,351.63555773330614,22.184457318207507,19.43712241120177
36.428410746468984,351.65965632965435,21.835902966866623,19.309330889505848
35.43521808700757,352.84854702621703,22.025691043434115,19.359631724087375
33.430268420836185,352.70618434131734,21.99172326457083,19.937873848990897
29.44380421278322,353.9804138784064,22.10163364478808,19.937768446840273
28.902327026790818,354.5600414929987,21.915335239673276,19.830863023487563
27.783054025920144,354.6940203916566,21.920298744771557,19.870670590818783
24.39513604037615,355.9010740987877,22.063457160775314,19.525648297711363
22.820034748333327,356.08561222285897,22.213527660968136,19.887322669933972
18.950258661255184,356.75264972762307,22.35602249259513,20.013730734593985
18.67517125654482,356.57651241691184,22.250801555784776,19.938089484873142
16.794574030902332,356.9902664889685,22.411019778355765,19.887022259205427
13.544441107381036,358.5159215909123,22.363774047792155,19.812489847294756
11.520531302177002,359.40365037884504,22.676427108517608,19.793319130941548
9.08761738736487,359.48555588446675,23.1279559269114,19.97199301111278
8.379058872861155,359.2830014043263,23.15979604227595,20.039232625251863
5.5749369007398215,360.76786923672273,22.778126522926087,20.126406283197653
3.866643725978843,361.28128225086635,22.853847498836593,20.71357234990399
2.042075381054218,361.34726027944726,22.598772429118583,20.889936457422678
0.6535796955441526,362.1980438926372,22.29897227525163,21.130740361032444
-0.3966464370135654,362.3200255402929,22.143987643089233,21.13649220022255
-0.9660647106622982,363.0664322138711,21.346208365687296,21.09565586760762
-1.0597945164522145,364.6657120263202,20.393003876620156,20.751113977237104
-1.9751722570157302,366.0723517263591,19.221332018193355,21.038858728007703
-2.680697794880171,367.45633419643383,18.683430538265803,21.502862667557906
-2.7762518271546384,368.4872258058948,18.18807947872645,21.69708783524792
-1.453107789078219,372.7629424124624,15.814186953778293,25.3993806276669
-0.4486985869304778,376.46670762896,14.51322532381295,28.117801961639422
-0.4795201935671569,377.0505027630828,13.35727522482282,30.374214817630854
-0.6870862472201029,376.6653741673518,12.738871970838733,31.25927305832541
-0.3794729691397656,376.3088942978805,11.862792183724842,31.920100015673064
-0.5365041316125314,377.1656234365386,11.882535236629053,32.147710268439496
-0.45608933191090273,381.80510027422736,12.341540715942074,31.58725005467096
-0.1543449201689837,383.80618080153727,12.606831074892318,31.467966588323147
0.1316826128453794,386.598370046404,12.924171603460454,31.238065027300696
0.2977203102881081,387.04676547917376,13.31318044567369,30.93450279993326
0.2700489498374399,402.9653299569366,13.86152188579042,29.915677906297265
-1.4570173713417587,407.47188976411235,13.006753218181776,30.640677417312006
-0.9282244428704152,407.44277188725886,13.015492429712905,30.428971930469846
-0.33806628516721293,409.86676427829775,13.075339440569929,30.378852539169703
0.1073396872834973,409.7851160002749,13.190011003778555,30.301091013826817
0.4526924752209647,412.1106892456657,13.244540394181696,30.270636776158117
0.4793840086756882,411.6972569494848,13.39546035347159,30.23876920461374
0.48500884107225684,413.4252033427613,13.4922018103878,30.20936624807796
0.29486414699064856,413.1980461238472,13.55528654433425,30.295466525702135
0.10843439665571353,412.96308849572074,13.617692063843002,30.38643380870373
19.94841458580742,381.99213792144565,13.440726222893105,30.28030791867966
26.78237397594237,378.4776638420696,13.84659227080924,29.737468243264306
26.79554296944991,378.8405659008459,13.57929513121485,30.216998908312142
24.85165331111883,379.87384439552847,13.951840931183892,30.495312486268705
23.84682783611735,379.48161055669976,13.802404938514133,30.94546215192706
20.492492667036068,381.24181165080876,13.746512669865172,30.91959231043454
17.17343651625864,382.8485777146474,13.87384368327305,30.80239630908479
13.75280020748887,383.38709211751745,13.95304802917563,31.019489484011693
10.36214045337359,384.6408031972753,13.8582026242287,31.516124255038
10.69451700529854,385.3350445872403,13.522984349041671,32.00636342754638
8.567195280896666,386.00651323009816,14.497867913964804,31.646964054199408
4.354889181390484,386.8878986793372,14.889276987977167,31.726559612706872
2.494550506804414,388.7197569559795,15.228172520666764,31.852088903309554
