102.5,442.5,70.0,26.0
111.610279791057,438.5892541564852,69.79349376261257,27.443385092943913
122.29565736059833,437.8074156660725,71.046081137568,26.927428122582263
128.20044770448277,429.93647947103403,73.18326062741141,27.835339979517066
132.78595247846545,424.7842466134025,76.9541713599026,24.998989959916784
139.01897870371806,417.8330536025113,79.00565316537885,25.315789433847556
154.4637118332686,409.9474139151381,79.45106773513517,27.24704004577662
165.38150586829371,399.9840013007613,79.43626328019725,28.227000192743105
166.86718508043262,378.71904285602005,79.86266477031764,28.899911009227605
205.1224566870995,366.693270904677,76.43093320249173,33.8050639969968
228.73475363487142,363.6605833685385,76.59019321930131,35.00273658514289
241.13747205147826,353.5633259377428,78.04083510618048,35.69869340230075
255.5252342769183,349.7194290655608,82.97230757302495,30.50043120031451
268.5914948430153,341.9133887914751,85.62927046487877,28.255580062084633
284.4548124916929,328.3978196408396,88.10814435331463,28.184846872877113
299.1025257101639,319.01702721121785,85.80452776134338,30.444860076847142
287.959525773325,311.99457532154156,82.32672224561682,33.397431016233874
295.39108097572216,291.94618367658364,89.78790688476784,30.360795269284452
302.99145821818604,276.63918698531046,94.28737632256951,29.07172010935035
335.9892039880925,274.77249234465705,91.91403138920187,32.18685735170152
389.76950683030657,284.2568632188783,94.73441477948082,31.365912234118344
416.29693084514247,283.613181590688,93.03862131523869,31.249142647481413
436.8350014448481,275.1491912031424,90.6409469127025,33.05422055239444
452.7142582301908,269.9331900670587,92.60951845554243,31.35534532974974
471.28409013192163,263.9659366377235,92.23082190671943,31.438556717228888
479.23719138326237,258.064185660766,91.97761069889889,31.304103768494873
477.4853398061643,250.1142244308473,95.38729979706811,30.935410505676057
471.4382308315526,236.19294361178646,101.01526160462888,27.342381399779107
471.014590274947,227.79839983601875,103.01550540247138,28.263360201924915
480.417739193039,230.35107460240556,107.66767695715657,27.85625619451136
484.1203367563001,247.5752534179501,112.48594965747756,26.56944336322698
499.22102419934134,271.531558126665,107.74049022244495,32.103226005123354
536.8270151576651,277.51622689628255,94.66358292127603,47.58756468964311
575.2086816100822,260.89283803365083,81.57260948299447,62.872859413197595
595.6009135335371,234.3539570316259,74.67594013071353,67.5901592285268
613.367761199047,202.8019478337887,84.48748634632473,55.88143348357619
630.0566484504916,193.3993069752973,99.76060600847443,42.8501063138402
634.2240564994879,194.72297755053933,109.53518207661966,37.36041444199694
627.5488797647131,204.38173813657787,116.61423999868389,34.147536137961836
630.3574123687222,227.85518000977038,119.80221801118569,32.91840675559044
656.9629182384513,249.14672561694266,108.11922140844638,41.89745314500567
698.6211180813891,244.37975806195698,90.2756229310667,58.81844555935936
730.7314242715856,217.13808152290858,78.9673526222067,70.0231769638722
743.734622621766,198.20258927597078,87.59125835104527,62.56428932640013
744.8640993040818,181.36871527099242,99.41775801986081,49.73574522209903
740.4762329010723,174.85514521588297,109.61870845435894,41.6581528188902
727.4779715227411,178.81684062616947,117.66242283089443,37.39291124071832
721.2693541107504,200.17968269062513,123.46036634933371,33.57820352171909
740.7406294152537,224.59956137882216,110.12976566098148,41.689442544250824
784.7532645430247,227.01407656986265,92.070796369795,58.76762155853213
834.7214376306387,201.8638983175461,78.9043323967156,70.84056488567504
848.6108903303385,187.13342251146895,74.65933202661272,67.27127357790741
849.9251047912378,178.37439516385305,84.43090367701865,55.23396938642046
834.0470177304212,160.66794000003256,89.42170266132271,48.80116133027238
827.9360429535891,160.9406991819912,93.66220833299852,44.46286280545122
806.709524663093,170.38040802689179,101.12446503728171,38.891479058826285
803.5876858043948,192.30406422513127,108.39560356820041,32.947696783196946
819.1609177630047,206.0411435796094,101.97560296885175,37.99931779836174
848.6258356248078,201.39699473469005,85.02353518958142,51.620525549083055
875.5291458697496,170.88155879620174,75.46622423949276,59.52711077444832
891.2335486474482,163.2345809524832,79.52877793702541,55.970112406099275
903.7986194906002,156.09643469383565,75.50508919261586,60.81188515563315
908.9272123210668,152.7734141685953,72.47435683597344,64.19254343939016
911.834674894081,150.4073386102115,70.76047205325665,67.40780093089843
948.4026429457814,135.95882101587,77.79129162612546,57.65888198750132
934.6140395959901,131.71453048618207,82.49027872121582,49.591011249391826
931.4099132146303,131.79503015886513,83.60747008256828,45.89251438357897
923.1400915496641,125.86522247443753,83.07413062441466,44.70576115349616
926.4162561398741,110.98947573962872,83.13695427984075,43.72837469452492
927.526361444469,95.51547370320053,82.82341078395507,41.164324324021926
931.8911913389047,81.36904848974163,84.99463371603096,35.88093421138895
937.9110514070196,73.08916448963038,82.43116899667125,35.176105272524524
935.8925826385544,71.757149057737,81.27409818322943,34.76425727774499
924.5788337970246,73.13371883308683,79.96620348652834,33.77265122580937
928.9092076676397,80.11422496662838,76.39968448980473,35.01341450956855
927.8099137424076,91.83586259770074,72.39961625811566,39.4244368853633
899.8557891113489,69.12073831789397,58.605167766326666,53.00138535037233
902.9007713563176,60.07411656706294,53.319968918078814,56.797801535750224
905.9409244990553,59.629794453198414,46.56666563477009,62.63328271187404
906.7473244273609,54.379686728917775,46.661250602911686,61.570055930210714
905.5692145252519,59.42978913993218,42.149481343866675,66.58003291665358
907.9605928828934,57.129572596271814,40.13589658178505,68.33129460390413
909.1398383917397,59.47195661088324,39.22401422669779,69.38878607709216
909.0975092359257,53.52656661072129,42.30624758295767,66.01143958968413
906.5248527725394,57.84229733393655,39.59059668831918,69.31704422143964
908.2539113189712,52.75786685760484,42.643065857204974,64.97067690261869
908.0745506622628,56.50714233339459,43.95160560295263,62.26461404918372
909.1848628409084,53.03287557141128,44.98532189431259,60.15352862326019
906.5556424292563,58.1308928752736,40.60099004305633,63.90956806643889
908.5018344840558,53.38964507492861,42.81723420646746,60.38544421369868
909.0843677639762,55.178030218170846,43.17320784781403,59.11029345693833
906.4407024637692,55.3102836710274,44.0773125304118,56.94145343660121
908.5827490819624,56.91777958452088,43.835892881824236,56.28254123569762
907.920619082179,57.82843024013545,44.33345708156362,55.7646005058665
908.5782178747179,55.23646589302736,44.39650699595178,55.749751524454005
908.1848346515088,56.25309162900564,44.63317699013372,54.93913198380238
908.4451855654538,58.85910998264481,44.333987196779084,55.648324162174674
906.1439330602526,58.62124210340518,44.44187379134901,55.02806008373225
904.335627392659,58.964682801029,44.843461608927484,53.69069138475078
906.9290447563235,58.73410325954597,44.66941374683313,53.78773871639886
908.9637129660333,54.77925649256317,44.28975361220331,53.71038982330147
909.8231212700169,55.50634947892557,44.23186179652579,53.70779772646168
910.3684642922123,53.19627851466654,44.72341251895055,53.2933794514275
909.9322356874355,54.119827093116896,44.94736964362696,52.53926947428294
909.0798378198652,54.97605403613875,44.87664541168826,52.58052764630656
908.9963682053841,54.33567501127665,44.92660685959324,52.39890779018512
909.183121653615,55.89605372231684,44.84766501492557,52.60515170134143
909.2036681101986,55.0503309345277,44.871045365677645,52.21043804764115
905.4544073126767,61.11055241081952,44.42970709362555,52.4704119651747
910.9587205546374,55.54339746328318,44.42106821193815,51.814710454302556
910.6406449060202,55.58377527936965,43.87482786564827,51.83301549167097
907.7682784211709,53.84378233498676,43.70392095802765,51.5059642653397
904.1557822059542,66.86394702221018,43.88398006936897,51.85508877883232
907.2917928969442,54.367478020417295,43.91162938364766,51.574066668892705
908.9998750933402,55.967189182028456,43.51286120247978,51.918043202787075
908.8759934636516,54.47078593961251,43.296676361051624,51.626736042065374
909.7052293204548,55.83209039999825,42.847983075523054,52.31194973024166
909.5147444793312,55.169168344596635,43.05384836321505,52.152815403621176
909.5165512798974,57.19234747066106,42.892489445458075,52.40274611862489
906.11999531562,63.39248620220877,42.582566400868345,52.4909091691403
911.1426299309954,57.785751466012975,42.52749912019058,52.89831212847038
909.3166344832911,58.53430077287426,42.56198684940062,52.50808130496997
909.4641091832474,53.577171726239555,42.905754027971525,51.957479435776
906.6208091320578,59.41285213192616,42.87400133570358,51.58644497175388
911.9196784549374,54.66800417999833,43.014607836123545,51.3145012805778
908.7869292466446,55.10394710611831,42.881204313317184,50.71010590470769
909.9747189739892,54.93463849351671,43.106457320938816,50.083085505647134
909.852199651065,55.94451317607961,42.19003509032228,51.59730864227609
910.3662174049558,56.6555314471355,42.66441035200312,50.953905515863305
906.8753619357101,56.460910270811866,42.54975250082188,51.062274808284144
909.0086914526612,55.687409650450626,42.84355117337099,50.76112913357083
909.6015242679139,56.23397683100213,42.39659535026165,51.325047766242236
910.0369961953077,55.89601001068794,42.28305498840161,51.72489468902661
909.3621860915587,56.092270703333256,41.78703346368358,52.904205006922005
908.7143779008194,54.85329742732051,42.35134853748398,52.67227645213597
909.1309119294882,55.43033666517106,42.827791307210965,52.22616305240457
908.3853726034513,54.697889473335636,42.627537142207046,52.66111778458617
909.1656166089966,56.57833185946203,42.3030052039237,52.74590490449951
909.8578197468802,55.53959113476611,42.704324760141986,52.58017675344274
909.9355924804058,56.792098752690656,42.523589649365135,53.07473355624417
909.4567913555428,56.65899333051703,42.50734027794019,53.006469866795115
908.6040012102499,57.350665127308055,41.71571364218017,53.87751508241716
909.0199287991317,57.06746716825049,42.850303075965975,52.955330058378365
909.2303049357008,58.67439724590231,42.330629533649315,53.242943329893556
908.9023542463731,58.36051350263407,42.80712461211769,52.81966682915588
908.8188537228539,59.33511064448236,42.716385012555264,53.26123129828217
908.6401052361097,58.867229918100165,43.453017892739965,52.97744989006176
907.1315621848737,58.24156997304637,42.685761229403795,52.95101153946959
908.4650880755981,57.440982326937934,43.18655302820102,52.225388154242
908.8785904767931,57.82202779869819,42.64591129105379,52.99071010210943
908.0268006267074,56.62045814603196,43.03545724450585,52.67335632921008
909.00210055442,56.87690352283573,42.39061801110502,53.642204739001265
908.6660779054044,56.00515110414336,43.164670310774724,53.28391080357413
909.6081974080644,52.790593836721754,43.19198111204977,53.1252811024249
910.5002126563654,54.430764042254424,43.72392818884225,52.12464383161836
909.9471058398539,56.30725851453722,42.97431079483445,52.820742029997106
909.2607121127742,55.440739403377385,43.089438456093916,51.600112850049314
909.2696204502042,57.034706305489095,42.550190931204625,52.27831893458933
910.0299995000014,52.640981971760525,43.08062463840349,50.860167817195396
906.728096530068,58.53819414413139,42.85850475124393,50.863790538188525
908.660869527131,57.03909228553579,42.58251974268315,50.81245158989816
909.3914358826574,57.498071924436545,41.97002443368807,51.86087910714059
910.0690394265278,52.46303335427136,42.644738877624704,50.45293557944117
907.3117914015833,57.96540064576706,42.505253241875224,49.872147377065
909.0919520251504,56.79916711901621,42.54156113750224,50.1144433318576
910.2667461895701,57.39965448639732,41.91784854394555,50.82925724760808
910.1686879916454,56.80645613573905,42.07882879891218,51.14616463675269
910.6174173631696,54.610658482479906,42.62146035451627,50.71003357913522
909.9879650429841,55.33762763928675,42.33888254630935,50.87438819326355
910.0872666030738,56.75229861940923,41.97082765296349,51.481088541825955
910.3006827322198,56.64535597663028,42.16377980943951,51.422717125199185
909.7234236574072,57.587402838038074,41.94502947399543,52.06248338010576
910.2347236276978,52.12587320706238,42.4915053562444,50.339848863065455
907.2180648953115,58.16731119982842,42.01950894772611,50.94770487979167
908.639719326217,57.29576054817174,41.99482792023511,51.04087093759111
909.2969579251829,58.14113133000927,41.402018250455825,51.82771945799197
908.9940883260361,57.583189861372105,41.86226182539928,51.56343061944844
910.0278638351606,57.68014974244128,41.80710046703182,52.13208773538092
910.6896184392494,56.535194624073895,42.05046767029222,51.66912717400473
910.6795005428984,53.72523387537096,41.915106655395284,51.60611438720039
911.6869326700958,54.88694787970258,42.286657644149244,51.70239820676896
911.2493969079321,56.600846286503916,42.01439495045123,52.33031695407938
910.7911590670263,55.89500655795868,42.028595308395154,52.09433746703991
910.0752830687568,56.90242608588869,41.75032545148721,52.46796333885322
909.9309034611298,56.571508614339876,42.20949051655559,52.241307903094196
907.1301340218023,56.04929419655929,42.15138860617868,51.80216735503416
908.9506204099457,55.414878567586165,42.9043567554899,50.98945588264898
909.8416169918933,56.51774855110173,42.30693259279265,51.310875129637616
909.3315596609029,55.85071652995902,42.86095296952361,50.757577168596626
909.5290479843612,57.31727482932342,42.69418514759916,51.36020380640958
909.0677228150537,56.76925750895743,42.967284750263914,51.20203536601058
909.0139054106218,57.91633408048114,42.398133553630785,52.06717611296254
910.0844062428345,52.323567910485195,43.464184120040244,50.11500646473422
910.2159645877458,55.06909170946147,42.95970760031494,50.97276524800726
910.4692477758869,54.60515008451752,42.82976598704466,50.613466286019246
910.5127141448097,55.87026841511348,42.04463761292658,51.428594195445
910.3011861095888,55.260327025861585,42.20008197115105,51.889076010165525
909.9014038694862,56.59589678221288,42.45337548482641,52.230203133357705
909.4313052742002,54.888940248870526,42.55715130489218,51.87245229585236
909.3915118613976,55.99450811518055,42.133686909126794,52.74229805622852
909.1261972480222,55.643346291189815,42.675779798487,52.15864326773996
909.5692594910945,55.91403355679215,42.53874294404477,52.123800988370164
910.1461886685041,55.24909133561582,42.53950154116791,51.7581358234459
910.126507587845,56.323655468283995,42.158684693048684,52.469512662174495
908.86107532017,55.15025603636707,42.15029718562822,52.3060571429212
909.4073224106722,57.04643870661735,42.37740537488587,51.737568517127045
909.7950965159894,55.97816150796218,42.30383888756033,51.718010243538956
909.81961272499,56.922497201369985,41.80496312248644,52.843219109561474
910.3302726780246,52.85061603652878,43.11845538072376,51.281554269444094
907.0364008099972,58.78276325198581,42.85543341166998,51.37505212063451
908.2511345556928,57.44582186979146,42.91106976587505,51.118281074522116
908.8391966670689,58.15977997918417,42.33373982460566,52.00649239441772
909.4571562490875,57.45557107458296,42.65248419950136,51.52674282233352
906.430406473609,57.148378594814886,42.0255180522161,51.86586074710062
911.2621066285068,56.43752905701323,42.369263624073206,51.62217254986915
909.4956715906516,56.371277840457175,41.843781706222956,52.33415437932449
910.0867208454902,56.34887400907935,42.215128297330054,51.742826583133905
906.0660474914297,62.18570167888304,42.44793942958418,51.91511660180289
910.8764208412916,55.85888373085891,42.15226501837354,51.93500158232381
907.5994174935237,55.44078062888863,42.060666626629256,52.16243586606021
908.8140375526245,54.413339256140105,42.35541337251739,51.66635735553004
906.6348314654653,60.03142677496588,42.07546218547747,51.616219381477116
911.6308072678814,55.01558053210916,42.30320948658978,51.348110994387824
911.0887799593139,56.1658018036064,41.83208856089352,52.04277395638297
910.1923655222753,55.43410295905237,41.7487955563468,52.34190899309388
907.4156930292618,55.45378834182293,41.65181333671591,51.95541993927417
908.6509749178691,55.11291269862042,42.64138692674969,51.377519564760014
909.1806178371851,56.18441444697059,42.331361275266815,51.623835249501916
909.4879234017758,54.98857036894597,42.450657964879625,51.7134570794098
909.6721542652592,57.388879257371954,42.02835276948504,52.215549835699925
908.763568030084,55.70487382591748,42.31975278748112,51.81223224935961
908.5279873521504,56.23514756335675,42.148099983954964,52.19956802281024
909.2176129185508,54.728440390358394,42.42814047617713,51.57244677577411
906.2206311558892,60.57683123841337,41.84973442599982,51.97025049836533
908.8632495399571,53.96954927196613,42.25675983056286,51.44716737468022
910.6013872579325,55.74233433934014,42.22636242348169,51.24938199754634
910.2433209785913,54.64478313089585,41.95604121057288,51.52979284701395
910.119818778287,54.67718327104785,41.70328858951609,51.56079579771085
910.2626029873763,54.949859426113775,42.10763636482268,51.03398282129504
910.2708521423681,56.82921769640556,41.323012520781546,51.95967446857769
910.4997109220949,52.70545938833954,42.15801849781931,50.671081160393314
907.7666502054698,58.26566931587793,41.53865685688122,51.31853697670326
910.2054611105578,53.20547785554525,42.146129117139715,49.74524580984421
907.0580083371239,58.10123330481801,41.72307239899309,50.1049867042064
909.7171219746559,56.71110501610592,41.975481396359314,49.962623700408045
907.452950216079,56.07781653028076,41.71470566989135,49.63535625830105
909.9730958058695,55.39915465466123,42.10252127513077,49.11225729816772
910.6577706107237,56.14522359438642,41.510212087385376,50.37035497627348
910.6156785364306,55.01176778858219,42.366039457349984,50.333485793738284
910.7723550342599,56.01679959544689,41.85963078725737,51.19589446623324
910.182376233708,56.62388861002016,42.06345665112906,51.55433527921164
909.2203901182882,57.41181987517999,41.81081602796489,51.85492066492287
910.2215572846881,52.532775570475245,42.76774573515827,50.23402482303841
910.0932979839652,54.69137145662971,42.050341011065505,50.404884942056384
910.6460007866714,54.33961771037879,41.87617906371884,50.04562600179607
910.7354031688557,55.60050811804228,41.40799109655896,50.73279022240355
911.1378628096546,54.691860653951416,41.8012874187896,50.476609074459176
911.0398096620585,56.41583108374483,40.706798420936906,51.68291311462211
910.6428077016452,55.81989715554208,41.30862531429949,51.80433424136756
909.5793725059185,56.64523614867997,41.32009443774736,52.070898066844116
909.7063795078386,54.901955636164196,41.85040829855413,51.54017994377385
906.253584113873,60.70961398499638,42.08160829363872,51.093213465836044
911.4720101360009,54.03535745816006,42.24192898650441,50.825474574013086
910.5793125125832,55.81104892617735,41.98707202463021,51.590395844826645
910.0659230051486,55.8090768979934,42.27403800973319,51.70102832613942
907.6925052380948,56.15940565186003,41.809200284105856,52.05650945308787
909.2059543646251,54.596676897318474,42.14296949816249,52.142492951703446
909.8104085401731,56.5593751537716,42.40997514853137,52.24837743321248
909.4232700256541,55.61662337241996,42.82575688252163,51.92772569577538
909.7085631652865,57.040031440719076,42.72427635357906,52.14040333931325
909.6396413419463,53.33922596534846,42.80975142268971,51.789181877334755
909.8826580399115,56.03903463500251,42.253986113252495,52.853952431703426
909.2736048855991,55.63327987672882,42.37919298015828,53.17562591109183
909.3544861977668,57.66321220620809,42.002108829891306,53.588879080502444
908.9126644390303,56.46377379244606,42.22270664299962,53.093119515433095
909.3990937139945,57.76399695429935,41.7500176086811,53.70717552632125
909.9232369436011,57.28023308764803,42.50470811537199,53.31495751873339
909.6308251031163,59.1287224454518,42.836174773340915,53.091543189493656
908.127106394591,58.62855321969741,43.30986070265949,52.622676142307064
905.2110295926825,64.71888787435836,43.2089798864632,52.352639920143375
910.1842557088268,57.84625424800185,43.129512021545125,52.384896384892514
907.2315768483155,58.369696497243424,42.71848876493703,52.38041057758673
908.7449297633875,52.447091723830596,42.93691132796641,51.36647782094559
909.6361459989628,54.74577124682925,42.324683615459904,51.35228632789628
909.3707569942725,54.85161253823716,42.43073221800685,51.36722933659695
905.9783407879677,60.11161743776178,42.674204729188176,50.96979529743541
911.2925021583458,54.399932960295835,42.6233603972454,51.02850494298009
911.5211931005466,56.276026337409576,41.83739750750901,52.27906047924944
910.4192564578799,54.86433583231687,42.1474583748583,52.40338772509159
910.1449584875276,56.34717069773495,42.17162022590236,52.69087680200994
909.7374911743821,55.15411606097285,42.35279565162041,52.20624351610117
910.1641226494504,56.21457972783328,42.24875682782269,52.34950971723137
910.1836826650476,55.57417193854988,42.54772176257245,52.1978071712178
909.7801303276996,56.365444153706456,42.25941692474874,52.24840974217112
909.5397832735301,56.13855067869896,41.92144076026047,52.50131471927713
909.0270798873396,57.20150901528837,41.741872285258424,52.7623804870468
909.0024875690277,55.740708258604265,42.401404014034014,52.238135681216406
908.7701272881679,56.63632730214404,42.450802808423376,52.174132434529916
909.534321289473,56.620238368293855,42.70616629354511,52.203592030309835
909.6656997272779,57.53844331131314,42.49023156724177,52.40030587588443
909.5761990395478,57.05934839137776,43.03955737555194,52.42806464781161
908.8474833847295,57.77289051184472,42.539849073944396,53.46431782829493
908.389235816978,57.471270600402036,43.00279077126069,53.178092080730465
908.320067930953,58.13096292668894,42.30049696567403,54.07358407992058
909.2261525542256,57.700148048191835,43.221650577939386,53.4886689512794
909.1038567926921,59.33986469371471,43.0891920588537,53.458554736771745
909.7458398484993,53.62140355271298,43.65569613251939,52.56407519382403
909.5716739214371,55.16573615604774,42.77525725376398,53.46508336323789
909.1373860737555,55.269187645004486,42.79759588571946,52.96751905033294
909.5224502588609,56.06518129256382,42.19394245390126,53.44435032439762
909.7644777186481,55.529801123466314,42.282955020612945,53.08689229787705
909.4776128322385,56.59467293151706,42.22847788472919,53.453976999417776
909.7525331029834,56.63097909489437,42.11305885274368,53.724567382814826
909.4875782873145,58.359976185476825,42.01664132706098,53.56654621266676
909.1412425260827,58.120320505375425,42.4739332430393,53.49791749747207
906.6314986364546,58.048638660188374,42.462270681261444,53.05340766937922
908.037453901853,57.28669489181842,42.91958193314893,53.2161693792835
909.1963879009185,58.53697629201956,42.52583257305675,53.198892721230465
909.5883992240557,53.66629281335309,43.00098105505519,52.66764615317278
909.1740370554913,55.61120187309254,42.54855648166157,53.00002699685916
909.2407090886859,54.36280975957038,43.01989581447276,52.38952930060941
908.7144846235699,55.49311397697956,42.953606331847894,52.60287816597721
908.7792069514179,55.18258774313835,43.09681823609603,52.044362462158475
908.9272894076962,57.00659692776552,42.50761900843007,52.51898184162239
909.1707502733742,54.75290811041216,42.529433231835526,52.520031370402606
909.655902046441,57.35313604872249,42.64087757522071,52.44074363037862
908.6105067604016,56.759945003895446,42.78690269872929,52.44999668980505
905.5756762102749,61.92968561631262,42.58253263672068,52.850714554020996
910.6057815455925,55.83861172642242,42.684076574239704,52.995030073669554
909.8223568888877,57.01608032316882,42.63045274121072,52.83829239075109
909.3322019734694,56.18113460283003,43.203778600451756,52.24278842852035
909.1765114404342,57.481840501632675,42.53845763204874,53.259730951441185
909.3089192664753,56.57876988897524,42.89731237915542,53.596714957822954
908.6073927037385,57.81512369649332,42.841404613859055,53.75448524806022
907.8684761828404,57.92654426951478,43.080515212074616,54.08170914260569
908.509516154451,57.714616719961924,43.137331781838554,53.82564285308529
908.1802600017502,56.57799548118102,43.681320616838555,52.78352311560499
908.7459530247811,57.22627262126268,42.65004710583608,53.51712425574502
908.8558673428364,56.351546688608366,42.91382573209855,53.025657484731624
905.2446924408573,62.294748273661156,43.2206419934236,52.635443432057684
908.1082246166022,55.688341218909244,43.193017167537995,52.71498918523827
908.3489162568142,56.67385923187643,42.565551172914255,53.420029809923406
909.2218521715608,56.46507026853569,42.87699850769703,53.01744764568157
909.7982185693279,56.54193514481144,42.27494515742957,53.69541833735157
909.9673361079659,56.517871456849925,43.15496595764827,53.042951049654604
909.3010052413122,57.241687481803666,42.59438020579496,53.663713899115415
908.9246354289886,57.185588396579455,43.36908459093936,52.72159149575707
908.4717990282413,58.116980711790525,43.11033035042654,53.316547172189175
909.3367871696983,52.74176356030899,44.1932145564043,51.572937171258204
908.2307580497751,58.83723988609046,43.177760198212845,52.986025619243605
908.232686483827,59.447373627027375,43.39023637666451,53.28990743603768
909.0239827427541,55.06735891687419,43.46446367921421,52.94280966670782
908.9080514294404,54.03609787143995,43.682299275634534,52.76524472525819
905.802743357963,60.02593761787748,43.44072835727958,53.02980503951203
907.4412539272656,53.59802841938067,43.602877102402246,52.674858551556916
909.077833597885,54.74257356201656,43.308790331964275,52.35552808817693
909.609962113166,54.411253631789485,42.931517542411086,52.01680514803293
909.5840982788479,56.300478473775925,42.60057078520686,52.73845798404906
909.3708011609225,55.37795261194248,42.41457423126282,52.57323386695667
909.5630295267903,56.33770528322077,42.29884617298545,53.33734873886237
909.4111771003696,55.8606505108503,42.44346727200236,53.073802863299974
909.0371761863668,57.222646643529174,42.424120989332295,53.40292286639011
908.9090137786634,57.33128124073655,42.662691505172994,53.451538667435855
909.7283654956115,58.90679807719575,42.00709641297064,53.90217001450647
909.5072681365601,58.964093030091014,42.89651395993833,53.589477604700974
906.0311404158999,59.10110695681854,42.942788337416076,53.63110048257107
911.6960745771598,54.1533905923006,43.766036241092436,52.39672669305226
910.1416448832895,56.18682839468933,43.48619871988237,52.28747409318814
910.0895630350626,55.4201549601859,43.57645845854453,52.45791832089862
909.618049139461,57.25656047306255,43.21979159242194,52.84028307639531
909.5184718459152,56.65822985176683,43.57373518026304,52.445624877191385
908.9856129599532,56.95251474232043,43.22287406329399,53.09226313059957
908.8278138227774,56.872736750385016,43.46179961971659,52.87655756928913
905.3560521392283,62.390793849279824,43.16601415273897,52.890482662881354
907.5328724797128,54.625881125661074,43.00547487786761,52.92992114722823
907.5812724707172,55.492017134716235,43.08641065666667,52.784534104551255
908.1217729735192,54.705988475283476,43.90032928492788,51.699253042603175
908.9372598118133,56.16115855417456,43.12219406497051,52.506075493921344
909.0247052830441,54.854915830531034,42.77477208398611,52.92405977963308
909.1408919326359,55.875676904502455,42.75706424240899,53.02964666336749
909.489505863558,55.309048701463546,42.953618817412426,52.53371941942852
909.8126791840244,57.247533354389994,42.5137947753422,53.26020374974506
909.5897869416963,57.213897918362576,42.5221793958016,53.4605918952498
909.7153668835767,59.26094723900341,42.29825544096371,53.80140116717614
910.2332267069214,54.8574949554327,43.10033427049348,53.05404929510856
909.6390525662271,56.97456591389226,42.8603603558754,53.52445192240941
909.2130589100522,57.08714753668733,43.45714501720133,52.946273194393584
905.9081162042645,57.523496441587525,42.99305200470445,53.253701217150876
908.3096642373812,57.02163098442191,42.82873605550601,53.62542399616335
906.0920492077978,57.16423113580544,42.831248791369504,52.93345569923087
907.4239656243602,56.48153609465554,42.624261003334354,53.21009601518087
908.6984686600529,53.64385637503438,42.86747552444775,52.919019545151954
909.0532320475352,54.70882401260805,42.698986547411074,52.82062132597386
905.2267632610652,59.99190208473916,42.609276472493406,52.5717936347756
907.6804786850864,58.45539065904735,42.37335059881616,53.10149344615067
908.2554997070303,58.99769472316436,42.61570560101765,53.21109155570962
909.5052798896364,54.30268242912064,42.60334835699055,52.5125817886335
909.1893491481687,55.77413888635097,42.19690849123991,53.50495158138719
909.5386857739356,55.93115371026424,42.26750613661752,53.53884318581132
909.7288943145115,57.22800682948821,42.11798604993729,53.43072406741953
909.7288736095866,57.01784659556929,42.24636181812178,53.23895901403621
909.3684918702235,59.108877738854375,42.534889042632805,53.09568886079734
908.994484491707,59.767169541776866,42.60668415750354,52.94380623990719
909.5872899812873,55.304286564903116,42.65067408471495,51.97079041722647
909.3270134184723,54.801351405483345,43.2631309266705,51.27459753320804
907.140645084587,54.033875894977385,42.92905282851106,51.07542782763458
909.50897185934,53.4636807042516,43.463766828901214,49.89003114167281
908.9602504460672,54.694479522797614,42.802544212980024,49.95732697534494
910.1126737056353,54.87078176778897,42.98705731107731,49.441641450344264
908.0109469049617,55.36548916549138,41.9911238389077,50.235554830484176
909.7587658325988,54.889590740965915,42.202220402502576,49.794705724449365
910.2312495030149,55.682065919046465,42.0302357186261,50.0074341965277
910.5964750624366,55.01366673762584,41.85790103578704,50.45352160947118
910.4042175609807,56.637078317569845,41.7972474839162,50.99320081088078
910.6647996848553,56.56528586748301,42.35278523487759,50.43388124824011
910.3834301195416,58.36171468532823,42.07951814134947,50.831850457718744
910.3437425112236,57.31064650856306,42.15776225682344,51.11499455413086
910.2366256690786,57.28051115149885,41.322899714421034,51.9861843742659
910.2687974140056,55.948571619883595,42.150089837772256,51.60622994331001
909.8963085781933,56.64568921651207,42.06331061957658,52.373475415259975
909.4400721735453,56.009159538342914,42.003278038228586,52.665263087428514
907.336581679095,55.62542571106118,41.875897473936924,52.028242893710114
908.6256931115443,54.43966868091186,42.178292942854995,51.22016649037046
909.5644531061147,56.11974886982415,42.18020408221607,51.299921292752174
908.9615389304936,54.98472053223456,42.56096628422355,50.91552182932051
907.487636074307,54.93179146391534,41.92791209707569,51.04492749613321
908.8274486047249,54.75320033658512,42.385941817581624,50.00810266403981
910.1557534210691,56.81435154573635,41.849381899935324,51.180697802042275
909.591187839364,55.316100396001076,42.15866357222613,50.88800003399268
909.1155541211548,56.36808440261138,41.88568045360592,51.246009502614115
909.2279746543421,55.5954692946095,41.992054619841966,51.45601389807649
909.5576196989573,57.09029767102517,42.170173371267914,51.74228325837382
909.8658824617045,56.56863966011019,42.74158927777282,51.52331416686912
909.3335500530504,57.55229987480169,42.3326109113728,52.373437823560955
909.3673524848881,57.48984139330456,42.89637325427095,52.609677576939504
906.9482696492237,57.01642275639654,42.15776289792023,52.870448580880975
910.7051314199699,56.736979582041435,42.232095920758894,53.16583468616581
910.2922976580065,57.34129359284387,42.12985854079694,53.51388257551065
909.5320917391908,57.82225912898689,42.453246152239586,53.21306172556423
906.0627495590938,57.56769794849247,42.32721512699675,53.22448542188785
910.5707080427686,56.24975154995256,42.38060453324331,53.10084576733803
910.0390561246679,53.48526228078963,42.61959216585035,53.10467400659164
909.731078774136,54.27990512373731,43.27934403579494,51.42542831183663
907.6242380532426,55.17515808287697,42.75956362073984,51.752856143709906
908.3773488298908,54.23125025649261,42.81751326247351,51.330117530502676
909.3684291288041,54.95514553741628,42.36972320621952,51.697746165737854
909.820541471233,54.80909960568417,42.652853086028536,51.26058908825741
906.0313329232949,60.05509880573716,42.41896091676779,51.76579546873004
907.6523365837521,58.87948374869761,42.58304695484704,52.30461153270691
908.6237475359417,58.38159525332614,42.40406584503114,52.789336391797
908.9475083152541,57.55232674107259,42.553128773367625,52.46706038987588
906.7853832874459,58.26317705837597,42.77824819849094,51.2936481631909
908.3731103159669,56.99368990094156,42.883584470428644,51.09963364367863
908.7368847379058,57.06256278224704,42.670501673837606,51.11823914935915
908.9650723810588,55.438758714320045,43.126788536007254,51.13453739446606
906.5183592655213,55.56401022941191,42.339275569541954,51.65357562786265
911.0452229384706,55.3190238367063,42.172890676646475,51.7880482814284
909.4138024224017,56.16069922257188,41.87547069766059,52.13767389862852
908.9724274431,55.852763612128626,42.29470519577282,52.03090895628031
910.165115857213,57.323366686726445,41.96739688141708,52.432213984147666
909.5698349511406,57.32015657954411,41.705685324726325,52.84349579771926
909.385586689569,58.14298595719084,41.984885350464936,52.50189321002834
909.623402662839,57.059981356598044,42.42258604504975,51.61432713388543
909.6261232494836,57.36061769770508,41.89324144225227,52.422029456821214
908.3364315565967,57.58170922840017,42.63199095885481,51.707355178771486
908.6074474227805,57.69320231425861,42.39602085196803,51.70221721858146
909.2306994549788,57.4297152914899,42.51717123035856,51.95621736904595
906.6979535008442,57.59547348325815,42.24283655476559,51.5641087476495
909.6284437086381,53.173358007621225,42.320588763231626,50.43161888898682
907.9845615324188,57.869978795288255,41.515959717385314,51.09191754345012
909.5833105241989,52.751907180292406,42.08482225514168,49.555728581974535
907.2806718347981,58.68728056109487,41.868043817292914,49.68092965819919
909.5037403677308,53.025303651498234,41.806473058495364,48.744277665319714
911.0676798122641,54.769035339053644,41.33623081188456,49.265762139482575
910.8879651334225,53.72797254759219,41.23233237430077,48.70408102646738
908.9753228001205,55.02271907145705,40.658210130962175,49.426909164803334
914.4059631939319,55.95881269997899,41.02923963844422,49.51268549361302
909.5139819468244,56.20450167824863,40.98506282754469,49.50238792013611
910.7739016849144,53.894719382447846,41.89712027633707,48.31117007918153
910.4553623114836,55.292344182935665,41.74086215491277,48.285446721415724
910.7267059533212,54.44576344022045,41.766839004786114,47.78932698164168
908.8816375952035,54.194611036512576,41.04041459431254,47.70479205354947
911.1021854497448,54.138447243465755,41.47692289295112,47.516093921192564
911.4871907361501,56.36852527960096,41.1454500072037,48.73863609873906
910.8185411163576,57.467277801532674,41.38875522537303,49.28277949046827
909.7765293402455,57.84928815695576,41.01515887212541,49.89138496503928
910.3233932022546,56.794683198496465,41.71321078544393,49.64416005987535
910.0614131642466,57.33958271188791,41.620520876146486,49.77178673709484
909.9511261427107,55.92445129693023,41.584071554912825,49.85410902669648
909.6260472820206,56.007005044718454,40.774725864046076,50.92317232560703
909.3671124953444,54.48452758767533,40.97665246450005,51.03338168953763
906.6829750263537,60.528058740492774,41.29485187147573,50.939892572684485
911.4594672417223,54.88308527741334,42.00271071771587,49.831093008364824
910.9278073576645,56.24466267180424,41.43504379531034,50.588095833337306
910.4042666027386,54.83347054194591,42.089920096622066,50.45971805959145
907.0656161274312,54.46681263007572,41.94089086230038,50.3937257025228
908.9869398338834,54.51297289442023,42.029564355081526,50.29344458516252
909.4027642077019,55.818732037278686,41.6775342163959,50.86564688812969
909.3140218016213,55.39092186153869,41.8440936294179,50.76890708641143
908.3177891376428,55.396610067646606,41.86251236943082,50.36744786784681
908.681473558155,55.064139577159956,42.35108591121879,49.8235402532009
909.7969147993622,55.97670988087011,42.06777923637577,49.85958018968013
910.5479533482156,55.89616653836759,42.21707779002851,49.88194023791779
910.268860146582,56.08220810015404,41.39722781348144,51.11593502381449
909.3520978854713,55.051005132665665,41.831609831964734,50.598479556279635
910.0776709758593,56.55674575259588,41.39908700323946,51.08449158347854
910.3025518848614,56.143385514117284,41.864801924641846,51.16507462023111
907.189097766565,61.278779092923585,41.93505246546415,50.66310536422983
908.725724842998,55.62869886183426,42.1446197294532,50.499746730033976
910.2837760285041,56.6634904585,41.942381255764516,50.8934613806356
909.927313881417,54.67893087887118,42.2192291472746,51.08049082965765
910.0272701692397,55.47739424678049,41.929559032297334,51.358056262265535
910.1081957236847,54.687806423729,42.193282583708424,50.88958109431212
907.8746041816391,53.85779339690208,42.31335205848575,50.36239062765652
909.2917328152305,54.18329584360664,42.513540553937275,50.08699367182177
908.9716829852102,55.66571000394761,41.8135035667532,51.05360522769624
910.2172474025151,54.73412517779883,42.31961432183481,50.475061785282485
909.2916899811845,54.937177247818,42.32377589167634,50.151320416278395
910.1813021050746,54.593852377917855,42.050359758901806,50.69805968165909
910.1517100411596,56.30397617572768,42.08685417542905,51.43850811570252
909.5990243700171,56.149098641584985,41.97431904264699,52.126854244626344
908.9557299095793,56.6664351247982,41.65440721870307,53.21495611760117
907.1911858218283,55.27018580314507,41.93373071334267,51.96150148713423
908.2741084058266,55.62594015191466,41.54894457206406,52.90255993780366
908.675132992174,55.220900400336006,42.006719794548985,52.69089435524472
908.9815626275716,55.63977919406528,42.01249832397053,52.83905695859734
909.3969469128353,55.46378320580433,42.03138955397252,52.71088252967985
905.4969256650967,60.7126746328596,42.37611884373089,52.515573697480924
910.7132888694526,55.69342849303761,42.55814711183788,52.41736057856535
906.9376282685473,54.42329831208808,42.51901611943461,52.45021804358331
908.6875784247816,54.941109931421536,42.43283212318909,52.19842073884964
910.0437978998518,55.13906002087219,41.92838596517828,53.215658949535744
909.8184466256156,55.560995250418756,42.2455657647035,53.01788781943737
909.3157851793576,56.71362864693965,41.77442176306971,54.09334021127107
909.7989100964987,56.242285913384606,42.21890467491169,53.634482061132616
909.4868925860027,57.14741437143544,42.00222893674092,54.044601398159
908.9925645448496,56.7590176425947,42.454351484520274,54.0244865964487
909.3480643034201,53.1347737768763,42.217657120272364,54.262380436741694
909.492662738449,53.4833284288925,42.579810629204715,53.161645227195535
909.9210559092237,54.8813263179742,42.52605626864671,53.48362659136612
908.5103598985648,54.89591133290199,42.82084578332683,53.07146953911064
908.9999821234784,55.092402945222815,42.23279266703199,53.86948415344298
909.3277126318063,54.73742981667067,42.713086116432976,53.20244199959757
908.9562151844083,55.6130944575173,42.10963235133221,54.09262582711146
909.469219746959,55.04140966131102,42.32827502066451,53.79006112386972
907.2200027554288,54.51744269388238,42.02182266262981,53.46331692380879
908.5274140825425,54.01737626446024,42.36962575036114,52.826427764220455
908.8980101850035,55.24695533412402,42.162377198545684,53.193718780700394
909.6288299461052,54.81721893992003,42.331549009998746,52.86111262108743
909.1786680733967,55.514962082585285,42.24614294183982,52.997985339777614
910.2416749145184,55.804033329078266,42.6540965161426,52.52157232175341
908.7427955531275,55.91762936106026,42.164595374117084,53.715316484634215
908.893422444349,55.10455405093938,42.19276540668628,53.09162756057971
908.8918091688545,55.181637990501,41.58950903464445,53.66272572082795
908.9331302764772,54.69385752463887,41.967857456939754,52.86815375326785
909.8930541651503,54.821757321042305,42.00496785429905,52.521125630650076
910.1241064628216,54.41565810772913,42.165682384608694,52.196068269427
909.645680684393,55.358624302120916,41.87668147106801,52.52590803259045
909.3792239749922,54.825153363051854,41.987592395534335,52.204063952438474
909.3348522411867,55.708745909776745,41.918409050377406,52.16036158699315
909.5220895961475,55.07522279696572,42.463476831892066,51.363773417015835
909.3509543681173,55.95085011718957,42.23169769593403,51.89346860757705
909.5438790750293,54.67453757810895,42.43468364072983,51.34279597531957
909.1450101566749,55.4164136367389,41.97292455017738,51.63451447249297
909.3296237459517,55.15650277328624,42.24719513668782,51.718715772266634
909.3260149120964,56.10857217701135,41.85792926386349,52.60508904977736
910.0414484877216,56.49937099805582,41.81146653346583,52.791550470646186
910.0551686142207,53.363660569406214,42.469972446982815,51.4372741920201
910.6357620599299,54.63542474275316,42.77049374362154,50.856980985173
910.1367597226202,55.78639850256735,42.53829002132925,51.35255744091693
909.9682518079777,55.86522965895271,42.619832743514706,51.42620525731188
909.7454481157666,52.496033090940465,42.77928988107824,50.83043186654193
910.1036765286284,53.9886677804304,43.3510393942372,49.93862161689556
909.6072172040324,55.46428337017661,42.85434057650254,50.71336261300128
909.6402481103332,55.57184323032418,42.81631267422013,50.561757497870666
905.905587946904,61.58049759525776,42.71160689329047,51.25280848632626
910.3869203277931,54.975577676998455,42.95336603593135,51.030329635405906
910.1074101638361,56.355869844115986,42.61330650458852,51.57131786243489
910.0379398048836,55.422819937215834,42.46459136230786,51.81227855899428
910.0554250564359,56.08474436187646,42.321272862134094,52.03240553975115
909.2812296311596,55.47743937608694,42.487779018587155,52.24537352257592
908.8336899715719,55.42442816621498,41.9216732400683,52.634324409116715
910.2605830975303,55.90850847365802,42.17839376114627,52.62853877944869
909.1403531191193,57.02623224509281,41.815823751614055,53.254927431571176
909.5785113278098,53.160032464183246,42.47101876020502,52.13207758848307
906.847756271102,57.74456099396651,42.25778855913693,52.322504247788615
911.2903871951244,57.80319146706633,42.28946167813315,52.52441383619972
910.4689480886841,53.578794492911555,42.30894897800411,52.46789772591552
910.7753687211746,54.779673125067745,42.47375669840893,52.16469101969335
909.7093551115643,55.50186810537281,42.13894913407568,52.63404932339596
909.6912304035075,55.22554811305142,42.695327992404245,52.16418843542675
908.8523367708777,55.305036998989266,42.308961109561835,52.418701376193724
909.2958035068265,54.94407769964345,42.347508659068595,52.543459635529885
908.8815802893108,56.3081067944396,41.823275483847496,52.96891845376534
909.3446073382379,54.895099868433654,42.25163537219936,52.340510070288346
909.1629733663434,56.11696816838858,41.82002888628558,52.799657000041584
908.7166023488682,55.601728638526524,42.33963067556014,52.61133372688758
908.927060663937,56.52901189364062,41.915419568881674,53.18317216966231
909.2002424117635,56.58997784761843,41.78547525147619,53.69682616582811
908.8003678359888,56.40302875608594,41.80415941584277,53.64222321974269
909.1475674953795,55.40256930517969,42.260610393082175,53.1067456181067
908.9741901473315,56.01436339040406,41.99170376610751,53.429355458102606
909.1575713521936,56.51553331351783,42.120357520781496,53.37133742307425
909.4304855839715,56.052622817327176,42.33812290974568,53.38936101927255
909.3879706165947,54.51097575498083,42.682421933005955,52.56033929847574
906.2150702100787,59.904770942032634,42.590989298009305,52.84014318096392
911.0285929124384,54.574754129138036,42.58076995072413,52.44328918010517
909.7370476793642,55.14667740950996,41.708535051806,53.801982015647326
909.1786401007488,54.279083259470724,42.19496200875359,53.152490998251444
909.7924116025921,55.15913841938975,41.90381166997638,53.6068808672409
909.6670563515945,55.47678365224982,42.32663058376062,53.09836007832529
907.2289964631054,55.19747730024193,41.92196527696797,53.0440164968644
908.5272490573981,55.71507140294861,41.97468413127505,52.81568307593972
909.0667543879986,56.65602689376762,41.80341930823941,53.700895793489934
909.2873908893417,56.85604850656619,42.06628392886325,53.28258341830623
909.0763048619714,57.37550103055112,41.64027390142766,54.13587085328467
909.0543369940156,57.05354666455892,41.942768357689594,53.9024399241477
908.3549055607987,57.23723377427585,42.01352052923819,54.14871024502376
908.8154801625508,57.4797854078515,42.13771174454942,53.81007812064131
908.9442535771608,56.19943663930549,41.88123673559791,54.3279840527376
909.3922236037723,56.72212923819494,42.3634454765491,54.09179002231329
908.1174451505022,57.0496196283108,42.115205418443836,54.67300552160732
908.4962274064432,53.42025529555131,42.59968261360089,53.722387415886075
908.5642522020769,54.84504688979296,42.59244602086673,53.273110213807186
909.0640190092989,53.93118275296386,43.11785146663373,52.73270255835771
905.8209528997686,58.85250326504408,43.01952914925636,52.9642516739678
910.4314123704528,54.911417578515724,43.26567697271958,52.0931910447662
909.5488895721471,55.6208761323633,42.44536919484979,53.057838647688115
909.0686940378617,54.52290764529547,43.05182570717456,52.54203083651494
909.7003703099676,56.27722366993638,42.33735391886432,52.51817671463179
909.7585343875196,55.80125538507524,42.75294244171198,52.43899107671249
909.8523880750706,56.96038688614642,42.42651070972025,52.90625792648356
909.0744244783634,56.34867815473138,42.57736306831115,53.20256859161849
908.6061839234168,57.92322900441347,42.42259435463406,53.44653186799283
908.3111226360359,56.74283160382644,42.85796546467138,53.10191070504031
909.095609822625,57.372631252413264,42.30032682204602,53.5253434436943
908.8471882591773,51.29392339707374,43.19866004121887,51.736565459304984
906.8342578306563,57.14639334086176,42.5306126836917,52.38806420850872
908.5197160715747,56.60748559332203,42.654603581005205,51.86590125662774
909.2979442698712,56.6607923356012,41.87770590261668,52.78044098366302
909.5306888880984,56.60670154774901,42.27099651378422,52.46832651620983
906.6672003842556,56.63905056734886,42.28459556889432,52.0462654019922
908.3557239432877,55.4923699606913,42.42704441488044,51.57931238915681
908.8691429370542,57.18398090775662,41.911670903932745,51.58652332965141
908.7327797781959,56.31162755645091,42.23045295953218,51.35561512690548
908.966208072002,57.45866354231775,41.99380754044759,52.06504623935453
909.1078897366826,56.94599454530862,42.20430362137217,52.14171956815061
909.7359059502105,57.054238634832856,42.083744326449875,52.68198554902952
909.4911407897213,57.2940716364293,42.194237118198316,52.873460216613
906.6163693656163,57.66179245159609,42.05531027036335,52.506261148096584
908.4908928146031,56.46612985789647,42.26157014080721,51.85652922566307
908.8218241487575,55.8028000304144,41.77285127657167,52.041569555943056
909.2181019474573,55.87641061970432,42.11271812637658,51.41913091577722
909.5369924557845,57.04615715873511,41.82090428329858,52.42964131862689
909.4459377388353,55.66328741012908,42.32613806631429,51.97389424738803
908.8639242200919,56.11764156888972,41.90737222565006,52.379398132892575
909.8930676144049,55.35795092011011,42.30115543481166,51.95996383673229
909.6135562528887,57.309902552434444,42.23191468433341,51.4033441738445
909.6677310770197,57.74417308209987,42.44556801320412,51.21237751064707
909.6641216012896,58.41728722940423,41.482660037765235,52.162896185261374
909.4470780540672,57.82473205986522,41.91251123313415,51.93670312334605
910.1426612484926,53.75373645587442,42.029022280158394,51.47708891598341
909.9684807525289,53.109681895389286,42.36554006572498,50.37279944114375
908.0496051611283,53.265335385833126,42.008524250235155,50.07371370069458
909.4246781737716,54.58810009083599,42.2353524738345,49.82003547744118
907.053365761043,54.86992240895173,41.85556890924654,49.54701846977453
909.6427233265438,54.40134595202085,42.04036772477809,49.651901297824686
910.3169139591431,56.48586078713346,41.45131035455708,49.93188152292416
910.9294716289729,56.022795693072254,41.82522908586607,49.85919671098935
910.7368238618731,53.83076407223125,41.797319652090174,49.59317688763841
910.7639838382622,54.419629890506435,41.48061743040627,49.524089617352374
911.3468133787164,55.64813031428959,41.00489421251575,50.41346804987639
911.0598323278888,55.63008677561733,41.604879173088825,49.83066055019455
910.9916898171592,56.565583116660164,41.34000699421145,50.54000324675574
911.3366069783102,55.58978793460206,41.64486517631548,50.59042705260625
908.4938437460717,55.109517051991425,41.57144999040197,50.27733581459266
909.4378676126635,54.19665722785484,42.36946936155806,49.72399447920799
910.1337502899933,55.39012473369794,42.01840658830402,49.91864725896467
909.979924744385,54.68886627964425,42.11052524255372,49.58791390671895
910.8301177397925,56.08100523622212,41.54447119334324,50.89282933767943
910.1306357000216,55.181858618779415,41.419054588986185,51.228370349550005
909.5343090535553,55.620688638731906,41.167469338408296,51.680951870581
909.7648993153706,55.37854604693226,42.03598642372559,51.02657495434204
907.0760261236082,55.52172188796971,41.52928523263482,51.33799122137144
909.2203300741613,54.61724046587318,42.239897702774925,50.91011238694512
910.4997338357566,56.75422811375098,41.41199809660702,51.79084261563409
910.4271500372986,57.68572712842699,42.202857207538386,51.54943341246158
910.3148399231432,54.23047423248348,42.27378161408714,51.10084315408615
910.6149756263898,53.92104545914974,42.676534308851146,50.51408220004411
910.899348555481,55.429003623024585,42.21243317390521,51.1822126175947
910.653726272263,54.47553036672883,42.3408004608212,51.25736737164891
910.853081520839,55.02324107726396,41.517424035782184,51.67172540385624
910.5500496003018,54.73484455373446,42.109245321841826,51.73541740959825
910.2227919964955,56.1157855751555,41.74734135716753,52.22886712144063
909.730913372299,55.363612384728064,42.10912097828315,51.967562872298245
909.7193925957173,56.923787590553786,42.4846488736383,51.463120606551335
909.958904914381,55.057914320701656,42.83491116925607,50.98884726786816
910.0474368264961,55.785775892406136,42.477211252005446,50.96735838597195
909.9477821263198,55.29239515120743,42.630816164646745,50.38961882123496
910.1423377150309,56.81296590044792,41.756566362318225,51.62777896612556
910.6040935650634,53.00904917067674,42.513785958792404,49.99113229261128
907.8707040369868,59.01961447888534,41.806754532920365,50.566849210373775
909.8293434710024,53.69304552741803,42.69601281622582,48.953602034878216
