623.5,476.5,69.0,89.0
618.0236672091881,478.29308031739356,71.55969025127092,86.52547862645861
618.3274844009618,478.60351065248494,72.3279903493444,85.9507977649521
618.0977855332425,478.4775046435303,72.64799995566793,86.18541819245975
618.1323708226777,477.7582037075995,72.69009857515557,86.11058696552848
617.9697316160923,478.05752637085976,72.6136041912187,86.3604489837306
617.1756584659155,478.4772441091653,72.88619301171386,86.31073308872357
616.1228242016589,477.60927700176535,73.28000791683682,86.20407697149221
615.9150434859068,478.1773955009202,73.38780028820608,86.43916713497144
614.3931411562792,477.873671746123,73.87357744158675,85.98468434576063
614.6242474365611,477.74106462578413,73.96828189276086,85.56821450965236
613.8420426811169,477.7035090679272,73.75408963801647,84.93884491772079
613.6057180852868,477.2821612495638,73.8135456038162,84.74344066946068
612.89054413266,477.1852542759738,74.57550073162686,85.17815134825571
612.9886588735828,476.37613771558085,74.71655089736984,85.16406060791954
612.480657258318,477.0004659222927,74.8400784632839,84.4073331891515
611.4281243640578,476.4692292309001,74.76573617837899,84.29417647931578
611.7538349919604,475.96212125798195,74.14082235607778,84.48933043059944
611.0072502506832,475.6569585653406,74.15452873819876,84.48440761260468
610.8473184006448,476.47159103128877,74.44041720215776,84.61754402310018
610.3220104584628,474.5590073383112,74.91148866151096,84.80602222295914
610.0737510228263,475.6319099520438,74.91978234095245,84.42351228834823
609.4671514776451,475.8865227886737,74.77862311584704,84.2633744494467
607.9583246504774,474.7111022657855,74.81386991555291,84.31997335159213
607.1571142276359,474.2272241310721,75.18543315053336,84.61137294777828
606.4352630946229,473.779898401401,75.56143550734919,84.61947868940423
606.3635853706198,474.45855463078993,75.32055649714717,84.809967009969
606.8663163503275,473.08285088269696,75.0751881670922,84.49907883087721
605.9554176304778,473.2906406001479,75.21707148993208,84.12840859753774
605.2826274589282,473.3297315407896,75.60260005805245,83.76070070073419
604.3822093889444,472.4138574270916,75.96086300828492,83.83896157957373
604.62998730168,472.73722711450944,75.70788710489354,83.60172006183188
603.6776065076238,472.2718488651604,75.85022982684862,83.28078819936204
604.1441456139931,471.77383706086584,75.517861529271,82.96742460091987
604.5601626385147,470.98527791284306,75.08055804815996,82.22833262703747
602.7959340152237,470.934875640129,75.24580652399013,82.33470570567007
602.5226096371797,470.78818805802484,74.99681618238732,81.81184312220915
602.3567787985683,470.63313160980204,74.58094698202007,81.26698246404368
602.5472784914991,471.2629250761604,74.05631572064348,81.3423248783651
602.9653703074822,470.5183126490581,73.96886858941738,81.38314244020373
602.1793036782453,469.5337281080498,74.23004083981911,81.32325854942684
601.5488530007901,469.28084254386243,74.34702403810579,81.7075643673471
601.2094921585403,469.41673784010425,74.15933069880168,82.02352897811062
601.9452548597686,469.4182140720186,73.4040033830835,82.81285939363443
601.0887714212686,468.49982264966206,73.34763987773665,82.737009772985
601.0368901176913,466.8907116497903,73.42810033586358,82.71991335041096
600.5503879527815,468.62251071537867,73.4508626827463,82.16752361042384
599.5031451611013,466.26842262751643,73.4287527594386,82.44800212760953
599.91313086452,466.8107293266038,72.91260282691493,82.01641912494256
599.5580301319086,465.6820293565268,72.27139700263277,81.79893431663768
598.6407471797199,465.38889169563106,72.01589695089422,81.74989338572067
598.282582470816,465.9107416570822,71.48481034926246,80.87879593750785
597.9607683253953,464.9135227518937,71.28447638796395,80.76551384966106
596.9991142575846,465.2215039533759,71.21650635204594,80.33728192295685
597.3405307814049,464.00860092956873,71.81766511806494,80.64320967848748
596.4641980092041,463.2949019446246,72.01096157524731,80.9717279534371
597.2839145130572,463.2072778485042,71.86530095504565,79.91142609971074
596.2580084604065,463.65869148036074,71.79913544117599,79.74256983571534
595.1956501282328,462.2173523709448,71.5924323991787,79.65263448147283
595.0088997174763,461.7075787853304,71.77160497219097,79.79726974836677
594.5613282722187,461.28580880697126,72.20516704977521,80.07137565833966
593.7769470856201,460.23219599765235,72.69453496324797,80.28029526482383
593.4899940058841,460.5432748305204,72.83270947332113,80.48317597255814
593.1907144153593,459.6516503587962,72.95983790566959,80.40698518536227
593.0706008805173,459.26422779454845,72.37563528451564,80.06516697710396
592.4288325958843,457.87275135420595,72.5793149812232,80.0876146583565
592.0297211828735,457.88244588835914,72.34469564797368,80.02468760824195
591.1664398958313,457.3632173907929,72.22254840035684,79.24175492823412
591.0645655451432,457.91539563359703,72.19570081269435,78.872098585963
590.6992669265318,457.42074018087607,72.15432712220186,78.61751372228575
589.1950741889716,457.0156201078535,71.94342734761224,78.52513176463972
588.7406634702245,455.8501108782063,72.22146314105198,78.82616622658918
588.0414004788743,456.1967323505976,71.99648710768497,78.32544306578032
588.6693290963153,455.26644756565895,71.62139429760381,78.4380885462258
588.7264968040137,456.2164604371014,71.34760151156817,77.97850691516496
589.0565055999234,454.08968311199015,70.67723131286346,77.89505356596729
588.0113265753353,453.705305680745,70.97805121697449,77.99982830207657
587.3651278521547,452.91044449019176,71.16333697090693,77.94919569222394
587.4030220487452,452.9856308634498,70.9454715638757,77.68043783193221
588.4091927425939,452.6425071167201,70.30203572045963,77.15057235408574
588.2045958151201,451.20718293928053,70.37922413421822,77.33902504551267
588.3380241856468,450.96310956480613,70.36581471720243,77.2495453277104
588.9480924569276,450.5978016619491,70.19954956784458,77.06161570848626
588.36336274386,449.16817377888344,70.1592809914317,77.29773900734769
589.0137944399502,449.8045085225834,70.01935109381901,76.99607275433425
588.9210015873718,448.5902289061144,70.46855836765545,77.00463310307116
589.1365943683389,447.6435994947911,70.06812934445517,76.61193125143186
589.6265119521435,448.1817744661085,69.53219240763721,76.39004262109113
590.5022219565078,447.55908938642744,69.2764796723918,76.37116929690974
589.6616490463796,447.2146464221853,69.64137373788759,76.0419231348256
590.0512616435664,444.97643035838155,69.51184239021647,75.78887165800185
590.290010680555,445.618062514892,69.2519972480485,75.30201426970554
589.8775314342631,444.52449300086016,69.5683938314336,75.38452044330754
589.4860692674051,444.62839628151676,69.37251906045913,75.52418443372362
590.2151307085338,443.7300028271101,69.08846236415299,75.66413185259998
589.2957049562273,441.9727709316854,68.9404332087091,75.51579318564005
589.2922633920377,441.63649205514196,69.29726766393507,75.2141698827043
589.5140076740229,440.9079003773061,69.08642802395802,74.42482938125934
588.6062158767708,440.63137553073466,68.72803472026894,74.66100191790613
589.1794011373448,440.35646798111395,69.04774438787203,74.42361149985555
588.1918684648584,439.8313907294107,69.30952047198055,74.17792192519802
588.0678610741102,439.1396279154427,69.65155991168022,74.17594485709677
586.9342877256402,438.7635844984909,69.9804415233998,73.62155891268003
588.0279553264445,438.2411209562841,70.0799090904984,73.36159238423204
586.43894529092,437.53556068909705,69.63509114122277,74.3057946289447
587.8459416695123,435.45933776009434,68.59117167867772,74.43912742313789
586.9634802675489,435.1335905573728,68.45640635794788,74.0973311062107
585.6785028715345,434.3886731741343,68.63166157645972,73.69622163021046
587.2869933023164,433.66947661307694,68.20720862894314,73.51463143685723
586.6638003868619,434.40582625470756,68.23421241219896,73.19989352215677
587.0558743098895,431.88332757236134,68.1275313758934,73.39343519837264
586.8427769336969,432.19066732559355,67.97858362549385,73.00464573230587
587.0562061833293,431.4743098571248,67.61186517717668,73.12168862925773
587.5539035701407,431.1783119880391,66.84894772577464,72.62693421770223
588.4250996135155,430.23114428821134,66.54648119043964,72.76315396813447
588.2290179881757,429.4893536396275,66.74823856567495,72.4034266973014
587.5555647058399,427.8590309746353,66.73891510982335,71.91264413841549
588.4018065456025,428.27369167851293,66.26984859319319,71.32690474092946
587.8958013946566,427.86659503462795,66.38945445802004,71.29693955806871
586.8251059986635,425.9656586433629,66.48875006567997,71.50338172803475
587.0906007093936,424.85838362681665,66.16902577605106,71.23505402980398
586.3565064309785,424.6850234604924,66.40614834434052,71.09511185539526
587.1077663048077,422.80505938327167,66.13067210616543,71.23872941337066
585.7006102119927,423.16158183056626,66.50869879603744,70.73223480400166
587.1206957760477,422.19923232046483,66.07694560806729,70.53018883862404
585.7572730394719,421.412854800584,65.79433349302298,70.17077861330245
585.3016578468564,421.05400590042865,65.75401184482968,70.14337478292543
586.4170336512129,419.5246818246378,65.46583068403837,70.33687439019559
585.5444089364976,418.73982574153854,65.73778514009558,70.17191365237949
585.7666087299076,418.0855126676879,65.76990272394322,70.1822314275832
584.3586325274215,416.8149077110397,66.05227482572333,70.67488930459427
585.5561500968586,415.5307921678389,66.07417179286728,70.88828607283483
585.1910947125875,415.66239324469154,65.85083039151415,70.94943332251097
586.4369103771214,415.0016913447259,65.35056568727853,70.42029398107721
586.3669338037665,415.06357946685006,65.00893732487502,69.65320575944237
586.3348955417101,413.68288219128806,64.87437372597819,69.138177809956
585.4976563991613,413.26331155755116,64.35062222134174,68.2929362811423
586.2885960481251,412.40376461314776,64.37875903097343,67.9806137537809
585.2464078568274,411.62249447710417,64.5632453483756,67.70219328482489
585.0434028975876,411.057681488295,64.78089801795286,67.50875624650558
584.491518823178,410.6394550005657,65.3797036032575,67.48096607220674
584.4153347467079,409.51027002011654,65.38297651894254,67.17135931992448
583.5213229113692,408.54380114377705,65.21466452582439,67.20919302196722
584.4400382542377,407.8366936388296,64.7785184155498,67.33482463399679
583.266376880792,406.6098275076143,64.92447974467092,67.42538245795087
584.7109010268468,406.1895040812088,64.06852562027048,66.9984728818525
583.30837070335,406.28791213135503,64.35751423242857,66.60741421473611
584.8214251367796,405.5661176181698,63.89599891911238,66.66973032908105
584.2418598635174,405.9146403301488,63.73586350398949,66.18520268816889
583.863458426486,404.1705509150322,63.4779801512076,66.46073598770141
584.2573315523991,403.51983583474504,62.73137192624483,66.35606408700401
583.6783243617076,401.7125279705783,62.38945807162018,66.5065193729852
584.5048282478378,401.41032240711723,61.98886309538019,66.27081715809902
585.2719900786329,400.18634918039504,61.5121774829157,65.99431707643294
582.7894894169815,399.2070197019998,61.63629698172497,65.5787055940755
582.5564538567265,399.3047299733629,61.85168953315645,64.75844115591397
583.2295830288991,398.90141020793646,61.60116852687753,64.47441022034377
582.6829105365025,398.5319436025835,61.53111536504137,63.48908083587295
582.8665317247236,397.8827202641995,61.57065752305367,63.296229313941005
581.9022408683754,396.84068782530414,61.16223099791124,62.95947371710709
582.8346202627426,396.80556240232283,61.42254397316901,63.09233471990382
581.6002113486985,395.46495189959245,61.17043122493274,62.845503776817296
581.096908735026,394.70879637818615,61.136125254615436,63.05093374949287
580.7173609115988,394.0751468247106,61.062396730880494,63.048746429136806
580.9397829959831,392.5127096114537,60.77310025548357,63.38989845498536
581.119034947156,392.12971079642466,61.055170212352664,63.48897983386089
581.5535102029238,392.05527680763004,60.57065726185216,63.09838470863258
581.467211438821,391.1080699478871,60.39335418676343,62.96862707573203
580.9115315200542,390.7194183237216,60.19028164171342,62.53216017292475
580.1069726581875,390.3511815807582,60.159062136671835,62.53268157955539
578.7056198902003,389.63142047122005,60.480460404503546,62.53408200297731
577.6087905279481,388.29750957448414,60.71388854009473,62.618619179978836
579.2987426524008,387.85411503439855,60.2227882500821,62.07823953322897
577.1384430569344,387.8891035958503,60.378873853063446,62.00307495522628
577.1572349032755,386.4331209680718,60.22255171772187,61.836704687178
577.0174024256088,385.1126667186922,60.244483536639734,61.53494760900239
577.3666301442128,383.6552746801428,59.90999626316054,61.402093269811004
576.3208939878541,383.5423187342951,59.78733412115079,60.91076995394862
576.2142283879876,383.44377105778153,59.88997994257065,60.93720580959548
577.1661578659389,382.45603129523874,59.10384886237761,60.91754537820685
576.0607395394233,381.45257258567227,58.761887244229754,60.55847549646698
576.3921628543926,381.22448003884375,58.7046146856982,60.615822099876226
576.4363521483498,380.82625216095585,58.37716711279856,60.47346971251322
575.7225837380116,380.4508992460055,58.105285388705724,60.37222209554875
576.3245019159592,379.7253088083208,57.75359053232978,60.253417700418005
575.8976602658539,379.1244905871964,57.737179115991566,60.218101360989536
575.1240328333633,378.70874136180885,57.53614177325471,60.017790720196665
575.8480216294057,377.69322574318096,57.123842448649,60.39427486215365
575.0588901469567,377.57960323624803,56.87083519565142,59.92768181611736
575.0235833783614,376.961128476819,56.69816587828487,59.70961496038744
574.1407955140146,376.27662399458035,56.55051738670282,59.3105079275503
574.5514879631888,375.74473559813936,55.9954169541441,58.87187907696905
573.4633809171512,375.9471923248832,56.17575008480107,58.140733547790155
573.1359466278838,374.9334448136891,55.94617162516239,58.207748595431696
572.7975983628687,374.70271201480335,56.344283257674235,58.35179943261355
573.1343541328563,374.79363322123896,56.22001129356201,58.42361632769902
571.604976183143,374.05951256181226,55.94391068282628,58.18827369078774
570.9140298552494,373.7645982081293,56.17792349967001,58.346349895235356
570.3788482665269,373.1867366596532,56.25676615309001,58.4233600519715
569.9053430054593,372.688089138117,56.42366494512662,58.413014852467334
569.6213962353728,372.41601055708,56.40168082025659,58.33937601072272
569.6440054650859,372.1304978163444,56.25662452867762,58.23206397779351
568.975631089338,371.31079776475184,56.39948568881131,58.269905634094485
568.4043736642777,371.55991487584316,56.372631079779715,58.0847512756985
569.3073646597107,371.30295947502174,55.824867973381714,58.006248949919055
568.8371499429222,371.26380491579266,55.53879212741785,57.79223015771548
568.7348625733324,370.2664313107722,55.51845578778668,57.84705968415502
568.0469753273754,370.5056355840454,55.278588208930366,57.38855634342458
568.4973588516298,369.88985707270075,55.044419540033665,57.40088855551365
567.5639999741053,369.934726452398,55.10343105824336,57.543421199193425
567.3154392469526,369.9282867189098,54.89759827985603,57.480323921875694
568.4710520787829,369.6130041973079,54.48578894367196,56.981020696112836
568.131558787857,369.1397735651928,54.12459639210859,56.43513543515074
567.6443575996884,369.5109801940131,54.260700686093884,56.083410269026686
568.4844301153314,369.58113771592906,54.0404262316664,55.78293277631171
568.2060434764737,369.8756214266492,54.02283210539778,55.5088257584091
568.6208742157836,368.7610279726204,53.76396038116883,55.53993188834474
569.5416257416351,367.83586151214985,53.80581282777971,55.665304243718914
570.1620058493432,369.0643716033927,53.637222989141094,55.342411916534076
570.4492027172643,367.5501764905626,53.9083819361755,55.49589679437022
571.0172963671832,368.0102114553392,53.374011290542995,54.84288005171053
571.7624910583908,368.14774929696756,53.33153901189532,54.89649626823014
572.5202764001405,367.2967580256459,53.31943827239611,54.77204145678566
572.9681611252875,367.0466759723736,52.762068351559336,54.54302248551815
573.4580093312348,367.5964322720423,52.45982992792675,54.445832321559664
573.5326522548469,366.36638805860844,52.021801001993936,54.26961899252231
573.3254732603924,365.8468041708699,52.109173095269114,54.42408790020151
574.4405331444005,365.4909531208394,51.62471983115907,54.18606598168883
574.0559708448889,365.9728101983366,51.7753124282104,54.24069873240266
573.9919842504075,365.571457583754,51.714739779174465,54.31511584749689
573.7774472498925,365.1255388305635,51.52348583068083,54.2787126374205
574.5301521417076,365.0422705903479,51.07686255847179,53.86685136699721
573.9316934236311,365.33347014246306,51.465419417994966,53.886453214533965
573.7152451689071,364.8835137602321,51.620407840666374,53.49140571860464
573.0635402095954,364.9358065423195,52.064373975529705,53.28229227119826
573.3280318427352,364.9128391054965,51.830784504025104,53.47893817461211
574.8755847197685,363.7410580715276,51.43654234973563,53.68686367448047
574.8044514965686,363.1971033576353,51.539190251854976,53.88062463329387
577.2674327603906,362.64147954262,51.48810946859578,53.67927820719507
578.3727985093022,363.6597360623034,51.90801847751689,53.681237343426304
580.9576873769587,363.01557078651376,51.658114456650885,53.38348484046314
583.0209185569141,362.6919481817434,51.08936942004327,52.76520113269126
585.0334463590962,362.1797169978027,50.72098009451838,53.24950201013222
587.9778263799755,361.72276628111445,50.92093989757784,53.140230349712986
590.1573439607953,362.01258316902295,50.646844692603395,53.091654468125824
591.954016970823,361.83012268306044,50.30405084997719,52.69831304419206
593.7447736970819,362.30377129834176,50.4911674252304,52.64722517279843
595.4398752051158,362.04765246897404,50.4817682326337,52.48049404434063
596.7270780113188,362.24835136340306,50.2857519787481,52.33541035431751
599.1681724992017,361.3793307600347,50.297143916526046,52.44485453995134
600.0087917022872,361.04464732789205,50.25875078337273,52.40307731453791
601.1371831778341,360.71516545949805,49.98388902826288,52.23551238292223
602.5816264733475,360.4640365347936,49.91090800822006,52.02436724580466
602.7421583488025,361.0015701413077,49.67123577065762,51.83204243771423
603.5038859231713,361.0797845544699,49.81275984135665,51.77492134963434
604.3105419707524,360.93279351275,49.65944277755126,51.4668145048515
604.6906079871839,359.8717388543045,49.28370297639111,51.417759785945364
603.9089840060496,360.814607336251,49.42672496076198,51.13058971181525
604.113159853997,360.0145039029385,49.034887273731975,51.060344222101804
604.4391399124951,359.90318911028385,48.82064939265395,50.97990290458665
605.101484248766,359.9542222657486,48.41923100524152,51.1963547554308
604.3290848252464,360.27651479891097,48.29222303999461,50.68693868853961
604.8260550780204,359.5499148528116,48.063232511844184,50.49007292026171
604.4137342510917,360.52675326885173,48.219210842776164,50.409497799454584
603.642419746399,360.4973517318988,48.25701044542333,50.20206343563544
603.0376864716077,360.4121493837016,48.17568667556314,49.92125211979035
602.4415449462481,360.947491458179,48.28012797709099,49.76512191113173
601.7799925675328,361.03561808375474,48.2828457287157,49.465415258951126
602.4453253384754,361.2041621066456,48.27373031767448,49.620184503437414
600.9653404516007,361.09519632164324,48.86519962030897,49.715072208476556
600.6859570044746,361.2643212613705,48.82059543082464,49.87833020732555
600.313069992155,360.85308290470516,48.51681522668133,49.78587770951658
600.3083983284297,360.67863915413324,48.60092859494189,49.88887341609818
600.3708949632205,361.2859354920075,48.457326975053434,49.74777147921831
599.6867777983115,360.99287758708806,48.58335485059448,49.851908604393486
601.5000415760423,361.0184892229565,48.1183132055485,49.69694920027324
600.8599901920517,361.23440612189177,48.432281961784355,49.98522128886197
599.8760157102029,360.9355427220954,48.64111391822652,49.980158746051295
600.303221445851,361.5051480160259,48.43195538996914,50.20423501102702
600.6639785329733,361.5516653472905,48.28872059175467,50.0708470726622
600.9214251031127,360.85639880448616,47.94253677428584,50.00517014106667
600.3637688678781,361.6679864559271,47.98646064249821,49.58537065452995
600.3731357131477,362.1327375267933,47.683309263112534,49.58239505927587
600.7855469433553,361.760363532898,47.44035968315613,49.81763092062063
599.8106534211778,362.03938705721873,47.2032153558222,49.335169416088505
599.6888665348432,363.2401408161652,47.09490434617716,49.112272461473765
599.9180128694908,362.667925406075,46.76400633818944,49.23317101026892
599.4536563075485,363.2203567657169,46.76694834486359,49.09929024651353
599.122884969039,363.6832166115428,47.018026794683095,48.9710703307483
598.1538581552218,363.92070562594284,47.20484899035639,48.89780898128272
597.8330488190235,364.2784536488396,46.96357213348274,48.755582898753666
598.1924480647634,364.55585414930255,46.91056092160875,48.651237652823156
597.9590599433993,364.89772354097744,47.03958750432177,48.71439060645763
597.6021061286749,364.3752956798563,46.74874941195371,48.63545534931454
598.5388179531419,364.9826220010597,46.93922861793919,49.155705923269736
597.9390170131464,365.02496672431226,46.41503734893561,48.595549390926266
597.7184627678954,365.60360474826035,46.2237572476712,48.2963708366786
597.8430617221637,366.1023125006224,45.79389627501244,47.991151224288515
597.4188686793026,366.05515483286166,45.85490226143811,47.81807836501061
596.8297761068563,367.44598596249284,45.90599087255539,47.90407925081355
597.4129034779018,366.5479178541367,46.11038356088444,47.828605183674235
596.9861467512275,367.24306935881015,46.45729818400989,48.24956275534385
595.9656128419081,367.06564481477216,46.3986529155668,48.24420914352011
595.548156953804,366.94695668446496,46.5018236210275,48.074191948629206
596.1295304539327,367.66610908552894,46.51754401369158,48.42056477120367
595.8845520002018,367.01546788949645,46.72399440851163,48.564964161941106
595.8003550173644,367.6222881957,46.37784907279084,48.58952790954234
595.940401797077,367.707151781446,45.958587548907204,48.541256385101605
595.9011871162131,368.04153419845056,46.18668058248606,48.81103463237601
595.5801728539861,368.6656779380005,46.07095096637616,48.63517502211926
596.1619015864585,368.4667712926464,46.10447457385729,48.68051109014641
595.2379854980737,368.6605353775473,46.20599985441703,48.53931240671464
595.4068199095599,368.9072617550942,45.914431528690656,48.53848622923661
595.5218691936675,368.9982816818593,45.627297510583155,48.06653358564639
595.2408469614636,368.8533029334764,45.411954594390906,47.83857553551811
596.0281523684876,369.46306727643264,45.05364188367546,47.71111051499568
595.8523260406572,369.5922251645888,45.034369142655436,47.61162198391878
595.4401261227744,369.88905775761106,44.97511390716244,47.6707958028677
596.0950525138935,370.0404624461818,44.78028175766809,47.83725534376365
595.548410766686,370.56398807481656,45.077177520054086,47.82095662612883
595.0618104664336,370.73262257028273,45.23591063083944,47.72231266988642
594.8055148679848,370.0092985203099,45.08743291141619,47.6917690832017
595.2021794730277,371.1992120338116,45.107282181001814,47.99533768035918
594.6833070795254,371.08451025408584,45.078222916607245,47.97085817601747
595.5684183818042,371.5113817319604,45.12694965382356,47.66898562594237
594.3304041796976,371.827839864684,45.229765005287334,47.34951236558017
594.9553377128562,372.0069479470424,45.10233470082616,47.17742709707393
594.3412710261865,372.3376224967766,44.88501299985534,47.012132229726106
594.534072838417,372.3240719724178,44.67476282795757,47.13217223804226
594.8453170985136,373.2522004195602,44.94011851266697,47.41060419797493
594.1182982831293,373.1250533900633,44.977918312319765,47.1959735855574
593.0398625968567,373.2714521005145,45.07149646625254,47.35528067353168
593.8822187335185,374.62370610911745,44.66389023960545,47.50899561775158
593.6782626816045,374.4496371540391,44.59604167491737,47.39854454031928
593.408444552864,374.6258414649445,44.744928060667476,47.37208755434622
592.5629251226937,374.90878773213177,44.788967561877186,47.411985039006936
593.0094495524982,374.6594880415837,44.36578468003243,47.13340625180625
592.108510941864,374.7570178771641,44.51538300115439,47.11042940714066
591.8539721964879,375.22056208902916,44.81774496770974,47.06730087282244
592.2571210953453,375.91669984938756,44.628772833561726,47.23558855877831
592.0495035625664,375.90880082685345,44.765340866400685,47.18190770460605
593.2811760186171,377.06484228187145,44.78964467980893,47.137082008162594
592.3200668901534,376.69907501046845,44.43141998362665,46.977298587368395
592.4290373059125,376.35588606881043,44.398504352356106,47.18603241460262
593.4786271246032,378.12858365242863,43.751266205148056,47.362166015905686
593.3027185291422,377.9380013247103,43.506155872457164,47.27137486532541
592.4956437074621,378.7015244655791,43.69453606753705,47.137334193100216
592.7243446003479,378.52891224763096,43.40059614576016,46.749481758555035
593.5634256811176,379.517605419531,43.30775398010089,46.460405084249615
592.7428925700538,380.1723886579971,43.26280864941781,46.16745173311848
592.8501757002601,379.80360823072635,42.949482395094236,46.05295721685228
593.4275591839656,380.4424530925733,42.93643047742684,46.007222067743285
592.6176624739197,381.39697741824995,42.786294130863766,45.67993179632632
592.205399091433,380.88845741083486,42.63609421889623,45.39983252416148
591.945254667104,381.0103734476235,42.66522887367608,45.446964964601314
592.3939785672427,381.7632280288176,42.69838481599832,45.547809595166676
591.657684028105,381.60012895787463,42.983631131326476,46.02460589052448
592.3177052289005,381.39699616812885,42.824107018347846,46.55239225004304
591.508759497294,382.030811856868,43.2258852718365,46.69653610392602
591.8904412932685,382.7898387833951,43.101409502515565,46.80204577893282
591.3944482364138,382.37257361584835,42.92767253082137,46.64154976400495
591.9405498364403,383.20012723486525,42.943118537883706,46.83842273532174
590.8507828552313,383.142038017493,43.18321821036935,47.135557220819834
591.7249325155628,382.7794217734624,42.77656508416426,46.99807827928505
590.1451635045676,383.3399816479965,43.29885721267635,47.05250839498581
590.3416670308903,384.0878374900008,43.07730995407542,46.5854469947907
590.9548499567538,384.07956386743405,42.931145132125906,46.42292123400955
590.7239285482465,384.7817181766662,42.72120122361967,46.16994904704862
589.3731995366816,385.19627644931654,42.866460411376366,46.1869122088935
589.8653681756113,385.13520201755466,42.764001271105506,46.01663710887054
589.4965787277607,384.98711918164497,42.51744179724638,45.815365094961884
588.9985019569409,385.2913489287828,42.57466202599322,45.95065694775124
589.018282095318,385.5164462255693,42.71514830761912,45.89410463070359
589.2420567229663,386.3260303241956,42.633526599538904,45.989897843019925
589.2682777182221,386.30357098992334,42.36177663504653,45.684729166917876
589.6009696394773,387.11873110453456,42.33901299841523,45.575538665059085
589.5308689693085,387.49673267418444,42.417856620791845,45.50347832055915
589.5269415320843,387.3588510528644,41.8494807904559,45.30590781700441
591.0232434294059,388.39027777665825,41.266807701836704,45.23614464136644
592.1022636371821,387.98990492290517,40.796514526350826,44.82355972238484
594.6753248981868,388.8135444513232,41.148283430427895,44.86396877780775
598.1011256775384,388.8401410554702,41.140183439565234,44.77496133638948
602.1186089158888,388.4520859445664,41.19476412015209,44.811972472866
606.5742197587665,388.4580438820181,41.3622615734958,45.027181825414054
612.6258902283149,388.7464231517973,42.0050964003901,44.86311824668829
620.2041712574031,388.7976463904646,41.608140703602885,44.60361293432406
625.7864898071128,389.6732839480141,41.88029120946899,44.42176423657578
630.5312278722944,389.37890601677776,41.86887866248013,44.0811310395048
636.464526462367,390.1157372375756,41.87854414712987,44.078716390153104
640.5158527014751,390.2798153335737,42.00955808889647,44.108691338627395
645.2369372886188,390.59725308539225,42.12868251659876,44.13328108834345
649.0966314316983,389.59809050937207,41.87151299188385,43.846681017986924
650.9083302311169,390.45147574557063,41.70379147184312,43.93280395531882
653.6571401568903,390.37013941731607,42.16524659435636,43.593517287944934
654.1192597890647,390.3639719772685,42.59207439620002,43.5279618464277
655.2192376422652,391.33844839232927,42.69385099151111,43.718450506479506
654.994624618346,390.79977400655696,42.502776169407674,43.48585560202925
655.5838663749043,390.96722279816777,42.279677924025776,43.26061751177714
655.0363262447765,391.8298780350272,42.76863956483922,43.32052658819096
654.3727409089274,392.28739758757024,43.150893451774095,43.05453748043459
653.3403107973747,391.72199234122786,43.266826868429696,42.67927497507256
653.3638835578101,392.49166831050184,43.389902378271024,42.3150398139446
652.3081275150079,393.04736732944843,43.77553229129096,42.00799745699402
653.2925169889364,392.1000082497159,43.42575687775084,42.33892124199306
652.1509529427924,392.7670532508516,43.638643757194174,42.62069325163126
653.2348275273728,392.4463729077699,43.57467128137744,42.94376799571698
652.1000478590469,392.6392081263039,43.68151065304822,43.37170733752994
652.8494372379503,392.9703298673241,43.09799977997276,43.337183615430746
652.5211006871344,393.42825375100074,43.40132039451707,42.910761030419934
652.5254836427522,393.33270759154374,43.456603131162126,42.82832098854185
653.0587749498221,394.21412492956705,43.36701491227836,42.25687933026407
653.2112347925233,394.1066555998523,43.389189811579314,42.047831226931535
653.9705784849647,394.15811726520315,42.90596409089653,41.874162219473845
652.9189102250039,394.08660891099146,42.832177302636396,41.980892894207244
653.8596459149486,394.70647817730713,42.195897496843585,42.12074225029359
653.9744420411271,394.94131803672144,41.81395030371448,42.100752485984174
655.0089891975571,395.68531460898106,41.41216730162266,42.11664902137372
654.8311442795901,395.3593178907331,40.95008230530779,42.40750327959355
654.677410618929,394.80282371916064,40.58518688182203,42.68627473001928
654.686273372804,395.27708036181656,40.243325087098086,42.733999199529165
654.8316985748188,395.21422478110617,40.406796395323866,42.522071863597404
654.3770150885314,395.86859427587285,40.765315777929075,42.255295855288075
654.0297129744548,395.9814979393557,40.747274833009506,41.91292866523191
654.150054303312,396.64592220614395,40.85494162731376,41.761324675684605
654.4792702818361,396.21653702043744,40.936960231312334,41.46638956938302
653.5768691826522,396.6460106186378,40.96231463571929,41.564176136200366
653.2776817775886,396.65703593030156,40.95165091406645,41.36881834736921
653.4119001412191,397.158458582243,41.10685703076699,41.46343498234444
654.3841520884591,396.9370799315247,41.2594209692337,41.303168933542196
652.8475046836829,397.13678808099974,41.51307156606339,41.33614663249975
653.7335872323522,397.22925601480574,41.86510299811334,41.31486610555926
652.334036219184,396.84337834103076,42.267380664556015,41.307921459022
653.5223490067416,397.3727664674802,41.6795146786359,41.26652818551617
652.8646204487267,397.62635113507326,41.826759142459395,41.15006032308925
652.5746419419168,398.1805756661333,41.615277874543246,41.18244440038883
652.9805287783224,398.6321529022151,41.78137246068481,40.72619360401974
652.22361512217,399.1101974522314,42.23890664306883,40.35845301186839
652.005597883457,398.59434944481563,42.261743871320824,40.35966351587376
651.3719765171256,399.6016748015752,42.24347558713767,40.41531624244858
651.8352387814888,399.2255964088331,42.41112627794715,40.23170788072363
651.3241752250827,398.92648384688044,42.34933386561275,40.21751792932686
652.3943372257919,398.72987660439213,41.88107536063929,39.94582406478945
652.3814462748974,400.0512003938373,41.84820967080758,40.02330287635626
653.047628491443,399.19153273343005,41.275433836921295,40.24716612361579
653.1286211182883,399.51742582680475,41.10138773330337,40.31431894319498
653.0432098299545,399.3818613704468,40.77865720795451,40.478826977929685
654.3328108297673,399.695227039726,40.62945312931895,40.34734178152029
653.3694710295305,399.9176687898788,40.42389911010272,40.46265092581078
653.8127118515687,399.5063688380674,40.33984946666325,40.77875225422308
653.3428454753742,400.1192299982436,40.41755356066211,40.931181827486284
653.3466502082496,399.69035404764014,39.95150885750387,40.933469806669486
653.7436854693002,400.29516177973835,39.86491858719154,40.58074025250718
654.0088502767479,401.2545062513383,39.74051788207467,40.104658712108915
653.9185826411958,400.7695688170806,39.3997347771147,40.15389102586423
653.5033069176377,401.5114821256551,39.30975036178495,40.16025861018461
653.0504611665177,401.1894566147523,38.98512677479917,40.148931051896824
653.0208155103621,401.24983952233555,38.776540508375064,40.22996021868685
654.3000786403373,401.2817186717501,38.888341196590545,40.20349283942984
653.0946369981251,401.8765403397691,38.74365793171397,40.31675732790819
653.9341372546965,401.54078083926447,38.47065386041237,40.05870636927696
652.7974090593698,401.70543708164485,38.55576839506281,40.23240844903038
653.0877373517294,401.3969852349226,38.62515589393891,40.79799753893751
654.3018464975337,400.6558643885786,38.63194517450441,40.85662484888166
653.8061443116364,401.09952909273187,38.31590294729218,40.81637430038122
652.9609138481093,400.76116472098624,38.53386116591149,40.62781776650577
653.0438369181809,401.6439598251063,38.63390827647219,40.594319700370704
653.2388909557097,401.82933269813077,38.6109851086124,40.36821052572922
651.7755470022682,401.9311058198713,39.04673387517548,40.23372031633636
652.0665960656057,401.8200745718462,39.30417956792813,40.43927012972509
651.2181906413075,401.7897416696398,39.669036294934884,40.40773021597815
651.1660921124551,402.3301458809798,40.00631221983677,40.24214712031314
651.0620556783944,402.60644637066116,39.97441267537188,40.433895739834966
650.4393742236975,402.4535259323097,40.29278197629081,39.984210610316154
649.4057366751173,403.51809930086347,40.52913327775127,39.6492121991287
649.3764906272146,403.4035804542913,40.70155114348176,39.29230059055336
649.9362132197041,403.46201104988126,40.79114350084602,38.93526749004111
650.0540534144452,404.2769268884134,40.523982828818475,38.9132666950493
651.0842721101995,403.50376033319515,39.953170414421734,39.01596732200346
650.6811813743063,404.247172259899,39.2197196850134,39.156103388525224
650.881467537864,403.9071567641493,38.78149058874167,39.39473990194194
651.5360718834513,403.8970844768583,38.243347549937496,39.33481966571147
651.6116018682883,404.4414703989296,37.8589034031748,39.309252110051574
651.2187496564527,404.46860877502127,37.836937650816715,39.273756390281456
652.1064263157681,404.97805863151086,37.464415767389426,39.17707398677723
652.3975591407689,404.5502244819924,37.5250018873121,38.872091436471756
651.6804533039469,405.04593805002963,37.79579800977045,38.616045903638295
650.9322564826134,405.5520543504071,38.1573435346091,38.5253339532702
651.0990357643589,405.50291430665624,37.798798471197536,38.42062113956595
651.3991522309246,405.12930352989906,37.660514379876275,38.088788933505356
651.1759462932924,405.07292456619575,37.72759952417404,38.00327685294407
650.3380833295291,404.9367937626742,37.8841635120799,38.1596422424622
651.5090506500856,405.47581780445256,37.91005414066595,38.32393412758675
651.3866685523368,404.98943685294915,37.8425964216337,38.306373977161115
651.4452408095594,405.4996998496023,37.53311518397999,38.412094436186464
650.4523536037674,405.6972671962697,37.460664440687495,38.71053101236369
651.6559649367997,405.5049771571745,37.33989025332145,38.53881903351686
649.8692679566319,406.22117991984226,38.164364965076174,38.24821665358988
650.2063266969897,406.3266091717162,38.16615128151035,38.304419085339255
650.3284255670541,406.29396641143006,37.99114803705947,38.16253091571176
650.0253701278867,407.0003437400229,38.147331048935214,38.18855871206298
650.2142050762653,406.78597539620756,38.05447112899421,37.929073408631574
649.4166697856178,406.80793527799256,38.31462154236634,37.726185852073684
648.590353426169,407.0081074686558,38.49242530275259,37.91744576314005
649.1682370028117,407.31924763348536,38.42481914113585,37.935557736947615
649.0996482990795,407.57343357844104,38.680859073229016,37.710064901582655
648.5231591706798,407.7709551546196,38.92875808446096,37.429779883113696
648.3099260376289,408.01632877207925,39.19903879808501,37.383843902934295
649.4388967921152,407.56702508170764,38.56403365710092,37.23578585360846
649.367166072327,407.2407279274729,38.49290931557995,37.06963061507322
649.3029427590197,408.0190660311339,38.393159380857895,37.01686363798359
649.7438364964775,407.3788900858518,37.77871244682834,37.135678954183945
649.3802310824376,408.3334999882836,37.47977733984946,37.42728174110202
649.6921465471414,407.53897879419543,37.00364049150983,37.53495308416578
649.874359736146,407.93547925240824,36.75593784466096,37.43911485551861
650.5166641698853,407.73412760034586,36.56593549592773,37.45545152408236
650.1637130079357,408.69491836748847,36.23927270294472,37.67428398935465
650.110546540808,407.995241371326,36.03840454972528,38.012806554105445
650.554815123262,407.97128949896273,36.12181213417258,37.81030653696829
650.3582707059941,408.9288816381397,35.98785381142083,37.457067696999246
650.4513455679925,408.67841788480047,35.8653270091293,37.1374691998402
650.7672925765892,409.2810230617446,36.021042032673094,36.98587119736957
650.1191184696881,409.0342571487025,36.19573180207047,36.82952720377051
650.7133945287941,409.86183006375467,36.48744422834554,36.67333352401113
649.9888274408161,409.37309955752687,36.30398095786001,36.79697385489477
650.2921817606771,409.2938529985311,35.81764736278181,36.784606205521776
649.0946515147422,409.94544998571246,36.335764027976204,36.83522003812775
649.6915771277174,409.8316702911621,36.551846249863544,36.75718087023317
649.0888985527098,409.9712403015179,36.383674442511776,36.645813112809954
650.1031434148633,410.21058175291773,35.93519394023551,36.6472889860552
648.8040957441676,409.9916547424106,36.12361892869097,36.73012233498649
650.2812794104717,409.79511722850566,35.776466762174714,36.999095113054835
649.3055271284346,409.5314826003318,36.01106167926096,37.145725799809185
649.9898938569878,409.8986507975708,36.30515547549638,37.07247560699897
649.3725373206054,410.30332865175905,36.41956098352582,37.08833315212048
648.6721829148061,410.42254154153244,36.844733925526015,36.947694693187586
647.4254607228288,410.7752696623911,36.94276562599366,36.93639462136165
647.9945512704993,410.2154335442802,37.15696373349534,36.85858081460704
646.8841074096993,410.5581581746301,37.20047446954539,36.54777821757303
648.1505803900575,411.32811683742716,36.9608689533938,36.593663208644614
648.0840548805791,411.03597332494763,36.75568474309687,36.46192380824199
648.8733833021488,411.34699197146875,36.60398681852885,36.346552341043555
647.845575002448,411.3101381166151,36.58546286922453,36.349707619703906
648.335245475416,411.3835127099677,36.78111603434964,35.8885581177139
648.7100125197753,411.6237604782366,36.56571406862449,35.6441775748676
648.5738706241126,412.6050952111071,36.28971452140317,35.604272529636
648.8174787748436,412.1538043467029,36.11457389447492,35.86871381845722
648.9119380907421,412.7042232793008,35.78707710108081,35.86865834767063
649.0229239949587,413.2585592843553,35.80699292167979,35.86077099694725
648.6840681660121,412.64113190658,35.6851256148624,36.0108385029327
648.4708786485643,413.0436765971447,35.418978607296836,36.190102723735805
648.3089199676275,412.21878621613985,34.903229244965274,36.4332451018802
648.7737482671259,413.4533343748194,34.76550844747452,36.272493387105925
649.6541324554595,412.8258643567941,34.851455401885076,36.23594119941688
649.6114702438871,413.3969838836961,34.50652497821862,36.31151623348053
649.6456893277734,413.299222772611,34.31144276533137,36.17156685535669
649.9804891584203,413.3344098675816,33.867813625607,36.07964870998517
649.9954276693586,413.33713162054414,33.65061562628084,36.24760895889044
649.3818229997036,413.5662095541415,33.76798922168669,35.96740298219008
648.5701010146114,413.82077948174475,33.85948414859712,35.70648930765622
649.2362340594773,413.83704869351516,33.76053054646764,35.721181679141154
648.6572707002894,413.51106437389785,34.01597547048618,35.82487353633996
648.8379171068693,413.56698839693905,34.404403349960745,35.62601310244544
648.0825491099697,414.0682737980487,34.71896269562002,35.342535444166074
648.649242633539,413.2292217970604,34.49740821951127,35.36044421470498
647.7864573914527,413.846451864398,34.60868536681549,35.38796485204834
647.9291708287334,413.0809314115499,34.30692920004606,35.47024763243929
646.5863963819083,413.9082856863931,34.61566849668087,35.38640268729843
647.6330702808592,413.417751071824,34.709525298159555,35.427076322793496
646.6842538389272,414.1768411863408,34.80904805457449,35.27161133805302
647.741539292949,413.9520401565146,34.615795081520815,35.164700982296324
646.1940001462219,414.64015899235216,35.002459058797754,34.99138791980553
646.7419709698311,415.14430240900174,35.01084818970138,34.79667706955384
646.6991653169879,415.12553506889594,34.75774474676671,34.78188300299959
645.7290223741418,415.6222351682883,34.837811153851874,34.76456781140563
645.6578762238069,415.2408113777542,35.18941996150359,35.022532401159836
646.0561620381637,415.22692951199457,35.562898834613264,35.22218609344499
645.7533440586913,415.9366330113581,35.85220516532892,35.50481702520649
645.5039476224923,415.4627285712614,35.46783500281103,35.2511213172728
645.2103899724954,415.3448673300983,35.22346348163025,35.02766326571302
645.7407928445922,415.8774369961236,34.70950859755544,35.28929316641237
646.848354894946,415.90307017467353,34.22885474507008,35.648888003446274
647.5725973220118,416.86614774458263,34.04653288246236,35.773461661540686
647.0192660920092,417.4885413093481,33.94754477445924,35.67900614841146
647.2920536615711,416.85220505915447,33.32281393691673,35.77972604355115
646.9225760296503,416.9135148157971,33.10166795392463,35.79214313288222
647.008560831312,417.2497874217802,33.300844552688446,36.07706762268295
646.5699849303235,417.1437424187408,33.18503459032991,36.2060812187661
647.4431133508284,417.43976615929665,33.32668632723909,36.213762083525516
646.3395125076057,417.3813465373424,33.33318677695961,36.12819486142681
647.2201078698305,418.0471295420298,33.29144736076037,36.085481662911704
647.1121772438812,417.96503290929405,33.12615800936469,35.94425542374065
646.8010402227401,417.91244144618486,33.048966061580344,35.805174402949014
646.8312012741577,418.4669734188598,32.86307033854489,35.85058972281206
647.1684404213368,418.26660144772467,32.72211649782681,35.689385425279085
646.7049252694169,418.67301607218417,32.669368273453046,35.535299200232444
647.3308792139968,419.28499596749793,32.84370512001094,35.32153001572209
647.2234912420859,418.68354318520176,32.5579827690025,35.11852639967333
647.4065891322239,418.93980353370296,32.66399045204255,34.70102268135196
647.0456674642252,419.6525496553903,32.55958877814079,34.73671815827608
648.1236243744931,419.4075281446405,32.325013158174045,35.12583443781806
647.7198685890585,419.80575549899487,32.10234749344009,35.13621865876244
646.4771628891884,420.3870628400894,32.44646965901868,35.15626789411486
646.9232785594501,420.2966251745761,33.11995708852265,35.31506378530777
647.6910990985616,420.2910493732965,32.98661732179241,35.624061168716324
646.137119097067,420.36519263641196,33.27176905909542,35.238791611451035
646.480386320882,421.2807281774378,33.419416516258366,35.391876303515794
646.1390883697932,421.8131382181765,33.29365529887572,35.13930564411183
646.2816831610746,422.13460014561326,33.17214615054001,35.05905047038302
646.338068725939,421.82224888617543,33.01237746621087,35.224416976656755
646.1847920164004,422.4436288105054,32.99414881179037,35.38397107567447
646.4649433992889,422.45022569818263,33.513559390587204,35.240904561005024
645.9779281504598,421.9647507944524,33.81350993362144,35.21348598601152
646.1140706635896,422.3079607386328,34.04061777445003,34.99517135420815
646.6135772936807,422.8755080756704,33.76495003237995,34.929044499346915
646.3446501687282,423.2078481540766,33.45563667116285,34.73078919514411
646.7338733446411,423.3070193696085,33.10857136610912,34.72364582833505
646.7597753193069,424.21817726095367,32.91727335530763,34.87449567693895
646.8744943491627,424.3164725165611,32.680867599234645,34.992955499462475
647.3005415146197,424.7391991881439,32.536008604624485,35.0023069701587
647.7501628602967,424.3535885134316,32.29188479592651,34.961094957576215
647.3017264816039,424.89161531537485,32.25390823147005,35.00688898323676
648.0298715646035,425.68301689271703,32.144667420977555,34.853971335182365
647.23034913447,425.11154140036894,31.827269767778734,34.91688591812988
647.9160219142495,425.52699646238057,31.73399787669955,34.54056015422927
647.4163664637208,425.4685708951897,31.706943736024208,34.42456426858096
648.6052171626444,425.40169880359446,31.61621652984269,34.49288890451169
648.7122020746363,425.67739506071285,31.51381162521138,34.47386242764367
648.0176066891898,426.5546486190359,31.402981892106553,34.7959701677176
648.5129067842832,426.43125919257045,31.567697816345238,34.869110512924664
648.8049175082087,426.5758827258683,31.665824705858626,34.90484954652574
648.8121017704184,426.8501072612434,31.483184595140187,34.622581408297364
647.8510456591956,427.7788874001701,31.77886928634343,34.44085972011224
648.1356515803196,427.64504702270114,32.07031269226069,34.33624905912043
649.0400374803519,427.9884748841504,32.16154670960934,34.403735057756656
648.0748491956863,428.17640328573515,32.332625550402085,34.386386901075255
648.8396125716627,428.5377795502554,31.91002011364261,34.83400054005698
649.4574289504499,429.1768254296859,31.67428704145087,35.00652025332573
648.9300742852453,429.3052594231935,31.780038630599613,34.91578005235091
650.0334788269687,429.358011585421,31.32962667525794,35.13422020712294
649.3602572518961,429.4956705937903,31.459402650110242,35.00470969503824
650.3403104979459,429.84061855073026,31.286048143560524,35.135624993221164
649.9221158567482,430.4817398017028,31.427488275870587,34.90088322083696
649.2997569768913,430.13993452337,31.37242530915134,34.82466610406729
649.566866799169,430.15084383714515,31.745022325953812,34.6476721929658
650.1551993952162,431.22734539369907,32.210945868486384,34.54986917980302
648.945585662567,431.33159994084673,32.32658327450423,34.33174498738148
648.7457250659742,431.8259582633752,32.73420323144349,34.18651530702721
648.8785541561996,432.29968410753355,33.07114675797429,34.036951659253056
649.2289899529723,432.65359447658807,33.38937380391706,33.89743295647574
649.1350199955364,432.1402965390387,33.046715555184235,34.03329797372538
649.3000256234347,433.0963629826711,33.093051155743076,33.968853403759425
650.1450948925645,433.4108268853215,33.09773850516356,34.03015376265468
649.9375265510715,434.1375584919404,32.56868224219234,34.01495730356724
650.7245911379997,433.3296673176138,32.12119028871872,34.26819916874565
650.8237934493413,434.3058215730906,31.803557004975193,34.69724618185527
650.7464572779473,433.9923487835417,31.62634913593293,34.76418317550005
651.2376445074295,434.72056955159485,31.169682756306656,35.122700450199986
652.0286257584512,434.7366870154934,30.864775398573276,35.31277047752776
652.7965087192682,434.96744107211015,30.568274918833826,35.17653793444846
652.2158372904559,435.0455972900274,30.405523123328962,34.995901150417595
652.9196725048944,434.9231051432138,30.353950392663663,34.67882884299727
652.7932783385244,435.56942751752086,30.170581320027082,34.73055672450248
653.1552244050428,436.130363208701,30.22636443227536,34.68638488418779
652.7089951200861,435.9660924187371,30.285591016619627,34.637780011450246
653.4762207556652,435.6322650625147,30.306208595978887,34.4125884972028
653.2457920795732,436.5134338346352,30.009904569302265,34.553605836155825
653.070592007837,436.6890743975625,29.83278930139763,34.54175116818319
653.2661293341423,436.6658599160647,29.992591921869987,34.17236313865754
653.6156803652538,436.7610745350412,30.441812441891937,34.076192902019145
652.8525149993679,437.0060252963598,30.433611103503647,34.11616337959941
652.2958741627903,436.990090360361,30.49809803026016,33.82594268543863
652.3433368915487,437.5281234032092,30.553201784979482,33.95849452538617
652.6904063981428,437.4845550028909,30.58101419686679,33.86969289857447
653.4915767128497,438.4841387260577,30.487597574868914,33.70804021035093
653.068084813722,438.5322759122547,30.58488702574268,33.42932959525726
653.9734172985218,438.46891777059534,30.405124108068787,33.608357481555856
652.6861596717381,438.114672852646,30.534881184832578,33.5612033536408
653.5632645806176,437.9940586822312,30.355828174973063,33.835641659103445
653.487855499738,437.8069845124882,30.182454557833992,34.01138245290362
653.070038969317,437.69848035960024,30.281591050949714,34.134267119513154
653.8572492554472,437.9009598344457,30.693100206243855,33.97974754546123
652.922469907933,438.9713419817951,31.03837263113068,33.62934191336775
653.7923762340041,439.23116049547104,31.490427807357456,33.32797818296807
654.346794027862,439.32576229817226,31.063910489848247,33.32376449186374
653.2503092546774,439.06139312123315,31.124616375786353,33.14314343831699
653.6217015550969,438.9175053055664,31.156725178000606,32.958636808994115
653.7709115860542,439.8263896671964,31.352070142417023,32.81916429411576
654.222791480993,439.56483290518787,31.511925674652538,32.78348492901462
653.8075322606137,439.40857574517554,31.57878463817726,32.86181376200737
653.5146706129847,438.9067164592057,31.663894482431296,33.082574243641744
653.6912530468743,438.9502290070568,31.78236474768005,33.48590210638025
653.4451579427312,438.6053583744494,31.56390767098174,33.77251292969104
654.1679424274613,438.917833345398,31.397283432280087,34.247799165238355
654.0685487171299,438.44880125294253,31.68462793982777,34.144530866857664
654.5126120141597,438.53717207172963,31.253342367544604,34.69456618679536
654.2735020339968,438.85432105336974,31.079021524914644,34.82990461610842
654.9722261760095,438.57561552178504,31.314134209288255,34.61668990918582
655.3072509514957,439.3015063527784,31.10965376704052,34.64036448499212
655.6392935336695,438.92310087454456,30.873786311757407,34.3288316828767
655.3433360713705,439.13827475851036,30.593083932030314,34.18648351511715
656.0337810929968,438.80220860399425,30.590031308287443,33.794471570418615
655.8165828961635,438.7657012383659,30.49876408768113,33.91027306006832
655.7581432718863,438.7620913516674,30.55743447950381,33.83675844642523
656.2610091577297,438.7913263118984,30.668513864089768,33.70074200394197
655.566382697123,438.7943023708486,30.74379097429871,33.640464588566715
656.3096097465443,438.7159184668591,30.745046040075525,33.42183674091371
655.9731250287455,439.30554642092426,30.537188823623225,33.55015260154407
656.5648460132949,439.0279225118918,30.538949572305413,33.27205363549406
656.5082369287642,439.377861666235,30.49365145356326,33.2103741197421
656.6653466340368,439.7597862267358,30.592577585162587,33.05920740087443
657.2593256430699,439.33053761477123,30.93704365938914,32.6888362595158
656.7555283749139,439.5377353153784,30.59645420617653,32.931892785963285
656.2588492283046,439.2098841955175,30.507418614736345,32.714253763344715
656.6379590810668,439.0543277790475,30.493783231187475,32.81202451080392
657.2608194683235,439.7216509051102,30.481403554506024,32.95423079487998
657.0342344008482,439.727694835444,30.333159068580187,32.96582227074536
658.1620315148659,439.7882907924674,30.439159755934792,32.98810748365453
658.4780470396995,439.6313645450815,30.36260811357802,33.134288536394465
657.7043408976771,439.5756845333021,30.424833582361153,33.04071536364714
657.9856202686415,438.96051221678306,30.396219506817886,33.110378629764654
658.7271675976133,438.31551702322844,30.156291176350784,33.26270577167283
657.9341475288218,438.57545240752717,30.255649375762395,33.48904361122582
657.6078842985969,438.44202628938405,30.007613847858472,33.68014722509466
658.099567866599,438.2065216099545,30.296707172516903,33.553896764446144
657.7141605776271,438.64496641621565,30.257460951338977,33.730924559913376
658.2221217043915,437.80314344785575,30.751370603175268,33.5447701674248
657.3482091629419,437.2276145205651,30.799833050461878,33.31050056362443
657.7149187815264,436.6779210051592,30.76261370724436,33.186158222411706
656.8700300160995,436.2311567150633,30.825218529586863,33.142643374182455
656.556635051253,436.6043972381924,31.777860495755984,32.879171755710054
657.2409767732522,435.22149090135224,31.934477077697352,33.0606743746114
657.4800038915618,435.1975869302891,31.30681133819256,33.533264592891186
657.2161911949527,435.00081305971,31.057982282710682,33.813731743086024
658.845785563642,434.5463027989618,30.98770450648314,33.89973794563942
658.3367917357947,434.01562003949323,30.600110449455194,34.05986853978334
659.4958710515239,433.1140446578942,29.95207253409182,34.08052380432416
659.8614638819035,433.38274959583555,29.53506817134987,34.19489316285076
659.7809199477425,432.87657318583604,29.152144208388385,34.105252302849536
660.1378703194732,432.9339153535541,29.01906986663743,33.71607173991058
659.7806091151052,432.8669058930477,29.017126921407762,33.61934516655763
659.8232968387255,432.3473244499622,28.811222813452567,33.33077656259358
659.7965037320237,431.81668241302896,28.8814097884188,33.097777007996214
659.3725581934879,431.528443964951,28.88212878401982,32.92962362699534
659.8066553894848,431.4693885596621,29.016037959149457,32.651863930809704
659.359955721079,430.81505306449765,28.87085807042078,32.48111747786308
659.7973127100837,429.4239930757748,28.64967641863292,32.45597360414307
660.0501344666317,428.20359111447243,28.641010801035243,32.168484823119186
659.9152106316427,427.46370227247013,28.558119017697496,32.33251965682017
660.0018404418857,426.85239967913145,28.342377531477528,32.3255586270287
659.8986341682503,425.5611350999526,28.287108462442106,32.14185529484691
660.1947889517623,424.1907117738769,28.62174130350291,32.17505843808714
