789.5,489.5,41.0,107.0
787.923222604446,485.9217005633436,43.64690884341326,109.63320929544716
787.1209277509968,484.50417894757277,45.246514121671126,110.03722416089997
787.1957736881309,481.5070605769874,45.85085247506418,111.71538414654705
787.4347900472462,480.8062783197059,45.89181337293762,111.86519497325148
788.2949456914944,478.661482337652,45.5496300169897,112.00877749216883
789.211731490067,476.1179690828802,45.71832887997344,112.29573753061258
789.1451326215919,474.94174968678715,45.21517723690717,110.93766559205524
789.0863442855572,474.1070344592598,44.480891538008706,109.25353917569578
789.1954921543896,473.09850373732445,43.690369693223346,107.05891925359975
788.4620163050673,472.10088333426006,42.87180584506926,105.0784305942439
789.214113311305,470.98230115334957,42.270589835618864,103.08003930726116
789.4328252873221,470.58572422178077,41.58409866647327,100.91597333130267
788.7780285693143,470.11838966872205,41.234283413943494,99.71235966154121
788.412923282134,470.4796960894647,41.648087708501805,99.58578730734524
787.2125908219771,469.7740706920724,42.23435624743763,100.71743846533667
787.1292383651664,469.1043036855827,42.65579567720256,102.22764774112495
786.7852204411371,468.3671717187039,43.435376704747625,104.23635809316795
786.0219322197178,466.6025863693707,44.456068440612235,107.14778625338212
785.456795015624,465.7319085864722,45.209587611220265,108.39668130010381
784.5812420466599,466.48746521540994,46.66051642202569,109.15414061112175
784.509772603133,464.99595304210465,47.58481188218439,110.21446479103005
784.9858045877681,464.7051855713021,48.33512535145924,110.2358578115918
784.058221061825,463.06501362692023,48.98225109303539,111.40362163939668
784.4795198164112,460.701637812776,49.344916721680136,111.61761262849438
784.9175525872756,459.51965771161343,49.7845527838409,111.23993488564437
785.4882683370678,459.0507540549591,49.20274887682013,110.26237769509262
785.9578566384242,458.10191409611156,48.153948655683244,108.1583729471078
786.2676942170513,458.04045681266507,47.24319329179659,106.17311223629076
788.1848002042856,457.35125438530076,45.81796240215151,104.7211151935889
786.665512015434,456.8236700734498,45.116494186043624,104.68469734668687
788.1693565789863,456.62708538934197,44.0775351509879,104.22396967978071
787.3175565461404,456.52603885553685,43.76391257378101,104.18216936245742
787.7031480081865,455.8966310111937,43.22945126965236,104.34377392863095
786.9464928374902,456.0180776515665,43.28060996443111,105.79967966197688
785.8898800488544,456.04556195883316,44.2331416578067,108.50415266159453
785.559679058059,455.0168808332876,44.536052980637436,111.05020084842131
784.6301499368491,454.8841357754806,44.94980480273107,112.78088220911437
784.5941150126712,455.1042839287689,45.17917288817219,114.78066082319208
783.2366126461241,454.6359136842394,45.32617706622793,116.08907632674692
781.8387262410492,454.6255431224461,45.37613722188239,116.95722991733632
780.852944673013,452.89402603506176,45.55616962961466,118.56684276165305
779.5596188274227,452.63540351569986,45.02396369864873,119.90788514553827
779.0229771633412,451.88187699590947,45.33666452015495,119.9686530565257
776.9601618911987,451.3570538448408,45.33444262455956,120.47115876036595
776.866185445018,450.95801768965856,44.750706578780246,119.878200401518
775.1627078511592,450.7030016997838,44.666511387316824,118.81671431772236
774.5967925288609,449.6171461216561,43.70035557218158,116.53047011356514
773.511879446973,451.17532211186347,43.12270849605858,113.36618347432506
771.3211477739143,451.56880518973816,43.063427442151564,109.83083165077471
770.5559642546882,451.4232724177702,42.40261186723083,107.14256474765867
768.7973150052122,452.20847149657806,41.96437042439506,104.85875037128532
768.5092167240696,453.288116121293,41.86189574587384,103.16959391981187
767.2797044443148,453.8792770705103,42.25976069463506,103.55212223252077
765.821943405387,454.65458768638257,42.85089212269541,105.16050592745776
764.7189931781245,454.7697031981124,43.05861969800125,107.21795624516935
763.666079311489,455.49885083975767,43.29900229424807,108.71643138195333
761.8514810039321,455.7977167520187,43.610227918227395,109.76418364728258
761.0826909910691,455.56884972497295,44.02817343486686,110.68127186359025
760.5990184140708,456.58198014252605,44.469247960887856,111.41151794834494
759.913196144664,455.8719329837633,44.74918980004021,112.98919480221016
758.7492517750894,456.5682170824244,45.250183779057515,114.48657068142609
758.3704089398901,455.55888160104365,45.03436907847679,114.99813271741446
757.5479710099374,454.7957202649649,44.99800259161859,115.27603145558905
756.16269848096,454.98951694875893,45.04981791515268,115.16755564242729
755.9089416618134,455.2132810754994,44.90070365999799,114.17274177254845
754.4922926922883,455.6583407022605,44.71184130737661,113.12580396522091
753.4032237808503,455.3923470616561,43.93902612350796,111.73948513414035
752.8592911325254,455.71902226313125,42.984893510612096,109.18379121960851
751.1721515856963,455.43178300736935,42.577558777518604,107.19058531912984
750.137788238393,455.1385951401303,42.46369641801751,106.64095994353102
748.6571375502834,456.7075172559281,42.44555376728945,106.19003778529958
747.3294036540631,456.90747569637597,42.93109849263738,106.75528443332317
745.663168717938,457.4873026330021,43.700783454685606,108.45356336608586
743.3902219470526,458.6316768833385,44.43171007941825,109.7537123320726
741.4794667367752,458.8421138904909,44.939938725452265,112.19982745351003
740.5316958771496,460.5809437525297,45.318333738122504,113.36754822641109
739.2697087452884,460.60021681193405,45.78403707060073,114.81456920049798
737.2946826717034,460.1724819613111,46.561846099484725,116.43658670085426
735.1069433722366,458.80996753703647,47.17151873871677,117.68594711907522
732.3769361533219,458.83096479575886,47.77754595959661,119.52093540974349
730.6883338968213,459.3005968585794,47.567028647951986,120.49684254970455
729.5887502541982,458.35727394668726,47.20402185139581,120.2200855776972
727.0490138622583,456.0327239478636,46.552600069693156,120.81924546609164
725.179660751506,455.9122483029488,45.93332699355976,119.44047951558761
723.0916230133906,455.9359743717596,45.517792991793755,118.33144826972779
721.8750846758012,455.5101111357201,44.69435368720579,115.89833558851709
719.5493900166882,454.43064028705527,43.781002824462654,113.96736630180737
718.9294366167577,454.9081274969962,42.27745612166855,110.58512576101487
716.8106151087939,455.669479502289,41.73923835115835,107.8558637613088
714.5336598037229,455.0161714488001,42.08171173595841,104.32700442349292
712.5535294990112,455.70947547405564,41.88755292323209,102.45785418600636
711.7879301008461,456.10625350475806,41.68882060345816,101.21957743911949
709.9216665545619,456.39600588557903,41.43251498385323,101.08147588764069
709.1488460359196,457.76387677885464,41.56862764646585,101.84064148023985
708.2868491152037,456.33100663009736,42.19577300004353,103.38199148558664
706.535909925074,454.4728620594036,43.042439216377915,105.53492649241463
705.1650527256417,454.6341346257424,43.306967412239594,107.1219725577046
704.1306754683897,454.1460777801685,43.52505135064793,108.49849102995543
704.3195782187476,452.00221573261473,43.884471740091854,110.094142733553
702.7592728638034,452.2411804712428,44.06178434855504,110.73548703807329
702.8402408185952,450.5157262296457,44.393400825731945,112.52753436098922
701.4454978523402,451.29950261873466,44.562598624620875,113.26867856805598
701.2116501533426,448.8962144791223,45.03616332877442,114.33923618959633
701.6601299767345,447.206479123789,45.5478136682956,114.24549084343923
700.9953097829821,447.33164540149005,46.194939924731386,113.54481166914636
699.3507021139661,446.39081643857355,47.388230885321924,110.76895120813857
698.5042923406015,445.8834050768654,48.52241185935823,109.12369063763998
697.5855640888481,445.50718856837693,48.94436831804246,108.21237527109497
697.4693256686692,444.5733154997448,48.60546549684032,106.8185352190892
697.341672547056,443.4441315111313,48.88039061448247,105.14104470823341
696.8473506667591,442.1036200828059,48.9422324551391,104.10551721469497
696.5170243461964,441.2587394326959,48.4710843255048,102.88059040456338
696.2059462729139,441.36284284576,48.6136726462756,101.36857429327132
696.5015196912384,440.5033946686372,48.47269754848969,100.9268599717051
695.6889159794706,440.94004007433506,48.65728991407997,100.26547894617613
695.3878026607761,441.1531617337474,49.07076369163815,100.41576888531266
695.6104292282284,440.4469629178132,49.61531226161697,101.79379227266995
694.3887450803034,440.20267023807594,50.03592445776626,103.25338354873993
694.1350086310291,439.68893117109366,50.149938006443975,103.98138800959927
693.7897628900907,438.6039741193501,50.999610859651895,104.86133469536946
693.1796581313843,438.2106511117843,51.267047700120244,105.59840208479233
691.9488283243563,437.17945587221635,51.8509755140966,106.4014069781432
691.2022996890503,437.2404157479158,51.6940313780392,107.85423681571064
691.2013098424737,435.4155317202156,50.70355135677964,109.61602750943197
691.8319692914956,433.9417201018876,48.973909675027286,110.59694435093876
690.3952635782966,432.64235179487775,49.3902202332001,111.32914482451662
691.0603177238737,433.06707882947626,47.872463347666525,111.96973975987432
691.1295694143338,429.5528654475166,47.44047024234867,113.05179258427953
689.9999793860558,428.62523992883774,47.53212929899643,112.78355018863854
689.560118531439,427.48092130669363,47.14787324219278,111.60215760199407
689.4107719906895,425.95660184112893,46.645407180244106,110.39131319572121
689.6814876772972,426.4225056056324,45.38257131417352,108.29707561872527
689.318588930389,425.4236166056783,44.77945237751668,106.02315562058664
689.2492137309495,425.39855407988824,44.11313446232011,103.79761372003365
688.6633339728237,424.76360457743095,44.001757491564625,102.40458557422191
688.8337097130798,424.9690547523228,43.35948271302722,100.28153834619573
687.8292485818032,424.6291988686014,43.27119957511356,98.57973842540605
688.5514664615733,424.2510923086489,42.7570000955377,97.56464014299021
687.5990535807426,423.771329665487,42.792731008566335,97.31707016392562
687.1844268781693,423.25416198718375,42.72171669349032,98.27419271746619
686.2041240914712,422.60820202355296,42.56734252292916,98.50949037795843
685.7337677074315,421.76925560675704,42.85071840031113,100.44209662764975
685.1611199464149,420.7509991277936,43.22111229384994,102.46834321450535
685.1777932978126,420.45764871216534,43.0380823837812,103.83054923088918
684.3180976346483,419.85591942782884,43.469971063663436,104.34871233695375
684.4305973460087,417.4385129126127,43.66803816759429,106.52095393717975
684.3629421747452,417.4611051124758,43.53112301096806,108.14817585325699
683.7352988042976,416.30313748405774,43.22216321656193,109.9811253453513
684.179108876516,414.7528966785628,43.12736740007074,111.97996649346581
684.1757906601362,414.5565511399571,42.94568760682501,112.969466838675
683.9107459295215,413.0457100388113,42.994298108732536,114.1077789991193
684.7273780491495,411.8517961573616,42.654852700920145,115.60305903538756
684.6485629836457,410.14452967317567,42.638643247934965,116.99570279401209
685.682162587725,408.8831130778889,42.85229659600476,118.0712388883332
684.791668956194,407.6649476006029,43.3423848207519,119.42284517821713
686.0076844540372,405.7522956971004,43.62298099753579,119.9792946055681
686.6771350095722,403.44103308263374,44.35714755156572,119.55147965887284
687.1460035153623,404.34798431741604,44.57511432302084,117.28411026726354
686.6753679861805,404.7396792936164,44.59867543475208,115.97850053775548
685.5226907141025,404.62281927247227,44.330948723948865,113.66173639959328
685.522173949416,403.98962109760856,43.67849653793273,111.83802363944224
686.3233867224848,403.7948055252738,42.94036236171029,109.8083804539726
685.0524077534182,402.3691343562845,43.14326047013141,109.17842386845868
684.4661509395363,401.46710916917385,42.7937513737436,108.87451735638852
684.9618693031435,400.72253604684255,42.36544973401928,109.67176877177789
684.0934554729679,402.07789055739676,41.73714148624376,109.7805854693585
684.9394873229852,402.8575620444852,41.33194886183924,110.19797486841927
684.4703902734321,402.79679688664186,41.96830417553544,111.70136794369606
685.2110030107833,403.1983363244551,42.08694640236364,112.7599968746567
684.539169330578,402.0166401856892,42.51413220826598,114.18200942625552
684.1983574290985,401.9635889281898,42.59165024063722,115.71602727595581
684.3648413638675,401.77382002215415,42.049521506745776,116.38586021208106
683.5741587018009,401.3951627644574,42.07557395894609,118.04855706266065
682.9062302854376,401.0999659135603,42.194001153763736,119.0327030711545
682.4613395433582,401.51715419346107,42.04933496793965,118.70077995774126
682.8034672184222,400.2236801430917,41.92193201811472,118.86391924538482
681.2686815134879,399.65706727781264,41.96441049432831,118.40411953000485
681.6071381528152,399.82661453819236,41.44597097556323,117.6901879981466
681.5446802426723,398.7619930313983,41.02752131733361,116.44440001731948
680.9614018028826,398.7351701749634,41.35348897162061,114.01855258901492
680.6895842752128,398.7523624018895,40.584916804975435,110.2998479237522
681.0648797962432,399.80970675340745,40.603555532621456,107.19216026308234
681.0745156109557,400.7279238905664,40.93841601903726,104.34440170230354
679.7815628814114,400.0708771078952,40.57898108315206,102.47337683083254
679.5288010407277,398.91075195019596,40.529797177754205,102.19243610237729
680.1969488555046,397.7704107522628,40.74810524406992,103.22155947915488
679.3758717567493,398.90839671775285,40.74757855817272,102.76499632255073
678.7269676084012,397.5028229222172,41.243232969504504,104.5431980422688
678.4687936015124,398.1051791670512,41.24764008677114,104.65664560966873
678.5035152198261,395.64359690820385,41.247019308530184,106.76440881167434
678.9445626186226,394.0441437029474,41.46763547323249,108.02883193246868
678.5895693690113,393.7348597403359,41.998397317423155,109.49078549449817
678.3778963187326,393.4167145300166,42.13563853025653,111.07977378825231
678.3421678050692,392.72900518616734,42.33414330495702,112.19326007310156
678.4797440286435,389.5474344980775,42.50781764766435,114.89447327240138
678.7159693213916,388.55262225785197,43.0115986371803,116.91679176477905
678.4952689961348,386.6353519078873,43.515660108476204,117.93942922641187
678.4065492730529,385.4263341356324,43.749198250484284,118.95971272433667
678.0498592362369,385.34757122428,43.23377695444934,119.31605925722366
678.1971943238146,383.03279326302993,42.53268484969598,120.30610359448819
678.5089365987853,380.01457071956315,42.487376619353654,120.16199762932814
678.5856569466338,379.1017380356193,42.41614731379435,119.82037421700346
679.1287249359978,377.6834952429913,42.7227265507495,119.76680366898924
678.9680302394626,375.30373356757605,42.529641551882705,120.49872768510295
677.9565392984673,376.02499301412035,42.72882251243303,119.45401641993061
677.1527851292068,377.4964852438169,42.89307947957034,116.16865551977413
675.6783374947019,378.5675253607719,42.82403732678159,112.39855547614121
674.6204404841519,378.2289331139302,42.22906384032832,109.77378999194974
674.0344698953403,377.6517553866489,41.302730071738864,107.42785338375302
672.4109730885331,379.010563021346,40.96556121167461,105.47864462471188
671.010368098557,377.43886037155426,41.02680861380701,104.02406084195901
669.6981450814596,376.7684392474557,40.91299628618518,104.02350902334544
668.1970157541172,376.6077330910169,40.78486501205254,104.7872867143645
666.4317874816057,374.88062831794304,41.01351820662673,105.11558860098157
664.7114107061874,373.64989803769237,42.0595864890613,105.70310285239324
662.7906238682674,373.87852729594044,42.43042318446312,106.84540423904195
660.9124816793744,373.3247646422392,42.90740568045882,107.19569890698679
658.8858654420593,371.9942268793537,43.5546899930102,108.81768177280749
657.2321312506097,374.1121859372132,43.477569895913845,107.62229123925704
656.1737260059251,371.4014826467637,43.78009916007848,108.33986471697602
653.6751113901793,370.5746712499597,44.4813775019827,109.42175498952705
653.0265770908687,369.5793865024855,44.38096382464094,107.91182165969218
651.2665036935655,367.48156285301116,45.008169382751404,107.79787861898006
649.2768950777867,366.05446657970873,45.21971526764476,107.36341659977384
647.4815318008809,366.1813993602238,45.15879830682307,108.02289095163512
645.4052394380111,365.4648111777044,44.85168578601106,107.26748608841758
643.3666369556105,364.1791474674701,44.362126396106575,106.18573781384842
641.3527176270467,362.7637920602061,43.660793777141606,105.52738035864685
640.2592955809814,361.4133859371348,43.14217732087131,105.19079235912284
637.9933283068173,360.6478324939502,42.108455684049346,105.73222658466446
635.900095947492,358.8738462017529,41.28859801881926,106.46826469792875
633.8261643768071,357.3382285708383,40.66106624365469,108.28536900024716
632.8191391049039,357.2795280625646,40.72011102249988,108.83843988597891
631.4642824716263,354.7115378593316,40.52432816860215,110.26355646378592
630.1185597837227,351.56637171978934,41.11399694452521,112.72291034931567
628.3949422378879,349.96355444452433,42.28928369864011,114.98767193260255
626.8022268249938,349.3052036723184,42.974947697798484,115.67699173501381
625.3606882277688,349.1929541019468,42.899071511663905,115.08564747241765
623.965224781917,346.253302343181,43.19159962254473,116.9665128700609
622.2907989768269,347.6544008973108,43.297644798093685,115.61989444660819
621.3906637162003,347.1461750368768,43.244663981341716,114.88852590933561
620.978000102566,344.5095772844041,42.9548384919735,114.30562037820926
620.2007096805985,343.0633485492425,43.583987309522406,114.07298987207673
618.6068463288129,341.4060819557164,43.63391928004592,114.06790984082147
617.8888169734809,339.021647840632,44.14338224323935,113.37192049271266
616.7511445826595,336.14235918015123,43.89028011211646,111.96135366007923
614.5072980021624,334.7658998177369,44.25496073038604,110.76503479984018
614.0483075887279,332.63481441981884,44.605919889297894,109.26106608838258
612.7486325008803,332.30959558878294,44.25576044432657,106.30004664100309
612.0558870731796,331.656101483383,43.543169949401346,103.39540260006348
610.9376819156436,331.8935092587658,42.39315858402311,101.49760209160283
611.810194983935,330.89237019050756,41.32599360151957,100.16734496124307
611.1374719843972,329.64231346488623,41.52768201888445,99.82705938561504
611.9602353878196,326.693487320994,41.02969411241489,100.46985556378033
611.0147963068204,324.23979120948394,41.0924979383614,101.60764167336666
610.8383134048191,322.9003691479264,40.98287781630793,102.00543177655368
610.5106200404821,322.3951243397095,40.67668891765527,102.79485500747994
610.7025321385075,319.8145482106827,40.87641994316185,103.39924886175555
611.915428486856,315.78954850701336,40.953725972737715,104.89716906834953
612.1343286122378,315.1236254252573,40.89061205253069,104.26431083752112
613.3337880656373,313.8883374714239,40.6665464706218,103.55239901897637
614.0349526608197,312.92983695375904,40.391065024245165,102.47325575956728
614.8082230505512,313.22474295358495,40.693784217354576,100.35154204272953
616.7715995720281,312.16475491974137,40.610155087212036,99.52588827528788
617.8403893349529,310.7561671868671,40.772539750891745,99.44258800060365
619.6410516943378,308.62275714371526,40.92222425796743,99.1751287404413
621.4390455050387,307.0130052332893,40.90349498503046,98.44336627253594
623.3803660373468,304.12664325359344,40.21689836545225,98.31450560668353
624.5940078860939,302.96996656544695,38.36273269898278,98.73879884332045
626.4666741975258,301.01114649833625,36.9336074850242,99.61893263560762
629.3455459752753,299.44648966026756,35.78654975487302,100.64020526369504
631.6547141031347,296.8343149500632,35.44050945099757,101.85255364650618
634.9221847404978,294.0317726907638,35.2156944808979,102.73039760266602
636.4224438381599,293.32891855825295,35.52404278642804,104.43059546000144
638.6704549352976,291.38830209139087,35.637788982808175,106.17904259660651
641.0074562552068,288.8169897887515,36.214245537173156,108.41199565685649
643.7836826620952,285.2666351091189,36.599944559791645,110.4245559453819
646.5023773542906,283.1834642487893,36.39399333534327,112.37213336092644
648.7945563098136,282.42342931300186,36.75336959330369,112.49389221355746
651.6386482888249,279.7615473251884,37.11474236745872,112.03986468909282
653.8284695566729,276.79028661047687,37.778708497229225,111.70814181004427
656.2993093283391,272.83014627621117,38.47637221561565,113.23472473992814
658.198783144385,270.7179886243006,38.580381546109344,114.32894313136536
661.8875171490978,268.2025041237747,37.733351006165925,114.1500332109083
662.9698419530102,267.47761941910073,38.12130321261115,113.64342201455858
664.7551138641227,263.7421063711903,38.19765408376077,113.84838823489127
666.4442859938484,260.28755215050705,38.03426253159997,113.10166057091104
667.6354887770119,261.3142345844283,37.78338105127166,110.4893096352967
668.5103015488329,261.39936635471787,37.83208271519499,107.7146709707398
669.9657216248783,260.46122542330517,37.26649269280392,106.10002203789563
670.5303236603287,259.45515945123054,37.51393084907586,105.15160915744465
671.1400981348658,259.8578288484789,37.61405245797753,104.1654753937469
670.9437081089803,260.46324383206945,37.74332082223125,102.99304635971221
669.8792706499454,260.52427213995827,39.20465912397564,101.71930295632936
669.3783241703253,260.21806631664333,39.73990293832806,100.92708608771574
668.9628143626572,259.2506844145805,40.17795595539168,100.40551220148787
667.938246126013,257.6428479787009,40.60465375947538,99.9045531839039
666.6512995769114,258.23336050699106,41.40988035186535,99.87757418597829
665.6841937742247,257.57680132701546,42.09908110442484,99.53524077133241
664.4356734493817,255.0024502204047,42.2565228599915,100.52268142602118
662.9448989295154,253.8285848563852,42.603886823964345,100.6945453117903
662.0724390863628,248.98081815036264,42.556730995476045,102.65567797462887
660.9860628432318,249.68586479132458,42.00568949827853,102.98919269059927
659.166578572784,248.65853042793782,41.52088494118226,102.3730371280509
657.6396193700836,247.45736960436162,42.031415695139685,101.97622165972479
655.3124802746398,249.36740310730335,41.05979314063532,101.60850813131933
654.0203666134433,248.2111789700814,40.49987640480066,100.88345173275914
653.2094183157085,248.2172618225435,40.306155796558045,99.77645098488142
652.3940665021041,248.48739142152982,40.44472616399355,99.230144001161
651.1090560494382,247.64759414848453,40.646353409733486,99.1524434155682
649.1271010319501,247.5841480516512,40.80167303256985,98.73474251345547
647.5439562090038,247.46300423499326,40.66590660432007,100.29342137640086
645.9558211000697,246.3068505603838,40.63406219816489,100.85006485385466
643.949948871552,245.64292436163322,41.37567077568366,101.37168724275364
642.5504399175985,244.79725758745434,41.55007110699155,101.8321158543209
641.692481816847,244.07049590799136,41.348259361259466,102.00231270663224
640.7538017923621,243.06321328490066,40.86549649114652,103.03794145941683
639.8023940518425,242.3728346980626,41.421280617281646,103.14160045422943
638.6169498706021,242.31822902207034,41.72628796589217,102.74729531098617
637.7637763201229,241.10481302403306,41.68572664056574,102.99138852608534
636.7688609753218,240.95508680234906,41.68441708377658,102.47767351664118
635.0686565637985,240.22226714259506,41.97932640082639,102.45595057056235
633.1720227763678,239.3688070211991,41.78105282845593,102.42270963285802
631.7013766729278,238.01259094304743,41.00967876221871,101.96535938903017
629.2054188981144,238.57179789959724,41.07445073808455,100.36342082559523
627.8511667956075,238.54200898325564,40.05473328820655,99.85609709368029
626.1030226647474,237.01691585794106,38.86532256387321,98.74026104358927
625.0655190185371,237.93785232453178,37.788641042130735,97.472826145896
625.5213317943706,238.16218574745997,36.97364013307422,96.38372443885642
625.3369022301644,238.8697226113744,36.4038596206785,95.32719088837277
625.515572497643,238.33289226824508,37.95089857275886,94.64544650623395
625.1428172286347,239.1716476476435,39.83698463892026,93.69945496969659
626.1720462115503,238.52273291777993,41.02011717296704,92.63189627444025
627.1345102631752,238.71950284077388,41.93654105564862,92.0614918044289
628.9779502233359,239.72669719793737,42.334719824444655,92.32109181385682
631.8964646349808,240.68513726964184,41.69625600741092,92.54786363272814
634.3776163539288,240.4148135344857,41.85465578988235,92.39237009847807
637.1373124326806,240.1892003667536,41.12754526003384,92.69636545116178
638.7539598219633,240.66591068447656,40.83441123281111,92.81665406521236
641.5008511991372,240.32945228466554,39.2513369058926,93.69114992896517
644.4754305981154,241.16591963277477,38.00723525210127,93.63203197087536
646.8154936423938,242.17704686514932,37.15453869654927,93.95360809160599
650.0369524118863,241.34415966076358,36.1680644673482,93.91615915271359
651.5400321706602,242.3871423063565,35.02945234264561,94.28838954786806
653.3451918166637,241.77351721690064,34.43942628641722,94.06405872549803
654.4488086761446,242.03635519914894,33.72133987294417,94.04362457227697
655.4256964873077,243.02687924163382,33.72865839162442,94.16635365748843
655.2785124109397,242.4370322755997,34.998619097975876,94.11084003187847
653.5709053775219,244.47433169537595,37.81027861797871,93.0676838345379
652.7753384473472,244.61137938128024,39.434171664208385,92.93836534347042
651.2993518571764,245.11442862403925,40.830628959196886,93.17750838074144
650.1723007887452,245.32679303358918,41.68459128740446,93.0732275131968
649.0398896782914,246.30078617647553,42.05360683812323,93.11639780548805
647.3662416594661,245.99705773249678,42.30412925135362,93.0838551845878
647.0941825701321,245.90820113920932,40.43811716764658,94.03983211885483
647.224639189907,246.90536301075167,38.723253165348396,94.70285867751272
646.9461843258044,247.57892778884317,37.2342241633135,95.34331335461371
645.9900260470976,247.34738630034985,36.357494194771924,95.95202304046549
644.5711529542162,249.76623613641684,35.86929500318488,96.715362777969
642.4892951851483,250.7476656601633,35.63575798165877,97.3649025933148
639.7054372852173,250.99666897182712,35.651792739803355,97.2687209807637
636.4867079323842,252.0277545818884,35.73000233047922,97.02250861817747
634.7260161588224,252.3317542460158,35.2394496898586,95.60307013339033
631.2472123785836,254.6361724484647,36.43478775341843,94.38094484909804
627.349312067319,256.4131010642986,38.26035827340855,93.77842519334271
624.0057459158171,258.15028752303397,40.28881299844017,92.38668457910995
620.3870850017804,259.1351112311686,42.54502330002416,91.06260529524118
617.8362486584076,260.50591538229355,43.73959364034944,90.39469312946588
615.4342007638305,261.9634229052652,44.64714926455623,90.27051441775109
613.9672030451317,263.76937462100136,44.991670977588726,90.02559344630072
613.8922685498255,264.6364337088297,44.40658334607732,90.30033514346198
613.5567721073292,266.3244139811983,43.61654384047557,91.02031185076955
614.569814755053,267.4764892601496,42.80740693503476,91.63553027518194
614.9684512141464,267.68171644665847,41.48709634480518,92.52361089152117
617.2073224614657,268.48994411196145,39.13887879637942,93.63172774261696
619.2309655486446,268.8653056098065,37.397881341198925,94.20153599597313
621.1569813311662,270.20964008348903,36.841959452516576,94.10388548694728
622.5309484867807,270.9287421721604,36.099833256293046,95.10262102594365
624.9397964957249,272.87981390236575,34.520370327851964,95.29449268699298
628.3598148196413,272.5136358802888,33.35237509618719,95.85114215086558
628.8557219628663,274.6739449956052,33.29059902346707,95.5594321729489
631.0302590064246,277.48642081517676,33.56700987974036,95.03082071324908
631.203926373477,278.1045015540384,35.84981545020105,93.73760274519391
630.7152815773811,280.21911099185525,38.33001124566266,92.81260144654087
630.7935322068769,282.1874302542687,40.61194148805967,91.42441386852185
630.8636285533667,284.59797757687727,41.93404373126025,90.92227559842672
632.8567924317443,285.6111406863311,42.34415171211485,90.86197222860199
633.055048305261,287.5907141249438,42.42877962496306,90.60221361698633
634.7034899641997,288.3069598159826,41.1073661347377,91.72697893351707
635.5687591041113,289.5698753189625,39.640496570868194,92.74907697609561
636.914524616312,290.8221857633479,37.7957271903536,93.65205339071528
638.6419959357164,293.2244788958318,37.599905015869574,93.2622973335722
639.6107626771841,295.486042416396,37.47143782855797,93.34974787575678
639.8933893151873,298.3031160300052,36.82502211475497,94.11205450596026
639.6297855180038,299.2786647030191,35.95575904319024,95.2165239476522
638.3705794127701,299.508161702214,35.091159435725466,95.9996696463372
636.9157010490524,302.51105024073274,35.24670759840264,96.89854611849412
634.6445941672777,303.61983511476774,35.49742174723645,97.02270100459461
633.7162804919553,305.18361726548125,36.133775722369975,96.48109041563103
630.8492670307622,307.43215754944066,37.759632612255096,95.23297940261332
627.287474160491,308.9140794891098,39.96607929945285,93.89425354047177
624.9560305323085,311.05531052523827,41.51616619609164,92.8996160989521
620.4289060152907,313.03807589594356,44.224697800012564,91.78372024332944
618.0078933056366,315.24192373613045,45.49849878923676,92.1206258126505
616.7519917720305,318.2213614993801,47.125130323818006,92.10814091496576
614.9793461433203,319.07048549025285,46.7385816383063,92.15654303297474
613.9047260775336,320.45204662028476,46.46190986649823,93.30265124356826
612.8803976843523,322.685863729054,46.52780228957204,93.57981854733102
611.8266043629002,325.31046782161445,47.083176932583086,93.57378205410461
610.117111607572,326.88960758215865,47.59271477325645,93.80572508245474
608.535385689068,327.971308251373,47.46562615349255,93.64950491162864
606.0812422534176,330.3855325693061,47.070085262189735,93.57403317014098
604.0288364519746,330.61626109792655,45.313324122613565,93.85731457248724
601.7530605810769,331.3504719096534,43.96997077407686,94.6322713498362
599.915518433729,333.0243255824461,42.17141844157561,95.43042372257341
598.8233805496776,332.48074411841077,38.907771026236915,97.1424129031046
597.7936397393563,333.7135595998646,37.11273947854456,97.45089082691575
596.9228847280831,335.63007396127193,36.16460039601905,97.2806934105586
593.9764689857974,336.95892313051024,37.707985107061376,95.54276775665605
592.1874012881968,337.64367049646233,39.02383860757879,94.15162580427443
590.1914085322433,339.9497053935755,40.60042671386151,92.76242087630474
590.1881325606616,340.67373753982554,40.94373661495996,92.02596159622163
589.4295851298252,341.72087965235266,41.488995446149545,92.01678994288366
590.0609956909274,341.58323456255323,41.07548454323314,91.93213363314837
589.5493621905964,343.00268932648123,40.84727036847242,92.11607700293649
592.6632039078141,344.7693084408172,40.04687928099142,93.79070639664002
592.8526326869465,343.6362985098277,38.017992301873846,94.662232082708
595.5646515665128,345.58125528070343,37.40842340336769,94.50052589073385
596.5911643565183,345.25755930563173,36.49090493013743,94.98771034578382
599.3063093085348,347.35838517653104,35.95767017518291,95.32156771348231
601.2124454421114,349.79345302663796,35.66367865258243,96.97838809465878
602.4032450461651,349.7388900521286,34.987891898698535,97.72209465586016
603.7921450257877,349.6040601982273,34.55104195166038,97.4715762840577
605.5634028104527,351.0380369888924,34.968834457281716,97.16502120889206
606.1578789167257,351.87195384009215,35.51221971955861,96.90726448231499
608.0673963036821,353.22425005156174,37.5009246802954,96.00422578557212
610.2107224047685,353.2489108301339,39.3137626438332,94.24925401804721
610.094990875805,354.4437237919816,41.46878202957977,93.1491307150489
609.228609326127,356.3695336149569,43.80105138790064,90.75826427153666
610.66927176891,357.56526224179646,45.654086243545414,89.01657703929611
613.6631660729963,358.9792248640929,45.91399641924734,88.70737575939441
615.3503106943372,359.9239371079148,45.86824964749766,89.40698892853459
617.3072640867756,360.768014140535,45.32605697776346,89.63710139809945
619.7148151222781,360.76971115428864,44.91245322447709,90.0760297141801
622.3900522375716,360.7682942124972,44.153110204217334,90.8969054588202
624.9701487164543,360.82637400635963,41.69133967839757,92.98907793286293
625.3655850795648,361.7841172915985,40.111776087136846,93.20602835312314
627.4914240886623,361.42303166472834,39.16814107202411,93.43414424630788
629.060071526307,362.15285935549946,38.56090243490914,93.51943029008902
630.6867440624037,362.0944152995999,37.61680676380827,94.45978613336402
632.2883640529694,360.72678780241625,36.42790360709383,96.14015407138062
632.0996215498662,360.8378234701473,35.80133740480421,97.72682096757742
633.2358441959572,359.83574105455534,35.003893328557105,98.25029126636697
633.4953514176693,359.7229886134144,34.925980167967694,99.65478985058377
634.9033019729786,359.6649755939427,35.059872634543254,101.25827340333622
634.008224622934,359.918692019959,36.02498347753508,101.79399645988829
632.8224405613028,359.87775321075975,38.13782700072083,102.58041534425124
632.3665329179942,359.8802157434042,39.94171383246206,103.54070643878292
631.5671829399821,358.96646878016156,41.60523536704847,104.14539629574918
630.3600584966903,358.4433713609367,42.94872352670337,104.13881134045963
629.8443004203217,358.5228828826466,44.47573252521423,104.2346928950374
630.4662725557869,358.04597267353887,44.490818477176646,104.57450750919102
629.1485367056288,359.12100286322476,44.945043896822554,104.74882180556997
628.8106347450981,360.39887929572393,45.24225017093225,104.27400584929357
629.7640947637261,358.0242914901728,44.5638601830003,104.57892849256135
630.238801671364,357.3834508889285,43.23493790219621,105.16486869725864
630.3911308130622,356.9328899913418,42.43312100201837,105.9745403078483
630.5480929806823,356.3591642245162,41.34171230942106,106.48224243373133
630.5886346595902,357.76770329417525,40.13093735080593,105.27668863790379
630.5995008700659,358.06997468100747,39.62871117570613,104.55647095130985
630.2160599029744,358.2203253256008,39.23821598605637,103.43137257502596
630.2872230442005,356.21703507959865,38.931629837724124,102.64207370301659
631.1833756290775,356.0020843567923,39.03252971462373,101.62205413670463
630.7673400023887,356.2210285062624,40.10287624263576,100.36752224206882
631.6354252076914,355.46559601133345,40.34535520985341,99.71259405146115
631.1734278893152,355.08874768117516,41.719624194864465,98.4943684333735
631.8302578519887,354.056744510701,42.72271908748036,98.6199953673928
631.7349215594265,354.04790093168424,43.61760088109307,99.09804495981354
633.6029048808348,354.22728132772943,43.71433019927517,99.69813908143459
635.9309935351534,354.53751596981215,43.025117373898915,99.69875627550249
638.2899121489435,355.7005525971458,43.067336641985264,99.67958709836509
640.4493307524701,354.8658929351205,42.52026514385535,99.40895500258543
643.3699884322377,354.0234576240167,41.777229260485946,99.3034501536779
645.4505300433569,354.5262560540793,40.76320023365153,98.76308387769731
647.7830107273176,356.03698118801793,40.06184140860743,98.3322913208491
651.0326741739508,354.58239455158247,39.017998428762624,98.3540015009161
652.8945302609642,354.9025008112441,37.55012750992376,98.56423145071281
656.3859819522412,354.46278353394,36.21400557191936,98.36117377299831
658.857356549445,354.06704881486417,35.28678553324311,99.04121456291662
660.4528893003697,355.0820805176007,34.73307321323246,99.99232538801915
662.5234104144378,355.0644022727107,34.526407224873125,100.81195174712664
663.6627008164941,354.99975702256444,34.69375976274054,102.92528989871005
664.2782668366459,355.21470751461044,34.78138561409175,105.84727184918833
665.570356992322,354.91546093386404,35.34420346977747,108.99581622299198
666.3690162516871,354.40527685434563,36.28188456004094,111.12934356171633
667.755653761837,354.34408006266585,36.90162945436812,113.01983836043841
669.491439884599,352.882699336006,37.422214906521674,115.54158375722051
669.383502918036,351.24326767390653,37.942650454637985,117.21807646164557
670.1385938630004,350.5935791808749,38.01431861658905,118.51051306517604
669.5571963874638,349.555052190602,38.785577689480704,119.5342478299473
669.7188392749376,349.1788303858371,39.28125317723611,120.6624592665111
670.4288985461008,347.8201226542909,39.0110057458259,119.45674111792434
670.4656589497766,347.9062691815552,38.73235261795086,119.35326693060233
669.7659327180594,346.4580589327419,39.021685738581425,115.63967346643699
669.9548319064751,348.05878985839007,39.0302325992437,111.07686620479363
670.7005648873366,348.8083784431355,38.40002746887674,108.67092917717137
669.8072353300199,351.3110862379127,38.64523071860374,105.94246442379855
670.3509266732447,350.80356452009676,38.27827912155543,103.53555823441528
670.1438149316341,352.851174808276,39.19990019684421,103.3185665608735
669.1027319868613,353.61513673476367,40.4386546407722,103.6382616453906
668.7504688355106,354.7220575261649,41.19743762855184,105.28634757189596
668.165650788955,356.2372067129274,41.810031599775826,107.10291199133974
667.8327744399113,356.42846708510353,41.772555824199806,109.56587979526631
668.4645349163856,355.4828248462277,42.21008491435738,110.99452693795598
669.2879739907589,355.5911028198889,41.384691688973476,111.76961865136582
669.4925902579391,355.84842557486024,41.85490345574138,111.71295684384424
669.125537711907,355.8308046512618,42.14628795578379,111.02115583720888
669.65907762427,355.50964105987435,41.53250613353909,109.9253976308465
669.4068721843361,354.3172336191096,41.080643159628046,108.05827321565368
671.7526236673757,355.290915982524,39.96593577155189,105.75198442776488
672.0190966209867,355.5736462477606,39.24435180304479,103.01044915402082
672.8706834519191,356.02893930511635,38.6231282096536,101.37657617216756
674.1521916822817,357.0762277093376,37.869831073040636,101.12865556699504
676.0344223948123,356.9315630209411,37.18246968650786,102.61718855420828
677.6427345987979,357.22908359614235,36.846845082079675,104.14866279229454
679.6270948200699,357.96733219945753,36.903298303628524,106.08177943339675
681.0301391364762,357.7858382401121,37.5031025197846,108.84203612421274
681.3675492752574,357.5670915114037,38.71453035394721,111.5574679475659
682.6907916759246,359.84969673572056,39.59032004678366,112.933973693085
684.8921881010257,359.43655459626723,40.037971990282784,115.78540040325082
686.2933293362645,359.1901332582868,40.60952198402337,118.00409759524103
688.2736897953278,357.77634226813046,41.048996187661984,119.60902416001875
690.0431251446635,357.53770333905004,40.475005717033206,120.27463006080592
693.7927191199651,356.83705377073085,39.72142657303992,119.6641932813067
696.4470320473424,356.4704394129827,38.24327557180091,119.94920028349836
698.7704180573133,354.81385586444975,37.3415299018804,120.42879451603184
701.2299759967857,355.10919899633245,38.00916453029055,119.56790221808296
703.0545193912334,356.6241729231836,39.22042405868632,115.84185085113987
705.6937427801756,355.83465740936197,39.767340916818775,111.48092330639543
707.5669064349433,355.58418731351264,39.54860769679135,108.36492919862508
709.9452150828628,357.10261189735,38.67994535128511,105.98983702329042
712.1407219782704,359.17198957689675,38.74517364497288,104.08100300513931
713.4760985078005,361.1722573185097,39.569827928823656,104.88733893609802
715.086722278363,360.5112617882417,40.37659314023152,106.56134641580627
716.5282447404029,361.44074525654264,40.97164303235965,109.11217047194128
717.2000669985717,359.97335052086794,41.64352433389301,110.79125124883258
718.506874749751,359.2438516985005,41.91665976804282,112.56494168884409
719.3010528628749,360.0481382449047,42.183123197213234,113.59510198302917
719.1860245214931,359.1861782829594,42.09187517125763,113.81411465651539
719.2327329994671,358.63810503960553,42.6254246917502,112.90554474689134
718.4699368782937,356.9071564127929,42.3868763281706,111.97715555489884
717.0814154602674,356.65421972526383,43.073823167366186,111.23044947934977
715.5298881027722,354.6046543299577,42.32119527089105,109.7191772090489
715.1710594328395,353.34529076158117,40.481182017495115,107.7330267785108
713.2720967636669,352.79268653034717,39.79076507068387,105.96954570393041
711.8118834988962,351.5900415228566,39.358449166677175,105.54241536979045
711.047346994846,350.5910027686533,39.07028539365742,105.24934469246702
708.502165529504,350.8808558904828,39.035881020874584,105.93433838472113
706.3280633652887,349.82649491599,39.303788832886866,107.69542116043753
704.0785152121252,347.83147952784253,39.69555100225086,108.94832344056238
702.5009008791752,346.11560563712055,39.62626613741971,110.98948556107194
700.7712785954342,346.36788866112914,40.309987519171685,112.20148011524279
697.7474052742094,344.3130083522697,41.13119216561914,113.43589192658047
695.4597553201829,341.79317097416117,41.3018351866176,114.14867001531702
694.8168149591231,342.0996429595657,40.480840727539004,117.65175721439937
692.8339259041493,340.2039329559984,40.34171513951918,116.9937863333198
690.3689772918807,336.71299119410014,39.8286759436157,115.99695872888154
688.9276780250877,335.176689066013,39.765729519087,114.86526019727502
686.9164210561956,332.6085431140077,38.8901154241868,116.60841631522902
684.2673940966614,330.8714149684941,38.93830142714808,115.47230673864155
682.655447766142,328.461706883731,38.519313886847485,112.88104022994511
680.9864187491651,328.3665911896866,38.24925767824743,109.84622903647579
678.7493725441549,326.07788521414193,38.07742552009161,107.61930300920203
676.8945611356901,324.7836180812915,37.61112546638515,106.19332521283008
675.1471468552735,323.33140186033546,37.06924185757117,105.9140516095914
672.9276598044179,322.78602097419036,37.2491317345815,106.31380952283851
671.1432474017397,322.43593607739285,37.48126420671629,108.24394619532444
668.4291936462205,320.35050590273954,38.12828384238867,110.65304023012453
664.9093595883187,320.04076974584774,39.00571860553103,112.62072025608168
663.4796649789495,319.2034970196426,39.324240972462874,113.08284262232553
661.3951830398045,315.2404999518734,39.33019186933795,114.3483929750576
659.8668747205285,314.6282922278347,39.33012091443001,115.8021247620317
657.4256460901607,311.95482376621027,39.629939434625925,115.66726828165504
655.0990438633496,311.5665248314959,39.5546950204503,114.18552936862838
653.2595660072642,307.26552848699293,39.446075010880335,111.19039032850831
652.3320642209213,309.51514644737375,38.58948066410196,108.78679196763746
651.1376328564238,306.27429201981073,38.24902167488097,107.20521499512675
650.8800137613383,306.49531747012395,37.558715512520635,105.35765533786272
650.4619054104551,305.25551600939707,36.946069542434934,104.26533023502455
651.1705445335139,304.3281924388946,36.75049279911741,103.65734018997915
652.7645076948794,301.1223244623246,36.42487807802523,103.79238613686285
653.0494754477836,301.5938234513875,36.514512789349354,105.44734195512382
653.3344632297769,300.07608628509024,36.95667106210896,106.57487232371392
653.6464118257181,298.18386295356777,37.4896491229501,108.51542522035567
654.7835182661147,297.8669924935702,37.25216939263926,110.47008076647228
655.8583248777443,295.0718432876659,37.04203349386591,113.20150414204127
656.9421826303394,294.8085060448304,36.899271592420156,115.74551499627309
657.9470212326253,292.3937251883036,37.0690320251774,117.2910388808811
659.3285042288045,291.0585177228457,37.4297707046787,118.69101013389484
660.5076273171826,288.24943975744696,37.47617783869825,117.45854388756823
661.6772305427686,286.1904892734669,36.954711470267,116.07980608065657
663.592268017774,286.48384067571857,36.433973420967334,113.68797124471243
665.2044611325505,284.4692437731892,36.08460531122648,111.47136598513497
666.7026991553554,283.0455403937045,35.53703497202227,109.30080408947174
668.9649834784989,280.6790752633913,34.930107727026,107.33990290631155
669.016562687762,279.94636643094634,34.84398079371468,106.79928500487159
670.2383077588281,279.62696551574606,34.45882118747115,105.89209219587536
670.3738653078132,276.8859906433863,34.58199081469027,106.13986053648111
670.2755885789571,276.6925075586427,34.52934135041563,106.518737023881
671.0038783107318,277.0869111964754,34.67827426746642,106.42537898127085
670.7558570253757,275.8971140483004,35.105492137167346,108.32443696575598
670.1308779442835,274.2293675104461,35.29966357049287,111.70814715925096
669.513769015585,273.7953553220892,35.52323091233337,114.38040973615236
668.867442859237,272.46718633178347,36.08216095549432,115.92002727876033
669.1971725506405,270.4554897127215,36.140551721365185,117.38349257651568
669.505826725743,268.00199866527896,36.082998577268484,118.98562147048827
668.3138113001471,265.7831523263146,36.40880475042057,118.95030170105971
667.2498097900498,263.32612183873266,36.60892307270103,117.07382817991626
666.6612784378351,262.4735453119441,36.49922413562797,115.92394116009861
666.307000929987,260.74334457913994,36.12348399770654,114.04568715390513
666.5914993254307,260.03950045978246,36.0403736315988,111.71895747727591
665.7644424309959,259.4215850189091,35.8418239034701,110.7701748927598
665.3242227446931,257.56206095067006,35.48238140294508,110.02929928503627
664.8341072018864,257.4153418885844,35.734323301603936,108.2773017421696
666.238125686587,258.4975570256727,35.32994758327099,107.47585791341999
665.6532521818087,259.24549237463145,35.924190647476834,109.69936187217962
666.2376653553,257.63080363804454,36.29484582114701,110.78624347476335
667.0315639327995,254.75862885160274,36.51841486659514,113.08832777550637
667.711418705985,254.80222664451009,36.66630312429355,115.01095288938347
667.8211467887811,251.92193176357347,37.23626154333805,116.72481356342712
668.0485328577718,253.97072788831642,37.82980564566733,117.89683791779254
669.6639940837699,251.3062418632752,38.286200803458044,119.78398934638449
670.2382211932547,249.0782572813033,38.019626569820865,121.66080831043817
670.918986851583,247.5932985384714,37.512670171911466,122.4647583316549
671.7121335339664,245.65391455501054,36.985658990791684,123.05693882184627
671.8918507964871,243.4514562576354,36.32578814782967,124.42413092166245
672.1878248493564,243.30059019099366,36.24728583667337,123.77097345943739
673.9373162621018,243.06324554414135,36.5185161383187,119.92307860092033
674.5836003908144,242.45031985159017,36.075141453891675,117.72243586447124
675.4433190535703,242.94180502877128,36.03755205833433,115.06057301686101
676.1022960639386,242.16510195341343,35.880624753830034,113.318875856038
676.6889180191356,242.97199488415237,36.06630034474075,111.84567978311622
677.0622201038187,244.91358146396914,36.15656744173947,110.41522106668945
678.4778773649487,247.07346422560332,36.142249017044335,110.96193160238109
679.319960038193,247.11086165537085,36.28534619134582,112.19329373575827
680.6916158191665,246.25858302395864,36.49538398128179,113.57941535943976
681.6766521006809,246.0800895175932,36.58276671953762,115.10124605064505
683.5318442618155,246.38312267448595,36.58390259227571,116.61013683105206
684.7566782138705,245.20291009820536,36.71783902395077,117.69528377297326
686.0197414386727,244.48391884376247,36.63410587726396,116.92580230213798
687.3911295385094,242.65487570289852,36.239893348702395,117.32294374057362
688.2630882470735,241.4146508001065,36.02818318216952,116.01152700524887
689.6139312348586,242.76822127856497,35.820525059611406,112.62031379224368
691.1932821247187,242.18307502798942,35.78545809510707,109.64520481558105
692.1890933814271,242.76690072315432,35.71471339598307,107.2931544165003
694.0698254467794,241.4654286293559,35.06022553595422,106.5842964552782
695.8522718996568,240.9791367274098,34.557454021495985,106.34242453540787
697.8201551216162,241.2283990608745,34.22472398123314,104.97251518820737
699.6606204136018,242.66164021656027,33.98560495884628,105.1075897501573
700.8365072383203,242.04871222883628,34.379204081625986,106.64262738601903
701.0084546769347,243.08547971354653,34.566274711428036,108.1077028749726
702.8543520870787,242.19572992675026,34.906546236354686,110.60453564615882
704.0969725041363,241.66028662836987,35.777635796984484,112.42111711863673
705.1896429720999,240.8018973961479,36.20816986677916,113.93862394885963
706.260900265639,239.6857470103678,37.14344387108593,115.61976664985552
707.3778442426343,237.93775985897017,37.76124525577949,117.35353320614507
708.2253785224472,235.74750422339935,38.38707022223089,118.52892152959384
709.9783359158497,232.79248366775903,38.33583754716592,121.01658290874252
710.0649207881727,234.4027330192202,38.43725993389633,119.77886049003806
711.1446709833791,233.27517524087025,37.93365418059123,118.42567369192527
711.3294424623996,230.5120063641026,37.76516817979518,117.5249031576493
711.3829232303963,230.3311384536922,37.44805531416512,116.27538678978755
711.3473476051116,229.7404165399015,37.318715792010465,113.64895951408218
712.2311201838772,229.63093605976232,37.16198425218538,111.62537892277062
711.2714929450234,231.55926584945053,37.31626926177637,108.58895411893741
712.7246596883689,230.27293241459068,36.57035595445253,107.66228999119005
712.6234333367554,228.7095095150902,36.23216234305841,107.93308935197388
712.3197112774801,231.0112593921395,36.1124221659547,107.9438998624627
712.1531898674893,232.14802527034232,35.98026620086968,108.0507852145928
712.085188078595,231.24257608185536,36.30225485210558,108.90289221640649
711.9261810869385,231.7223829935008,36.785901917808296,110.63781579431495
712.0826124069222,230.31512818680335,36.955501117755404,112.00119215651969
711.1780653708381,229.3012717488599,37.72404555403638,114.18658678067754
712.1653611239157,226.45333099151327,37.669058230124556,115.67315251854588
713.0661153833984,225.68288467284566,36.36584609120229,117.72496275985068
712.4083892824094,223.63257136852786,36.454739011831066,119.7774812675951
712.1691888033681,220.8691653236648,36.55762471756168,119.20693846840524
712.102135572237,219.15601701847638,35.963577056994524,117.17958222004796
711.5953725279571,219.6511265227528,36.234801621868996,115.66375985751793
712.6663425401806,218.6524800795408,35.8372933315071,113.88079814150967
712.4691034415276,219.3322516018898,35.80626305946971,112.13821180762712
713.2475382226477,219.213018257185,35.58109453749759,110.79726842089534
712.6520493293634,217.88853435019803,35.29010809352873,109.26654921170646
714.5284102099589,216.83521175470275,34.93477741319417,108.2400235595726
714.2240899198442,219.48348716888498,35.18695649826245,107.93618618259364
715.3004089560067,216.54950749307068,35.20373890666559,109.54691096085799
715.1764798498692,218.01603234969096,35.23070352729822,111.21013514669579
716.0156744445338,217.77345442098292,35.45356911110879,112.15556123011362
716.6366313065043,219.12532137786758,36.411282548193896,113.66589715963656
716.4663521351378,217.34555935152713,36.68276172278606,113.83091594994258
716.1913495798055,216.7956566840223,36.87625479355071,114.87141908532027
715.938267620204,214.1333484999898,36.83093955196827,117.64388925701991
716.1227262990805,210.16880939379905,36.512526670047336,120.61516183585651
715.9563258515875,207.71015770404875,36.145151385624146,123.77668165746522
716.0128018848493,204.73508377914732,36.203446086144574,124.24661729565922
714.8390519697876,202.70111257697508,37.085201659294555,123.11458325575934
714.0614903556325,203.42394106367757,37.92976849970374,122.21472583574865
713.0133564560524,202.0543081091576,38.44193486034136,119.4764483907542
711.998143636989,202.2208773287835,38.66604471878227,116.94480145044952
711.740948522609,201.76112223022113,38.2710268550436,114.01498503700907
710.5840022704942,202.8168439286419,38.6114759703342,110.25614138019591
709.467538168045,204.2474692439843,39.168618514488784,107.86575593954026
708.8815523510569,204.93772015038132,38.98720589210221,106.46630137335134
709.8341183384355,201.1704853903783,38.33554755683337,109.12898000743215
708.9771898689283,203.6103310593019,38.31196379054806,109.89968740081662
708.8105822266903,202.71799581859074,38.66226417275459,110.83118158648168
703.1966748539087,205.0543562945375,39.148518936017695,109.52538301312816
704.2160082150996,205.75341957177375,39.044428844228406,110.42988378371362
704.2694079876568,204.88478527280154,38.5092185008028,112.71674314808797
698.6288577831948,203.5743063664139,39.12048286541525,113.23474180482688
700.5865243606215,205.04974931493686,38.97993236818493,112.98785590396626
698.1501792714407,202.4613645601689,39.62009624420895,112.34362579115721
697.2000000963797,202.3276851477544,40.737160929875806,111.22566812485917
696.1300876087539,201.2965320492599,40.30326044316739,111.12112923861149
696.8031453694301,201.08212790955884,39.70934069732378,110.92639407671797
691.128815284794,196.33202283993077,40.41402370137395,108.32467741238526
693.8629525981758,195.02690850556334,39.61967161336766,109.39869232551251
694.4802941493582,192.87971743332756,39.67785128394432,108.22838187736325
694.9023492093428,193.92011157572213,39.89985463596008,106.43761247890183
695.5259306747774,194.0756378816188,39.910067899091075,105.73963184520066
696.0367751003898,194.47100854492965,39.74400926684905,106.40612418595265
696.8002884911518,196.0848097422771,39.30567729619218,107.07080809191696
697.3095634133498,196.22940586726588,39.23885227908586,106.78822533534029
697.6251092639741,196.99476629258868,39.62519553248057,106.66087629560778
698.5818960264945,197.07675590410236,39.68111384684866,107.10985455014995
699.9142928324239,198.83429666256507,40.19197226211992,107.24138710793159
701.7556127294155,200.53099059839317,40.22946791850003,107.78273668019932
702.0248069678254,204.60686054102746,43.24477678932108,106.6850095703519
702.5319009468736,206.67766568673622,45.213920988359575,106.33088559370792
704.8540881109406,202.6934250126458,43.9725572669915,109.03614090963168
705.7804757822238,206.99465730885333,45.6899215709552,107.8165965824144
718.5294167545678,208.40423831312847,46.96068586650152,105.95091004917536
713.4211812612796,205.47705954706709,44.532181190846686,108.27263737614373
717.007310444769,208.56849326011735,44.80297749992367,106.00655113710073
719.5730765177758,204.81974765861318,43.46101640073926,106.06861085970134
721.232214775335,205.3669728827914,43.53505431967221,104.23475859402312
724.4770981452872,206.49083271601296,45.007050961725966,101.60334356358159
719.6924040014801,202.42908438166018,43.94681583625413,102.45999977437086
722.1381419252152,201.56102152533683,43.04773062141343,103.38884047620293
723.5493148615993,200.910808137516,41.931825674243434,103.80991331135766
724.7368438832431,201.562741799783,41.543751287839015,103.77616863410911
726.4072634240543,202.05482890499167,41.04191123919067,104.20661005479532
727.1970952439891,203.79406842676542,41.30825518484677,104.72157497715966
727.4360839719454,204.83894668987435,41.42728452672462,105.62669769669986
727.9797086796281,200.80737393722455,40.68021884625317,108.5088606122778
727.8691462746024,202.38849475255046,41.237997484925444,109.37529358413452
728.4367147610086,205.1366456672481,42.187604965543244,109.72492805310955
720.1287849178053,206.87002331286985,45.48095011795316,109.35082341379787
723.1696849500753,208.0523057640512,47.25970188751974,109.37432647217427
654.6328245554823,184.56071666650564,43.69354535736974,112.20052987478495
654.0165758953316,183.37046253516593,41.23489773443374,112.55330648043619
654.0466265406781,181.86943558836663,39.76359282092287,112.82586961704627
654.5740502220381,182.41625980049315,38.143827059345696,111.81148196675
654.7673403367447,182.64137236499204,37.63241949713772,110.06946969023022
655.4105719049196,182.8601424922368,37.09011534401863,108.67722771407246
655.8594638313372,184.04742976041078,37.04172521657867,106.90420298193514
655.4871435800467,184.04858975757142,36.86261955054622,105.73951564371129
655.4356293371937,185.2386996624096,37.38709111119378,104.77232812735465
654.6595589209783,185.64282690716948,37.200155686872705,105.704228619448
655.3357574382873,185.42643429927205,37.38760996012372,106.3610810165917
654.212224060073,190.67440722902572,37.72524776242771,108.26642891166198
654.770905198329,189.731466132923,37.677689200667885,108.89775230221642
655.6853150592539,188.42354753689472,37.757699048634706,109.04018532519032
656.40687266139,188.33123291693124,37.50764090460423,109.4550986450266
656.9068608043513,188.74830247042343,36.86540031213633,108.61155845877497
657.5449401579194,186.17588656658612,36.80864487190688,108.95869415286317
657.8135404943849,185.5971697790933,37.14796334255729,108.30475783191379
658.328567203449,184.67537021168178,36.73701192561937,107.71906738734533
658.1676972716317,183.98158280089262,36.09539761893148,107.70188911997252
658.269796349809,188.28541268970852,36.739008896513866,107.36835825622013
658.3584057869455,185.09765068419154,36.88792470394264,108.31542405344794
658.5936774277742,188.44772648504542,37.443538801435615,107.82461826930609
659.6421266672492,185.77750645325472,37.33082256106441,109.77040453573785
659.3947147699981,188.0192989885772,37.955813094791914,109.77317620032238
659.550500694369,190.32155110722584,38.32733950263811,109.95386302213765
660.9081594107715,187.81781009718807,38.180211452386175,110.59948429010744
666.380093065359,191.5697842784703,40.10563640242765,111.34239166332179
663.6893249315016,190.22071042415544,40.306279248969375,114.31823258398384
663.5351517137431,188.67440495574562,39.77630846904362,117.01779490653998
664.5532384135245,188.69233591398614,38.985311623206954,117.31221010516546
664.2202677552881,187.39913999599406,38.75505657432335,118.68896203426644
664.738350857764,188.32118057625053,38.39540511413025,117.51280164201442
664.6563213114763,188.7712157025634,37.98804705382384,115.8156883042904
665.184370548128,189.67057864985702,37.63002631880576,114.45765298673336
664.754086465142,189.81311110250846,37.71988735434545,113.6072789145222
665.3184862675159,189.26932679847124,37.17312776148031,112.62528723321375
664.9289096217137,187.98779288599087,36.84162586452425,111.85491809223205
665.0154832165139,188.8556721630231,36.6388035451229,109.61597754420629
664.3453205235094,189.0245385467136,36.57131931599683,108.55713026056709
664.2668311427367,189.86616226728535,36.7009781209713,107.49388294340119
662.3707604708723,190.36348402197922,37.34018920499548,106.74984459997188
661.9380861493411,191.5894500462701,37.70031797129177,106.33780403278968
660.8181662814585,192.30836804991708,37.92629938872802,106.26962327699866
660.1003465317416,192.91703575409025,37.81989806327172,106.42152111927035
660.0869540122532,193.10975032890855,37.671800705192936,106.07124699028795
659.8528778707002,192.78520183395497,37.81147074786041,106.3694110244532
658.7172920116383,197.42465819251368,37.775112539684095,107.73130164443293
657.5523398829733,195.46892007043485,37.92780575079519,107.642643420512
656.2352632037158,194.84699386441332,37.81525190830611,107.39471102153519
654.7451403573323,194.2634680922522,38.41631502394014,108.13951384473464
653.586783258341,194.79758026431944,38.413275336653385,108.02590181530124
651.7537590729534,195.68666624444188,38.339266239014414,107.68422349023402
649.3805642802879,194.49444383380452,38.38044180075533,107.98878712025504
647.7500130929184,198.75922739049747,38.19045789276417,107.85062415878565
645.8735983066277,197.21373185862652,37.98555025793286,108.197941659524
643.8695612012572,196.63924675004444,37.606091757644904,108.71965727139491
641.7862420224338,196.57440375411332,37.269378426906435,108.53085734759628
639.4724659677489,197.99580076324372,37.88908036614092,108.41620892870068
638.1951861234304,197.27436543880128,37.87953716667066,109.12446985449449
635.6174377559319,199.46957417446077,38.265416344141954,108.93500300573405
633.7895716571893,200.23213798544768,38.39655995672739,109.26690029182606
631.962374460468,200.57027600021226,38.74123502605786,111.12842672010635
629.7910106333661,200.74123627762978,39.42223692075545,112.87367819667391
627.4827916429788,200.87540327531028,39.589212964579545,114.53497066615667
626.2086113707027,199.32627058544824,39.26297190657748,116.14867829803987
624.2432946836813,199.10168473288044,39.39604291985676,117.10821721785514
621.8869731955593,199.77420346266112,39.50419561594917,117.9139354021384
618.8080489096499,200.23583353039166,40.08314242003728,117.2000147214474
616.1771464326848,199.92054910268706,40.455760037999454,114.81288052052118
613.4153989003784,199.32633179638052,40.91905393455207,113.59339381889475
610.5347431418251,199.16880432399395,40.87460411437846,112.08418685990506
607.6033542511332,199.31311727789003,39.95851655839036,111.37776258199001
604.6911525969293,200.15077906973585,39.419954759833814,110.40871636875121
602.3256856853957,199.16004359090795,38.90060438795479,109.93766290280777
601.2183357137103,198.71246850148748,38.46770320370107,109.7564428423909
599.5044020964694,198.890070847339,38.40958945063397,110.57594854363987
598.027101216694,198.8184668908936,37.92316857567888,111.26412971073444
597.1767961734778,199.17671069035944,37.78703947963898,111.38072496655052
595.0877941733327,200.56912516439954,37.797118122110554,112.28733397814135
594.4014913109409,200.9795375214628,37.972637751084136,111.8896070235001
593.1512917455913,201.8236655919964,38.0705684388665,112.13036079683111
592.1115156991181,202.79475114136528,38.06013826061843,112.45178837858955
591.6419515065984,203.2828541235345,38.23004301522943,112.28570043383195
590.6801188190665,203.0496783958988,38.443966440258315,113.54858392397726
589.9742684440376,198.31884746958224,38.48231215930246,113.76089236779694
588.811351460533,199.6325834573226,38.899773962539,112.6616665566381
589.6241875919399,200.42619891829418,38.87112327946774,112.6608418656215
588.7757201188145,198.19449136390142,38.45729539116947,112.17666996116233
588.3450010614706,197.54990865765964,37.99100392307085,112.25781540179837
588.4788048035263,196.86317914603688,37.62114431321948,111.31439372207149
588.8703542490312,196.1564272882098,36.97685625053772,111.56566873422678
589.6828241399405,195.77566165902303,36.474430955031856,110.98905437892999
590.3250529325444,196.19108652769225,35.93824191449819,111.6183647778144
589.6908316049862,195.06478658677918,36.06248650957873,111.69055904288032
590.0697578565147,198.14212990045692,36.23180815746555,112.24471660040028
590.3549705492171,196.3523523695378,36.10369432720779,113.75416658640232
590.6153820436845,195.7012650493953,36.10484625949976,114.55150830327504
590.8810427544375,196.14478477278377,35.91278327038181,116.07184466902861
591.4503760260616,194.54957915698532,35.77380505444614,116.5138497288268
591.7898233209855,194.68489064313297,35.89413233788177,116.72489195056605
591.9328287096848,194.17700127528656,35.499636003344335,117.49910039235557
592.8009333373524,194.74626950502085,35.1625454098896,117.37928241395085
592.9551249581004,194.23506703398158,35.171495866666305,115.90068504432278
593.5570662556086,193.00311654950968,35.220374397214584,114.31642259926514
593.4326553919731,194.54525829893868,35.418965967855314,113.64509915289742
593.6422016241888,194.55024929674946,35.74704353449437,112.94587229090467
593.3674945289621,193.9609239568809,35.885438846726345,112.07473330351226
593.5474021877543,194.857443310967,35.962628601974146,110.62370351386386
592.9002101261331,195.38810376986885,35.86959755454711,109.58846080347847
592.6695277273082,196.85903519030654,36.153906009833506,108.50866852305843
592.1847868227617,196.80392569659205,36.53749734699109,108.70318738032282
591.7174246401233,196.53982274302632,36.47123978534978,108.97862801936682
591.2946226586032,195.71177290394436,36.53326177626795,110.38845458225346
590.8939220354043,196.66870473303652,36.66427849641294,111.61896124152827
589.7497411016107,196.06656113466704,37.34396154625131,112.62560743811562
589.9259356113844,196.7990228103649,37.87217673421942,112.66467151824607
589.0400508724349,195.3404868459289,38.19076136905507,113.75146683865098
588.7301963782772,195.9861366915316,38.50836734457006,114.27797506027207
588.3051507291666,194.17015786150637,38.79704368574484,115.82287942137233
588.0618982926013,194.73221780206634,38.79247039072172,117.35996435516331
588.5129394013834,195.5215812028689,39.16488770871814,117.72630388637525
588.5156372089102,195.7543943237013,38.9956067386688,118.03313059518808
588.279171336253,195.69324033159882,38.91308333576325,118.3585440588719
588.6575957131264,194.17761354500658,38.915086050579546,117.74354905303109
588.6866179237157,191.41064980973542,38.5268982969193,117.18237135236977
589.0286216664218,191.4374958454012,37.81515595817997,116.60803205327407
590.080278285303,190.71367935087693,37.12529880276165,116.18183424703457
590.5126223689201,190.54254915935763,36.42416572118653,115.11823647100792
591.5602013403608,190.9205740965033,35.87088826670086,114.69772546085235
592.7052927145742,190.9585335778029,35.64810978844617,114.48341194876407
593.4758376423749,190.2285521911511,35.426399977781756,114.30088135487253
594.4936450438847,190.90002182682952,35.18247242489949,115.13418348137341
595.8112139212769,191.54465987727895,35.26156663804123,115.42658660544245
596.680976539536,191.02004154892683,35.48028870548574,116.85208115857006
598.5479420382751,191.9692491151166,35.31148102763336,116.75475006778593
599.7387291397933,191.49361013761882,35.04163477755411,117.38270188213934
601.9075856770738,191.38299094777668,35.02464380611187,117.9621622397728
603.2226817507894,191.88457010217775,34.963599483921776,117.47281247942115
604.2786889692695,191.6349993789205,35.31851853580743,116.97340577587308
605.629542067408,192.4328007344763,35.478769889579226,115.42212370025905
607.2247193733177,190.9946283548488,36.05704315976362,115.10589872684801
608.9163096381187,191.83608487311795,36.1868674099773,113.01761968679637
610.3002083574697,190.74640176196363,36.08173962993615,111.79734725630354
611.7743226981349,191.37011127070994,35.955396772809415,109.96967004817901
612.6686952266879,192.84134156760243,36.25509714073696,108.30201345048016
613.6182477484774,193.2653350868149,36.293095964688746,108.10663880018922
615.0153885105045,192.86222642091542,36.78552827921172,107.57826593537865
617.0547806700253,195.9651312016302,37.20485091665233,108.91178351857198
618.6758097994078,196.63902739114323,36.91685297397295,110.77136976541563
620.052530187575,193.33277391308866,37.26423107009039,113.4910279914375
621.0134298252484,195.38731464294634,37.195259582142896,115.61040970463473
622.5252220395288,196.02420291870553,36.73761148056273,118.25067491069996
624.1428648833427,196.81578293231627,37.18228413644084,118.95782788892589
625.4851264402611,190.25018260894547,37.48725272373004,119.36777895528415
626.7533436172924,194.51513451363488,37.270390103142034,121.05417992495806
628.8553492157869,189.15188051943463,37.50658066549155,120.92564450210368
688.9936297418902,237.56849508031414,38.21230415918335,123.25331168161422
689.5540777514914,246.18088936924755,39.13094771555778,125.84069313243387
689.9345480922809,246.14271363684912,39.88840317312369,127.79362042482933
690.0469175501522,247.2796350611132,40.9001490233875,130.02475766358143
690.842139866157,249.77461490945794,41.655840246098876,131.80044299405262
690.351085763162,251.62929502401795,42.91984462604306,133.36846084720796
690.3666407606383,252.955630443432,43.71921228602419,135.63780329115576
678.0822489649782,268.359896537664,46.11182552822328,134.66943910195943
676.8372958999249,267.8645365352841,47.67001760040762,134.83566343353948
675.9621938858255,269.02460832662086,49.17954403346785,135.34552645029225
675.3345469100578,268.5649834343566,49.96170668598436,138.58408332367276
674.3332860087215,269.64338271102406,50.468616701814554,140.811782889692
673.2648807686596,263.86373347695064,51.164637124756204,140.7125387247823
671.2109089568409,258.69437894212734,51.93060219843637,138.27142925957773
664.9492251673746,257.1538945546413,51.95211297347497,136.12114965579622
668.4254290327236,260.86363141036895,50.99920122590069,140.15329413892098
669.3253844906246,262.0476522105725,50.41624048824496,143.08591553289864
661.9120180359189,254.62687606796695,49.185482095166165,143.71531056865905
664.4920630215257,257.924334394663,49.906444618001686,141.55373303422454
665.3215143672741,261.27529303996386,50.35185935318651,140.50794844168186
666.0339612176633,262.39971194494007,50.15761560052817,141.53855103471403
665.6744917485504,260.5666978711579,49.83498768999895,143.72508496822053
659.2077170937921,262.2520963776979,49.05511422424702,144.03109702763496
662.4694604672934,262.1942325597484,49.032038510874926,143.9125794675491
663.5204836805249,262.8752771003835,48.88314199915345,144.67427135208396
664.6293882376901,262.4803600366464,48.98367676261515,146.3825213836032
666.0555529522636,266.20546920100287,49.351003800906014,151.72749863441908
664.3372537485317,258.3594059747919,49.67144157719003,155.43344001298846
656.1195063131994,232.99540578257321,47.32394885325024,162.08402874581458
658.511324097378,226.8110922166704,46.586017172832555,165.3951311965289
660.2938990568192,237.3022270255832,46.868245031049646,166.7035663058762
662.0712061792491,251.9654612089666,48.302436080226755,164.78150353298145
662.5791155237472,262.4780305274492,49.13573788893399,165.17987067909723
664.1123035024607,269.50108595639904,51.40399194401925,162.96892103030405
665.3631906505085,272.4894238835704,52.87282182921331,163.15619561922915
655.9872305957075,255.5665715372137,51.09673061679389,162.9821363654094
660.331992438865,260.9202309469181,50.60969106133814,164.57789142905716
662.0726600583778,268.026937745489,51.401380858170896,164.4426104613098
661.130853814385,265.6545477109222,51.97730582517551,165.09180756840732
660.9701381014751,264.70793156533966,52.616485350560836,166.18815925673584
660.0444688020195,266.12596690086207,53.07599410118237,167.04521645625076
659.5858665227087,265.7845040180426,53.247319248106784,165.41661973806399
659.9121365808718,264.0951004130553,53.00037893451302,166.26081619974758
660.3711031978321,265.74584252278146,53.13299115461777,166.77490090424538
659.8453604967885,265.8115544957335,53.42802149288497,168.00735520846342
659.0749484251339,264.77322706715097,53.56780400926384,169.1563013206257
659.8317706859824,262.81963338848186,53.19641240962513,170.00813837431411
661.7198151233692,268.36503268675665,54.61310116851841,169.31765696984206
663.1763307256143,264.89426678247145,55.42491847286316,171.6246310544135
653.6457469262075,249.713556565614,53.699190319723655,172.6413954975278
658.0135598554706,263.32632515770683,53.99055916639755,172.5665903537474
658.787336755875,265.5657225369894,55.204287094333225,172.0541413822306
658.2582015119328,263.7633822295921,55.89044647033832,173.24204057154918
651.4267674168552,259.5254217620484,54.57002017349387,172.39639587858485
652.1474207097328,254.89774965458466,54.09588692567503,176.01316406278107
651.5449624088438,257.80221643598975,54.74024043998982,176.05535526345963
651.160344516972,259.78835728762954,55.591390283551206,175.83517283576901
648.6281347402604,252.31895998961176,55.58053298532036,178.38911120774458
647.7442550800894,255.3353823738495,55.077692940428065,177.12832254202175
646.2003302788999,259.0048419379527,55.489354789129834,176.40767094997875
644.3358491215877,250.8383240210316,55.58288366831407,177.91086421637704
642.8221713559994,256.89306855664455,56.49468558201312,178.0802094881077
641.3744588557058,259.9493520769564,56.847289652119386,176.16691889478017
641.2132879617734,262.20457487862916,56.76050792986196,174.8613680725473
634.0806052615598,253.06807161481066,55.11495318716166,173.91746519161495
636.2917294196185,260.9179051068257,55.42047186170584,173.84270856219916
637.7425744446963,262.16077092526666,55.99276033099007,174.5623261322416
628.8537872845891,249.2630035893069,53.84028284761543,175.06747269686136
630.0264270489142,252.16368418722683,53.519867515742675,175.39703191117775
630.0181994086386,253.6692999724619,54.289691591212076,177.70477388196736
629.967195969771,255.2031190820948,55.50356506230803,177.41279617753315
629.199545606589,255.0193198774329,55.97293458769079,177.6876312970477
622.733619862528,253.70299190020614,53.728367771369506,177.3276653528501
625.9081225605983,254.8021471413546,52.97642210194419,176.68490794920461
627.2114759765144,255.39534356898443,52.89652377040181,177.4659034854397
626.5402616963214,255.18311923709484,53.178002766807616,177.7440015568441
626.6105339357714,256.4873044632677,53.75213019771665,177.76642872908633
627.0908262894976,257.37072395358814,54.125359157561654,177.41259808069805
627.5088369887857,255.45946671261134,53.815107052293854,178.8272913842153
628.3224240028862,254.8609705972548,54.166989501639364,179.74701532440866
628.5317552691333,254.37287424661764,54.66709126233903,179.39831109403474
630.2518145726635,259.737479736532,54.612694100362106,178.61872799048768
630.2349743520699,256.0427525283643,54.5274443432973,179.45443522969907
633.4311135131104,260.3360873495707,55.12599548898967,178.4826027569336
632.7314620439201,250.62174496937251,55.03491468313051,178.5244390676229
634.1715084275008,257.75472637227296,55.63413552795327,180.21662331077223
637.5013898259788,257.6018091310384,55.83089862897705,180.24889712024293
640.1795360356224,258.2216590384829,56.09284561246083,180.62664492002367
642.803831750677,256.0248810248502,56.57133929587707,180.9557130131766
644.7401517844077,257.88125410928717,56.83111309255158,181.30454416440153
646.9850118628381,256.775917585077,56.77782148259615,181.6918194571989
648.660167176652,258.3848670830702,56.75579631067224,181.07043897775304
640.7199715889236,247.05513991305324,54.78116124101167,178.238682380287
644.2661840176835,246.80460297814625,53.429855291420346,177.13751914473139
647.0142837102009,247.85069470537383,52.56222312516619,176.97648970295631
648.5183896824801,248.2360091890639,52.1072996403855,175.12203157107115
651.3493455743854,255.3251396008598,51.80800534925058,175.66339049845593
653.3713111366351,251.22649987324434,52.26111688069624,175.80011735664095
653.0331004591591,248.16045834560262,51.98114624546331,175.79487846291926
655.5420586543657,254.52404038386362,51.32486124848269,177.29510562937818
657.3433134816017,251.94657664913223,50.71694974426404,178.92192330994638
657.0843907435014,245.43403278570042,51.21220628571522,178.2692146729794
659.869331210596,245.5042288692999,50.2869410017031,179.2364339235508
661.5903031440301,244.64125911884898,49.74507829251907,181.72337101785553
664.976313764657,244.17601128050586,49.08470465716137,182.8653871428688
665.7810705194113,243.17924356827294,49.74089840206261,181.19687398907234
668.0888161296676,246.84255744361965,49.83162399368362,182.82067234006348
669.3907371649605,244.01906454111463,50.825841100496696,182.91842900002348
671.5176979468657,246.98710044929203,51.19443807611503,183.81995646116502
672.4062796017658,243.7031022499144,51.38431387459096,187.54596000484827
672.39445163535,243.36167143013162,51.65518664304075,190.05587614499365
673.8531827670818,240.64966020773727,52.07868798164335,189.80306352966272
674.7341426105983,241.9974204792803,52.21124101284899,189.67316340893996
675.4205764914556,244.47284481045907,52.42398983972704,186.51845696707954
675.6994444910395,244.0395352604698,53.05964575969537,185.17918970307497
675.6655395619372,244.5905777232023,54.0569261569928,184.1479864721652
676.6296427095535,242.77085887788033,54.42579298759928,183.65079648870636
677.2521497440067,241.95630708088441,55.54104012055164,181.95225692664656
678.2998106242453,220.0740083386205,55.986845803387865,177.40999634843024
679.8732040351535,216.32261139169367,55.512081085834794,175.78923029050168
680.5975008384698,210.50530217624691,55.42144984912092,175.0361019104821
680.6960715423221,237.48334057134346,54.857953618304116,176.74158899358002
681.6338366265604,247.95835434204895,54.70917942650432,178.64923891188582
682.3538879741019,234.8517437060814,54.519129064299435,180.7285585877516
682.1619561750017,215.36445511040307,54.569784459184035,180.9440644290106
683.7334252303788,211.2588166134746,54.310045086528085,180.46585682661512
684.721646092975,211.81696912833897,54.91307041951747,182.68024623391335
685.0184242150141,212.6143281059786,55.73113801100284,184.26626887349803
684.8480628756453,214.1050477211543,56.07074698195889,187.17104437627034
684.2037851803337,213.74301221420666,57.17470145309686,188.0496319231828
682.8323991360547,234.02436002881538,56.873971449293286,187.62016841066458
683.9627354494115,205.58643194109442,57.93168799990221,189.3238940013897
683.9124382164085,205.68582601155882,58.28514846584516,190.60137558244577
683.7096051197811,208.588242846688,59.037314429979794,192.70534918986687
684.2416952666836,208.45028104778476,59.710082864736165,193.32140633545623
684.9013268544251,206.92923560428014,60.12798645160533,195.15916046003719
685.8256853520713,206.03253244509438,60.08297955934761,198.35124770377797
686.2270195483686,206.9740858670272,60.250923394669805,199.73231603653278
687.4919743081756,205.6415192146988,60.11574992661534,201.47702791966174
687.8183438407611,203.13384356876963,59.345686606037475,203.47519996080288
689.4510599647696,209.90264190173207,59.1239283501774,204.22625571492202
690.1974441481213,214.81762135632374,58.85686667998434,204.43403274476455
690.7917991975446,218.37452850654367,58.7743876745444,202.7036465410959
692.4872412175044,221.32097593847885,58.98089071004887,201.09283185071794
693.3803013297457,221.34025263563956,59.21711459796255,199.90430756730507
684.0007279659609,221.94991778998255,57.777206607514685,198.4279536260927
687.2379374517367,221.9224006427281,56.57184443299067,197.50432686026835
689.1095801526836,222.47776130954696,56.36026798686148,196.726179357712
689.5596151751354,232.39132773702295,56.26828672140751,193.88679941718874
690.1106792499961,231.05279396578356,56.43437339350149,191.76804958448443
690.3462256994792,230.75786559026545,56.26457199009692,190.4575914084195
690.5680795288808,229.83466852354314,56.11801643328729,190.4702492413957
691.5268908174608,231.38023089065126,56.27187126930503,189.42871700214403
691.653609048499,233.866164717652,56.47424133078985,188.77943636138716
690.9702027508915,206.0649283022505,56.27302738334136,188.79797440825462
690.329612524877,205.9014081218292,56.23787072675837,188.790704326888
692.2926983327884,240.95611028704195,56.92081757254442,185.9562481165797
693.7594383143473,242.06297172563978,56.94018079866593,183.93983445028053
694.0266417257196,243.54411295754193,56.48121122367465,182.640937139293
694.7103334236702,241.56337240406816,56.36751461347131,182.4195802831363
695.2367783765923,243.15855043506542,56.358809273171374,181.48357297602453
695.2294438519838,242.52263933735549,56.06811073339151,180.5872807476926
695.1948549118667,245.69300500429569,55.60308979303443,178.55696039022212
696.3495868965136,247.41156165947706,54.771061531786614,175.61965592776355
696.8549095356314,248.77777733048637,54.450726254924575,172.4750851998063
694.44001740277,240.98661716054175,55.045029735277396,172.90400607222728
695.3048776370375,245.1689752265573,54.670360903438244,172.32516955216516
693.3741113642745,236.563509153692,55.18766756548037,172.25699365041044
693.1829136042161,235.8396475419805,55.24902534608201,171.7867953307121
692.2582079603486,234.89732552366405,54.93765763448818,171.15392633061708
692.0262728822943,222.9038206342936,54.63728168444914,170.17817899876226
692.2031371763352,223.14152779367953,55.00497088105815,169.53967945774616
692.5368025432407,220.33495946402675,54.765873085298466,170.70527964854585
694.4821134359199,214.01665169824673,54.44853282650547,171.08516319310638
694.7543595504435,221.25462074464195,54.63389971115149,172.18205339316265
694.1928726898008,230.02244682706362,54.763726595679415,173.46830254973042
693.5347975086271,231.47414923978192,53.949917374744324,176.60624761214174
695.3595936027051,227.187893533507,53.653399975635416,177.74233190829747
695.6065748151909,223.6430741008656,53.800813926815906,178.01283033931523
695.9067032077305,230.8134822448632,53.75045522971502,179.62140350902263
695.5325389512434,232.01368815321425,53.28671983411224,181.38398989178341
695.479002759686,229.45019375233977,52.89574519321557,183.15507912115996
696.3237453385685,228.8852564479235,52.42823059361692,184.87067516315517
695.9872792415883,229.46705126160455,52.34491443266555,184.8951530912206
695.640458329906,230.89209800786975,52.058832862113135,185.27383462310428
695.9974206195718,225.48536159304456,52.14047978880501,185.3175520892903
697.1003359602178,229.35979763856432,52.126376984176275,186.13928336891732
697.9011165103599,225.92903235820918,52.30491062666692,185.2757019682628
698.306325980955,224.74553196327201,52.891688216772465,183.98032277804987
698.8947385261334,217.6076440809279,53.68540138496809,180.44152144007694
697.9864568864095,230.94480178576697,54.03157219882442,180.40155776074548
697.6200032494583,229.14610066825787,55.27215178260257,178.4091071858577
697.8203771641208,228.43980234230597,56.808733245574864,175.75453703249417
698.2848025255191,233.88844693187528,57.53640646572555,176.39562084682478
697.3352999694614,231.23909207358477,57.38327849449748,177.46177898869877
697.4099223294061,229.1024696708043,57.831901203864525,177.24849158295598
699.3220766602162,232.26995604117087,57.395359380318155,176.81050580358757
699.6836398104915,229.87922233050259,57.529981469011496,176.97610274915513
700.5937971687385,228.28351410353403,57.513320350349204,175.59492265310445
701.0659828109781,228.9363461817837,56.945818952983686,171.86073185666675
701.2048751319677,225.85684166744,56.99653201884824,166.903369730569
700.7916702952671,234.78484266082546,56.55502393998355,165.68489902431568
701.0741851010138,239.1570073553961,56.47822813319303,163.61989903046853
701.8246393191191,240.52745957509558,56.29927132471356,162.78980613453427
702.3209443931337,242.70815394169261,56.327436614039556,161.39803953650255
702.584563844464,243.85135065060186,55.829063330010015,161.5804948239758
703.6489955730642,243.12583865540222,54.556478411513666,161.88198888044562
704.8118249954283,242.98828510942616,54.348116739331786,161.89675459633153
705.0225896135688,241.37199977863838,53.698668893073915,162.93026767886656
704.9962805608009,242.31312588804758,53.153477385858764,164.48426328567075
705.3634151748723,237.42232098594604,52.393137918693576,161.91171468838454
706.3823249023852,239.85701383296998,50.49697288058653,164.39686362034374
707.2164016958585,237.16660947814495,50.07736112561013,163.15968135938223
708.3337646696925,240.25336394310688,49.388371729226904,165.88992666377237
708.8217744932188,236.01143631084216,48.92867237035581,163.86761070180037
709.7109801386111,242.73059334158648,48.61916712453092,164.40712848082683
710.423622272789,239.35604364809672,48.49035385589314,162.91552714606564
710.7242913471979,243.44111447807563,48.14925769239625,163.8558295550165
711.7361776536438,243.6865769062997,47.740829127050844,165.28551774902917
712.6972200661825,237.96140621111502,47.68712484854338,164.85702727599522
713.409392252484,243.25944606275445,47.489220547999786,165.4601167316519
713.4613336846672,245.17772249331261,47.01068771190996,166.84762631331512
714.6371335950021,244.27032924507694,46.905996794362274,167.4791454548213
716.2165245679579,243.6617042122237,46.86064344113234,167.88162315305033
717.1372905574171,245.31447868722609,46.85473806438675,168.04179557183525
718.8899039563711,238.40266112603604,47.28156316352774,164.97211442529442
720.2624167365849,244.9605492794413,47.49398513193938,164.73397407429445
721.0103063351997,241.637839518882,47.77311316604055,163.05883218641642
722.3316302741393,246.61248340051785,47.925757665633235,161.86855473808617
722.8890719659618,242.16211264124036,48.73365133868238,157.76100596580864
723.3028482529578,247.12310337869573,49.257126372608056,154.31403917748236
723.132722089829,243.05309673807366,49.835154501478,145.89676333519134
723.8192225984834,249.53670515560214,48.93538140231716,144.14937701313488
724.577048151667,243.14771452586294,48.7785709999144,138.90000307852148
725.7071526693646,249.92908186547447,47.64192465811488,135.42831473261137
725.8811762869827,253.2409365978528,46.75085020072227,135.08888652166948
726.9004168084992,256.70274450446954,45.61311800660431,136.3167027457895
727.4676891251025,258.1529447856831,44.210540464958,138.82116411039482
726.8060704887042,253.89122931098296,43.85791852487927,139.9864965528676
727.9999972933146,256.25063083525185,43.20417419815236,140.4426364746057
728.7498448921697,255.8729181720721,42.35813452946434,139.5853088865365
728.5613774948613,256.9386488051216,41.97989629656547,138.96820268387597
729.1709598215937,256.5985405543631,41.52554005946732,138.03073279451604
729.7163918429831,256.911577323924,41.03988304269332,136.7875548442691
730.6073473852434,255.06950227860347,40.12146385098724,134.53637120611992
732.2733761199094,254.30105352606358,39.805307708788725,131.19636374675272
732.782075579779,253.78004329590533,39.14622187269818,128.20442004996474
732.8251514013399,253.94586122165182,38.896152524159554,124.91741544122378
734.1718830612734,252.87085769652072,38.03688231475843,122.48693285601848
735.0773042014292,253.0355299373138,36.83479723230383,121.16422857027887
736.6343817390579,253.7002720389779,36.102729864566044,121.05318108493775
738.002660543633,250.81435314286145,36.09279245271193,119.97150945105369
738.739611911875,252.3159889055333,35.64196422394113,119.61005001181537
739.4804344090571,252.03907989763334,35.58951415679247,118.22672398655384
740.522640431185,251.5043802749716,35.70364852214373,119.19923214905404
739.9937719956758,253.7690107632365,35.60709090234786,120.61586446018292
739.2305312850885,250.45631448036198,36.054650171003175,120.72535450670594
732.651020662741,255.77434660109023,36.51896926726086,121.79159701268593
733.4123580732489,249.5461594410047,37.00473064924786,120.54026678878958
731.7511161731339,250.0128040161079,37.72955438478051,120.13206273017408
725.0308267284977,258.45884037768064,38.537898700688835,123.03470970307347
724.3948268308192,252.77808921266828,39.310307801141526,123.27875845796399
722.5746505842125,252.19849486960905,39.75767690545415,123.83073322968806
715.5019970280061,256.2561647484546,40.31533944084045,121.6603812458923
714.8998917326255,253.11240895731422,40.638115173756404,118.74201170939858
712.8900073144611,255.01627769757118,40.72576654792726,116.2262975300092
710.6933648492624,255.54924794502716,41.0026641110761,113.22715381472985
709.5113863788587,255.6343399670367,40.101041589832036,112.02035511426237
707.0770572196019,255.5480078676713,39.819261599629755,109.77524940408816
705.7883225476281,256.1885171752326,39.20443992223028,106.94233719708473
704.4295894614094,256.37819329953066,38.38845358383395,105.31707585367813
702.3418399743231,257.2756185893247,38.14601814028197,103.93754996204774
700.0323364563691,258.2659260971078,38.24281839289537,104.67927600712008
694.9831674102468,260.33989241887093,37.32947111374091,106.25761785395028
692.8791205534374,258.74491151013183,38.14884121552812,106.04237013010766
686.3739319094371,262.6220139923721,38.51428384929272,106.4199515120626
684.1732014869509,261.3284396813784,39.29431763509157,108.74308308855211
677.5570477387366,262.80957838080064,39.83885619536304,109.49390373887152
675.7610235055351,260.23777768723096,41.85144714032738,109.96313912869645
673.4022475185986,259.25308648311534,42.283087554141716,112.3614539950899
670.6883440463226,258.7461825427701,43.231762323248276,112.89148551503027
667.8209196113626,258.2327052656952,43.83288984154487,114.02116255752374
665.8489930985902,257.6039949814763,44.21144073352929,113.60659332741567
664.9011295696503,257.06150132970305,43.98519618420107,113.12199423474488
665.8650161912982,256.13108242203305,42.741694514925385,113.84786043143248
666.1312149879884,254.9637338336343,41.54590682154283,114.9421305910181
666.3550313999976,255.05019269567532,40.85976388058951,114.9193590234855
668.6543492409442,253.66621599821008,40.16648126800192,114.2100644650011
668.3705171714089,251.36740852240632,39.447576526991355,114.81789946742036
668.2191901664295,252.41366181703435,39.150555716050164,114.96514207135583
668.2375823351297,252.41112649363487,39.441785603417344,115.88485666146457
668.1752996267277,249.57719690669515,39.589382877086024,117.13519149757549
668.1816101789066,248.17402772673313,40.2121615911488,117.98181079564799
667.9590198505632,250.77524013031837,42.42661040293349,117.21883434510595
668.3959301290628,251.57818925899764,44.32255617665324,118.3244875155886
668.947148095714,248.50893781283193,45.780937961856466,118.30526841161266
668.6866138097192,252.00857062988308,47.59089284251634,118.22195450633117
669.0263856901366,255.40344646116827,48.72236015765495,117.47247126493386
669.919272408199,249.21773615480203,48.76593325912006,118.73779465629181
671.1970024416208,252.7368593593658,49.162532461227954,118.66243696481564
672.8167522308903,246.2948668745836,47.75817108440273,119.7105073225637
675.0189229630155,252.75303444687734,48.30881237772053,117.15336407250743
678.1039335463067,256.8012147212803,48.30553115178148,115.74513676344762
681.2848514424763,255.3065317490214,47.476521783087335,117.83172211552387
682.9865082292455,257.1904991963122,47.611766692672724,117.44441652201334
685.8772715487491,257.75216264800184,47.859309000503856,117.463127129506
689.6409681001762,264.48275474677973,47.08122686795612,115.44407969647659
697.5997266684951,269.5484885656068,45.61984929583248,113.89574861735508
697.444004259303,270.81418401901993,45.25343856297377,111.89907550876191
699.0152078271013,270.6831735488371,43.559947385781655,110.59731661819498
700.8200665601548,272.87898088096324,43.3536551363496,109.38007963376752
704.2096557498502,274.19472750489894,43.88806156149366,107.51674666946168
705.8705446856355,275.54210785987686,44.92087887424923,107.96271204898338
706.4939606872412,275.530718525522,46.164806005330476,109.29715470294549
707.6876052967954,273.8045550694584,47.885127965573844,111.07609957123418
709.0776418786859,275.79103843652956,48.98178691277006,112.75850545672068
710.7912949459587,270.0600549637816,49.6878611912798,115.44614893877667
711.5726370476308,269.26666934321213,49.62429019003075,118.41541403348468
737.5876712756246,228.4377480499826,45.45130410098634,125.09924233771723
740.791098938749,227.41894632973563,43.49210779039326,129.33866519807196
742.5231253643053,225.85876872073345,41.90789340592478,133.17087517195478
744.0769678486498,227.76924240558327,40.89365755298889,137.14474572675465
744.4895431557301,238.1488931023148,40.850441915406286,140.04604308817443
744.9673952067349,240.04991251566557,41.63387903921152,141.3407359242231
745.7146578792889,229.50159186365607,41.38893395819481,143.14314009140125
745.9524313403195,229.1722694696003,41.48737118225185,144.42877102548601
746.5836067856416,230.8359644874594,41.71620488385478,145.0932482936161
748.2085252920137,272.8260382171609,45.77284827882515,139.14425165208417
749.5468738243112,277.8830255042787,51.65636430321956,130.9355198785612
748.7029453228414,281.9819561795279,55.5336701396247,126.00974061844056
748.5751766448118,283.13781623495464,57.66094044589446,121.69959299732552
748.2722559201387,285.10866525560573,58.8640683580244,118.07642485991211
750.1175041109996,283.57295332191484,56.706593664764085,117.88753259379472
752.7437564912268,281.5209442756808,54.31128332798524,117.29128289451478
755.7964159784125,282.01579678489793,53.26772477918141,116.34641514973788
760.3529242888632,282.2121713716819,51.92198873689334,114.94228876078446
765.8662696268202,283.2877781235661,49.556711253728395,113.52590813989721
770.9773246618709,284.52165053666715,47.77395608017244,110.96571814877615
776.0016537966586,285.7370751820354,46.273856045765385,108.22153346914082
779.6924154215698,287.6570536843558,44.278770212019694,106.70807950290651
782.7540807315659,289.8409210178905,43.28249142231929,106.69405357988617
784.3601563250156,288.9745676441585,44.17683752317009,107.53997476054326
786.5840578280689,291.5656863331919,45.084291551365055,109.14230378491183
788.1402209515084,293.1882024149643,46.27141617881496,110.6229395748583
788.4975941738114,293.1110510407176,47.92439153024455,112.08363666195947
791.1095044341685,292.2610502015632,49.26489872635783,112.72830401066318
792.0861181793158,292.09122433035907,50.25126288225757,114.01675619767431
794.0033910166293,290.54960516329675,51.570503390034226,114.58859311692771
797.2157603978854,290.36584990992833,51.62470845228989,115.23881363943838
800.7067207813421,288.38658493958053,51.264484157544494,116.56896900356537
804.1252472312622,286.48257387257775,49.6784469208514,117.33207093150095
807.6379807717375,285.6559619001122,47.97049425945653,115.55318337473841
810.7874205038901,285.14134721668705,45.30904188674971,112.69702245991141
814.7632212468015,283.9054661072586,43.31388657173382,109.90520435650275
817.7401077226896,283.9411064363499,40.89696669498507,107.25840771283113
819.8114796060055,284.0394135831778,39.36562400943862,106.49819526320005
822.8755721602665,284.1396925853475,37.97524045273529,104.42733708510119
824.5099682938893,282.94385817591143,37.75096427206814,105.80680674053647
826.2420055926378,284.071043687514,37.23760664692223,106.12600143884316
827.1627429211431,282.7699767507849,38.08935975785583,107.67366238902257
827.5969893346431,283.2309625434562,38.5668225411312,109.12809938064527
828.8786134966605,283.677973505055,39.84265908075918,109.46876967336719
829.391945857587,282.5636059779695,41.01578936661197,110.9176309987861
829.9341866327668,281.3036846422293,41.720136904463274,109.7190686619503
831.0425845042514,280.8041617227562,42.269796334986545,109.6731091793939
831.9090537435907,280.354581671323,42.483291519676136,109.8774296259073
832.1325715144244,280.0753120703158,42.69050385799069,109.46309370966603
832.355839075419,279.32674178973656,43.142564128705516,107.54222022129453
834.1450846512405,277.6829142817138,42.64020980453151,107.55482793509395
834.1428512486551,275.84046124603344,42.56915676481255,105.60430271678186
834.9725171011967,274.0022894649617,42.267236205893305,102.84911103493735
834.7651515069495,275.9068287984657,42.18020303729789,99.92692271970154
834.5526721239358,273.52724243672867,42.47634792562321,97.25814219992003
835.3674604371121,274.7814914796817,42.29327601137571,96.05611748838074
835.0561427548726,275.6476803003634,42.95645068523698,97.37095459349253
835.6903161440596,273.92385866636187,43.32495629047661,98.3807106697232
835.6135027349226,274.1668529224744,43.4624740426665,99.97695963956906
834.9261658479155,271.55109057969105,43.12455187704447,101.2811829182753
835.2917371821204,271.18937601111224,42.91439683852504,103.01082631648791
834.7205421765951,269.0587359902527,43.091179266052954,104.69467253366778
834.4134194726485,268.0901418672801,43.42460150280755,106.09853939899781
834.790432011051,266.351150388253,43.39305779597451,106.453151471203
834.9036811016924,264.404241924023,42.628181256804496,106.88467191376215
836.2269812513376,262.8708714983154,41.89136157904264,106.64418133893834
836.5825653515154,260.4684622881993,41.45603670096421,103.92225920817563
837.3774945312838,261.1020748872735,41.26787955335688,102.69998044214097
836.6811010935555,257.37105876484407,41.39537175775462,99.11735974815696
838.0646858972258,258.31212827695225,40.688716362068774,96.76648377735785
839.3897655319424,257.704783801053,39.80602220722906,95.17228190960681
840.9563254036404,257.5304433183387,39.31823313132875,95.75973636999423
840.9762139157139,255.90933639577293,38.37645794491236,96.41384692075329
842.1429219984685,253.94738940012888,38.50758297622613,96.7523892064902
843.8204231526648,254.42301653844083,38.2435969604056,98.43292556783625
844.3592450766034,253.23295883577188,38.78053135959861,100.41492268584926
844.2901891030339,253.66346574108445,39.4728862156923,102.76036958956436
845.3236902387399,250.5325161567159,40.92009488368758,104.2880139212653
846.3923845292437,249.36189240804276,41.56047825244801,105.97375719192698
848.8425534398248,248.0715597018476,41.679857170940494,106.95221363234012
849.2505389823243,246.57888354682453,42.47907671113225,107.6108893352543
850.9915023516111,246.00482413937033,43.41660883867812,106.33595726973056
852.6881325496277,245.01089912106275,43.97755133304099,103.99506241804005
855.1161292953485,243.88268240104856,42.99358285456922,101.92882635199544
857.2776159997292,243.3175770719854,42.33941695236928,100.2647204798941
860.1051903275638,242.00530884622157,42.16321307514227,98.2309541474557
860.9299095997949,241.30277483941296,42.133681432993455,97.62852055890005
863.1631254916383,240.64406740911284,42.422751873275104,97.08506064742843
864.7181134532608,240.0089345436553,42.70524893243669,95.91798278093144
866.2813898768361,238.63839522933264,42.96045358307359,94.59420297299226
866.2996199987895,239.06949147718078,43.26694964371711,95.29272782158006
868.4221143697115,237.5355184032113,43.33445088829269,97.72877771211846
868.1109521169461,236.17760733750873,42.776409354547255,98.57564482738744
868.6929549111721,235.54815829185077,43.194589988171565,99.40909268309815
869.0630713480809,234.2082249830991,43.08383133701419,100.51739593752626
867.4861821033651,232.59490799752476,43.3506230939628,100.37089219619628
868.5892914352526,230.6376302326236,42.981057066715934,101.00280774568246
867.2499486370644,228.81881618422233,43.38644177693791,101.61221208950954
