813.5,168.5,11.0,8.0
813.8494415334748,166.96301266551018,11.057868112745552,10
813.7767002223654,167.66077833510244,10.670416546121515,10.06449981258703
813.8549936803138,167.6332099227647,10.211595606415361,10.138362667627131
814.2580731064081,167.1517426224382,10,10.146304914363945
813.7156746872132,167.222248516744,10.06385498486651,10
813.5006657093763,167.402699198518,10,10.049961529318125
814.0464219301939,167.74717710143887,10,10
813.783669218421,168.27440033084713,10,10
814.1968836933374,168.23390007365782,10,10.128295928289958
814.1864650789648,168.57958821644814,10,10.259806109689322
814.3605596963316,168.66857525367521,10,10.519238277128892
814.6039996538311,169.14347760397308,10,10.628373510310027
814.283543953672,169.51560450150447,10,10.375761087689533
814.7214374635369,169.74793996835714,10,10.516703743270988
814.4583662589971,169.84937852272833,10.01099549793534,10.548839374425388
814.6754525844008,170.05013179314406,10,10.627216534203136
814.5123349819332,170.15842060610026,10,10.780633489036429
814.7695721480995,170.33080953250092,10,10.761078366871686
814.9444575104862,171.20622143289768,10,10.931823078994716
815.1129962691539,171.24031046540793,10.066327731783417,11.190983143256256
814.9801886630629,171.16416544956698,10.296013085280958,10.87749583738701
815.3531168887165,171.4476349159064,10.425739805818305,10.883412734900748
815.0923848127554,171.72776387583303,10.68131350845496,10.877822049468246
815.5036552782628,172.42220997690205,10.655808033143813,10.908079484552488
815.4705616312525,172.99238291787313,10.974453810145246,11.102363019076101
816.1873597364998,173.0536495402163,10.898796366129947,11.436865315924209
816.3306182003739,173.00637702139608,11.218217872982729,11.50461015694681
816.9301093252948,173.40285741458035,11.058983695765264,11.663245988276898
816.9978878773603,173.31925674284102,11.407270544051562,11.560994581072755
817.1837962621352,172.95321471344968,11.666985609104097,11.349971332898189
816.6413986468375,173.45979224150386,12.159912915962842,11.051232542277464
816.3920426150767,173.88404679023515,12.173306020725247,11.331047953481892
816.6748785788723,173.80113213284554,12.221950616209224,11.28218397528568
816.5604286950916,174.74847906648228,12.60092255605467,11.273698046206531
816.9651574956364,174.97824637856206,12.354400486104478,11.786171292721047
816.709804370201,175.36537402854213,12.599082773285431,11.809220384621874
817.0652476644507,175.55722637665454,12.785108342321667,11.93159107062971
817.2596510171797,175.5842844294034,12.600727627444826,12.12921327499228
817.4844709035245,175.88188183211773,12.785496507537816,11.980416548958878
817.7736407036921,175.99250418124336,13.228618870856323,11.568652189996346
818.3630911389844,175.9043736714959,13.418385125973531,11.207992304378044
818.317524769663,175.36640468661324,13.29331296804708,11.30755260814679
819.6332832218271,175.27764038051427,13.000444382963327,11.443370329515155
819.7730431373157,175.37880566885244,12.964893798731264,11.158512845514043
819.9462889446712,176.15228698763573,12.764441535841225,10.864820118759816
820.1962519426808,176.21004313719854,12.494363954481472,10.722429228007368
820.5236616547566,176.4017947844654,12.131544704852367,10.608588075273516
821.0101941297506,176.38031769812815,11.717825298248826,10.601909840223193
820.5703156942958,176.41228424693563,11.780017383677801,10.511013532874891
820.778588089364,176.66932792412274,11.706184668059565,10.51561658577678
820.687120565628,176.8371777272683,11.586168886264227,10.543393941336788
820.5054978566219,177.0907116159235,11.790308377524298,10.38866057397853
820.9414919621189,177.61125925213335,11.608765947284354,10.550683625838623
821.2800849715801,178.18562861795473,11.250814716779775,10.714886087776499
821.3919162422208,178.55789555275862,11.070901962411789,10.779065535086149
821.5119623036868,178.97526538920417,10.975474186651649,10.791233954693817
821.1537887939551,179.13886661951742,11.112921345732964,10.775902277634756
820.7475133737498,179.49465340844955,11.202743695313963,10.654256551924263
820.6190517139825,179.8683630126859,11.181968885433285,10.488029836890306
820.2142089959202,179.78287638193947,11.118293032056474,10.335491229667882
820.0648103144009,179.9166644605991,10.966668167712552,10.261380901244188
819.8533799312539,180.3293122437018,10.823684100155594,10.14509826066366
819.8458907911929,180.74887994745106,10.529973203241187,10.107819311352223
818.5901849989966,180.89191311194014,11.105140776708703,10.112733619447539
818.9532096047113,180.87822505312963,10.896857504514857,10.219326343983614
818.998790827361,181.44687373786607,10.742115082657014,10.087060560204076
818.3362854741166,182.01701832632534,11.33804129741593,10
818.0655700824341,182.21506271581165,11.883656927547305,10
817.4198919272757,182.0429624263042,11.769444161325852,10.074175385323656
817.3142077450178,181.9790241200279,11.425791716668165,10.10709401289236
817.4080118228896,182.38542697562318,11.187644980059819,10.04193713688397
817.4751601962871,182.84188373829238,11.199719627660667,10
817.8189136267056,182.49864207650535,11.280463828263265,10
818.2143162785195,183.0266111388337,11.4639692207604,10
817.763419828152,183.19830033989103,11.130958564099554,10.049348227857735
818.0266519381719,183.43749200250022,10.872255932156293,10
817.5178024498357,183.22476782347076,10.984627111892738,10
817.2296641610973,183.4771881296765,10.900863608822085,10
817.6243681503283,183.79198386217467,10.623500954208778,10
818.0594171506817,183.51512958551757,10.514772420283606,10
818.4769497754673,183.2409651770722,10.416633845555264,10
817.8143438061566,183.7648699178826,10.459967551220887,10
817.1794709059049,183.68282543565147,10.722636611459397,10
816.8627770823792,184.21058880235069,10.47874563254543,10
816.6796922725844,184.8700733676087,10.496983062432239,10
816.4250234002923,184.65151830174085,10.563552173650868,10.09745032166947
815.6952046528685,184.6693240616005,10.771754627070717,10
815.3412427863485,184.90173012673142,10.450024810916306,10.058388679693707
815.470116997231,184.77234777005535,10.253820792585262,10.129300965682486
814.8845005433056,184.97576536662768,10.064109310138942,10.107689489035215
814.8438552864827,185.18368529248693,10,10.087288785265967
815.4341327794828,185.39408158854636,10,10.178175842500117
815.3489541509189,185.74497051142058,10,10.302453761903687
815.254670443479,185.9848819366402,10,10.401665776366944
814.6544052981772,185.9597750813207,10,10.768817052809405
814.4236725443043,185.82086956802564,10,11.074362437263229
814.3173934542574,186.40885313530842,10,11.153059485360654
813.89867720412,186.9416298140289,10.07006901160068,11.244178724851164
813.1778694064767,186.60877562025536,10.064665029860848,11.309592939634406
812.7265866148879,186.97897661337132,10.37170201043844,11.086146150259925
812.5985334587117,186.70350849644373,10.471691464666097,11.093573973661316
811.8039137168837,187.370235316358,10.597738366191718,11.109650077027382
809.7255590080622,187.54520281673786,10.43286498964514,11.432778712093743
809.569004181283,187.54968583181056,10.419889343950054,11.095546061312337
809.1760524400086,187.45749652487527,10.410377186621744,11.11421453888859
809.2946926755459,187.51547125213798,10.21850963968766,11.165163632966186
809.0611935784109,188.3146328164841,10,11.431090329751559
809.2095151361129,189.16259373750523,10.455788575288807,11.204655081909458
809.6897943635421,188.8455043302889,10.324311774979117,11.624168453636976
809.3813627360197,188.59004871703405,10.489228741676662,12.017709082128489
807.9902126222389,188.1288822000272,10.664779911468486,12.114633836246433
808.4347316691207,188.17716196774626,10.642461540452818,12.248420429152821
808.5770905991233,188.20317718711874,10.747163981169646,12.371388437706875
808.1767038983909,188.091569095647,10.597377587731764,12.707989657238047
806.5843791078225,189.13437821598788,10.870170279143696,12.368188720213844
806.3459077195251,189.91795730383475,10.968677295001946,12.23974111485544
805.8622433256002,190.55318160450125,11.11845828469507,12.240145556125018
805.8678873485475,189.62565907216165,11.032558753796224,12.613564706230544
805.3541287468153,190.17496490505835,11.1578642315488,12.56482186253493
804.7182776117897,190.45586325907016,11.429763614160063,12.373419861237359
804.1373941930132,190.6799411094272,11.587946543632224,12.302825938353388
803.9961776879941,190.77401348698473,11.649309636587615,12.23222756280456
803.4285135289883,192.71878899424635,11.642912772065818,12.274226097384112
801.8676931255075,192.56931349456656,11.484748395616782,12.52009695519933
801.1150685036151,192.91313260576197,11.517328634007438,12.329550085748108
800.8428042081074,192.64472944491314,11.425863029084908,12.495535616916548
800.0411047286782,192.79232810179656,11.31669370486231,12.589246689380161
799.9228954479113,192.5418064211489,10.920649109219113,13.05142765464386
799.6602646142497,191.9130355730276,10.951026434586943,13.014973493647664
798.8729615312997,192.5254249447127,10.763671021164317,12.778125584570837
799.1444173897781,192.71735360207973,10.534321637791171,12.6543460443615
799.0609331411379,193.69788301245956,10.672563823671258,12.580397576117988
798.8867470082322,193.71511079451477,10.999483254652777,12.212450686629172
798.9978451309108,193.52629318925906,11.42395836406628,12.064888748817507
798.2074160090691,193.70029083733874,11.988879756248208,11.612390379859896
797.8552403496543,193.64249483975678,12.329146861105853,11.430042985079751
796.6828790095301,194.08718832290194,12.149696758456269,11.365277815397409
795.9836838892801,194.51353739271545,12.130266068475287,11.198705848312981
795.3233774509936,195.30149330146563,12.345378962214372,10.950896738675448
795.2990721534784,195.616098598871,12.649582320668731,11.109807426919087
795.0595525087577,195.63137451063992,12.807534607355752,11.292757593222692
794.7587432858957,195.1322907002771,13.066531428610205,11.240613529339825
793.7328736363235,195.39748271273325,13.447324129701554,11.276885259470589
793.1550516840041,195.19604250958403,13.447085318161422,11.371033782004751
792.6580334848736,195.8654123808602,13.341739554328413,11.281913523400195
792.3563845772874,195.82655357759444,13.233378474485008,11.14315561337398
791.5609212451071,196.32347835460553,12.931500754614017,11.218263864985378
790.3363561506778,196.577120728839,12.814736816580435,11.376497102339211
789.6155078164796,196.668553221883,12.670930979674417,11.29817683779499
789.370373086515,196.27480843904806,12.506601607473414,11.430548593692361
788.9939284926477,196.77510956973822,12.320624060703295,11.471310763693268
788.5439922399745,196.22940013417036,12.395674736253767,11.405040063448364
788.4910649026039,196.73927402022832,12.223268732942174,11.482609510112958
788.1609686125879,196.89118863637648,12.107227401459802,11.762915571777222
787.1910919134114,197.3907366013446,12.496463598389312,11.711922116053632
787.1700524544699,197.6263921220231,12.61963207993995,11.623716084490859
786.5190916206169,197.92076826152672,13.440902637235217,11.423726815985514
785.6870067173106,197.39106312116547,13.096520130996804,11.833385910337118
785.3813525125677,196.7571394422016,12.933322209992678,11.738587284568922
784.8691102609571,197.15114850358773,13.778227634062642,11.355751642608698
784.498406546177,197.40580708412386,14.336805206750302,11.258806295787405
783.8593535217906,197.43759276122864,13.983462271376938,11.446004824972068
783.1954628043006,197.4142800725189,13.907938056599491,11.429199177840193
782.3188160411357,197.4131721751325,13.85312897520236,11.540054905781876
781.8002402425201,197.3983038953849,13.428878990669318,12.067090659612969
781.1579273931217,197.50014129908607,13.245187419187285,12.363068386933964
780.5174240618765,197.36463044418005,13.672065065278346,11.995673925672087
780.0288062186648,197.34387345470068,13.510150251404035,12.058371790264733
779.0035816706115,197.18715711693923,13.58290674344559,11.99687870337272
778.3580038729863,197.71187416105283,13.51495889745767,11.937720892210777
778.1591216702657,197.677205460035,13.30428498989167,11.807350801060487
778.4971594733837,197.98021197845068,13.060999394823128,11.821899721588384
777.998617321255,198.2742365891238,13.086098776194572,11.719310334579387
776.6826249002894,198.3950943915339,13.322775361976397,11.485902799539677
776.0434364816915,198.59896673566428,13.2457118209832,11.427150518600834
776.1583424748611,198.8210427061074,13.136960437010778,11.358723936439205
775.2248094622682,198.4577744614903,12.538664390205593,11.744846259222909
774.7151799606162,198.87226795414122,12.373561101220075,11.828241340170928
774.1075935540035,198.84378983906961,12.088669541428924,12.092815985669791
773.2900498562663,198.72543016693993,11.912334827299688,12.135479817381704
772.3815300675961,199.02907053952205,11.918560381622015,12.110227461194492
772.7394772707672,199.1152895741888,11.96900998610988,11.978221293673535
772.7115089602536,199.73945783511905,11.862070179963347,12.252829818237906
772.2002836990525,200.26683503376537,12.233242146972273,12.296709306328884
771.5393562886809,200.9473319385734,12.667752190131615,12.400533139878391
771.6529828661396,200.86075644282766,12.747242120598347,12.764503111706038
771.0927109696478,201.2888838769691,12.693833334083926,12.989437160583257
770.6561770814453,202.06383809447075,12.65095373280711,13.093503377870281
770.8211330698643,201.9640626344723,12.865792684847795,13.19371398568427
769.3675935658559,202.41142460160617,12.845068176476609,13.37492636886039
768.9671025046769,202.8673430630116,12.553048575545208,13.621030072193928
768.9786281012953,202.39946944918367,11.973073933269042,14.10244915029265
768.9991206496173,202.92084850211822,12.24599839706688,13.963058265779036
767.8923567040978,203.23421587578508,12.334193932606636,13.813177187135032
766.7878769540357,203.51394970638796,12.179929403189872,13.82443484769895
767.4953861563616,203.5433118615078,11.723032596304758,14.097596679951607
766.8540027614574,203.70698842672198,11.486642214863828,14.31193383949745
766.5690895685299,203.584087503521,11.654505933015333,14.528475888713757
766.0562239894774,204.4331703838914,11.903762376841192,14.244658730267867
764.9234680367869,204.52502656676705,12.27259273505737,13.860570509547527
764.8184286621969,204.4204141011729,12.312445267921074,13.901373218598387
764.4531221802506,205.14554923432212,12.373493090612545,13.963064054785626
763.9924882160308,205.68227320633616,12.527746515573288,13.75053892417302
764.320055532552,205.35271869550576,12.565131487690506,13.733862046671556
763.6066198240702,205.8467878050729,13.2991941573626,13.160879268106228
763.709813688023,206.2266126224585,13.42619547326479,13.221046878341532
762.223549830614,206.5697666611827,13.333946052233868,13.004178694854104
761.4111846637705,206.50551384910216,13.083435225528005,13.06021921962088
761.1447096681428,206.26629529671644,12.937783415388251,13.040853291994104
760.2519630605088,207.1426003819317,12.649342790858164,13.039382762371728
759.9824370538759,207.33287745289655,12.142220754746594,13.543599729069275
758.8714355968693,207.48489322855275,11.966469714825855,13.468634400663003
757.8526332281999,208.28362890405944,12.350421426537743,12.88164023489895
757.1450500448924,208.16551569643389,12.496085749428524,12.432076886222578
756.5362446291604,208.94120202818473,12.713502031332258,12.295159636539282
756.45262384289,209.07579371209243,12.882637063342866,12.37619295544949
755.2427187262581,209.63253973113444,12.677979685293831,12.095609607341231
754.6902634932354,210.37942216572776,12.769735167818734,11.993487070231566
753.7419661518782,210.87290203642905,12.643982638695341,11.734521949629045
753.4441804496577,211.27202527317118,13.178777235768548,11.519564324544888
752.9823939226138,211.23664716249036,13.571856195961319,11.368289012188416
752.5642731775657,212.51605825855617,13.567256869559838,11.26884959250247
752.1128594363395,212.43732086283399,13.588243228908095,11.258660139175866
751.4811297251758,213.23213692970654,13.568709453794302,11.077709994146861
750.9077111477266,213.97976921023297,13.254230857617024,11.051093747570029
750.2438257226928,214.10574899212924,13.250182650220017,10.948345232857402
750.3325853894842,214.3428219261074,12.687852243095708,11.05636734795618
750.2763416498817,215.14489103429955,12.333537274266341,11.080094326846206
749.9949273876399,216.1018660219082,11.92198095444678,10.900126914647704
749.9318405723056,216.85872413917795,11.626513443939135,10.901170697503233
750.0271541629187,217.5722575261607,11.308562739549089,10.849626179435209
748.0880106202885,218.17295229537933,11.434123746776063,10.741836794921053
747.4948073517708,218.6311082824886,11.615644967916461,10.763907625096259
746.9676075565686,218.91148190005276,11.428944366250864,10.686258867093116
746.2430585543947,219.55156339186948,11.376749069016252,10.757676145643828
745.6811251495669,220.16418824772444,11.185278459162038,10.88431413687577
744.7434771612687,220.72633022492712,11.22293212370841,10.694633217920416
743.8790516658246,221.2104575148836,11.169551306887954,10.576876420237829
743.321858731737,221.75372482421832,11.192839700964893,10.457430441304533
742.9374797865784,222.1312829640951,11.16211441123626,10.52750863958595
742.5449340039926,222.19410404355543,11.207379356782733,10.58464883263601
742.0558201245823,222.74130166675633,11.120147506571474,10.43202318614875
741.2922800527207,223.25504614613308,11.070507174144218,10.442949420952953
740.6714245592078,223.99019373571917,11.193424673621175,10.259287614087606
740.0814745745826,224.16021042480133,11.650325964187424,10
739.5629057019044,224.2034421467688,11.951126524637784,10
739.163231811052,224.42557599203536,12.031239005324789,10.057887792235903
737.6316057069847,224.74375773120065,12.034044474262652,10.115731505372615
736.9542717864232,225.29955731978856,11.986975459878668,10.122746167346243
736.1902336696166,225.2587972002069,12.446081132464409,10.128261491570118
735.3152471101597,225.7150680620384,12.554355771725717,10.252522775033
734.3855368948914,226.2144513443108,12.564342422545806,10.502632424515657
733.6440550148232,226.25714914714968,12.673937084972751,10.74128554658867
732.7816581019365,226.60993204267197,12.613455451456492,10.819936397923806
732.0311577160254,226.9742399158491,12.660989569454813,10.839336293735691
730.7352540571623,227.39735007776915,12.840586184285025,11.015315839051482
729.2345517901094,227.55294094678285,13.089310893561521,11.060646885981951
727.961520931313,227.2711967489076,12.913228722680934,11.508760619750397
726.8401672838165,227.77002141415383,12.950778976124145,11.796671420330929
725.8671904681148,228.0667571342008,12.968710818930596,12.031246123291968
724.4657223264035,227.8348663270556,13.134325391766598,12.276607291663328
723.6378305657753,227.8888481405951,13.641505473691957,12.145740272492958
723.0302218402237,228.487026737237,14.019103977766044,12.185700356163808
721.9746849204578,228.34025951161956,14.034183821631327,12.3227741347817
721.4778248901277,228.12337407783593,14.27727612617265,12.39690637100512
720.57328422632,228.50400753622972,14.031361916983993,12.654879595132467
719.7796803858398,229.2731426429182,14.35147307847421,12.411208795627262
719.5266200085512,229.77697791162402,14.295775292955135,12.487501294752786
718.6318444525944,230.0900301980503,14.432115526496531,12.439369312823537
718.4816776436122,230.40243113553944,14.308060855009254,12.55614321537591
717.3437467295372,230.7213184249029,14.21005993978152,12.638909458201283
716.4022645993589,230.57289856905874,14.292841619190275,12.492686059776457
715.3952557338239,230.86248374233847,14.307900881823212,12.242184277775031
714.4412617186258,231.23751721914184,14.227021748561206,12.313862123782284
713.9671259632006,231.60174938320097,14.403020612984314,12.260045246111083
713.7142793126864,231.51217588785244,14.543983973121506,12.36838639661391
713.095728052358,232.1228220191133,14.628875423717513,12.352426651716064
712.3001998748219,232.7160043153229,14.704292950512048,12.721137704743658
711.021717807025,232.9400927996702,14.658662233658614,13.237419440043828
710.4602192463861,233.07773364474286,14.627635826837226,13.689794173944064
709.6342368419545,233.1918256887658,14.401782170467637,14.234076626234796
708.8894169260798,233.36529516822287,14.807463734051531,14.253701970957202
707.7243715766402,233.39981148381716,15.234511997284464,14.306815558783715
707.1318867840328,233.07696000754478,15.317839093066109,14.487683970246097
706.7518665168494,233.17976432482573,15.416180630412084,14.542246361675657
706.106568188031,233.6534706179399,15.927309526532225,14.366729124473085
705.0939394909361,233.83372486317361,16.023235737288566,14.096501055083802
703.8210663788103,234.4293455120484,16.11805422716512,13.840399353796498
703.4493532112273,234.7692190634582,16.00782450878812,13.760555298061693
703.0778030442906,235.1090297938775,15.902897851771051,13.676799802112633
702.5268645009027,235.14796346290527,15.39832426162899,13.769592155152473
701.939870932426,235.64224740865447,14.838525411682,13.585620747361489
701.4325674037611,236.5924348383558,14.937060756040799,13.185597436153646
700.6848941434635,236.8497489020212,14.884384052759259,12.800935284703517
699.9947983744479,237.0592055422904,14.741138567627637,12.510076399483111
699.6770289531732,237.454736990849,14.41025562720639,12.322011937863214
698.6434086009832,237.73099843418868,14.20734280909507,12.295610786756697
696.760937741548,237.8018370323412,14.289510461040493,12.185684411028767
695.5992808654076,238.27832939236436,13.788094770724676,12.06063955895582
695.5312429266669,238.47186141166057,13.197295521844445,11.974224120226442
695.193610669342,239.12750865103158,12.485183251215847,12.010970699071084
694.5459597471639,239.38669296002516,12.47356945474106,11.591876649343654
693.5202435277602,239.55554568307986,12.514287124185032,11.387879903771942
692.4138036481728,239.74023981978627,12.99438690365411,11.139117267830766
692.2140939367647,239.90496449518443,13.184001106104585,11.00427560701116
690.9498520721527,240.58404223247652,12.936475990953062,11.043215216617362
690.0706771693458,240.63037491511432,13.213662414036683,11.12538140563536
688.9180092952957,241.1324924411284,13.589299218045014,11.165957363967923
687.9917412166061,241.50682646211874,13.733660073872485,11.268739884464345
687.6565749474488,241.29840301625268,13.813485641304656,11.352662499606142
686.380506850252,241.8085576098131,13.433205396641757,11.59871359538322
685.1329316792437,241.90321225352474,13.79406695081653,11.472145319341085
685.1760748159242,241.7746323361111,14.123999196666622,11.302719450080172
684.9053299695192,242.25120907930065,13.439074805041802,11.551877956346349
684.3867553382007,241.93607901685468,13.34451461123505,11.479917164490224
683.6037395739614,242.61114328392827,13.044991687771152,11.464423053598953
682.4450664465885,243.07659090353505,13.376080031788625,11.57707580232334
680.9883332406931,243.5295766493403,13.529425336477935,11.462950347623863
679.9692896041649,243.47278972162832,13.601807095580241,11.313459043726986
679.5309132781687,243.38422251291988,13.57923610531877,11.27377496455897
678.7878666159504,243.44893610514347,13.504376051077937,11.585140608910077
677.6495357294102,243.9499073484377,13.225554244522796,11.65993969851641
676.9733104118758,244.71827462909022,13.032222909567432,11.651819181400786
676.2680827089317,245.37970262157998,13.155532104785241,11.432591354990642
675.9498321703841,245.67818229285172,13.233776138518856,11.291024343332085
675.1998703763196,246.0623027303266,13.456693696565006,11.141069839613412
674.6782636659023,245.84888611900573,13.513532262358137,11.074186405093428
673.8408961071608,246.48857223669228,13.126022487720881,11.047206819370874
672.6312439736805,246.14621660864205,13.242435977093445,10.973251083283838
672.2407218974743,246.10619897142183,13.344690156247008,10.864794745051503
671.742516309473,246.38183954972087,13.406770392002848,10.780706834341164
671.5263041803679,247.08234542897077,12.972819561521433,10.809632557721583
671.3378922769995,247.61813023334065,12.881465334429574,10.674012095729399
670.6826411567325,247.68172906368952,12.488447634587239,10.773129680063956
670.0343256126291,247.7342680175081,12.353932101089942,10.733400732886052
669.6328034978076,247.8461857793099,12.490569699263347,10.555221994651347
667.4828942547592,248.32911769190417,12.626003343440981,10.579504746821067
664.3999383754714,248.34333395776778,12.70962588311399,10.706279700054365
663.0797585378194,248.33681982098784,12.910304028419201,10.703631408145931
661.8704369543796,248.24911648151777,13.164811739213768,10.73759259934844
660.6281235742939,248.91676831140725,13.081177829676871,10.87482776841927
659.799393407038,249.14252227041052,13.176905275966956,11.065592322794334
659.0427589137581,249.19674020414539,13.063589613440705,11.338614052341862
656.7693049283624,249.6696485002808,13.561093439944965,11.243829121104657
656.2771773701455,249.789278284063,13.982410402634905,11.21331264893827
655.4331375295061,249.9997439123024,14.133895096998224,11.356482313613444
652.7913231829929,249.99023559107636,14.335364747666237,11.365857059132203
652.1179795216945,250.65978599004495,14.618302399280676,11.373270128573257
649.9400803010478,250.361129497223,14.449266684537587,11.704546484540328
649.4473529098631,250.17072594477176,14.41332053840985,11.934070474294286
648.6021607134034,250.54412112602625,14.585541965554807,11.86129444169556
647.5135921430228,251.15626558594522,14.568982369026383,11.95456178387395
644.7677716746794,251.33532338077134,14.833153384601221,12.049282528927039
643.6446962564804,251.76164599739025,14.66457581790764,12.43943049808945
642.9672043103774,252.24053377647428,14.792516439049084,12.776404915125834
641.8417268645845,251.7418686391476,14.983437532416987,13.048575842721824
640.6607855312006,251.92458903437262,15.51332542722733,12.896353294201838
638.2186119159427,252.54274627858123,15.254963879361803,13.31958458501284
637.2816847920617,252.9969490206052,15.404837104289125,13.607164537404383
636.8035932722557,253.28250584023934,15.407071586524136,14.129771691860201
634.4383706505937,253.16774301770982,15.327606055617254,14.405644876791126
633.7596050660529,253.47170230529898,15.652976584936024,14.353202192249267
631.4905463035419,253.47134454273814,16.181761929934716,14.283630258772327
630.7623926760061,253.67356464673037,16.379780324685324,14.153354906268088
630.7210231515145,253.73874319314595,16.613045375717913,14.146581241998597
628.3181743062966,254.10194731204695,16.8097881596902,14.251430049465654
628.1653906257156,254.20260213239897,16.766226142056414,14.919593150842246
627.1879049284556,254.62534965657682,17.09998028575249,14.768292598164507
626.7183433278068,253.2309322379669,17.21891484550191,14.83732243317186
626.2719137721894,253.8265083783341,17.341386903247198,14.904975546610107
625.5811793912266,254.3860052171848,17.308338500942387,14.764962350533338
622.8227058738249,254.76082866232997,17.622018915109667,14.664454089679435
622.9686830233547,255.06800471121963,17.46351198002279,14.658612247713727
623.3629660277772,255.1702214946796,17.474113783048214,14.727224429266041
623.6302898788255,255.04835719974824,17.438648454237125,14.595924170480638
623.8639968704792,255.21001139314492,17.070007607664486,14.619054042573646
623.2886380954077,255.5231593011943,16.499793150971783,14.702973377784813
624.518915272371,256.42110590770375,16.783994780397723,14.088569393968164
622.7758837163626,257.0622900734724,16.64312860927256,13.93052967571213
621.2113294254391,257.2440569331361,16.07330859653019,13.860577531540045
620.7332670069885,257.5963434252923,15.8879661005914,13.692900537599385
620.7757928906337,258.5269785883711,15.586370703535636,13.50803242263102
620.5747743390236,258.847875150477,15.502177373768511,13.363028575018994
617.531658984175,259.47493624366916,15.367499918487805,13.021187663430293
616.3253270325831,259.61961518642846,14.879092750046803,12.964617208198085
615.8461063818027,259.54674152557374,14.838898699949748,12.606863293468749
615.4395427329046,260.15744725682396,14.213123023617346,12.517859853848922
615.4132427387682,260.8449850995215,13.712719998756132,12.186236073704318
614.5816163964566,261.6794585085142,13.610042626807283,11.848255966763332
614.6168726569983,261.4493056600284,13.384815983309075,11.522858123886571
613.6062811957966,261.9697176310278,12.912807901913308,11.450537776286307
612.8766221472782,262.7243232822288,12.941549197649985,11.081330512694946
612.0258394681667,262.8901160583023,12.905650008715646,10.96323570001275
611.136976376399,263.3449039931748,12.873024701276552,10.71545687692911
610.5678612018025,263.3625841866028,12.92924430446729,10.578688164937432
610.5322882370281,263.58633549812697,12.96605210619466,10.563003639718927
608.159346197791,263.74485142366325,13.139653870368093,10.643112708808566
607.0737264527933,264.03916777811406,13.253744903790142,10.693187280065912
605.8973797964171,264.3911642798154,12.736165818547557,10.817448678346988
604.8544029485346,264.3423205581768,12.411029378738311,10.966594554894622
603.8973027743567,264.68533025851553,12.47123869544735,10.700757084282333
603.4998788734233,265.06191120291777,12.31045476437334,10.690033511823131
602.3688115852481,265.5415662195441,12.034957113779893,10.663161554112875
601.0245819377391,266.0988264044288,12.190530380508083,10.58361611701411
600.0689481539185,265.8890018107851,12.244287500647143,10.611944092248269
599.2367372907596,265.87704835928145,11.853075920461505,10.865821927262324
598.3157498503022,266.2805767540949,11.660905207733256,11.02231010242577
597.523512800721,266.5507669319939,11.840545751673968,11.157388952732
596.4636378192686,266.3111053712558,12.341237105570176,11.192493528056199
595.6165316792925,266.3803293726064,12.812843322633176,11.221735727948715
594.7652394433172,267.00516476493624,13.007842388280377,11.192261786436315
593.6592478409618,266.68556527394253,13.050564375873872,11.263950700007165
592.8460548106389,267.4485730337509,13.077596884655192,11.121539945328754
592.1998921938501,267.47901045586343,13.228018240974215,11.04031490004827
591.5808316202606,267.48188958408434,13.321198535034434,11.014152319670968
590.6591236391221,267.727861008164,13.064803897030632,11.168664163398567
589.422673481656,268.05535837617094,12.816981298220753,11.357371564854907
588.3984952805569,268.0129814515031,12.984199256472372,11.417007489753647
588.0419303923292,268.17919375412396,13.07051347544785,11.287036736211771
587.7152374348635,268.3173026225335,13.100569870153603,11.212543096525433
586.9303910101141,268.7131471541991,13.00528922226152,11.070872009955073
586.368468175214,268.90855580515074,12.896043776110245,11.173267765569843
585.3158635776335,269.3439279784064,12.799967132190439,11.19454817453639
584.314290801953,269.78876664177255,12.832970319049512,11.273616735083575
583.7850033455117,269.3431524834957,12.946969028109063,11.330992164483597
583.10549304289,269.66417721611674,12.820322166235226,11.341935305404638
582.0266893352948,269.8406580433742,12.772313822529732,11.396800610976438
581.19247014304,269.7522347197953,12.929249225853203,11.288511005492612
579.9711462234118,270.83398011245896,13.011592471069953,11.252337887172775
580.2234078880335,271.2472432589337,12.857784093580097,11.355537956451746
579.0191279664884,270.5792908874409,12.944964990365898,11.415206999783715
578.6051318856465,270.97008681231847,12.740721052806544,11.696872725063557
578.0862228264288,270.4862413653285,13.277845194362964,11.544122182275913
577.0510345555953,270.8618508125098,13.787328677253164,11.487793071772629
576.5327804656359,270.8837834597628,13.909797722192373,11.457918786710563
576.3154624547284,270.9939273644504,14.30234194969567,11.569408520164913
575.6747813439367,271.38654253126896,14.574335990050372,11.892910171619967
575.2089689519271,271.7939131553345,15.271290954595221,11.990745539299287
574.6677351425024,271.7249084557171,15.679242372425565,12.179850684991571
574.3202686080617,272.001604286736,15.855501902145157,12.48761280436797
573.8999405161812,271.82439575836406,15.900511180007047,12.726456223924234
573.6142851721041,272.0175016099885,15.965811395386643,13.22413795090835
573.183790139863,271.8228197710479,16.196236353000206,13.369085749540108
572.9059358077233,272.0563008524841,16.11348879188455,13.6902025504241
572.7817412513377,272.6058320411066,16.208159120204,13.928700469237814
572.1813006208359,272.7194394559539,16.040877510800563,14.425726359815407
571.5703239757042,272.7671791690658,16.133738703781653,14.674865522277505
570.8143206451582,273.24663926868925,16.265554396360177,14.699717720071916
570.30627007045,273.539214157407,16.41716253334834,14.720710225122387
569.8126676105646,273.8183245015066,16.53654850151224,14.771774533909626
570.0717646048046,273.98860519342077,16.595351793153245,14.623352671322422
570.0879582465171,274.57366317387323,16.516627087744588,14.507414113867583
569.6315614417339,275.2337071171689,16.176302897552112,14.47482195958371
569.8542248874668,275.23458420801074,15.699715243722814,14.578980820922117
570.1959915722925,274.99749629789534,15.174514117633038,14.502149370339922
569.378448807743,275.34680989248517,15.36015094201258,14.217064988262464
568.4948289976185,276.2464075627913,15.115177808965754,13.960889776853946
567.8892084728208,276.3172341368735,14.984555345568229,13.815584512638658
567.2395822832115,276.72858240401774,14.681329459024578,13.504671518599032
566.8281528793881,277.4238118200597,14.504050818360284,13.158744270301074
566.053966306794,277.1364087872004,14.20933795929142,12.896236683981073
565.4703469839635,277.60127920752154,14.019434394945652,12.837027521538683
564.9296476553983,277.71675741960047,13.977458828366924,12.70503235382528
564.9382242155198,277.8485180480855,13.689490097238316,12.836078795095439
564.8517085569916,278.4644179503135,13.302988593116295,12.799615451706657
564.4532116154986,279.3694055876402,13.488766467438996,12.625328481954375
564.3706312178949,280.0017300581903,13.298903133494075,12.580839190703124
563.576935496543,280.19892414245027,13.259372087985525,12.510089431559305
563.2531837031825,280.8228985224312,13.53717056391818,12.3531685274705
562.9243310363745,281.40221608323077,13.721570821173435,12.299619017214798
562.8069849556232,281.72646873416886,13.957052533449376,12.102576818633032
562.5433795036812,282.14994834261773,13.929843860211545,12.009342713219729
562.4331560399692,282.4925131163377,13.633928358970572,12.100971955796053
561.6899265474202,283.30217841234673,13.340407876676377,11.902315330185775
561.4847631549188,283.6631941081096,13.257467155318267,11.789484416260025
561.0371568060115,284.11413273766493,13.321193866423393,11.639873087325164
560.3658099408809,284.77322166225133,12.938297010022012,11.584635525742405
559.8774717555972,285.1143936232475,13.001856627488213,11.271958925193601
559.0920139517519,285.6334426088246,13.119451135897393,11.003151639693055
558.7329652413308,285.61953257235257,13.25752449315248,10.897056005168213
558.0215696713151,286.1495617882688,13.189383764630684,10.898087089021836
557.4013885511663,286.6776341126348,13.072709652770707,10.913984071034761
556.8446257400955,286.6413473059758,13.052773799540159,10.859976015498976
556.635447187794,287.1108157392992,13.0974504317692,10.852906033083752
556.4321660889402,287.5751727687753,13.12973786899188,10.857513390509553
556.1686058730133,287.01775023102255,13.279042905252117,10.982308328972096
555.6830397998563,287.70067817023414,13.118484310980854,11.086012716090002
555.250664497906,288.7369022587085,13.127935799700534,11.215874147600783
554.3799221881449,289.7161195431993,13.15525818873098,11.318156207647437
553.3509206497058,289.9079149354339,13.593181986663202,11.270561156916225
552.8187664139809,289.61817524124444,13.458268131834277,11.518453767131202
552.3858962580739,289.84836153125025,13.589755275542199,11.452798433413559
551.0291660678545,290.1374247212937,13.293916854559063,11.61935400771052
550.0003585358834,290.8500478271498,13.544035728430178,11.676984812065854
549.412734818953,290.35106970097826,13.691910802061262,11.685805679849308
548.270144540355,290.53966170791637,13.488615559696786,11.77218692614497
547.8214018032904,291.09554267824313,13.72704687370787,11.648889221750906
547.1053781981425,291.40433350243796,13.865961778858379,11.556291217846749
547.1015843609291,291.6876507244246,14.187437198427144,11.414147642918744
546.8558648283937,292.16978561204195,14.39229093253494,11.538317809090195
546.262636855058,292.3952978547943,14.691324734793376,11.59694832236482
545.1552709836043,292.3564909339589,15.011053635751225,11.780503526714602
544.7745120593304,292.78865051080317,15.411387483330135,11.503176219587555
544.4773529701283,293.14297232675676,15.643173910340009,11.383899142894307
544.0369729169686,293.8063036167237,15.405367742016544,11.57672477840687
543.85233809075,293.73245538865166,15.52165906956354,11.584464655938678
543.7810428673331,294.0985105208014,15.473179376989194,11.605905755584054
542.7952280370581,294.63800303459686,15.44840105185193,11.747613481785088
542.0211615170642,294.1332168887243,15.600175244221756,11.650533156075628
541.7594221397216,294.5169336672701,15.898016428883514,11.733375949959093
540.2222191939496,295.1457314029682,16.012613255562144,11.365678957547779
539.8736815636267,294.92846080411323,15.896220834799967,11.552512609500404
538.6025375672646,294.93993609558237,15.663818437891269,11.81134581595834
538.1230652243048,294.9035828066573,15.376464691460633,11.922319182976572
537.4092906391447,295.2739923663496,15.036300315027777,12.059127138310508
536.8842333967821,295.4532673860785,14.854643926683279,12.277256686216921
536.2256326645987,296.20712981345895,15.265064015641897,12.145591840458636
536.3451047223275,296.8223695634717,15.89910556121406,12.188381755334941
536.3522903492433,296.9724424726196,16.358371113393872,12.133918027559961
535.8476427035041,297.3821969431504,16.564808350234223,12.461354920658202
535.7687073367301,297.28435504394685,16.635658992069782,12.628237296499162
534.9772867300293,297.3035020454844,17.04947430749158,12.680670801492145
534.6939566731729,298.21049556686194,17.091360763882484,12.981741465569964
534.1719603403675,298.3430050183885,17.53239850538668,13.037725671733462
534.0371860256829,298.4661013899949,17.840487725310318,13.182991678291813
533.680946615089,298.57785990047364,18.266249519072282,13.229830865420322
532.8418534932191,299.1077284870699,18.35474543516785,13.390785015508147
531.7150662590983,299.6037274764128,18.54050555328123,13.43279780475908
531.8093155992659,298.8624307021149,18.756083985620652,13.554527310119079
530.8295491796094,299.08924189408805,18.51644957334681,13.933413430563569
530.0160733359085,300.03354887828255,18.101173038855368,14.19029440007129
529.9358045173099,300.9439028162515,18.21001253152729,14.564980563287303
528.8877386077037,300.62346835542456,18.215274685593876,14.90609653427293
528.9890973372721,300.2853690108951,18.116861622072967,15.292577191448622
528.6942665377456,301.02496427684827,18.454384159436575,15.147499661365696
528.734685037799,301.28607508893225,18.43998520840806,15.308757703907695
528.4277810440855,302.11750128225185,18.504142288318477,15.139463128051787
527.77592841347,301.60114223844687,18.840582480064786,14.816867795366056
527.7435022722648,301.84947984277073,19.224504803654717,14.612702649174476
527.3690012894066,302.15018504954617,19.15356083793648,14.68716891265992
527.1749620201339,302.5078293290396,19.234984684785786,14.556471205933576
527.015834229544,302.8266021265336,19.02919175875202,14.52961721794409
526.260789749026,303.34376429837107,18.847350544960463,14.575054737023933
526.0790177423784,302.85024707501964,18.974782425587104,14.298296907344383
526.1040122189343,303.53324046373314,18.78544176179811,14.244756485737089
525.9727820445955,304.6153580731626,18.795418951172095,13.918734710634222
525.8591436392986,304.69904873510023,18.50744579419085,13.962756279825381
525.94950559955,304.560337444615,18.010662820743953,14.02950800217424
526.4243127029627,304.91607397388185,17.793526755703283,13.930949267447328
525.7186061433611,305.84878577601893,17.415903004903498,13.986935746943953
525.9065248329551,305.99334276957615,17.504865029859804,13.68468070144415
525.3053265446209,306.6069183822264,17.40146021492651,13.613373449303353
524.8307408422689,306.8889798935997,17.63887050264917,13.58397394683568
524.9260827565263,306.66785061189495,17.60996978821015,13.445063203013301
524.7802202836992,307.1343153700653,18.011868689423792,13.288224547039487
524.3051610527594,307.5242604554576,18.569448991217804,13.194953538814435
523.782995304427,307.96391012234403,18.920247842180373,13.1101332771354
523.3554438795603,308.83444814184384,19.431720318435843,12.976060926948087
523.3772408661882,309.20313308869015,19.87194997241334,12.995408178698407
522.927224555316,309.3118388789924,20.185504003192605,12.957536323278458
522.0485153801634,309.6433175404003,20.1606154439366,13.13185528038893
521.8634148217448,309.3893243746052,20.502902720286258,13.214920725223998
521.8623387800951,309.66336962598484,20.29547648320153,13.38572124705428
521.7971394812699,309.98945110448415,20.205639688400687,13.460326247266217
521.9788681013944,310.06210575541974,20.472602358105753,13.376725742164451
522.0224792925202,310.7779183328127,20.125707185088565,13.528847020636556
522.2252545886316,310.812798298836,20.046317888041134,13.72222967434437
521.2531787777522,311.8776401124091,19.772146279056543,13.704948247897093
521.3587245366857,311.59835755666666,19.84474077321927,13.625209364249468
520.8876871476226,312.3543220383174,20.013905790870155,13.71437691183521
520.5350199632769,313.12292567347976,20.159287304451585,13.722787937179934
521.1725643544851,313.78103799798373,20.330876564446932,13.688060409029255
521.2684553360008,313.9384424990618,20.049649353169315,13.773900179589662
521.3205444138566,314.134448240442,19.856498122306185,13.780422488132878
521.9585168851457,314.1274857849143,19.843135362612173,13.77640199036714
521.7342210179963,314.5238607258823,19.56654355036791,13.725610070944139
