387.5,192.5,9.0,8.0
384.62604331970215,194.54318761825562,10,10
384.5965576823801,197.29388117790222,10,10
385.8562187239671,197.68338987231255,10.447844102204954,10
386.5833173097005,197.56713607162237,10.202998112722156,10
387.22379191524897,195.31314995139837,10.184226965017789,10
389.9623488342422,192.09695150703192,10.043695787706369,10
392.94465119205415,188.3722954019904,10,10
400.52297455631196,185.199279807508,10,10
404.53389100863353,183.2761851772666,10.361345806294366,10
400.40079278019994,191.8639480099082,12.181851631295075,10
400.0072151615473,194.38460244983435,12.461301954984147,10
402.08672060380593,192.44242861121893,13.183373605256921,10
404.85800871694033,190.82562651485205,13.482033493490153,10
406.48269371067664,191.36915173381567,13.681823366628489,10
408.0264661271424,191.10505386441946,14.039588887929781,10
410.91509746399186,188.67320128530264,14.146103832639012,10
412.1850156794543,186.6664981469512,14.479383894939193,10
413.55451062623104,186.32975190132856,14.127476101300353,10
414.6476399599233,186.34394925646484,14.485438119874683,10
412.94024351246566,192.92875045351684,14.782885443271963,10
412.44136070290085,195.30535429529846,15.394541263254986,10
411.31288688314146,196.6264967303723,15.83743250628941,10
411.07941119773614,199.07973187975585,15.857642623962477,10
412.5324018302691,201.5317122321576,15.758161316934773,10
415.0544872560283,205.92508953623474,16.354373708977135,10
416.06582771739994,208.0921995025128,17.030258507745728,10
417.2074239163979,211.82546445844036,16.6809260540935,10.15827506174719
420.8975692768093,214.1457461696118,16.778534407825056,10
426.5183366109705,218.00301109136035,16.64684871563793,10.016771941018305
429.53849371838794,221.01402089432335,16.865334053720535,10.070867466470496
433.2534883988935,221.78535889745018,16.296369072439568,10.043739212597163
435.2027540268403,221.8853618867239,15.713982521364732,10.06080168271248
435.23619866169935,222.2183926714829,15.83524188429229,10.104990192826364
433.661140435996,221.57863777596256,16.32284531804457,10.386170165618266
434.13834633193807,219.03522744945147,16.085220089556827,10.717442818304757
433.3748052076099,218.28306386256185,16.288537060350656,10.560557190150718
433.1194010667304,217.35486965754072,16.502594319770736,10.95237853495399
433.0018384299889,217.8493353658859,16.621232865062424,10.896726096134582
432.1300763987171,217.22437840041434,17.18192564022192,10.82698961547187
430.5899092969622,218.38231106081483,17.37154710569463,11.184845131310258
430.4108996365279,219.95623000947694,17.2300074711322,11.172240397819653
428.54927398381943,217.9881006865021,17.431136393431526,11.24098681766463
428.7152086801272,216.8631932990113,17.24927165593875,11.540233870325693
426.98362682164463,217.16913557102788,17.229078658655194,11.629512439409723
427.054222432329,216.7952204824234,17.277458773198205,11.492645119727708
427.0907431303981,216.89332074042048,17.15269845659082,11.662215629152726
426.85679359799224,217.10193617851806,17.16438661012853,11.931993908707845
427.30792837897866,216.4576123603259,17.26021005715078,11.963027766977834
427.2647331000708,216.38942512427755,17.235315584124592,11.890969400753809
426.8897323471693,215.96821784952263,17.202743449581156,11.95095324185532
425.9784959886117,218.68489542497136,17.38270038815468,12.066030917953675
425.6100264411034,219.06221348813781,17.43935909576974,12.271923761385482
427.08921535931165,216.60730911436764,17.414952664382522,12.172619673995417
427.2126177148127,217.19415005471282,17.431523474086593,12.058179803421634
426.21584738159066,218.12901456412638,17.78172760603055,11.86800465098093
427.176006567979,217.46541134019347,17.994468258064728,12.067381427940688
425.9763639391028,216.5051279032474,18.19700001392504,12.207145813505832
425.87375228654463,215.91883212141897,18.11798703693114,12.217530608173114
425.50946675627046,213.47419206672996,18.22481453764213,12.160583167044516
424.1019771712443,208.29985888358968,17.55465791400854,12.864950026183951
424.94738271408005,202.9146063486793,17.640815545912105,13.366711580990067
426.03009108221113,200.54506940353951,17.65782955382108,13.03478966362197
425.5919258190579,196.26660023208345,18.42589935915928,12.632756982974506
429.6248312503094,193.98181981990228,18.30058684870708,12.56664619173625
432.5175383093168,192.02924675598126,19.084089528330196,12.305763819975033
436.3831407734662,192.4131311613426,19.241813013422558,12.393098978826357
445.5116963898267,192.26040350415718,18.42018952789395,13.478463427108274
454.8617464555203,194.37351995870068,18.40691610243939,14.097752444901154
470.0849483573883,199.05043973543454,19.252651352048026,13.65429134754919
487.79624647918604,201.67492106667558,20.366905084038482,13.403109484932823
497.22635704931633,201.71820990736168,18.98430120757194,14.444000031900782
515.4138343779548,208.06308599980596,20.183412712404298,13.753417196682623
525.4688398911076,214.32798545408522,19.3937828506496,14.881058473670988
526.9553727372206,214.28246543389818,19.388055482016682,14.889389656091515
507.1641625249249,221.64992509062083,21.422200912711546,13.732446569452852
511.40133208721784,229.84441115540884,22.03557598337711,13.27379613329726
524.2260534868822,239.09131041959654,22.467376699063045,12.672964829042966
538.2468316176779,248.6822071550703,22.735079852144608,12.692869661318067
555.1634993526661,257.5896098685513,22.751651303554794,12.78375156650937
571.5266926411034,265.20156020624216,22.423645006221157,12.886947830214618
583.173735291499,270.14867062846326,22.532143781357625,13.069578830559962
591.2823019525717,275.97552630088984,23.16197243430991,13.244120278065257
593.3928525683007,277.22037230324247,23.024617636110186,13.313205844084496
593.0606324755163,279.20854550997615,24.156268621134544,13.113330807036162
593.7338858413162,279.5007190468344,23.81709707553925,13.649719497823153
593.9748690537297,281.22230537830865,22.830396253777874,14.046023420262788
597.4595241178718,282.3467481517366,23.88771652710501,13.586107032533185
606.9253039070878,287.79065965426366,24.264178494083133,13.608347771070402
618.6256803791049,295.8212972960817,24.109063443725773,13.513381081184333
608.6019364802157,305.33745595803407,25.574085116015855,13.401355657914316
617.3797504013918,313.97797683878395,25.697158674420542,13.837940468069899
603.7724243354303,324.86209254927735,24.350468566963702,15.571757539514643
621.0017987948021,346.2945915682951,24.965183088161492,15.618571330092392
614.0686208049675,365.55055126688586,25.939938459004985,15.066891343311312
628.2358041347965,386.3553682159867,26.914876990386986,14.626057799113598
626.7184673497218,385.07465051309725,26.909638098301848,14.627214073956807
625.8798437151629,384.8878755661595,26.90955618479492,14.626023844083486
625.6706102352646,384.9852187044893,26.90690691171941,14.625478076194915
625.9574347205038,387.63882177626925,26.86251571559412,14.612106142077135
623.5399062583991,387.21494318579045,26.852554729799795,14.61940671807713
622.4536458493171,386.20696756553417,26.827343576222997,14.63541804007162
622.6853387601946,385.5285172363792,26.78748600850021,14.65930432937066
620.9740296712431,385.3300540551462,26.75996132599063,14.661727426217327
620.7876759736051,385.02730933205055,26.761093604155334,14.656187545492877
606.1055964608574,398.97115326870863,23.17382516993387,17.65408736443744
597.2367667057907,386.52065979561894,21.935910186659104,19.108785248116845
607.1478942049035,386.59144595373834,21.478998282305568,19.552369432217596
624.0361178430618,383.72708856741383,20.3360539661941,20.689594889833668
