368.5,532.5,50.0,59.0
358.87846663525534,528.9299647032813,52.64877408880329,58.7020775438159
350.8801575095972,524.5373615362516,53.868610304291906,59.519295386816694
342.65406124716606,520.3028754573254,54.554797313102014,59.484917286795636
333.93939137586824,515.9294742480137,55.11119127017518,59.61888286765057
322.35322097258626,509.50195121890556,53.78794568147545,59.1743168805788
316.6022043862482,504.85244742755964,53.02110945412711,58.41078726997225
310.60085532186014,500.79986572180735,51.849524555254334,58.349309446125275
304.3216276388074,496.4154785690865,51.60575099374749,58.01759794987029
296.90734580887147,495.0812932474204,52.747331545098824,57.09004183157532
287.79059900100856,486.47972582816504,51.51639530547797,59.07306482316212
283.07616944429964,480.51443877096875,52.14914521937193,59.765525534234385
272.6849381238072,473.6901088588453,50.69552578333037,60.377498461203444
268.06632094932,468.2437400926531,49.56278504227796,61.20543763848525
262.0638214309922,464.87499851203654,49.28162742457556,61.11453687714151
251.19242656410154,459.42737434318354,49.565036054841336,61.34402231354141
246.68216374445095,454.2569397383402,49.50405877971383,61.459605993137785
241.25441582226972,451.23013303812064,48.98655257176918,60.88379386791152
235.63369864438852,447.20932602204397,48.128048534892415,60.99081040784684
229.04519842996712,445.11611200516717,47.3356304380394,60.37151143659556
220.12191901187992,438.2480487116752,47.67251901664543,60.411288879597606
214.87462357838263,432.5934260037076,48.2118620046117,61.53064724871892
208.38168022585782,429.36562756398837,49.49324851129704,61.79152576725639
201.89135286364146,426.8644130420494,49.83141570978984,62.584113082923885
195.8468064892633,424.69439736683216,49.96663291685917,62.5459129079372
188.44654032667367,422.8642496512358,50.60612016757551,61.84019958058501
182.44180784266104,420.1776626905218,51.247532652995815,61.197981198546195
177.56126558287264,417.4761084721545,50.825376282069655,61.10835520306035
171.88266290001684,415.06399845481565,51.50389932051078,60.50473881958622
167.87479102431067,414.78675084912294,51.675467256340845,59.87658239198697
162.8294190291096,415.9752898064817,52.4894091837547,59.784180313832536
158.90882905359868,417.15732875839063,53.127478439891284,59.531591944392744
155.04948486687138,419.4750425426712,53.41188403365224,59.51568885474394
151.12326233940612,421.7997184786716,54.23761476363162,59.151899498002024
147.71024791167142,424.3656070012258,53.84876744417424,59.99842207066097
143.63703560725847,425.9154403673869,55.76256418434781,59.57514837041269
138.9747812373023,425.7699758225475,56.16992242682361,59.40952587847029
135.47991833285437,425.9585109172383,55.989309605043246,58.843754864112725
132.896154846968,427.5131534451156,55.55001217877522,57.48736194493192
129.50738285978701,427.7077877379707,56.0063486297912,56.723511962641936
126.71455091262159,428.8778767477591,55.429915070051,56.67473675983767
123.42944517921435,428.83865988873447,54.860849555511706,56.638097251494656
120.66271943672093,427.79486329398986,54.04348240646536,57.10681577190888
117.35984555180981,427.07587550740084,53.808374101000744,56.25182092615678
115.59060142584208,426.7497295870339,53.3206777940678,56.85728171414033
112.65038354389588,426.6415108870272,52.605856275703104,57.52034887680328
110.0994268509895,424.1260300820187,52.56777265605322,56.450514740970725
107.82652025302795,421.90429354862516,52.339056394884054,55.31165805769675
106.06902873480232,420.18941525636643,52.44799280238327,54.4261022566551
105.004582011095,418.0426741915396,52.58221836211023,53.181317727525794
102.16893795450537,414.6063258420712,52.634967618783136,52.66932986377941
101.2233716026356,412.1666199710163,53.08391623190838,51.95812442601864
99.51721627912933,410.4774940922324,52.269035907546396,51.70998119648012
98.5249491731235,407.70273019270707,52.71662811440058,51.0736192746141
98.6857429334938,405.942571445479,52.490061014509294,50.96440490871865
97.93127685331132,405.2368017061966,52.138028876625974,50.09644747909559
96.44677451003376,405.6761060102714,51.4043305640661,50.733364927235755
97.45379672607623,403.7033483686518,51.45555536377743,49.964082236842046
96.96092996026492,402.34997722135745,50.777391857893946,49.67437100779492
97.19389939709467,400.5685109020235,50.439885481616614,49.807349117654184
96.95375448371992,399.56627562485613,49.85665165819673,49.6701866382365
97.0586350713988,397.7262720015684,49.530117145713206,49.78778972908068
97.32471901967611,396.4241249544341,49.64097530306407,49.950600564148296
97.19932688813955,396.33612033167026,49.53296627766787,49.457562394419426
97.25974324604805,395.23536063126807,49.75856866169104,49.2430192017638
97.86861214426114,395.4822581440871,49.72732497727963,49.75703596087
98.6605615575292,396.05454293344644,49.138256639902124,50.20217447197983
99.79467355566368,395.9676485081818,48.94828162129432,50.9764231961854
100.91501235928669,396.040869662811,48.618184887537666,51.92526010369324
101.06227150313293,395.2001158142666,46.68598451957632,54.086841789219804
103.04172788768506,394.0385222153338,45.40591524870206,55.11944227710924
103.68590487366693,392.96409112912045,43.62702112991062,55.94021783492714
104.3146180775116,391.11635587975354,41.83345684332646,56.28071907058418
104.90292316791385,390.27281797099755,40.73971462762414,55.74321841486005
106.67004923280425,389.1861627816781,39.784281295908556,56.21986219517892
106.88921964056162,382.23309990576763,39.63674582020705,55.2741889357694
107.53704802507107,380.8175751020119,39.30843971294273,54.851871119269596
107.60555381756042,378.1830344336817,38.37187056132129,54.6482704567235
110.92073485439417,376.15091415218893,35.331057313871426,56.44057627201315
112.73307052104292,369.7016364707095,34.716657052961644,55.2148993427967
114.58732691637715,369.04241915405623,34.08554804609139,54.2355603764786
116.13421809038417,367.4348702449901,33.04930468428341,53.146912447998304
118.6428127968663,365.62111568514143,32.50289230607868,52.00186860062409
119.9062406763886,364.1309311541225,35.39330673059729,48.17963203369473
121.37830882055303,363.54301358651225,36.68501696173865,46.76549276553385
123.25318898606668,362.2412892183561,37.62944093399504,45.495207742919796
126.53512939316522,361.18723151308774,38.131670253922735,45.84067802806737
128.52637374166724,359.1911182792725,38.78517885229831,45.492305912476496
130.7573445393161,357.93513422209696,39.24120934486068,44.54761923976392
133.59512649112952,357.9469854046197,40.1327264158127,44.17282012541276
137.60699815504302,360.4143858043459,39.901004362552406,44.68591962121789
140.46913938578825,364.82327467747734,39.326511711242595,44.74181245295796
143.999880002767,368.84969844633406,38.922424409627645,44.57294089791051
146.78895813309424,372.86973269359567,38.46283799989479,44.61588307691021
151.42367016856159,377.4444091700372,38.42567177197766,44.50989750989142
155.96754376854386,384.1486744719599,38.16437968828504,44.743839173196854
159.37011222643864,389.676343686702,38.62856707516885,44.24879203399588
163.05369015544966,396.3717120338764,38.37131502955528,44.32600806791851
166.44737170906478,403.543570678465,38.616384001640185,44.16214898644401
169.80514665907668,411.1308593736,38.96700145620016,44.12275683787321
174.09328359427246,422.6957645466979,39.021864480034665,44.35485063596459
175.63976241296717,433.39380514103874,38.97136251586302,44.66350615687756
178.84992909524496,440.9800459124438,39.360950415955855,45.449693322868754
181.77949141224258,448.6546024490189,40.15777728189962,45.910345111779066
184.36083502007193,456.98858115431847,40.86953884248602,46.05202667823075
188.75614547606332,464.3246935187404,41.860392043967565,46.62220307243379
191.22723777084576,471.4970900418646,42.612006473262575,46.93122338830685
193.63506972065275,479.46568069970755,43.07890482950798,47.51728693040913
196.84058580195818,485.44166609589286,43.26349997478892,48.21028989292133
199.75943018038606,492.6179927690564,42.60040228238631,48.86396226833489
204.0369871916518,500.06702115783054,42.42561643826058,49.609913173586975
208.71125077260334,507.07837034869465,42.30628010277355,49.61378892668536
212.7443044877544,510.2614162496501,42.82465868016186,50.1151540377689
216.52763220319122,513.5298377513469,43.20641662132801,50.887510844403344
221.59755541166192,515.3846925143532,42.991902273783595,51.285965152008785
227.45879802971666,516.507547051193,42.62015270204179,52.18522506484054
232.9356004389828,517.8018788975204,42.47765075063599,53.17411154499155
238.0782932994508,519.2153792382522,42.0121426542117,54.580558892092384
243.00534953230692,520.1530637926364,41.92213789266199,54.75571974014156
249.94846356247018,521.1438106364959,42.20421809039213,56.101519210000106
256.2517458222045,522.0055996234,41.80262679174875,57.28831659286614
261.97309410826625,522.9840995357164,41.812368574117365,57.03225201279351
267.6889865194797,523.9401292597412,41.534721363079626,56.272639907616515
272.8029113802457,524.8839376739734,41.67185806122545,54.89632727884786
278.493344493058,525.3687402051486,41.71255212307648,55.279816436658756
287.6843613613286,526.2872285138105,41.62815823333683,55.927245813750275
293.8127603502047,526.4401657493617,41.03156037460329,55.36498276780925
299.99746430041176,526.9440778684631,41.65583533551727,54.36604170504667
306.28811582414045,527.2640586946451,42.29758335922692,54.092524878808746
311.8393496200188,528.34907439035,42.34684439753609,54.1410966215543
321.08544350210207,532.197171437456,43.528686937324665,54.5418730855088
326.90964585312145,533.2209186346098,44.06282789721212,54.682763224129545
332.0214977900072,536.3171304032539,45.729064285281524,53.70165484187066
337.3260441170106,536.9736744627841,45.622698186145215,53.75745748513933
345.6950942135246,537.8145148855995,45.114538407546014,54.85912472300474
351.98627680239105,537.6979862047734,45.11150844252063,56.553207680321854
358.0522356498788,538.7367213266084,46.520942065904435,56.21703670823534
361.912266254979,539.5755946257153,47.88337845244487,56.25835494175511
366.2369385973942,538.6616379741371,49.75453395071981,56.02752238385828
370.12588003821844,538.2421731456715,51.122331496622685,56.89667672355277
374.03512868693974,537.1487838961231,52.93112015651652,57.59221531729206
377.42559264248814,535.7925797219721,55.290148719723945,57.92966896512426
378.72090082622867,531.4571672423299,58.007393680367855,54.70091869094904
380.2450067799596,529.1693400931038,59.07040356321966,53.31519107716986
380.88343351114554,525.7013535170415,58.247182843014286,52.90273979463237
381.1192621691354,521.7476789950402,55.41934223655304,51.7486512318234
382.0594452842642,518.3081670316872,54.087150029923734,50.359621150045754
383.081491751239,516.1532492327103,55.115269076793744,48.37385251902615
382.71328971179486,513.613691177709,55.54734021391151,47.2248988467716
381.82169309352236,513.218588638434,55.91481620630825,46.28096889362162
379.9262404377417,510.19327632424915,56.34104337341468,45.32095003978297
378.3740570802723,508.493283001625,56.39569862251794,45.89827218574837
376.5805915027748,507.09715512954057,56.52861523779427,46.702745213166175
374.888461043327,504.64075497721893,56.196730641247896,47.231713539965185
374.5695633391998,502.392024103667,57.27050669730471,47.043654161275654
373.54828285989805,499.9916016010785,58.577117901193205,47.74606471821038
373.3244980439555,499.17253611468016,58.009070520100806,48.92794493402813
372.12142618325146,496.9410436111432,57.489626348976415,49.69601798431492
370.1325434849766,495.5349469533388,57.13910223670659,51.230471655873146
369.89567183461327,493.461218692054,57.37803971506077,51.50086323512912
367.20450331745036,491.7303358836492,57.07261258160102,50.842647563028834
365.9367140212329,489.7831151864368,56.94852225161165,50.06720809044923
365.19118402882674,488.8128497345206,56.637810476437025,48.95687906615043
364.97241354320613,486.95918930493553,55.60766431770391,48.32738266076374
365.6445326620145,485.06803369294965,54.41334646914336,47.743605971222365
366.38775122741407,482.7182033304788,54.285351883281336,46.492218798825256
365.8726930057536,482.19387676278586,53.715031281504935,45.45129020622951
365.49433193930764,480.9068238005435,53.085024054770045,45.08848097148872
365.1496458374842,479.74895953258147,52.70567043406091,45.0071653255891
364.1194913067276,478.3858988496355,51.86654731326209,45.09042675572056
363.0439142140333,475.4687598687202,52.04071044125477,44.49979369536477
359.9960145331086,474.41633432834857,52.068697360324556,43.9037609107517
357.9967023968289,472.5861279384468,52.54683718540478,42.636638633487394
356.34086001806133,470.133402638472,52.37539625629441,42.3679497337727
353.1760398549587,468.5351342270401,53.194078864604236,42.090383344279815
350.2493886172595,466.224222098204,53.39417451474621,42.47090558855487
347.2568372827561,463.60918574479723,53.769252254706316,42.47364761070648
342.9662775880789,461.54827646541537,55.73275069908388,41.59851458942265
337.4895983764558,460.86213957845655,57.046408232742834,41.754478458288034
332.33293663755296,458.1189272836774,58.13187125980375,42.876684335993296
329.25154713557816,453.46170951695,58.45180482384254,43.35260744879389
324.51273913820194,447.9620331878864,58.54628502300169,44.16608516795618
319.9404459516023,443.1909301800151,58.172994771139926,45.222343574751086
314.2026268645376,438.57167664515066,58.3826426880062,45.244419026743074
307.3993839900488,438.1431701450937,59.812692966402636,45.70192670964591
301.076445006212,435.59923533751646,60.55448768212318,45.54705378634816
295.1563836294888,434.5534619169298,61.376392395103295,45.52080992851643
288.85830993995194,432.13683861193675,60.64759527802221,44.90518921748814
281.90452489442214,430.117133879803,59.83837516980202,44.414829261131814
275.30171884359675,429.5138812099185,59.781397816801906,43.51386241958062
268.00496816134665,429.2260174170506,59.164596828396796,42.647661618628135
263.3237381200809,429.83904658838975,59.1306574129425,42.48136766117328
256.60981034200114,430.68559313934384,61.08576707371627,40.605127084141714
250.87916389918354,430.5985148346642,62.312932914673766,39.07201760120066
244.33878885980056,430.11549598020963,63.21282056668187,38.50072742448202
238.28531390509838,429.36413127697796,62.93162216828596,38.12882626053364
233.0114585954394,429.78590810416836,62.28783498486958,37.721268602151156
228.17396630623404,429.2451776747963,61.80893181456203,37.44039818972378
222.7376859204729,429.49542456607566,61.63205315584749,37.05652575244662
218.82584234234162,428.4961662312674,61.25710616446601,36.92300549770098
213.17993803810546,429.2903965635808,60.66756234831672,37.13099449432903
207.67908555470714,428.82693070342725,60.735427517139726,37.233756519258776
204.44223667933483,428.469194417034,60.33942054452619,37.749522746248765
200.40742710157258,428.55649033085143,60.13648911716493,37.5440880555906
196.27899218087106,428.85952747102226,60.15981460889762,37.70591680516755
190.841403174594,428.28226388858974,59.996382163077655,37.58244135028933
187.54587773481026,426.9399837408804,59.88691729557483,37.6551876236438
184.28249973740412,426.14246573482814,59.712871917859076,37.939012049749735
180.5747103533533,425.6363402233195,59.382935816270745,37.970804455556596
177.12506468356725,425.65982191281296,58.895072576680235,37.96031116195214
172.98905489109325,425.1148692472565,58.24386103675031,38.48701637690765
170.63540670034487,424.9342194521538,57.36904892062743,39.058311117679104
168.72387257845094,424.3692803966163,56.20518679408451,39.52183075783722
165.7363213374198,423.96807099548124,55.5789909439324,39.42095708297652
164.0609456458456,422.5882147101257,54.96035193477738,39.32941519049176
159.6806352417729,422.11493097125833,54.23595401275915,39.225503494566226
158.59939382488523,420.9567298876336,53.95229464987926,39.05117418407825
156.67037307366823,419.484396850777,53.09807399868778,38.9399241868534
155.01838118602132,418.0130403249399,52.56434667817163,38.65735814573898
156.55328845309927,414.5788254153348,48.86289504761074,41.51093114961098
157.5244074849764,411.09536175974887,45.71247512579373,44.02960149133095
157.9003659092818,408.56917842772424,43.36135302167451,45.19563373612973
158.17826035653047,407.11927261746774,41.964954695910336,45.285057983672154
158.72052733976864,407.03668462085284,40.38614405683231,45.516689706207686
160.8465940563617,407.2382997626295,39.34703404779475,45.29643680102274
161.54168260293937,406.4837429810235,38.066656175797476,45.11920717118045
162.5486316075694,405.74142306171615,37.02103186582099,45.0557440349036
163.82152612010645,405.2440453921244,36.090828644732454,45.5274963919475
165.15449255917656,404.56992415583017,35.4498252900603,45.661439543361375
165.63332740602988,404.20081086019076,34.81666092548576,45.2070881765331
167.37579068087854,403.8754362293787,34.093429045511925,45.127463876775025
169.78766245136643,403.2519052975136,33.50714659462403,44.781520321727776
169.49191864262295,402.80840833856973,32.47756621131754,44.789295005625696
171.90072141728214,404.37862215864095,32.35219374763146,43.589105006817846
172.34157207257022,404.8040244150837,31.362301811149365,43.18672781345902
175.7757514154957,406.38271897987903,31.129703432610356,42.020720567489505
176.46823845021902,407.44841429095,30.629211210449945,41.31458774735724
178.4559290237163,409.0025733941557,30.54047156583576,40.420336046377884
180.03471705027812,409.85255666837617,30.96596269143831,39.38887975613478
180.2675422573841,409.8103698246117,30.50040320365359,39.156856581395274
181.06794643904706,410.800974752749,30.126509484569013,39.0054344562913
182.17324853921727,412.3292178315245,29.843783068003912,38.38920489435188
182.54217187209207,413.11711529832775,29.469709718399265,38.394028223036386
182.72205993448006,414.53777673923776,29.299253725759627,38.32436590754628
184.41445981193525,415.2571910355561,29.099238860070457,38.40226118614063
183.93835949279838,417.168838970676,28.97018942681857,38.149543652616586
184.51834757888804,418.81108742769504,28.523521887013096,38.49950241942569
185.7017689460667,419.8170771791709,28.357015132117468,38.116160111107405
185.7232817883684,421.24565133021287,28.264114281246847,37.5956237951838
186.235902086196,422.8338314626619,28.10522499203009,36.67494814446715
185.86029642740715,423.8286839421436,27.63954096773464,37.18774014328278
185.6933768739726,424.23567056845394,27.32096450100682,36.98677562822614
185.82363758997286,424.2137314076472,26.984098653460798,36.498029049498655
185.64591445620707,423.9345046344942,25.082634596895748,37.46759585798106
186.3099158374258,423.699017298027,24.00925754232302,38.08237324824357
186.09463569070329,423.91964125234307,23.470011939485882,37.55056071613639
187.8920516557367,426.52213456001795,22.79625416141181,37.57078572111741
187.4737491391653,426.1429245919367,22.539512956418292,37.17954709652704
186.9651371601123,426.6174357482602,22.22970112980294,36.52225864484954
188.84607418717496,429.0654857767024,21.57151603098464,36.660824172529374
189.45404826722879,429.5140782234421,21.290734945080494,36.7000359374706
190.77111269757623,432.97963354733247,20.98901188997337,36.707557301103414
191.34302236335205,433.54823006896936,20.67518604482614,36.86418070508766
191.41356573825408,436.259954041922,20.692009656908088,36.24602298135029
191.8529557714343,436.58883110222155,20.50050726522268,36.219406351023736
193.25827517691724,436.7857998047224,20.332031969347746,36.03708686284446
193.7688799597036,436.745943032737,20.019734120713025,36.155906570942875
194.6229024150781,439.65455357851306,19.682547283198588,36.15064951442494
195.00933573377668,439.1762860466669,19.931384842731333,35.866204429801805
195.56148340599813,442.8142573384626,20.106152842290214,35.48987236561959
196.0684385975341,445.33246807434625,19.90239522830698,35.417661404106205
196.67312786320056,444.67100153788846,19.463943232103667,36.05564573463212
198.11564228755057,447.8442569810215,19.44580219124971,36.079459460029824
199.2031355308257,447.3688598002467,19.520181034441862,35.72288268205302
200.0273627460088,446.8969383700796,19.401263447375555,35.55416729672828
199.51949056793782,446.5124474841954,19.933782189685008,35.4828333689195
200.10046117599092,445.96169036313927,19.741851492606546,35.92216378983041
200.7115823907615,446.1571288804144,20.29222139636311,35.69925984151802
200.58535075255017,446.17453169176656,20.667886639071483,35.461814609238466
201.17914239874713,447.12272176801645,20.912706911130687,35.39177060213966
200.58147584433178,447.6876516001411,21.052127525301977,35.05370166169095
200.0979157811835,448.0810040079058,20.91557347824339,35.55455897804337
200.57806888335395,447.7599634606201,21.02648051929436,35.70262437895015
200.69554566956808,447.10553744999817,20.775647736781423,36.032698157129225
200.8422510381403,446.83367473071235,20.816612887746203,35.684355328832254
200.669451171956,447.2467093110894,20.989007214641056,34.849699258456205
201.34214840751486,447.0610976014281,20.767980099823728,34.45739045646145
201.67341839024618,447.43676870379875,20.689109975650602,34.678379060359674
200.92686736212434,450.90386792774825,20.606332338862934,34.66198056210666
201.39285075238593,450.4636015406461,20.215369500829407,35.078346456657044
202.12112443839865,450.12913718558275,20.1380869603469,34.56338685062926
202.19025723306996,450.26245336004587,20.221107816860417,35.001982293966066
202.06275050849288,449.788325394972,20.364916589684455,35.20235603674733
202.5846146021355,450.1695285172693,20.68618161700644,35.10177211118341
202.6865374640448,450.19653078098884,20.83775499251882,35.40858295978778
202.79333151953887,450.68920621988383,21.000227486579767,35.12364966021817
202.7830683203985,451.21653002356703,20.985432299026463,35.08607544571977
202.47651345971124,450.90013795358635,20.858055517753574,34.95008740083237
202.6180098763834,450.67272868200314,20.65807762711488,34.8104292441696
203.53762451601403,450.0964832115603,20.370787000845915,34.55630647751285
202.8364481329658,453.49504683466176,20.434418849240586,34.136838075304176
203.06554578651173,452.6747829353488,19.928395184482042,34.13743431436736
202.9291731180834,455.25256864779834,19.787314472964507,33.722233639895485
203.15593865815174,454.1455731915545,19.39016131780658,34.01941308616621
203.23051850238366,453.2911544565667,18.74556922267883,34.27109640136433
202.92865654362942,453.8484101954858,18.86456334353933,34.17410928513638
203.76695585813286,453.02304378553873,18.90027085638576,34.14016116630989
204.95348365341215,460.3040793767504,21.257275366382622,32.23804596228014
203.25668631042004,459.8015748610414,22.37146541216905,31.635067589828502
202.4325334385977,459.40243637968877,23.114766296843108,31.167379210012044
201.76384410772894,458.7056175229277,23.700654961670544,31.052688247310524
201.70535121681127,458.422277488458,24.45745100761643,30.95883685501103
201.2113057475743,461.29168771757946,24.63571455875745,30.89223233533624
200.72072736032916,460.56635040268753,24.498429036265932,31.014153970582722
200.7587933373303,460.3325907912807,24.97116275818987,30.752507400931137
200.55785850925065,463.11441966649517,24.52823730650769,31.166210852742193
200.7768281401327,462.9042878855909,24.704199719491015,30.851127680026977
200.29784259653056,462.3773561881097,24.85748700218329,31.12771289009872
200.06141730970273,461.6447799340511,24.742713204787147,31.822062185096325
199.61736909716518,460.94820557930547,24.817988599245474,32.53124652290639
199.19410411889925,461.3773296086865,24.875960728304662,33.01566556695795
198.71318641803902,461.85115091685805,25.379422881448022,33.105151756729185
198.1513861105511,461.9940048348124,25.795833996091986,33.134179214208785
196.9132111103189,462.0276327688958,26.502678734181497,33.067744136983336
196.59575437731945,461.93777742511406,27.06122558190478,33.31805262962961
195.9601026165683,461.67668840963796,27.470480894693534,33.81828434585955
194.6369124247025,461.9001690120676,27.57755988300887,34.21243557586429
193.54834601071755,461.6944495197885,27.774306930644265,34.48970021349859
192.08920788632764,459.0837715554059,27.96566925043853,34.56213226836246
191.6191471674983,460.6580052002092,27.943716050684152,34.96799198986439
190.5164632485252,460.53963431505423,28.11700371513789,35.039134503420314
188.25292580879955,460.7314053666028,28.42157159461977,35.10118593622329
188.1379406498758,461.1266687773486,28.479049587161356,35.77123195351503
187.24801736220687,460.7390015475601,29.095038464058657,36.15299658601217
185.04084845159005,461.06571697199394,29.561731097914333,36.19469036330413
185.01236484000185,462.3450773735229,30.05968128870585,36.036024968724014
183.07374312340545,463.270000690464,30.341997887792214,35.871298440585306
182.46400649780514,463.90169616905746,30.439035926857496,36.12453479510482
181.09478319422203,464.65365606996795,30.698310542675458,36.232621538350685
179.83542299511478,465.99033790260114,31.010019956469183,36.04485309937222
180.07496458030332,466.7049473705898,31.263087757981598,36.11871369697184
179.37406862019702,466.9387542232121,31.53788852543085,36.354995798993514
177.86960787242225,467.42166014907855,32.105517496642626,36.330754050429036
177.94534721701407,468.13177757244046,32.460572430200656,36.207478007835796
178.07509349814683,469.38231463711685,33.13789203033445,35.9525867970316
178.05754101148125,470.8654571339413,33.54177317606515,35.84618391970045
178.1302183159426,471.0024747060903,33.945929344139,36.26821652585633
178.57118803092825,472.49508694941534,34.346788085211124,36.45881143617896
178.89989628420838,474.56667556577077,35.016766183333786,35.92995328954289
179.0599546805589,474.8800949796839,35.32643421309679,36.440486836251225
179.87546369264157,476.3070298132758,35.891632533764785,36.63475483386239
181.44412544484996,479.3151628261484,37.270272583730346,36.118624706707266
181.89083741920706,479.87779095899253,38.38023155623502,36.03306608811373
182.6548238004245,481.24132199197726,39.64009939858223,35.87724516250994
183.19675961160402,482.0090721391078,39.86127612274265,36.272852150887346
184.39306481577978,482.7126179791603,39.15710472596494,36.98549738064865
185.93901038078863,483.6633903160091,39.43878737600705,37.908103507656065
186.84655476236878,484.52436138970995,40.36247386614262,38.211789926996275
188.82607162070548,485.2964560427751,40.515523107690655,38.771010149598276
191.1771932313569,486.44555805352576,41.05288865103627,39.348943861556464
193.5067121422316,487.67243334250793,41.09761002270726,40.0144304681166
195.6961125264518,488.22642761885135,40.260571844675226,40.70101069251412
199.22885992186824,489.11032808617756,40.47007762604695,40.58410034662206
202.784023239843,490.1916583583786,39.56334948939549,41.16515151219622
207.40120272327238,491.4943735744789,38.874568525466444,42.08208974950554
213.11624686914988,492.6693953270274,38.63950377039354,42.14491474416438
218.42401528759618,494.07924025622793,37.88249411703369,42.317730197729254
223.904930292228,495.88635148339813,37.93154076334865,42.55111225655716
228.24050469013122,497.04354105807715,38.08384110236889,42.28322043858947
232.59419840969235,497.49713323328234,37.71640422477003,42.43548349590165
238.5648294071843,498.1780969138903,37.34867433427833,42.48916918991496
243.4179810313936,498.02871253276214,37.72988596317906,42.33951116908631
248.97218307094852,498.83459811085453,37.59016417319275,42.77246590782957
253.8557286785632,499.3148767640166,37.75819544789258,43.09646642087183
259.5425106328992,500.37093468366356,38.00839176260919,42.34018792670122
266.45568086919405,501.2356588078902,37.25274716709474,41.87559661279535
273.4662299644586,502.21841585544803,36.87606960034498,41.41196590524538
280.20015465350207,502.11483493833,36.32740967538307,41.22844882708027
287.21693748869416,502.4090924922795,34.8510253633362,41.01931922032745
295.68219852097513,501.9197176748705,35.4024082822948,40.864944503644026
305.2639001998313,501.3421560596089,35.196663692282684,40.87882379953591
311.3474971368423,501.20752077025077,34.29304632582902,40.20598223044412
320.63881771354835,500.8885042278029,34.722436727592694,40.234788015649585
326.6160831429837,501.82467816746174,34.26417986316782,39.96133139457166
336.21011651132363,501.7145690573814,34.1435874917223,40.05404110855345
346.8503218954782,502.38192250560564,32.752025981836056,39.78241106585712
356.3587602324189,503.1072492127416,32.63324348520071,39.446301327961535
366.24221884480045,502.9966671943958,32.45372478949037,39.638124333787204
376.26741398974417,502.42809725626614,31.938092113738616,39.66132420951251
385.0948362761398,501.9396870522518,32.9138322577443,38.75482976959496
396.7766461443465,495.15511800955454,32.789968151824,38.38987437964775
403.82809391826447,492.6460176023373,32.45758423118534,37.59763036223411
410.4271361753622,486.45746801632663,32.122952628366825,36.28114604579105
417.7482184496739,478.4401187750652,31.223814813141846,36.760302536126495
423.12711015027753,471.87029468158386,30.402837137032236,36.10008976880444
433.64524211426743,465.8027493378255,29.99167620587869,34.62197931496367
439.3440165746898,455.09863665406465,29.370819675475822,34.9405821849268
446.5454920705395,448.1613886405442,29.18713557525586,35.865560008232336
453.5721583890785,441.70147916694395,29.31413512201587,36.46286918980792
459.1385363568179,436.20955189215044,29.307660924818286,36.47631053138711
468.76129144666606,430.79675992505815,30.329692630497913,36.058764735347005
476.34848376931615,429.5163212888738,32.50196287716548,34.97437213695763
483.3783377047141,427.50043271868776,33.61324308925528,34.59903048002749
492.0235378017613,425.3796139530138,33.4021218410838,34.60905962056732
499.1796145386133,424.20566346744266,34.41073004798288,34.314930829441536
510.06376988703363,423.8854535839855,33.933387292426374,34.70267646377039
518.3426175083979,422.98620979715923,33.095077196792644,34.63610120459051
528.4360235263711,422.0073033820864,33.20326523714006,35.00756967343101
536.6245206762386,421.3772904006495,33.77095782705348,34.80213223641773
545.2979677937958,422.54252016312216,34.315358071309205,34.252642569641964
558.4147655599837,423.9278987188555,35.37802909471953,34.10801055545008
563.3099206131064,414.6514464907216,36.70974066358393,34.66039812023833
566.058293203652,413.02070089774446,39.00620598893189,34.22780180085202
573.8277815053561,421.2169600258143,42.18341781630986,34.10361507242235
575.1854120842928,423.99975422312883,47.76995357158363,32.37880955857635
580.3114158635888,431.73243582245556,50.2406022629916,31.9407023718858
588.1957825656641,439.4954363065272,51.69957576802064,31.640639247065202
599.7410604565406,450.8468891680557,54.66730474578909,31.337542407675237
612.875800512399,458.5001296679453,56.53033195829108,31.740303274961448
623.7171989289777,471.37981722119105,59.185048095104364,30.30796979444654
647.0782581977953,464.8885127814511,53.57590944638504,38.374644111243306
664.6060044096039,457.31519537079436,48.64886741644486,46.472138002381044
674.9486776314438,454.877833361074,46.69663330796989,48.661202851670964
686.067513487986,459.2598593666496,44.94659625369892,50.54848083472138
695.6947883310073,464.5216230899845,43.934295102812705,52.09220363982171
708.7216309644161,481.9760201317525,37.786453570736384,58.157080515758416
720.4663996647844,484.03381819834425,34.290492219804605,62.259716537421056
729.6984652015734,488.0841404273138,33.964025941148186,63.94298855287056
739.8999732098943,491.8910491397714,33.612905066108226,65.60595888582895
749.0317031927455,495.39102068797797,34.490821595767,64.88885365715257
760.49886292925,497.3487016641293,35.17388989436439,63.09667257109135
769.4603218579714,497.9648547417912,35.7888214631911,61.26805174711222
776.9769662730293,498.3636324312798,37.707873712787205,59.07612783881521
784.0595710594052,498.06411533530184,38.47266921358285,57.85884697587767
791.4288165236732,497.87837385713374,39.14603779737605,57.110366643906644
802.4858939500481,496.9709438541032,40.112689676803924,55.69270320865302
809.7983325685385,497.4789009709981,41.64019624414431,53.75652628050441
816.6015573736062,497.8860601992874,42.87755003977072,52.40280814045035
821.5294841020856,497.88272434835517,45.64384414293148,52.05165474189285
825.7186341382775,497.29401424295395,48.70288289958833,52.12052607307196
839.5195713829536,495.7614863215645,47.29736804463555,54.40033906030196
847.0723379007022,494.38183897299365,47.00386580137463,55.20489752468612
853.1009725770657,495.2197755352447,47.493908231484454,54.849385895201976
858.6871622023986,495.09388953220963,47.67322499522302,54.478873906120626
869.0813689524281,488.77538702225775,47.140548799851544,54.840943203673255
877.0711374524271,488.45556902809864,47.51457701591784,53.97165506536645
884.2995030054702,486.7434642645809,47.582539398906334,53.32932149013753
891.3399596340031,485.7823688392182,47.67112744646718,52.806206278164616
896.6779140347239,485.4718824382131,47.90221346466665,52.39006839387261
901.3227824889216,484.5607028330729,47.660514085263046,52.43862949605209
910.6258081561805,482.95194915092344,46.58690675098936,51.96892749259896
916.731285240489,482.3702725107523,45.63148580075615,52.231022959964385
921.6755833016446,481.28720789024345,44.855208671059735,52.36610461835571
928.1303344432979,480.29502958697805,44.21299650310958,51.64661143240604
933.8783998855971,479.6717416155509,43.198872645183414,51.05712685127361
943.2687844047223,478.66771505923333,42.42547550939898,51.977881570659136
947.5492559829058,478.7690051801047,42.19714820538769,51.96007167460421
954.3550116882964,476.1795881056757,41.63989895586163,51.60628348612104
960.0520977075075,474.3538546221433,41.269870136433326,50.973019541931
964.3336677617173,472.9080728559908,41.248264451841976,51.59169822850228
971.3131641459198,472.0638662299825,41.19868502114455,52.58131347970633
975.9898250275884,470.95963185263724,40.666895507258005,53.97403580781457
980.5815505464955,470.03435884159614,40.49698569106248,54.49772748171406
984.4607856131322,469.2720826587173,40.24766415550634,55.4846437462259
989.0836913394123,468.377067360534,39.593558025211614,56.384280370195576
994.7785295042057,466.80450771196234,39.251700833198036,56.91684559400515
998.3011470290357,466.4753059828508,38.97253519576941,57.47849957513979
1003.0307120401205,464.24680196800927,36.093104689896414,61.44858614538643
1006.9562931627969,463.31216482672477,34.74225334237066,63.81458399043442
1010.7694158652607,461.38715430276517,34.171361578953096,65.8012538125007
1016.4352033608952,459.94508713642824,33.05772214981796,67.54554778071838
1019.518595225968,459.5997271028417,31.94951357302299,68.85219602095657
1023.029773054235,455.99621863613345,31.39844182914794,69.14182356152037
1026.0905270954293,457.33007308637286,30.90636976284194,70.0592706249392
1028.5852455765478,454.12240257822344,30.34005520661094,69.85293996460237
1031.5890892083064,455.96273061074106,30.065701530740306,71.13246656634563
1034.1109032041738,452.5317115912275,29.850028308140036,70.65587249859176
1036.1752774976603,454.6723090349161,29.565701823141325,71.09853739820193
1038.9021943698165,451.31893998826047,29.661990816713377,70.42346864107975
1040.7103537325968,451.6416762537978,29.44812742104817,70.40420679954977
1042.8619149837389,451.6486492169654,29.226415803620988,70.17940588094419
1044.9236330054737,448.39392320928056,29.542682747822173,69.5304277968265
1046.2937482312898,450.01153900196124,29.479547947816826,69.30405012381867
1047.8308987941605,450.0320689963785,29.68708833856993,69.09355783763516
1049.5571976674446,450.0698428012764,30.304775435446466,67.91297575728123
1051.11968304143,450.0040769530349,30.205438022588865,67.55535949262453
1052.9597089341746,449.89940666023074,30.262807749703782,67.57768208609399
1053.5934724045042,449.4789366608997,30.112125820755708,67.76024908651841
1053.9264899460682,449.3583590301719,30.56050638322703,67.01278990800974
1054.5585670692,450.946098904014,30.431756366127345,67.36179527156213
1055.3629767455132,450.52644939026305,30.666911842221438,66.63822868417301
1056.2131441954846,451.71913642850774,30.569012173487444,66.46735718069694
1056.414172644161,451.4992642991574,30.812510295513327,66.11560808316975
1056.2534322532085,450.74904441152665,30.663717761511613,66.46937203331215
1056.7073798714873,452.69823549925854,30.613699660230836,66.00686932676632
1056.3038173888503,453.7926241764061,30.826438941968433,65.55682311832997
1056.160414506522,454.96356587474145,31.121319606760085,64.8823303066049
1055.7299282118975,455.9647904682741,31.03397878095885,64.53129074554667
1055.3538207894794,456.9814660411547,31.375168280469534,64.57627488497218
1053.1392621556356,457.1048650147734,31.44377996725509,64.00457419463378
1051.7190179717877,458.67609052342505,31.98746843680339,63.566754267494595
1049.2733403850916,459.44943626363386,31.902195306667448,63.590852124235205
1048.1348071059342,460.44621905338687,31.88053530629719,63.5681503638515
1045.9876532803175,460.7866682171865,32.22251761344467,63.33223134628788
1043.5166947285115,463.9847990855718,32.762093828079784,62.08824803282662
1040.7610745700847,463.08538118994477,32.53478443561343,62.158799584311744
1036.1029439495278,462.81082728611193,32.58538348342888,62.34979347724919
1034.1223603938,466.41968460804213,32.50339111002144,62.21017713050801
1031.4288910535906,464.9565664215868,32.659535360660925,62.40610377861098
1027.331508831313,467.3542244762183,32.67613341575075,62.82524375073836
1021.5255781215694,469.8661972789976,32.617404434542166,63.286076072578304
1017.1050543830751,470.892879533553,33.068667098603505,63.650854120611726
1012.1716512707818,471.934376662866,33.215431094491436,63.943504068986485
1007.4478907321163,470.07872531202196,32.805674301644004,64.29045025288283
1001.6933892078468,473.9160102844905,33.33236133303208,63.65684157350973
995.2185864746391,475.35514548423475,33.879858607003754,64.05059556710279
991.050667315831,472.38622967231447,33.37855588763277,64.94150116936747
985.0247926253862,474.752463514571,33.483088280912455,65.51920032063936
980.3679452154383,475.87735870940895,33.87826503440181,65.9043538930606
973.9037882735702,473.5999892943667,33.84528569761814,66.72836743475398
967.1591906354664,476.444032987427,33.83022091065445,67.77595824458672
961.6362340262679,475.3643367195509,33.42042562532843,68.53202236160719
955.2722197419534,475.4598927556208,33.52429152000704,68.8441529609572
948.6755220387939,476.2925393350745,33.74449661870883,69.21973237590237
942.8403075298287,477.10526904830726,34.080825867047004,68.82690332148418
934.4407111688314,478.0635061724455,34.247249958060095,68.66362948500435
927.7508245039052,478.9374383145828,33.76309067835453,68.92178312408481
920.9998933972671,479.88054224261526,33.714142077726805,69.10428774093556
915.0919005349174,480.84677025620863,33.16023472839051,69.33664713962159
908.6659821672928,480.7501179210484,32.88434967714079,69.84366843014892
901.9325799627217,481.7163365650689,32.57814573972547,70.51710758787823
896.4975812354576,485.008055621145,32.880965421731645,69.7346028367794
889.5837945480458,486.93323743215706,33.03105237687743,70.18303396115421
882.9035705491465,488.08763491851556,33.080786606670614,70.51087095407448
877.7072204431454,489.00357613848917,32.406614221932216,71.37926465052556
868.1884103241164,490.9704128730548,32.34939345657225,70.96390935766381
862.4532830485676,491.32789171792353,31.594417790689626,71.86278461851835
855.9675820695277,492.17218570992156,30.85742379082283,72.04231694721304
850.3113731493839,493.85855510215566,30.80530057733827,72.11233314664685
845.4235653692965,495.2187039295087,29.89484760266209,73.51222563552597
839.0575896890534,496.9348655247295,31.01939711530894,72.19572738290475
831.1011867085183,498.5446291863674,31.80806615163565,70.78927786705546
825.4281048481454,500.92599371425626,32.36329912439555,69.45858735688624
819.1591910640778,502.68376815912,32.85423261904429,68.39380097745843
814.0652848763935,505.1619841884159,33.86736142355114,67.08224539896922
807.8212159224156,506.02354737289204,34.790168826135925,66.59242186166676
800.6945037535816,512.1183296987305,35.54767870457539,66.87982692892302
795.2089939978534,513.4917653737017,36.217398167203605,66.83231857222077
791.0567062543175,515.2023110472566,36.53798727655939,66.69054221992306
786.1983353782817,517.3480087005337,36.79127764313294,67.07786404975195
779.7543514970322,518.9563080499156,37.64981883092493,67.38929550807734
774.5033168155509,522.289757955294,38.186511339944715,67.64459637709963
770.1079255183905,525.128968034332,38.15876671258564,68.2104727697743
769.4670510010758,519.4245183783091,38.700198521759035,66.49536390310908
766.1770300768367,520.5778784869344,40.439869715177345,64.08375573096778
760.8735577002611,523.2871390088611,39.55334999841879,65.49679339149057
757.7475420406321,524.5563464817728,39.35620834404399,65.84727514938726
752.0145356048467,526.5452473784727,39.16426890696003,67.26099719403086
749.3688486038934,527.2383299074022,39.79314777260555,67.40881679727397
746.928679441735,528.0141743154616,39.59477172619498,67.50889058586885
738.1559999977536,529.1155761345034,40.11117706191159,66.68571322189396
736.0032347297382,530.5130397389019,40.13816174146652,66.08237656065873
733.0432080622578,530.8612377412442,40.08964198301314,65.3527887707578
729.9698142256058,531.1665612779469,39.185613597204515,64.83597625399156
726.4680791069129,532.1326855658137,38.533076067866716,64.45633056541153
722.6254000630903,533.190288927334,37.6402929430486,63.89695205606266
719.7308577765943,533.5758200130027,36.79822536302536,63.2562145762593
716.8086369663176,534.739898192153,36.96373574731154,62.412554334596955
713.9743359890529,535.3869453246481,36.86906732372826,62.331566463420785
710.5051617372845,535.819364083272,36.4789084038642,62.30247374435626
706.8943296357943,536.4179456351726,35.5979362695644,62.15762396834461
703.7041547270267,537.393307557759,35.703255474154105,62.22077226977804
700.6267559565516,538.047651698473,35.72384385906781,63.09122121826951
697.2371884463107,538.485211438591,35.37432821426631,64.22791823965106
694.6263986370484,539.0142898942288,35.02234950225518,65.58172717539077
691.8708747127698,539.4306216773296,34.592784557843444,67.07972323710374
689.1071685673948,538.6225673079205,34.70503666945551,67.8291827654688
686.7584526850757,537.6248908249627,34.64386676859681,68.93682784230434
684.3001805649451,537.6737371528219,35.290916952156195,70.31652142277679
679.9185462379302,536.618731354321,34.79794476145954,69.45738152289135
677.4422036197866,536.0865109165086,35.22791442920436,69.39768297037746
675.3758303863018,534.5986409436005,35.67506824480671,69.39463787819943
673.0970226989485,533.7512434677232,36.24335499669529,70.57182037267847
671.1063284629898,531.913528028913,36.218556029647836,72.04279205993029
669.1186054136658,530.0866895938871,36.28578636711118,72.62943683121188
666.5758964278648,528.8981460014161,36.71574541155854,72.85156648327127
664.3923600442649,528.3093432081118,36.61165109120331,73.61914611563321
662.0096486116911,527.3832771729298,36.90128250203577,74.11354660526318
659.5722737440854,525.7408013720817,37.58179977341081,73.32100644670518
657.5384962089507,525.1262741043945,37.48596229988721,73.88343679365659
655.67910437195,523.811623368092,36.972180570904136,74.0537414934955
654.1169700592982,523.4422345737431,36.69634062038679,74.16197948611249
652.7557478777538,522.7428290047214,37.2397042587592,73.7704010863445
650.5088344606972,521.4213400478528,36.76151857303593,74.25616888846368
648.973704269733,521.2884740425558,36.95608015010907,74.40591051364461
647.9177602229892,516.9664246969701,37.17165851020599,74.95391030497461
646.2996320832151,517.9405346856033,38.18487039430737,74.84194933516208
644.6229478716898,513.1273772968962,38.417097860479316,75.09564352999575
642.8124779238184,514.5286494349127,39.29495332552756,74.78559932071994
641.0283518183334,515.1512753094761,40.16203747619498,75.49163758299905
639.6108241872132,508.95153582535323,39.71995307473896,76.2116541183835
637.3011750408959,509.1607160783826,39.895567743105914,75.99649287971218
636.3162334583732,505.4582879629489,39.54775648256855,76.31302122590553
634.8694499640395,505.9816904516141,39.98190159814325,74.971724957529
633.9078644748573,506.12024035245327,40.3777694768754,74.39044036142464
632.5670215688893,501.12325056278826,40.190807236595596,74.68639709834746
631.2059238815585,501.79851371400355,39.9671162377373,74.94540255613266
629.8656741827087,500.7491825214593,40.052723372024445,74.56383747082313
629.0307843388052,500.0756546396135,40.050422900644094,74.0810764162775
627.9561693064271,498.7387402537249,39.85470133576188,73.87075706717445
627.3775094979596,497.77343407080934,39.84986890077111,73.99934447248782
627.0100069075947,492.7375865629255,38.79105989921938,75.07137613528917
627.0352328596099,493.47286813535754,38.23199846187909,76.28275235390467
626.8228535388754,489.1449579330908,37.16083763732948,76.23012816310134
626.8003028691231,489.1606107943627,36.47382019145273,75.11602360194205
626.700961349101,488.1983175518243,36.00131589028372,74.93145729313461
626.9832945553127,483.11173580902124,34.922655558964635,74.5175112130058
627.4773730762194,483.48185306056087,34.79525771581696,73.28158648337168
627.7432598754867,482.56202772726624,34.07693046022734,72.1543944985938
627.3747803442415,480.66079268977046,33.92621882693601,71.19104883872208
626.6309373673818,480.1613891100041,33.3766385262303,70.77410597155188
627.2609628399114,479.316484953705,32.378381582035274,70.69547868673034
628.5149320359023,478.055283814056,31.328920210316888,69.60260129149839
628.3126580301617,476.8929054059679,30.843666957988912,68.61749787818232
629.5008037876675,475.33501842366053,29.634828016753737,68.57745457251818
630.7778317754882,471.6755338898505,28.65672254446165,68.46648627746734
631.7705635530835,470.41231660141705,27.772919956144044,68.60486481452408
631.5660083669846,468.61907482286074,27.602897294589408,68.31970649732335
632.7776891049637,468.78381496094323,27.737731409604315,67.61159778840758
634.2632507063198,469.64947159322895,27.67013928141591,66.84403339611633
635.916227916545,467.85451087089115,26.98862052418871,66.81321347345185
640.1916931074414,467.44831653562517,27.454494837525402,67.74819635150897
641.4391344308737,466.87752600533884,26.51467961066659,68.43419977035613
643.2186109618167,466.1102994858806,26.696581288923483,66.56333311856822
644.5585636010709,465.29244429867026,26.353207411095614,65.59258649797857
650.2857647009818,464.47556789993655,26.083949635712212,65.48274441057362
652.4822225810899,463.79745048202204,25.851216828376856,64.1928596518286
655.4300837960932,463.62065738579486,25.701449388757364,62.83260166417589
657.8521546280151,463.60694470006723,25.347633175810586,62.25068320886029
660.3812806719169,463.64042357111543,25.585282386530125,61.400275697743865
665.571366167904,461.9297294976869,25.020356069238538,62.111625182644126
668.235956551766,462.81454098091046,25.212509949646794,61.54504245839209
671.2844270427444,462.9391768149188,25.349862428536035,61.230282630718904
674.5385675900305,462.7789955289475,25.05384301075202,60.56535843041035
677.0308742606741,462.1801874411875,24.50737912167441,61.126769409549766
680.0537146305737,462.8278716492505,24.553498117898087,60.401605847435356
685.2647108142983,461.4840776870278,24.27211072328818,60.833857010406035
688.0996703025241,462.0000646425977,24.316110909586882,60.37489694137217
690.0504575902736,461.2398597547499,24.142467595150432,59.50059760680776
693.0628540207449,461.6517811557521,24.180820848557236,58.32590776915697
697.6136954464484,460.0020540816162,23.99409885835611,58.115090368203866
700.4468708930219,460.6423512688416,23.893382692687243,57.29828828801698
703.7091784309832,460.1037165086719,23.454774258152522,56.650587229208966
707.7187017805625,460.05345318786783,23.803380452060424,56.45137930818166
710.6591942175296,459.3331948091945,23.552141538361855,56.567677792365515
715.4740434518403,458.03427454371274,23.382839836403114,56.99509791508017
717.8391273177608,458.6615144239732,23.433984570229743,55.93235743061076
721.144608063403,458.14385191430097,23.05292725375014,54.7321737696116
725.0552627914744,456.7046030527929,22.69062601446503,55.216454955152074
728.433170653583,457.4051473004832,23.435035357386607,53.78641983097747
731.1326548442865,458.15733418336754,22.754583802609243,53.337091073868095
735.0398782320201,457.7415635258014,22.953335879681212,52.67243731110436
736.3982347738912,457.87262925217425,22.70132397162864,52.472103153124344
739.0520610179321,458.20317598592976,22.476677388698135,51.746259967900855
740.788168967738,457.9976197375068,22.721783600216263,51.028231014818516
743.380933210993,457.8228384482859,22.84307073794329,50.415324492308216
745.9163597165718,458.45591911505227,22.525312399942315,49.65718147361379
746.829271168291,458.3858850903042,22.551692746435172,48.56818017095992
749.2846107027973,458.7993570097224,22.266705091302192,47.62684569812329
752.1219255276953,458.62995289360066,22.104495142128535,46.46258905953241
754.5652993842957,458.73997831097813,22.005885818515235,46.04848788293288
756.8642603254206,458.8012378788016,21.820463840898196,44.96463439956113
759.0350734987896,458.8093479300605,22.159995559955846,44.14530095571179
760.9940349095333,458.7762856465292,22.045278943836667,43.886228869169955
763.0603216281776,459.1193614030628,22.124430264696148,43.39567920685077
765.659670715319,459.4677199017212,21.78395743602512,43.01890176327167
768.2009248953244,459.75954059098865,21.609055677729188,42.82880005186627
770.4652719928987,459.8937827515923,21.46888029285284,43.06807112940922
772.6054362531969,459.446736786216,21.46196781458423,42.90477368161416
775.3776294201573,459.1310004416147,21.556182306926964,42.03946156456525
778.0855816320548,459.0821034938089,21.21040060194316,41.54484793559106
781.0710150829525,459.62247746116316,21.160078801313443,41.31689822437808
783.8457584416375,460.1410631918971,20.988827900898862,41.261715312142655
787.2337800601451,459.73807760503473,21.133774177280827,40.57091681919559
789.2360329432042,459.561835541448,21.349758866790033,40.469161637535024
792.1528954060932,459.6839654045993,21.14508085797393,40.247231085214565
795.8222979414902,460.0107773244406,21.367134513681382,39.68128686263891
797.8909034007313,459.6121012303727,21.00709973693811,39.19167785292164
801.6354728926392,460.00438079489277,20.827090468088066,39.98911969472188
804.2483659342953,460.1609520071304,20.563797804423018,39.99315200293179
807.72863992889,459.5258108343289,20.558474806078472,39.523992476891685
810.136531989421,460.08863226678085,20.626758697254054,39.223208158244816
814.1854627561287,460.0461067378508,20.3982304310504,38.88147425368929
816.4509761274948,461.0349470986179,20.29380032985888,38.247485596440285
818.9252374642017,461.0195738716491,20.04389130009124,37.548753273922976
823.9810451757337,461.15240376720374,20.122103796033667,36.9838728910301
826.1934650686524,461.1390083885684,19.78164702106051,36.89542431121413
