1
280.4627,134.8631,104.4329,99.5131
268.9865,123.2163,102.7952,103.0790
280.9202,105.9046,98.9704,107.5938
287.4236,83.9846,96.0250,110.6939
292.4317,74.8644,93.0572,114.3809
293.1095,68.8183,88.2149,118.2273
291.2533,68.1166,83.7721,121.8309
295.5535,68.6280,80.3154,123.2823
301.9573,75.8730,78.1983,124.1952
310.7774,75.7792,76.2954,125.2896
314.5486,83.6967,75.2907,126.1245
306.9268,97.4542,74.9286,126.7816
297.6889,111.5394,73.6117,126.5259
293.3461,116.8263,73.2488,125.5833
294.8417,117.0359,72.7641,124.9985
292.2463,112.5487,72.5285,124.5501
280.7781,114.7998,73.1281,122.6604
271.3327,116.2110,74.0240,120.7217
260.6095,110.1951,74.5622,119.4340
250.1049,100.7103,75.1849,118.2382
241.7868,94.4127,75.7247,116.7885
235.7596,96.5006,76.6443,115.2235
224.1038,106.1273,77.6075,112.6008
214.0240,114.2585,78.6817,110.8553
212.5282,118.7133,78.8599,109.6141
213.5872,126.2804,79.0730,107.9552
210.6640,136.8169,79.3886,106.4656
210.1987,148.3985,79.4373,104.4149
205.2323,165.9198,79.3913,101.7327
199.5439,174.6333,79.3299,99.0586
207.1810,181.7460,80.1489,95.8067
212.0115,188.3088,79.1248,93.5048
206.4978,196.3782,79.4418,90.8129
206.6097,203.6589,78.1640,89.2912
213.6195,203.2244,76.6169,87.8782
218.2736,190.5198,76.8637,85.7371
216.2702,178.0671,76.7378,84.2125
220.0668,173.8918,75.8299,82.7709
225.6309,171.4809,75.1151,81.3737
224.9104,165.6124,74.2485,80.3045
228.0843,156.5773,73.4341,79.4701
237.3488,154.2361,71.9702,78.2918
242.9605,154.5028,70.6326,77.1121
242.7990,156.2129,68.8706,76.2104
249.5950,150.0411,67.1011,75.6288
255.7205,143.5472,65.1850,75.0482
257.0022,138.3075,63.0728,75.0910
246.7973,137.8705,61.6478,74.8951
247.2820,118.2046,60.7324,74.4191
239.2554,102.8186,59.4207,74.2255
233.3002,99.6422,57.9978,73.9464
231.3365,91.9825,57.4356,73.1028
235.1318,73.5290,57.1102,71.6792
241.7263,65.6186,56.6251,70.5930
240.3429,69.9211,55.8749,69.3011
235.1883,71.8101,55.0220,68.2242
241.2835,71.3638,54.3080,67.2851
244.9640,78.3301,53.5283,66.3206
241.3650,98.0907,53.3128,64.8693
238.5034,111.9118,52.4852,64.1101
235.7410,121.8554,52.0219,63.0142
234.1822,133.0099,51.7430,61.8434
233.6726,132.3109,51.2182,61.3460
217.5979,132.9289,51.1148,60.8333
205.8083,126.3056,51.2897,60.2153
200.6262,102.4747,51.9167,59.8343
190.8640,90.1295,52.7199,59.5435
176.0115,95.6616,53.7392,58.9256
161.3982,103.5803,55.1662,58.5521
148.6304,101.5444,56.3506,58.7447
142.7324,90.8445,58.2636,59.1315
144.8861,83.8891,59.2894,60.8309
143.6413,80.9946,60.4002,62.3437
145.4996,82.3771,61.5520,63.7175
144.2717,90.8304,62.5741,65.0006
147.3685,93.8492,63.7113,66.3067
154.5804,96.3184,64.3901,67.4021
159.0046,97.8535,64.4975,67.9680
157.9547,91.5523,64.4145,68.7824
154.6236,99.2085,64.4968,68.9250
151.5782,112.2019,64.5327,68.7195
145.5660,109.1736,63.5603,69.4754
147.7925,98.1608,63.0741,69.5007
152.7110,94.8404,62.5101,70.0745
154.9374,98.3223,62.0471,70.3156
158.7066,97.8438,61.8001,70.2453
160.9900,100.1735,61.8776,69.9316
167.4700,103.3981,61.9939,69.7187
175.2845,107.7067,63.3123,69.1342
177.3243,114.8908,64.4490,68.4604
183.6653,122.5809,65.6017,67.6589
188.4780,128.6132,66.5644,67.2138
197.3269,132.0890,67.5447,66.7559
204.5019,134.6362,68.7374,66.3911
199.4066,146.1039,69.7074,65.6092
195.5384,156.7601,70.2249,64.8932
197.1716,150.9910,70.6910,64.1918
198.2958,139.9143,71.2956,63.5882
191.6108,134.3213,71.7221,62.7889
182.3726,131.5947,72.0965,62.4181
180.0328,127.4224,72.6625,61.9292
180.9140,126.2180,72.7601,61.8431
178.7898,129.5192,73.0731,61.7815
177.5733,132.7825,73.2755,61.9337
173.8475,135.7472,73.5773,62.3007
169.7769,143.7364,73.4297,63.3307
170.7363,142.1598,73.4043,64.2173
178.4598,132.8864,73.5864,65.6437
190.8095,125.0107,74.3122,67.3414
187.5244,116.2753,74.6996,68.2478
176.8333,108.6584,74.8648,69.4316
172.1792,94.0851,75.3951,71.0663
166.9455,78.2768,76.3827,72.5796
149.0495,65.0241,76.9831,73.3611
133.6241,59.5510,77.0531,74.5107
124.0306,49.0973,78.3824,75.4008
130.5211,42.8689,80.0393,76.6544
133.7704,52.4927,81.1859,77.5630
121.6571,60.1441,82.5056,78.1157
107.5991,65.7322,83.9833,79.1400
107.4219,79.9835,86.1752,79.8070
115.0173,89.9075,88.1678,81.0167
121.7506,96.2179,90.3815,82.1788
123.8997,99.6190,92.6885,83.6378
121.1428,95.9986,95.2375,84.9787
122.9674,93.6676,97.5886,86.6045
133.0418,92.1635,100.7494,88.2501
140.1523,84.4275,103.3927,89.9559
141.4049,80.9792,105.4672,91.4234
137.2296,82.6253,107.0777,93.1890
136.3728,82.3503,108.6036,94.7921
137.5556,79.0354,110.6550,96.0573
136.4904,75.8285,112.3388,97.5135
130.7375,73.3630,113.5816,99.2522
126.5766,69.4171,114.6905,100.6980
130.1325,68.9319,116.2749,102.1871
132.4781,71.1326,117.5995,103.7204
129.0711,76.2650,119.0190,105.0508
130.6452,82.3899,120.3598,106.3832
136.8452,86.6539,122.0204,107.7176
140.4759,85.0712,123.5141,109.1281
137.2961,75.3138,125.0711,110.2094
142.1111,70.1495,126.6540,111.2566
157.9767,61.3800,128.5576,112.5877
159.3890,58.4215,129.6048,113.7905
146.2324,61.4330,130.6633,115.4318
138.8768,62.7865,131.9982,116.8166
146.5871,63.3099,133.1341,118.0932
154.1463,67.9957,134.5471,119.1186
152.2875,76.5144,135.1077,120.2045
146.7090,86.1767,136.2879,121.2643
144.3110,89.4213,137.0002,122.6699
149.6500,94.1348,138.3548,123.9118
158.1080,100.4695,139.8209,125.1770
164.9517,102.2324,141.2773,126.2090
155.4272,104.2887,142.8101,127.5121
140.0767,112.4852,144.3329,128.9180
148.1273,113.5512,145.5850,130.0098
161.7808,104.1860,146.8905,130.8508
165.6512,93.8153,148.0860,131.9644
155.6960,85.7505,149.6321,132.7622
140.9872,86.9724,151.1077,133.8144
144.4449,91.9068,152.1231,134.6502
156.8091,91.8904,152.6485,135.2716
164.2465,88.4113,153.2512,135.6233
165.3419,85.5532,154.4125,136.3984
163.1232,87.0094,155.2653,137.4442
159.9453,89.2030,156.1396,138.2275
151.7740,90.4878,157.0418,139.3094
145.4004,97.3689,158.0313,140.4007
141.9824,97.7122,159.1056,141.3676
135.1010,97.8134,160.6173,142.0252
133.8187,102.1975,160.9598,142.8383
134.2958,106.7762,161.0199,143.5356
134.4060,104.7652,161.5382,143.8381
130.5586,102.6319,162.3842,143.7889
128.4404,102.4497,162.7086,143.9865
132.7188,100.2014,162.4341,144.1053
140.2265,97.5427,162.7812,144.3063
142.0185,97.3998,162.9688,144.4215
140.6820,97.7904,163.3053,144.5652
140.5184,94.8603,163.3872,144.5720
140.8199,92.6667,163.5859,144.5137
139.7111,94.4861,163.6166,144.8460
136.4433,93.0901,163.9643,144.9983
135.3633,91.0437,163.9268,145.1839
136.1650,90.2215,163.9300,145.3879
136.3644,91.9494,164.0389,145.6540
135.6042,95.2794,164.0672,146.1212
134.0212,99.3983,164.1002,146.5101
132.4612,103.2445,164.2067,146.7191
132.5197,104.4611,164.2757,146.7372
133.7593,104.7030,164.2902,146.7072
134.2326,105.1519,164.3125,146.7491
134.2946,104.5114,164.4481,146.6387
