1
141.9462,132.4546,84.4264,192.0431
138.3285,133.6606,86.1606,191.1716
133.5812,130.3360,87.4475,191.1824
130.5602,131.5063,87.9991,191.6543
127.0016,130.1965,89.0814,194.0960
124.7880,129.3593,90.2802,194.7751
123.1747,128.7041,91.3058,195.3978
119.3121,128.6617,92.4238,196.3538
113.9570,133.9716,92.4861,197.5283
110.8816,130.9394,91.7360,198.8139
106.3115,128.4450,91.0699,199.8483
104.1045,125.0145,90.8961,199.3330
102.1770,128.8868,90.1843,200.4425
98.2923,131.4377,89.9053,200.5874
96.9507,135.0957,88.8804,200.7101
92.8686,135.3657,88.9269,201.2941
94.3921,135.7606,87.3709,201.4046
94.5334,141.3799,85.9547,200.7636
95.6837,140.6875,84.8930,200.7558
93.9226,142.4017,84.0509,201.0456
95.5945,140.9762,83.4452,201.7928
94.9610,145.9083,82.1692,201.7530
95.8293,146.4059,81.7495,200.2796
95.6483,149.2041,81.2754,198.7319
94.8880,151.3773,80.8913,198.1989
95.7156,151.8709,80.1742,197.5357
95.7725,154.0351,79.3318,196.9410
96.0489,155.9944,78.7687,196.6323
96.1497,157.0858,78.1952,196.7645
97.0145,159.3030,77.7572,196.8229
98.1989,160.1577,77.2461,196.3607
97.9487,159.8067,76.9345,195.9434
99.9583,160.9369,76.5348,196.2491
98.6786,162.8411,76.4191,195.5278
100.3727,163.3524,76.0389,194.6954
100.3200,164.8669,75.8574,194.1779
101.2834,166.0459,75.7631,193.5921
100.4665,167.1231,75.7914,193.0251
102.4576,167.8197,75.5977,192.6770
100.7878,167.5643,75.5616,192.6910
102.0100,169.4822,75.0927,192.3039
101.7291,169.0926,74.9833,192.8009
101.9313,169.3664,74.8398,192.5927
100.8970,168.8385,74.9821,192.9201
103.5956,169.4386,75.1803,193.7399
105.8595,167.0480,75.9114,194.2194
106.0691,157.5771,77.2762,193.1654
106.0542,148.4183,79.1974,188.5756
106.2558,146.3660,81.9082,184.5079
109.0186,146.3903,87.5248,180.5125
118.2443,147.4652,91.8725,177.3852
130.0466,147.9364,95.8480,174.7487
117.4822,155.6759,106.6922,170.8756
114.6415,171.5969,117.6583,165.3890
109.0972,175.5175,128.2914,159.9796
103.3716,177.9480,137.0177,155.5358
99.1567,179.4961,141.6455,153.4525
99.4912,178.8162,141.0004,154.6654
102.2764,176.9645,140.2731,156.2861
104.8732,172.7581,144.4890,155.8737
99.0263,167.5478,150.5016,153.6489
99.5964,167.5391,153.6390,151.3105
95.4492,163.8035,155.1342,149.2952
95.5616,160.5142,157.7004,149.1431
94.1732,156.6073,157.8494,150.0733
90.2499,156.7332,157.2856,151.7595
91.1830,154.2680,155.8547,154.6820
89.5579,151.2826,154.0346,157.2261
88.6554,148.6752,152.5371,159.6972
89.2729,148.8652,151.2789,161.9217
91.7612,148.4223,149.4431,163.0802
92.3191,148.5249,148.3399,164.1211
92.0426,148.7878,147.8688,164.7356
89.3841,150.1155,148.8845,164.6615
86.5620,151.0265,150.2087,164.5838
84.8900,151.9585,152.3315,164.0624
84.8562,151.3421,154.0550,164.4200
82.5478,151.5762,155.1994,164.5102
80.4532,152.9122,155.5573,164.8544
82.2577,153.7645,156.6052,165.1345
81.1105,153.0446,157.1453,165.8325
79.6461,156.8137,157.4387,165.0489
80.5011,156.3321,157.5834,165.0362
80.2645,155.8534,157.5246,165.5206
79.9197,159.3334,158.1411,164.4529
81.0518,159.1345,158.3411,164.8653
80.5683,159.9257,158.8022,164.8268
79.9738,163.6848,159.4075,163.7321
78.7205,164.5762,159.4018,163.1039
78.9721,165.5900,159.9944,162.6001
80.4025,165.4054,160.5562,162.9292
80.2590,167.4678,161.2220,162.5272
80.3546,168.4546,161.8725,162.0038
80.5739,168.2412,162.6133,161.8342
81.7223,168.3912,162.4956,162.2005
83.3576,169.6836,162.2113,162.3022
84.1400,171.2967,162.6118,161.9840
84.3562,170.1266,163.0019,162.3403
85.1134,173.1839,162.9758,161.6242
86.5444,171.2603,162.7958,162.5248
87.2216,173.3857,161.9395,162.6919
89.4064,170.7808,160.4253,163.9937
93.3569,171.2836,158.4731,164.4631
98.0854,169.9138,156.9592,164.8391
99.1424,168.8191,154.6271,165.4949
100.3282,168.3032,153.9981,165.2719
103.1033,173.1675,152.0310,163.6136
104.0349,173.5843,149.6406,163.1944
106.3435,172.9850,148.3536,162.6464
107.3577,174.8919,146.7845,161.8088
108.5884,174.6580,145.6935,161.3729
110.1649,174.9818,144.3922,160.9374
111.9301,175.2782,143.4809,160.4431
111.5447,174.9096,142.6248,159.8739
112.7129,175.5194,141.6855,159.0810
113.2080,174.5523,141.0672,158.8553
113.5562,175.5807,140.2097,158.1497
112.7119,176.9577,139.8695,156.6833
113.4445,179.1504,138.8970,155.4889
113.5292,182.1849,138.2116,153.6036
113.7812,183.6501,137.3827,152.2309
114.9014,182.6103,136.4275,151.8139
115.9544,182.5897,135.9024,150.9770
117.1417,183.3858,135.2694,149.8551
118.1681,183.1286,134.4384,149.1673
116.8921,185.6266,133.7173,147.8753
119.5141,180.2402,133.0086,148.8739
117.6513,182.7453,133.2306,147.7420
117.8491,181.0197,132.8831,147.6556
119.5838,180.7016,132.2335,147.6846
120.0151,179.4207,132.8101,147.8304
117.8755,179.6147,133.8549,147.4927
114.2715,180.5753,134.6616,146.9046
111.5706,181.7529,134.7371,146.0786
111.9236,180.7735,133.5408,146.1518
112.3072,177.9758,131.4974,146.0629
113.4244,175.2201,128.6036,146.5176
114.7504,172.4847,126.2333,146.9364
116.9579,170.4974,123.7278,147.1809
119.8878,165.5378,123.1248,146.7516
117.8719,163.9230,124.5383,145.1675
115.0659,163.0021,123.9322,143.8722
113.5582,166.5569,123.7873,142.1984
111.5253,167.6366,123.8132,140.3096
109.2023,166.8123,124.1746,139.4113
110.0559,165.4310,127.2142,138.8684
105.4125,169.0531,126.9883,138.6076
105.5143,165.1984,127.3044,140.5103
104.8859,163.0845,128.0192,141.3668
100.6432,163.2938,128.3983,142.3268
97.0607,164.6365,128.5186,142.6123
98.4617,164.5312,128.3419,142.2147
92.7398,165.1542,127.7557,142.4603
93.2415,165.9101,126.1251,142.4170
92.1822,165.7141,124.3046,142.3338
90.8443,164.7918,122.3979,142.9155
90.6128,163.6705,121.1278,143.1303
91.1249,162.5068,119.9807,143.2113
91.2088,162.8815,118.8041,143.3890
92.9167,162.2616,117.6230,143.2371
93.1686,161.2924,117.4327,143.4254
86.1858,160.1023,116.8241,142.9165
89.4435,160.1611,114.8437,142.1154
92.2122,160.4890,113.1494,142.3023
91.4514,160.3737,111.3004,142.3793
94.7389,160.0469,109.7026,142.5904
94.0863,161.8928,108.2495,142.7513
93.8904,154.7328,106.9261,145.8576
78.4980,149.0542,108.8622,149.1016
80.1976,142.0525,109.0371,153.4683
64.0215,137.2884,111.1276,156.6363
63.8190,136.3407,110.9590,157.6185
64.1842,137.7286,111.0346,158.1001
68.6431,140.4927,108.9958,159.6373
71.4801,142.5727,106.3807,161.2925
53.4125,140.4116,108.4504,161.9144
52.9246,142.0652,105.7484,166.4713
48.8571,137.3402,104.7606,169.3814
40.9280,133.4005,104.8225,170.8640
39.7820,132.7205,104.5514,171.4462
42.6093,134.8689,103.7084,170.1121
41.2015,135.9932,103.9407,167.9560
32.0429,141.0719,104.2370,165.5718
35.1392,143.4164,106.7890,162.9860
31.4251,143.4269,108.3969,161.5917
27.7805,135.9142,112.7576,156.3303
28.8794,135.5139,116.3490,152.9742
28.9846,120.8566,121.7460,147.2718
33.0137,128.5582,124.6869,145.1614
61.5241,140.1894,125.4686,146.3678
55.7781,130.6949,126.2015,147.5716
50.8491,127.6910,127.3947,148.5827
59.8574,134.9886,132.4659,149.0135
50.2751,139.8122,135.0821,151.0984
49.2821,134.8606,137.9038,150.9372
49.5386,125.7438,138.2720,153.3029
44.6121,115.3974,133.7921,156.3723
49.8691,115.0061,128.6313,158.6126
54.0023,132.4427,128.2731,153.7039
53.6376,136.5473,126.1975,149.8306
54.3386,136.9771,123.4674,147.5326
55.2727,138.9124,122.2062,144.3743
58.8379,139.1575,120.1688,142.3976
60.7279,138.2744,119.1144,140.7920
60.3934,134.7428,119.0413,139.4376
60.9000,133.5858,119.9600,137.4867
60.5179,128.6699,120.6463,137.2684
47.5455,127.3586,119.7981,137.5241
46.2756,122.3145,120.8108,137.2377
49.9122,138.2620,125.0692,131.5982
48.5809,136.8395,127.6705,129.0699
58.4574,141.1963,130.0844,125.2511
53.1342,146.8603,130.8837,121.4645
56.3994,148.1758,133.2716,116.2437
58.9538,159.0705,134.9664,111.2992
52.2158,159.4532,135.8256,107.3416
57.1230,162.7316,137.2670,103.5479
49.9165,164.4774,136.0433,101.5725
55.9636,165.8848,135.6932,99.4562
62.5267,167.6951,135.2982,98.6330
70.1960,164.9344,133.9380,97.6516
75.8524,165.5199,133.1820,96.3278
79.2253,164.6150,132.1709,95.4364
81.6948,163.3965,130.9332,94.4623
75.6971,161.5823,130.2641,93.4069
80.0924,158.3237,126.7562,95.6668
85.0289,150.0729,122.8528,99.0510
86.8986,156.9763,122.2975,99.7028
90.6035,155.6280,120.5886,99.9173
95.3513,154.5568,119.2655,100.1604
97.9894,152.4357,117.9996,100.6547
95.3530,150.4214,116.9686,100.5532
96.4929,149.0250,115.5520,100.7847
93.8111,146.3147,113.0917,101.6320
79.5604,146.4019,109.8521,102.4276
2
0
0
0
0
1
216.3807,175.1362,35.3164,120.2772
225.8524,188.0782,37.2458,118.4703
227.5858,193.6825,38.4456,116.1056
233.5749,200.4170,39.7362,113.1475
230.6619,203.1080,41.2111,111.1990
228.3416,213.0894,42.5059,109.8556
228.6382,213.7742,43.3680,110.8871
228.6293,212.9232,44.0454,111.9606
224.7718,207.6739,45.3592,112.4743
222.1982,204.9103,47.1594,112.6681
222.2200,206.6809,49.1354,111.6759
222.3576,211.2585,50.6919,109.8501
226.6798,209.0263,50.9828,107.9514
229.3803,206.5619,49.7476,106.5577
231.3747,206.8289,48.6838,105.1115
226.7039,208.1534,47.9573,103.2695
222.1538,202.0526,47.5039,102.2746
219.8619,190.9265,48.2200,100.7826
210.1888,179.7889,49.6140,100.4172
200.6337,176.9187,49.3510,101.0380
199.9313,174.6237,49.7643,102.2883
198.6821,164.3962,49.9073,103.9396
196.1763,154.9086,50.5304,105.7753
193.9629,147.5668,51.8451,105.6808
182.4910,142.3660,51.9548,106.1856
178.1222,135.6125,52.1792,106.1370
167.4171,126.0304,51.6431,106.3193
166.2320,123.9363,49.9462,108.7317
159.4009,109.3795,48.0276,110.0311
158.9207,104.2020,45.9921,112.1276
157.2393,102.2426,44.2690,114.0144
156.9563,101.4225,42.8226,115.8501
157.8049,100.4954,41.9941,116.0176
2
0
0
0
0
1
234.6511,175.0814,96.1569,136.8901
243.6523,178.6508,100.3514,136.1103
257.2626,181.1281,103.9067,134.9836
278.9400,189.0392,102.9161,139.4451
299.4588,197.6587,101.1656,141.9458
317.2652,206.9942,98.9084,144.6293
352.4795,226.0791,99.4543,147.4866
389.8946,234.7153,100.1856,150.0103
423.2305,240.9822,100.5469,152.2809
428.9231,241.9647,101.8649,153.2619
452.1100,241.3466,101.7551,155.0650
