1.110000000000000000e+02,9.800000000000000000e+01,2.500000000000000000e+01,1.010000000000000000e+02
1.113715282541194256e+02,9.953006886192315505e+01,2.664528777963346329e+01,1.036169471989442172e+02
1.100250087164847912e+02,1.025510010874558446e+02,2.822346477051400981e+01,1.064777478861234670e+02
1.101233221698675351e+02,1.048307572715367968e+02,2.886980948669239666e+01,1.051298486962147365e+02
1.077057344448471810e+02,1.067330032361669225e+02,3.064554480077729792e+01,9.819645671583752744e+01
1.072002535839232849e+02,1.052890709850820627e+02,2.910473488184748092e+01,9.997066886948888964e+01
1.042636753140266421e+02,1.085163340050770842e+02,3.201261947187271772e+01,1.008904790721746281e+02
1.022924160647045255e+02,1.130086363117427481e+02,3.203800750024105781e+01,9.862598010688407157e+01
9.861178274379128084e+01,1.146622286113588558e+02,3.353493097571623593e+01,9.513667549739508900e+01
9.719718068743215156e+01,1.169736512191166469e+02,3.279908925484684090e+01,9.676833591618738240e+01
9.488477998448618678e+01,1.198297548065929305e+02,3.025218589160424898e+01,9.773122429940130473e+01
9.260910354206932027e+01,1.177574020898273375e+02,2.905587575535033551e+01,1.023686907190221973e+02
9.049323738728223532e+01,1.164424805265256282e+02,2.961614695957783638e+01,9.854488861628601626e+01
8.751756334004163307e+01,1.130134039105623742e+02,2.872061890964985409e+01,1.005640044298470457e+02
8.558303523886223729e+01,1.111740697439389862e+02,2.968724696183164014e+01,1.024594601013506718e+02
8.739785584577879263e+01,1.123904905298003882e+02,3.003821611863452290e+01,9.485455041057878134e+01
8.823545461741845486e+01,1.100319126802391168e+02,2.762932664458432086e+01,9.919926043695085127e+01
8.782344197036937317e+01,1.107890112464599213e+02,2.888087128992644637e+01,9.606358009776026563e+01
8.857110113615745206e+01,1.118132255570673834e+02,3.016165144811164822e+01,9.600733087031366608e+01
9.048961721325052565e+01,1.102525804103007943e+02,3.060480260920261131e+01,1.041159558920878112e+02
9.197351433063487036e+01,1.105859013312113461e+02,3.228700513194123545e+01,1.065919367595410137e+02
9.309397677610363075e+01,1.067134989305469759e+02,3.306018889884063583e+01,1.072997356595330700e+02
9.770549263940216633e+01,1.081267600287491319e+02,3.239985839752434060e+01,1.030676243594300274e+02
9.485012583780655859e+01,1.074926694282997630e+02,3.543212043546895984e+01,9.873380913851480045e+01
9.489466858920656023e+01,1.085395333145784775e+02,3.798111552959277759e+01,9.889135833586702518e+01
9.930824287221020086e+01,1.099287271192317093e+02,3.329762893944610624e+01,1.018121227193584275e+02
9.834019969005557016e+01,1.140520822156401266e+02,3.483143997988756269e+01,9.513445675891006204e+01
1.007574176019345344e+02,1.132600655254840660e+02,3.378865969659594981e+01,9.744758690950872904e+01
1.033690201521203562e+02,1.066810955671985539e+02,3.146998702878045151e+01,1.060006526920160610e+02
1.046707655116638591e+02,1.031089481526316831e+02,2.933362866943657821e+01,1.039057335776683288e+02
1.047613688825285294e+02,1.022202240746926236e+02,2.970140216376067599e+01,9.979140898650666713e+01
1.016399831879205635e+02,9.816064222669791661e+01,3.247220037220573374e+01,1.005281116114816626e+02
1.014255352309428844e+02,9.970515017294599147e+01,3.170255786357657968e+01,9.833600990307900247e+01
1.010220769064147390e+02,1.008208702696425689e+02,3.289262333184100839e+01,9.774757579603533486e+01
1.026066173751400612e+02,1.027485208342993133e+02,3.213811296438242948e+01,9.571657137959719819e+01
1.033659604980375235e+02,1.043150856546244114e+02,3.144097386919937875e+01,9.241167028711615217e+01
1.025436960590433557e+02,1.028163334879572375e+02,3.044752133239278180e+01,9.869074433976507521e+01
1.040738671185280282e+02,1.007750156751123285e+02,2.936769576634854673e+01,1.056597341734474469e+02
1.016208832989851487e+02,9.591321752577138682e+01,3.063883078481357813e+01,1.089010731059488961e+02
1.007396781582777123e+02,9.596652107891908656e+01,3.410094320989760774e+01,1.071172592449690626e+02
9.924024785146511363e+01,9.576952133909142617e+01,3.592515792279645837e+01,1.022360359463040851e+02
9.639540479480672275e+01,9.419156003545879230e+01,3.717719001771115472e+01,1.022445822546649339e+02
9.573139126917524777e+01,9.254154039389472075e+01,3.741324412185344528e+01,1.081659544216279016e+02
9.442974770806338825e+01,9.855521601551143362e+01,3.867398013190216233e+01,9.908385774267975421e+01
9.164404532538029002e+01,9.777955372774214027e+01,3.628804084209257041e+01,9.692676132632075792e+01
8.860023185815153113e+01,9.629353201897987447e+01,3.533671876379375476e+01,1.009939692812750991e+02
8.577730154752886449e+01,9.597070481723987712e+01,3.427876392483400991e+01,1.077691641281755039e+02
8.423155823016644206e+01,9.592012456266780873e+01,3.225714383195875712e+01,1.045695669907589718e+02
8.030131905573075812e+01,9.117079271640324123e+01,3.196159724796880397e+01,1.041292725152583216e+02
7.827949243097253884e+01,9.200961828992785740e+01,3.294165997090441067e+01,1.012222655561363354e+02
7.748358843588037814e+01,9.210448830819433397e+01,3.158208198620471663e+01,1.038741421501575815e+02
7.894481140281908438e+01,9.776365351001896897e+01,3.108300617523684650e+01,1.022537592486445419e+02
7.956077913546528180e+01,1.017296938466132161e+02,3.024964163494176717e+01,9.538963633435955103e+01
8.119326660184701439e+01,1.043016450261907551e+02,2.913599717321713811e+01,9.501897120359802784e+01
7.887653839681809131e+01,1.030498166517806453e+02,3.033110528997053734e+01,1.007639867094373045e+02
8.358893311456407105e+01,1.030818096585003047e+02,2.922082143156599443e+01,1.056915320680682981e+02
8.517519397747564369e+01,9.835085920897614642e+01,3.185033408379458564e+01,1.154221696872017304e+02
9.065517788091420925e+01,9.501474263807241982e+01,3.376821585577486928e+01,1.156960668953239093e+02
9.325868845734967749e+01,9.164380662195884497e+01,3.485810641936514287e+01,1.159403002251584809e+02
9.659530265536875504e+01,9.244481964681619957e+01,3.610332361048516958e+01,1.132140226905728326e+02
9.895690674508739448e+01,9.342082672550547784e+01,3.609883157560966538e+01,1.084309567067172395e+02
1.012933208775214240e+02,9.554055613426065463e+01,3.359600934750002921e+01,1.068471356302957531e+02
1.002257506013321802e+02,9.801451109433089925e+01,3.608066515914443073e+01,1.014560789151208553e+02
1.037226165485319171e+02,9.458432801758935682e+01,3.343359101773566522e+01,1.054531704943241550e+02
1.058187676083397264e+02,9.435981739128237678e+01,3.445816969645989758e+01,1.050642493255017911e+02
1.110818599557760820e+02,8.542576750086678317e+01,3.070452223303250250e+01,1.132744301762792816e+02
1.110818599557760820e+02,8.542576750086678317e+01,3.070452223303250250e+01,1.132744301762792816e+02
1.110818599557760820e+02,8.542576750086678317e+01,3.070452223303250250e+01,1.132744301762792816e+02
1.110818599557760820e+02,8.542576750086678317e+01,3.070452223303250250e+01,1.132744301762792816e+02
1.110818599557760820e+02,8.542576750086678317e+01,3.070452223303250250e+01,1.132744301762792816e+02
1.110818599557760820e+02,8.542576750086678317e+01,3.070452223303250250e+01,1.132744301762792816e+02
1.110818599557760820e+02,8.542576750086678317e+01,3.070452223303250250e+01,1.132744301762792816e+02
1.110818599557760820e+02,8.542576750086678317e+01,3.070452223303250250e+01,1.132744301762792816e+02
1.110818599557760820e+02,8.542576750086678317e+01,3.070452223303250250e+01,1.132744301762792816e+02
1.110818599557760820e+02,8.542576750086678317e+01,3.070452223303250250e+01,1.132744301762792816e+02
1.110818599557760820e+02,8.542576750086678317e+01,3.070452223303250250e+01,1.132744301762792816e+02
1.110818599557760820e+02,8.542576750086678317e+01,3.070452223303250250e+01,1.132744301762792816e+02
1.110818599557760820e+02,8.542576750086678317e+01,3.070452223303250250e+01,1.132744301762792816e+02
1.110818599557760820e+02,8.542576750086678317e+01,3.070452223303250250e+01,1.132744301762792816e+02
1.110818599557760820e+02,8.542576750086678317e+01,3.070452223303250250e+01,1.132744301762792816e+02
1.054743990584576352e+02,1.017022195197696135e+02,3.174518579555269682e+01,1.048919000550996117e+02
1.006332798199379823e+02,9.840320329806704081e+01,3.156626304059737009e+01,1.113441541554232543e+02
9.896433055883925078e+01,9.214134462918472934e+01,3.175649081694520603e+01,1.162205226124200692e+02
9.827093846163694479e+01,8.901244880824648931e+01,3.238786022739520121e+01,1.144856236910946592e+02
1.005143559131741995e+02,8.694622470897189714e+01,3.182181480453004241e+01,1.126377809999038249e+02
1.006760958152010517e+02,8.824579687515122828e+01,3.489913952012967258e+01,1.024773926566198838e+02
1.039959049502762696e+02,8.652904244228597008e+01,3.434657740995236708e+01,1.056550499853611882e+02
1.065687362067880031e+02,8.823436581949866309e+01,3.245936182876789644e+01,1.011538368342225596e+02
1.123245562126227526e+02,8.868559956230923547e+01,3.101034198006225395e+01,1.076676329289236662e+02
1.138875370954925756e+02,9.348909595502043146e+01,3.065450536500317469e+01,9.963502244864653790e+01
1.186534195374840976e+02,9.262272385660396878e+01,3.038782570135703764e+01,1.098615925579550492e+02
1.223804725799302417e+02,9.115939329203339980e+01,3.388874624305164929e+01,1.127562175204580655e+02
1.266552826532461182e+02,8.598994215476108138e+01,2.914364145820578855e+01,1.193446923104903448e+02
1.266963512510338887e+02,8.543583387345987035e+01,3.089279283875633553e+01,1.178888283963319026e+02
1.246371065341010649e+02,8.699298610975961310e+01,3.466131157426538323e+01,1.160840223530308180e+02
1.262831766537655227e+02,9.028887959755830650e+01,3.693116874857170018e+01,1.116192364245678448e+02
1.243160043531301682e+02,9.342758579806042007e+01,3.784580543167529498e+01,1.054024869003782214e+02
1.233122572331139679e+02,9.757939297859383032e+01,3.570007949501091815e+01,9.993118750742053180e+01
1.221088335581519146e+02,9.789004616014223359e+01,3.557944862685642562e+01,1.037621292407897897e+02
1.201019145612240351e+02,9.509063237474757102e+01,3.562476788673391326e+01,1.101715879079421825e+02
1.236513659819378859e+02,9.383813269974196203e+01,3.169533797812176346e+01,1.097692979913670968e+02
1.223855201035095774e+02,8.852594295517113210e+01,3.069219940317600503e+01,1.114855401590366029e+02
1.206144394945225287e+02,8.416709557794226271e+01,3.158940236347492814e+01,1.132290122534296444e+02
1.189370365389020776e+02,8.660206588566455821e+01,3.231242669665186895e+01,1.039150585192411285e+02
1.197368262886145658e+02,8.449552585480658706e+01,3.165549042241990918e+01,1.086651293427139819e+02
1.188800593093382787e+02,8.580480949603496299e+01,3.184705005579244386e+01,1.068689126218760350e+02
1.230933649126458675e+02,8.684411847552034658e+01,2.973223122283449271e+01,1.035154386915689031e+02
1.199263955335731566e+02,8.234793656147051877e+01,2.947841525457000245e+01,1.130723800991668497e+02
1.170689226896078452e+02,8.007748261840714576e+01,3.065682138790466382e+01,1.123783307671234297e+02
1.160201662096133930e+02,7.302410762292325330e+01,3.205211933200535412e+01,1.215371122751200232e+02
1.114998521588343010e+02,7.067707003161220314e+01,3.452067492761261036e+01,1.215726953694242525e+02
1.082680598127598017e+02,6.619428763328097887e+01,3.553293611054530032e+01,1.242498089713235174e+02
1.042094874446109287e+02,6.629807713550563619e+01,3.666629617124491602e+01,1.189587782189799157e+02
1.000204673064137069e+02,6.392776429437365948e+01,3.657308877460467045e+01,1.192824903918749726e+02
9.785348358210332265e+01,7.107781279347736358e+01,3.333413733131871481e+01,1.170645905829986191e+02
9.623567764659574664e+01,7.586058101019889932e+01,3.401730975111620836e+01,1.191830684699290970e+02
9.465164709605296878e+01,8.193438676318859848e+01,3.374706428214866349e+01,1.157871716703705971e+02
9.453196443245317937e+01,8.032506202895388014e+01,3.197548118977731946e+01,1.213160060944369434e+02
9.081088945121408074e+01,8.568438563812547670e+01,3.165361118613004265e+01,1.147324182327832034e+02
9.019305753329491893e+01,8.652242576266192486e+01,3.062765092414426249e+01,1.136317324353285159e+02
9.309335523416116587e+01,8.898396412922622289e+01,3.159346205851406353e+01,1.082517924180888826e+02
9.707668503666796767e+01,9.095306899834749004e+01,3.176855278919382641e+01,1.051934828969026228e+02
9.982875298207987669e+01,8.986980555240404556e+01,2.997936054575465192e+01,1.094317580454728471e+02
1.027954557824651829e+02,9.202017190046548478e+01,3.152501225699574761e+01,1.066124376408767773e+02
1.073837989402020554e+02,9.396760584942039429e+01,2.929685661550270837e+01,1.076400007350934231e+02
1.101339947662128083e+02,9.378768590044620623e+01,2.985060982279517106e+01,1.107576795975040937e+02
1.134882044120294893e+02,9.270212989601830600e+01,2.959210594024994379e+01,1.217089992403320480e+02
1.141436374045468369e+02,9.423429374541562709e+01,3.253431650855996793e+01,1.233229323447600621e+02
1.169435788707422148e+02,9.218074527731938872e+01,3.367173015743755116e+01,1.218575309594193357e+02
1.164626074860778289e+02,9.273489398784876414e+01,3.673213956151666792e+01,1.148512747828674208e+02
1.172980958022121172e+02,9.218910335333204387e+01,3.860190461130072492e+01,1.222993299746303535e+02
1.188295932731393805e+02,9.935370225705753455e+01,3.773455071024817187e+01,1.149346769402811645e+02
1.215055499275483015e+02,1.018500360148747035e+02,3.404441084465238987e+01,1.137648625130257471e+02
1.230153105905941828e+02,1.054566342206599785e+02,3.264623444253371076e+01,1.127661627140040252e+02
1.253832636779120122e+02,1.066538544549924126e+02,3.078666221984811457e+01,1.202794361354148407e+02
1.251810630820072987e+02,1.095714907175554771e+02,3.131238236290667487e+01,1.232256348627301179e+02
1.273426796098850957e+02,1.155551835530751390e+02,3.153517029180072484e+01,1.092105247062934552e+02
1.272724781972951575e+02,1.095950041643308737e+02,3.070735639973742792e+01,1.161246059225942417e+02
1.257883986966501766e+02,1.124164045417420397e+02,3.210257815089005362e+01,1.106198057603612881e+02
1.253752423592557363e+02,1.126715235254728782e+02,3.220722597973549739e+01,1.112657696323466325e+02
1.234998411953954900e+02,1.150685738649145691e+02,3.287127780010124667e+01,1.107262628026453797e+02
1.245335178341671849e+02,1.163193743065923513e+02,3.293943091408311830e+01,1.109636360136806701e+02
1.266462274535770547e+02,1.183075021350890665e+02,3.061789096012207523e+01,1.127740882348000611e+02
1.259947593351340913e+02,1.171765647098524710e+02,3.196388821127282043e+01,1.121231396466288430e+02
1.265668013648871835e+02,1.183781687042970532e+02,3.305661054443632452e+01,1.160191550807438290e+02
1.273147071649661797e+02,1.142860038213963634e+02,3.309300142650184284e+01,1.190617030395993936e+02
1.246267124335139016e+02,1.093390433512499271e+02,3.636132535061855720e+01,1.260218750193972710e+02
1.241025330123167265e+02,1.088008752004473081e+02,3.898588253247518054e+01,1.192470188466372605e+02
1.240465588108662871e+02,1.074386625231301480e+02,4.016775421704569737e+01,1.193074794528890266e+02
1.250064082685045861e+02,1.112525458264952221e+02,3.943679793940336253e+01,1.114011102162588998e+02
1.264485358445779895e+02,1.104159774308400586e+02,3.642609969920190593e+01,1.116360592891777941e+02
1.286903444609538099e+02,1.068263950325905398e+02,3.538254212831550660e+01,1.159340144737841456e+02
1.309963645089831914e+02,1.066316459625148241e+02,3.259577137372556166e+01,1.144341173769665971e+02
1.308075310037489203e+02,9.720453331651690121e+01,3.242713529076067402e+01,1.234064428352832294e+02
1.298246000769218256e+02,9.450616569361248764e+01,3.033448159570884783e+01,1.180740311236945956e+02
1.272617230080860224e+02,9.176013639137073596e+01,3.320511450230135608e+01,1.150107337024822840e+02
1.265416417642097571e+02,8.758079457736306495e+01,3.324729630005143832e+01,1.181786262004317365e+02
1.248424112095671461e+02,8.854125465106625370e+01,3.432615038991222178e+01,1.129048296282359161e+02
1.244500200380005595e+02,8.870504730201776056e+01,3.316116800449925961e+01,1.138803544490135664e+02
1.233719468119191021e+02,9.108183119095261304e+01,3.192919690485857132e+01,1.135725931744397599e+02
1.273697075041908562e+02,9.658709624079699552e+01,3.111144470442761900e+01,1.135639351374341004e+02
1.309183762405253901e+02,9.702153093048039523e+01,3.337449789490551666e+01,1.188132550929366857e+02
1.354343527504676103e+02,9.511216618455623006e+01,3.237197812544832942e+01,1.209853149585490542e+02
1.373889588573762239e+02,9.107758345468006667e+01,3.278146002631616085e+01,1.215473397818572892e+02
1.345090460079056811e+02,8.959288786743113064e+01,3.782320740999922748e+01,1.215442339699660010e+02
1.343240776685800029e+02,9.128911252844108049e+01,3.712946880426487439e+01,1.197203763618514500e+02
1.336978131293559215e+02,9.144456174286634109e+01,3.902832865654348637e+01,1.205380800801032848e+02
1.355651716214391058e+02,9.745985557891717121e+01,3.574621143624731445e+01,1.107684429733397451e+02
1.368887994580465488e+02,9.639911625164521070e+01,3.363751430576088808e+01,1.240783886536405163e+02
1.367084346118757878e+02,1.027561429346720843e+02,3.481592846970959698e+01,1.188076760659375992e+02
1.347586144308805274e+02,1.028770428469708378e+02,3.463517313315278301e+01,1.178489919859308372e+02
1.336383217730379727e+02,1.035140924677371572e+02,3.459754542469845262e+01,1.103404219001293995e+02
1.347319487120908832e+02,9.743040994234263508e+01,3.367459546924582270e+01,1.192570147131407197e+02
1.300032448827976737e+02,9.986262925693712589e+01,3.585688239266382737e+01,1.082881687734659124e+02
1.273921686327950340e+02,9.967057265666832677e+01,3.627570256387269154e+01,1.133179199630476859e+02
1.252489916884417482e+02,1.006444148870232880e+02,3.552730312997794471e+01,1.160715823765748524e+02
1.294788742944995477e+02,1.049992193796136348e+02,3.234572662330670312e+01,1.109042738541169228e+02
1.276126456704215570e+02,1.053280032144986649e+02,3.357570860977444482e+01,1.166656157340599975e+02
1.252417241989848549e+02,1.072011669875010966e+02,3.360348075568128934e+01,1.157066982088833669e+02
1.264871857957575116e+02,1.065278330710654728e+02,3.304340878322058472e+01,1.215101250177372947e+02
1.288165190603192798e+02,1.062522425502524754e+02,3.189092516310887504e+01,1.219127357900170523e+02
1.287211681702934811e+02,1.000161163739973631e+02,3.540029769282478611e+01,1.239495757356058903e+02
1.259065105213438898e+02,9.910880084456869099e+01,3.792457816253792657e+01,1.261299251889811472e+02
1.186588643916660715e+02,1.021115443371817832e+02,4.362667851210351699e+01,1.174471837653546658e+02
1.136230546760594677e+02,1.059176312397934225e+02,3.885704084797982460e+01,1.134682499446437163e+02
1.152291799971593633e+02,1.103968561413416722e+02,3.591097402912711090e+01,1.104195877964239401e+02
1.092146864290079122e+02,1.042033768711977046e+02,3.825205013179965619e+01,1.159229322734489358e+02
1.093304926785675661e+02,1.025803448960391506e+02,3.521097365486663477e+01,1.186839022129361325e+02
1.081513985104615756e+02,9.924384105636779907e+01,3.387302885432934119e+01,1.181482082817136359e+02
1.076768653672206568e+02,9.508104341110610846e+01,3.406513111292955642e+01,1.183994684739704155e+02
1.083809443978421143e+02,9.395538763317817654e+01,3.557100288834130453e+01,1.168015955167342383e+02
1.115490425413127014e+02,9.052357579561407874e+01,3.545177227675413434e+01,1.130844067376388011e+02
1.157576183635836458e+02,9.183118325357482092e+01,3.674630199817904952e+01,1.115031311832895824e+02
1.164959877436932061e+02,9.399468068018822464e+01,3.598427198343951261e+01,1.125236466678923648e+02
1.224464691562856729e+02,9.951129324198403481e+01,3.265686891930192104e+01,1.112667448627821898e+02
1.275002527579643754e+02,9.997945688585876667e+01,3.050525674447846214e+01,1.159444002524924429e+02
1.307586689289566380e+02,1.011663553194382388e+02,2.992640505434940934e+01,1.188392310289187037e+02
1.336864199066610581e+02,9.938067047923631492e+01,3.140028933322398075e+01,1.211088587516580617e+02
1.349435313318788303e+02,9.188563939312795981e+01,3.373391585183756547e+01,1.231499177042702797e+02
1.275308982259825115e+02,8.894930701528993211e+01,3.989118279605204975e+01,1.234234017615515597e+02
1.255592096979553105e+02,8.825225129171650451e+01,4.109177129886855084e+01,1.250529292634240477e+02
1.248005431022230312e+02,9.716337583316261828e+01,4.522210011487532455e+01,1.133604747781575668e+02
1.308534291841248205e+02,1.010138622084203632e+02,4.313666314852051187e+01,1.190346870404594597e+02
1.374267554936351132e+02,1.048860870388663642e+02,3.801526096437540048e+01,1.154866322999165789e+02
1.372560887368763929e+02,1.076236139945076928e+02,3.528090444684121252e+01,1.134504721836473493e+02
1.421380309092226639e+02,1.079412079837912586e+02,3.284873520911276756e+01,1.154331852918874688e+02
1.415655555546542814e+02,1.052126628874469532e+02,3.271864374200287529e+01,1.179893481793545362e+02
1.395361091834467686e+02,1.031843193334468367e+02,3.450765595119953844e+01,1.160473117804272789e+02
1.409858586339164219e+02,1.064404055465718670e+02,3.350619257653585237e+01,1.140347483477074775e+02
1.412287173083225298e+02,1.099149484325112667e+02,3.296299032900740400e+01,1.146640431605454609e+02
1.431154133497691987e+02,1.132942229958465248e+02,3.298113004733785658e+01,1.162003319855351151e+02
1.462292968315155406e+02,1.122990274355132669e+02,3.310072941685295689e+01,1.191945358961186230e+02
1.434165619459572554e+02,1.156776660643026560e+02,3.251800731632650354e+01,1.216756695882468762e+02
1.445625243527923658e+02,1.192282172220127450e+02,3.046138919775991027e+01,1.192582149054255751e+02
1.412720273247217904e+02,1.210596351083930386e+02,3.365164715084318203e+01,1.241986162847645971e+02
1.355481699190814595e+02,1.209702738478696773e+02,3.492239434127422726e+01,1.255938359886573892e+02
1.309053189668333914e+02,1.246564072238797394e+02,3.719967816257947391e+01,1.264462262953530853e+02
1.296029155390381220e+02,1.255266668270400885e+02,3.812954765073074270e+01,1.253677479782955402e+02
1.214737845098247675e+02,1.259606031910070811e+02,4.118946071013400001e+01,1.232268025307875803e+02
1.221451943152977009e+02,1.319441418510943151e+02,3.860176352236012320e+01,1.210179783081472777e+02
1.241113727440531989e+02,1.361737846019924802e+02,3.473165264102897254e+01,1.231363333397982274e+02
1.221075531554249380e+02,1.349474851786663692e+02,3.790623703732540406e+01,1.228009804786104979e+02
1.216590468124312281e+02,1.324411660862797930e+02,3.446235454737897896e+01,1.217198352847825475e+02
1.245650893861646722e+02,1.257888888354447658e+02,3.146226013782714759e+01,1.280161662528222450e+02
1.211973327529815236e+02,1.186006928677094834e+02,3.189190191752962278e+01,1.230109663914178100e+02
1.209148169342718404e+02,1.156882322924092961e+02,3.197773766213817126e+01,1.244336482193558311e+02
1.171344351562978545e+02,1.088902075499959494e+02,3.475542445493304911e+01,1.279388278006180570e+02
1.113942425234673550e+02,1.115081203377930592e+02,3.672919885023274134e+01,1.181236913310114005e+02
1.123966857320502015e+02,1.114930319159703487e+02,3.524380100614136779e+01,1.193946372033204568e+02
1.120497164164180504e+02,1.118013818947582791e+02,3.294103362849453731e+01,1.212527518991412023e+02
1.140724879264280389e+02,1.120151589751652494e+02,3.042205723311599286e+01,1.224232477366106480e+02
1.095323906042165447e+02,1.132537760920209848e+02,3.136753775095207430e+01,1.198570562229786134e+02
1.105346668407903223e+02,1.151284933971441120e+02,3.174075856271663554e+01,1.244897045518802940e+02
1.120889639278127987e+02,1.071276651034800977e+02,3.369307175256327724e+01,1.294090657214226781e+02
1.069705887061471685e+02,1.020905817155699395e+02,4.167903136146765775e+01,1.337453093519488050e+02
9.896499706786369188e+01,9.855388670231687342e+01,4.638946009091547040e+01,1.321492409891727107e+02
9.395032938949707102e+01,9.190876765085201328e+01,4.496743760615699870e+01,1.307176353726200091e+02
9.506055633303132879e+01,8.789210547124653772e+01,4.017085952780431768e+01,1.279710696714061413e+02
9.676849702171369927e+01,9.022971467227488063e+01,4.020459315211803641e+01,1.282997126966565986e+02
1.045628431730812338e+02,9.426331722750407494e+01,3.840137944130189851e+01,1.338743103739789717e+02
1.101382030433078398e+02,9.919965491621903197e+01,3.387962746284210880e+01,1.213001386338629004e+02
1.144309755197389364e+02,9.968912664750121166e+01,3.603547559927434918e+01,1.203813543665130510e+02
1.181165063350099160e+02,9.868310638449855787e+01,3.645996097724680851e+01,1.176692871502087883e+02
1.179986866884386529e+02,9.628417664541217391e+01,3.627575006997467710e+01,1.157494757108705699e+02
1.166885655049560455e+02,9.350298306801553849e+01,3.527941075854938902e+01,1.252173449194205546e+02
1.153956087318885864e+02,9.637449569212131451e+01,3.706983094035018667e+01,1.210337367997719298e+02
1.168122970043325068e+02,9.827267950378924866e+01,3.601016381185181814e+01,1.234838639464861245e+02
1.203654258997071764e+02,9.992474430997012291e+01,3.076662865637163335e+01,1.243360720721614712e+02
1.211123454648795388e+02,1.002994186306623305e+02,3.097668569092102331e+01,1.335351601678376028e+02
1.227669940344618453e+02,1.027329317442071783e+02,3.314764606289530491e+01,1.364143912458931709e+02
1.241611986222431767e+02,1.098632463505850865e+02,3.501496475064442393e+01,1.278028585220899913e+02
1.242549944037347558e+02,1.079507670030768196e+02,4.021719137918959319e+01,1.283721607363173405e+02
1.242392296127116396e+02,1.063462935070187143e+02,4.574524529518966887e+01,1.277361997293948548e+02
1.242803503600966195e+02,1.106792955765493787e+02,4.711377107909098072e+01,1.283394903291030573e+02
1.260584195726216308e+02,1.136733227552881829e+02,4.524632128986706903e+01,1.257764144662695998e+02
1.266813554002459057e+02,1.147715104575475493e+02,4.076801416975950332e+01,1.248535756246705120e+02
1.298935655488279792e+02,1.175935046546562006e+02,3.490023908715300394e+01,1.259375206372830291e+02
1.301599736698661047e+02,1.215909186187430464e+02,3.578003194541857823e+01,1.226193356038542106e+02
1.339297869993265238e+02,1.230024421937031605e+02,3.322976132745232292e+01,1.183691999548647686e+02
1.370112269497015518e+02,1.210831094577842464e+02,3.278560090912412761e+01,1.212179636456204292e+02
1.375538161679190239e+02,1.198892783849376258e+02,3.486831922027828057e+01,1.226116477081799729e+02
1.375191209231686855e+02,1.234738376295152591e+02,3.540303822435490844e+01,1.157190879758530428e+02
1.378812762696127834e+02,1.252313443218642703e+02,3.566099753383186055e+01,1.158569001851033704e+02
1.327999749690028466e+02,1.254464727345709889e+02,3.669396337052533852e+01,1.159586414575865234e+02
1.240751111299778700e+02,1.308960295475782800e+02,3.996032141203965438e+01,1.156368593745407054e+02
1.225103160155258593e+02,1.317748350456285209e+02,3.156455725556771341e+01,1.253704850651467524e+02
1.215601916088373287e+02,1.365095078454010036e+02,3.204917382101996992e+01,1.190923444903210111e+02
1.194601987497735678e+02,1.302539068900947541e+02,3.496325596611128361e+01,1.319715534946014657e+02
1.185627630686764462e+02,1.257832653989490836e+02,4.018596779957324827e+01,1.324204992500251592e+02
1.131747659862841715e+02,1.256250836865743565e+02,4.797370264886707503e+01,1.244289326820988322e+02
1.071157415644383093e+02,1.266596165395208118e+02,5.215456429773455227e+01,1.228218947643681531e+02
1.068375138646392202e+02,1.185886110860804479e+02,4.974575966849362629e+01,1.331577933818201700e+02
1.082658507715617588e+02,1.205126953964801970e+02,4.902902134811779433e+01,1.220989652570839041e+02
1.138404719970597796e+02,1.219933308860356931e+02,4.224706700976211948e+01,1.193783737059543029e+02
1.107240506321746807e+02,1.228062879968001937e+02,4.082469686035142331e+01,1.218338241160781195e+02
1.092407457757645659e+02,1.209994783115966044e+02,3.487249572875028036e+01,1.239567495596740798e+02
1.100994496162045237e+02,1.192970890735214056e+02,3.708634529579514805e+01,1.210054889885832665e+02
1.100428661159000399e+02,1.174536077035593422e+02,3.833216112204955550e+01,1.243117607962335285e+02
1.055379348506509984e+02,1.177804407518147372e+02,4.157133893346195919e+01,1.222132181480946258e+02
1.042750010645484764e+02,1.195338119867451496e+02,4.174288073433520907e+01,1.254992293746754655e+02
1.006872444881798572e+02,1.237467524165954273e+02,4.127697590687834861e+01,1.190491024183638729e+02
9.993461053862920096e+01,1.274081393940661684e+02,4.229167761192220354e+01,1.154665029953590363e+02
1.036204921004442383e+02,1.279777331999678580e+02,4.033020234534780002e+01,1.191776071125290457e+02
1.052443771623086377e+02,1.237117605317700111e+02,3.977776355668673602e+01,1.272364557205998636e+02
1.057041427737235182e+02,1.260783879112301804e+02,4.113656385203021415e+01,1.309119572177830264e+02
1.029731055968022702e+02,1.263351172634807256e+02,5.005727139030567230e+01,1.314522540350562281e+02
1.064750118266162104e+02,1.231196638213707217e+02,4.977577614945833062e+01,1.286923860016736967e+02
1.048476521932178400e+02,1.246282373117609268e+02,5.497354305896290327e+01,1.284511679950448979e+02
1.009713796169811246e+02,1.260548106730608140e+02,5.424315898170000594e+01,1.250252482331041506e+02
9.922134915000953015e+01,1.237852117139538564e+02,5.236027151705308569e+01,1.295482999049742148e+02
1.028884240446923286e+02,1.276330751941161026e+02,4.936176740334668978e+01,1.253931994705286286e+02
1.057578456769678041e+02,1.292950511005789451e+02,4.549424367119011947e+01,1.316352943723856583e+02
1.111765834555396992e+02,1.258066144769478569e+02,3.786251071162629245e+01,1.368767243852041702e+02
1.115062756969491602e+02,1.281552353598232514e+02,3.633539233302870741e+01,1.302148460551986204e+02
1.088490494060023082e+02,1.306035752109438022e+02,3.658771875525446404e+01,1.262722259537876255e+02
1.050255584711580354e+02,1.283301983646279893e+02,3.891048568964026799e+01,1.277406770245777921e+02
1.056878191924259056e+02,1.316678559017996690e+02,3.974886445653140044e+01,1.252761306498804572e+02
1.078722971648551692e+02,1.309969142063924039e+02,3.920485825303641292e+01,1.310554859073026250e+02
1.088514210269119076e+02,1.294153683445017009e+02,4.086511982152548228e+01,1.348534835654178323e+02
1.070818661675614578e+02,1.341779475058171158e+02,4.131804003178825013e+01,1.207337097833448780e+02
1.057130629475092576e+02,1.333987333219133973e+02,4.034023242465146097e+01,1.327149258174731017e+02
1.074185687165175125e+02,1.280687635360434058e+02,3.606157657663738547e+01,1.342782419684977526e+02
1.050982982882366343e+02,1.226986199008925809e+02,4.033497684205456579e+01,1.446845964814217780e+02
1.017390350352901578e+02,1.221662373729252238e+02,4.221587402971022840e+01,1.370356354936553203e+02
9.650516538149136636e+01,1.176534968126318006e+02,4.586208537939155150e+01,1.431873621128993932e+02
9.095366240592031204e+01,1.163208091171586887e+02,4.867688618374409515e+01,1.399402132805179804e+02
8.315032423724262856e+01,1.160884074633272007e+02,5.341700444614830445e+01,1.308215052356418937e+02
