1
117.7232,53.3562,100.4856,104.8595
115.8508,48.7047,97.8289,104.8214
112.9784,43.4031,95.2795,105.6056
111.2214,38.6270,98.6380,102.3869
105.3383,34.7593,101.1097,99.4707
106.6492,28.5881,103.0573,97.2356
110.5891,22.7008,104.8280,95.5416
115.3069,18.0008,105.5590,94.5955
120.6820,14.3103,105.8312,93.6824
129.7796,10.3901,105.4155,93.4201
136.7216,10.0908,104.8045,93.2637
143.0774,11.0794,104.0314,93.4323
154.0505,13.2899,102.3270,93.1471
162.1280,17.6960,100.5779,92.6413
171.1096,22.3415,98.1464,91.4627
180.1959,29.8392,96.1920,89.7117
188.6628,40.8278,95.2760,89.2297
192.8984,45.8950,95.2885,87.2390
194.6503,57.5127,94.8783,85.6536
197.6770,64.3506,94.7292,84.2992
197.7661,66.9640,94.4725,82.5421
198.3225,72.7037,94.6901,80.6380
198.0280,79.8254,94.4992,79.4694
195.9062,84.5458,93.9941,78.5482
194.5468,95.0182,93.4828,78.0536
192.8622,99.5153,92.6054,76.8791
190.8324,107.8365,93.0291,76.5219
190.2889,105.9390,94.2399,75.3830
188.4020,106.9178,94.3316,74.8053
186.1195,107.7911,93.7725,74.9049
180.1007,123.5297,92.7091,74.7535
178.6383,131.3634,90.7348,75.4934
177.6464,128.6233,89.2308,77.1440
181.7796,124.0107,87.3942,79.0786
178.8693,121.9527,85.1907,80.4466
178.4492,121.7928,83.2897,80.8591
180.8609,125.2407,81.6301,81.2560
190.5967,124.5480,80.8102,81.5637
187.8893,126.1070,80.6281,80.4922
182.4051,135.5550,80.1135,79.5544
181.7162,137.7663,78.6480,78.5264
183.2041,136.8619,77.0377,77.4156
185.3053,136.9562,76.0115,76.2675
185.0259,137.4694,75.1878,75.5328
185.4042,139.6857,74.7066,75.2962
186.7602,145.6780,74.4899,75.0790
187.4727,155.8995,74.5225,74.6406
188.6218,165.2564,74.9671,74.1710
193.7897,173.7794,75.2706,73.5134
199.4605,181.6918,76.2767,72.1572
200.9303,189.3699,77.6451,70.5856
209.2734,192.7352,79.1314,69.4658
211.2123,197.2942,80.1692,69.0714
220.4796,202.8999,81.1601,68.3968
222.3994,208.1820,81.9014,67.5300
231.1680,213.0773,82.1863,66.9287
238.4841,218.7394,81.5123,66.3673
244.9312,225.4846,80.8948,66.0457
247.5188,231.6361,80.6648,65.4798
253.2898,234.8635,80.3781,65.7042
263.9068,237.9657,79.5825,66.3444
271.5882,233.3827,78.7594,66.6774
286.6265,227.6150,77.2162,66.9710
294.8221,222.5838,76.6633,67.7456
301.8199,214.3308,76.3819,67.9038
306.4456,202.3569,76.5918,67.7584
312.3187,190.5465,77.1472,67.3459
316.7975,177.5309,78.1141,66.5565
317.1247,155.2523,77.2413,66.4008
318.1667,135.6310,76.9681,66.3888
330.7040,125.2531,76.2315,66.4302
340.7001,116.0391,76.1918,66.3608
386.5064,69.9749,75.4331,65.7523
384.8214,52.2216,74.2574,65.8343
390.8983,36.0394,72.8728,65.8294
370.7984,7.5441,73.1394,66.4139
368.9504,4.9245,74.1394,66.0248
393.9792,6.2684,71.3547,67.0402
400.2078,7.1836,70.7902,67.3987
399.7076,5.4606,69.8225,68.0228
401.7683,5.6179,71.3668,67.9405
397.0621,5.0159,73.5853,67.9578
390.4053,3.7716,76.7246,67.3092
388.6733,11.2786,80.5151,66.8449
379.6259,8.2242,84.0124,66.7820
369.4894,7.6495,88.1135,66.1910
364.0733,4.6943,90.5836,66.4598
345.8988,6.6386,95.2797,65.1437
338.8471,11.5202,95.2971,65.6919
321.9737,15.5454,96.2406,66.2495
314.2190,19.9231,95.5968,67.0374
296.5080,25.7750,95.4922,67.6051
279.3958,31.7681,95.0533,68.1432
265.0580,36.5267,94.2838,68.8411
260.8701,39.1598,92.5931,69.9089
254.6612,40.3955,91.2078,70.9081
250.9172,41.9791,88.8431,72.5266
243.2753,41.2202,87.2092,73.9778
238.8139,40.9962,85.1218,74.8007
235.9858,41.0487,83.2611,75.3153
233.3068,40.4000,81.3779,75.4025
231.3854,40.7838,81.2265,75.0220
222.7151,39.5326,81.1693,74.7920
212.7932,39.0704,80.4801,74.2818
203.2758,39.3506,79.4806,73.4113
194.1053,39.9090,78.7497,72.8145
184.0634,42.8508,78.5300,72.0186
174.4063,46.6851,79.1765,70.9006
164.4925,49.9984,80.6881,69.6479
153.7993,55.0642,81.3647,67.9486
144.6328,64.7409,82.2826,67.0894
132.0069,69.3015,83.8529,65.4337
118.8775,75.4693,84.6297,63.7796
106.9964,81.2886,84.8918,62.2450
96.7963,93.6681,85.5355,60.9137
100.5027,105.8144,88.2154,59.9712
112.2911,99.1691,90.1370,58.6291
92.0684,110.4707,90.7020,58.0315
64.7246,131.3596,91.3784,57.9987
62.4435,138.3042,90.6876,59.2546
76.0798,128.0393,88.6904,61.4370
79.0694,125.6217,85.2642,63.5392
75.8784,147.0319,82.7526,65.1750
79.1543,149.8685,80.0052,65.4574
67.6722,152.5211,80.1223,65.0386
67.4985,144.5845,80.0244,64.9808
72.4167,132.2513,79.4696,65.9808
79.7331,120.1564,78.7227,66.3526
87.4894,109.9944,78.6932,66.0861
100.9089,106.0188,78.5742,66.1797
110.8132,95.5516,78.7183,65.7309
122.4062,93.4709,79.7909,66.1572
132.1823,85.6703,80.4605,66.1198
140.2584,76.9377,81.1786,66.3594
143.9216,57.7605,81.9017,66.3449
150.6718,53.7261,82.3953,66.5855
154.2015,45.6088,82.7640,66.3621
157.0324,41.9643,83.0256,66.6840
2
0
0
0
0
1
216.3523,153.2694,47.0914,49.6784
214.6670,154.2373,46.0720,50.5982
212.6672,158.2316,46.0852,50.9973
212.6986,162.0358,46.2450,51.2246
215.1046,168.3703,46.1542,51.6790
217.0148,173.1696,46.0931,52.3809
219.0026,178.5342,46.2737,52.8877
220.0583,183.5270,46.3585,53.2411
219.1796,185.2694,46.1895,53.2145
219.6816,188.3395,46.5025,53.1114
220.4125,190.6363,46.9080,53.0825
221.1039,192.6355,47.3483,52.9356
225.7899,195.7616,48.0112,53.5219
230.5877,194.7486,47.7590,54.0123
232.7382,194.8032,47.4718,54.7195
234.3594,192.7923,46.8570,55.3750
233.7485,190.8420,46.6606,56.0617
234.3864,188.9740,46.9016,56.4835
237.5808,187.2166,47.0338,56.3075
