422.5,173.5,144,307
430.1036920871191,167.8424005368541,141.47373574458507,308.3528013509134
445.90448583134423,165.6750907090383,140.14871380789256,307.67130820213214
452.09613149723805,175.77116990729368,140.5103193648379,304.20082758577274
432.01550835753704,176.52890659378485,140.1110836190934,302.8486953922805
411.0230318980113,163.02604985648887,138.63799439336947,309.03041709135977
396.9097950824691,159.04037776554782,136.949516699991,311.4921129501828
383.75053460796437,139.683924569575,135.2979219873793,320.5614532105366
367.7686530095897,139.73996949674023,134.313031009324,325.9023467355702
357.7395775961122,143.3495169542972,133.60235249057592,324.57631679619476
337.8859405746397,153.7575152217033,133.46426291657752,319.02057416763256
324.7609515970077,155.41974516178257,132.347045742447,316.4984624839805
298.6024396924993,156.16621989536782,133.96087588691313,316.441964809527
271.88423711390396,137.31054936230444,135.5194619828244,323.0495327585883
241.57800748902696,142.43879393766662,138.41165679776392,323.417666906509
213.23046318581285,133.56701938546456,140.48318735975857,328.8784716032593
159.89660145211184,143.86492489335427,140.08368823194576,330.51672850435
132.84656047792922,118.2248523970718,141.89269352015475,341.33680956258877
108.01326755225998,101.31717028379052,144.07298176407136,352.86162355721774
85.5445734759933,102.9353140770036,146.5673767525422,358.4257042798126
77.40722373033628,106.70015413148701,147.64261907527714,357.6719860467613
77.04857935680765,111.45386235573753,147.33435149642193,356.24139760118993
77.09951603380878,118.77458578676791,145.52139830652794,352.1730908834773
84.66888863749952,127.29328628288945,143.220870834437,345.63576809252817
82.81072226327814,130.6792923326351,140.65902012264416,339.74218314090217
79.51507599791893,131.3275961341096,139.23941120225174,336.14867693451384
75.49148945809378,141.4704604403996,136.84586277006122,331.61377897226345
68.42771725889139,138.2682935787129,133.7552331877531,333.0235581759835
67.13678104319267,143.65016419817675,129.20644937677994,331.26359730204604
56.51399257886464,146.626183715244,127.2960376121987,330.3628635619484
57.42367286884967,153.45721519961745,122.76354512762659,327.7301432445687
58.396589423574724,154.94247471224645,119.01570195881979,324.4784143332366
56.730268500257836,157.27409538659145,115.9302491704438,319.9499385350408
55.00658868561169,154.22745086192938,112.68862440566261,315.85256520033175
51.430491891530444,157.1997533168622,109.7119699179584,307.9882816024168
44.75685190931455,152.03025602885128,109.13014030902593,306.24044508560416
36.94623378842883,174.47965501537033,108.46527044117823,298.0659741999684
37.81841281542832,182.50709386723105,107.80163245420349,294.0683016964423
42.37316080770148,168.54112352899975,107.96630734520647,300.02722944871056
75.65973676860237,153.76895635062527,108.01396688580704,308.6307507408843
86.48133870746064,125.27946146211536,109.32774085232879,314.5088379605311
116.35229883800295,136.6976309998983,110.26180020550198,319.4486734302533
136.081062321103,129.16716950081764,111.32994233720225,325.93069323017244
180.1795772260702,119.75928174466782,112.87326897258035,332.4964935380043
226.14048529380057,106.05037397906898,111.3999620534282,339.3178639855838
270.2322303904249,98.06643113278702,110.34065551496478,348.19889045192093
308.29708985889727,93.8927223398249,110.08230498622316,351.7264938326755
320.3657990420114,97.53673829108715,108.91802733654757,355.6583763664913
320.2973478968698,94.47911527941073,108.7388754316652,355.65467583756754
318.2897121669971,97.04681841185521,108.00060971337103,355.07817612785436
316.55296169467533,93.77514855781527,108.01925831540899,356.3001805202299
320.45758799436385,105.33312905543721,109.12553687447912,355.086656735069
322.4103341127909,101.52980772060934,111.88830187410576,358.11961042080753
320.0046260595912,107.11453984098932,116.38294394004463,355.6000733193298
316.70116175649184,116.9934138944457,120.06787547593086,351.4293880481104
316.684227894536,127.20158390940122,123.68157932998469,344.99370273469106
325.54060367621753,137.02134012294988,125.92141870900451,339.0167336044077
319.05934819252803,122.8302055383243,127.88443798479406,342.32055733908857
317.53504575967315,114.15282645856746,129.9970722460841,342.87341844965204
319.61716326668403,71.69191879621292,133.185989983985,355.85302643793534
316.9327399072864,63.711037074127916,137.07788534207776,364.44347154180383
304.1395209310756,67.09120519870083,142.09734102521224,362.95648076308646
284.6335651250133,68.82164012453276,145.79897279114533,363.2481689043578
270.6073415089587,78.67522469346446,148.07532940130642,366.51239144435084
251.0960434628034,78.64923334798647,150.99274666060916,367.42915325003
227.2965957030931,73.06653152615218,152.44428423935597,378.29642489134494
206.46515694246335,56.36504456303757,151.45475697545916,385.16715508893645
197.24418526439817,75.98085002464589,152.7672275990456,384.34264484321005
179.84255473737653,75.73136920990612,152.3335349177373,383.67169508810707
167.43029776959384,78.574554289856,152.8802625984199,381.9778619498443
153.0081677866391,85.72701573783226,155.1820058559554,381.19506239068374
138.32236507452933,89.66636019765434,156.22372961208407,378.1185146606148
129.34112083752967,83.31693644277487,157.6590898664789,379.77481875911883
121.03759814282729,82.75976662369536,158.041825334619,381.46936693724064
120.65133855796424,83.18720598435442,157.8277718214876,384.3920463042251
131.1299035022556,84.18531848266713,157.8771631578805,384.61484358161704
142.5033381598795,85.46118762063332,156.57414722092858,383.1155365314613
153.73394622005142,87.02164526002534,154.60681232617065,378.0595638510202
165.2052288058209,89.1133767008802,153.76895487252722,377.29244871139116
172.95362167523166,91.9468306878062,152.47432233957727,379.60383177223764
175.32348642849243,95.53942165881074,152.0426849503653,377.81905189932036
187.07035395372662,95.7117106793745,150.35103959105905,378.08452125819053
200.4174263357857,104.68351159419046,149.4728757381957,376.10685704299954
203.96232574224,104.81316012490888,146.38926198006615,372.6766229202529
204.07765475234555,99.05170793278651,142.50019460278415,376.50605110439386
202.1556813359042,95.14458503900178,138.96560616497595,379.1889940584062
195.07016195116364,84.95734209667916,134.55084857825588,386.10404161907684
190.2520178486876,84.335328885976,129.28397001227296,389.8543224750687
188.6868853106766,87.67579360913552,125.0200228423538,391.56075646258756
189.68494360652278,90.35295769698541,122.54252543038709,393.2205035661236
198.0660121476484,92.1679957457061,120.7430977750157,395.18069226589296
213.37773329702873,83.17395392402585,118.30164323870625,396.1310409239019
222.91156135624496,76.7186384328786,116.47825553763217,400.9768783194654
223.80332171660814,91.45362328902021,116.72955108201197,401.2421953198287
224.2559692934782,81.26411115649083,117.70974145817151,398.5810546373777
219.6361936794999,78.48371173394557,118.60903694882339,401.57049909327753
224.21715779089274,84.48474240919475,119.24160240126963,401.4112703080868
230.3517892402252,97.54822352365457,120.11824499729465,398.3866831096847
234.29036482688366,79.8303705434054,121.35356731183177,400.43523925939206
232.96177722805888,93.46060211411279,123.68239646565614,398.08398250835813
230.56912659635134,104.36004426742556,127.0978170528017,389.39282715986246
222.6673671404671,107.81201938116516,130.22667909658924,381.42044376683305
219.60623193955033,88.97913148955448,132.21787506986442,382.79842734424386
219.08738914549133,94.57329114367826,134.41837682486016,383.4144808234719
218.26154206601225,92.79090486133757,136.71637672369792,385.9082551963198
220.55175646416663,88.11945792850105,139.11600755110743,387.22844112284486
226.0893883240415,96.13850832728451,140.106138232908,385.521428391379
232.54133232521298,101.37515906827593,140.60099958206652,381.51578304495524
240.85799197086993,100.62997102466602,140.36409981589904,379.00153333490334
256.3700323807642,101.62850830262045,139.7149484242111,377.8498672186307
266.79506261778045,108.40817813519726,138.99492907261518,375.30966016761283
276.05298558131017,113.73345551237026,138.77181919902247,367.57403623373193
285.53898486270396,105.21383421885685,138.285259936772,370.9967503097114
290.07117104234624,125.52919569316742,138.44452229733616,361.1028590261293
289.1207336255492,123.05818829136697,139.56587512918685,357.29540597999875
290.34593998346566,125.75500172694734,138.91925727419377,353.49075990279096
287.02336597489216,127.81651650456598,138.7401760509233,353.72600909892697
282.8143805377787,112.44716905659058,137.7285624219764,356.11142488110823
280.8758712156743,102.46298413175396,135.81814219670886,362.8209761043777
277.53212219973886,93.21331048186534,134.28807564575507,367.5485357607223
271.78997260978383,97.91684440272047,133.6888806392637,371.053372254034
269.50813352820813,111.92247636238852,133.5836363780987,370.05913714329165
267.8281733445817,111.81441993564678,132.8930921152246,367.32017830907677
266.253093313576,120.35443439784422,132.51694244861355,363.0978907405779
265.90476438899253,114.03508795361574,131.32258309921792,365.76649180927166
273.7922170348162,121.10436868967028,129.88808327174294,362.5953079998213
275.3217935583344,115.8357507700349,129.21928223543352,365.11216000425316
276.2493653309318,121.95532192090218,128.64328095079009,363.5714859108316
283.3969488045053,132.64165657181272,128.19321631382377,356.0904229398821
285.71291524188126,131.63358714044082,127.97186598149135,350.44907202601456
284.81141222580516,144.6068998027238,127.12883467347928,343.71070819131677
277.9314646328271,140.59757060056305,126.69467907055608,339.91645842303086
272.5475465479503,133.6811091802071,127.32379282057089,338.916341026316
269.5660760136995,137.41747330671447,126.86830546805197,342.67934771287645
267.680962425304,120.25010156260055,126.61238384876143,345.969861693658
267.30215799652336,116.6699324674818,126.02550897314552,353.5925448879772
268.09272677696003,102.44394524986944,125.83926434325673,365.82560147652225
271.6077102684895,109.89017262244013,125.62451819302251,369.6743652982754
277.464016230889,120.1545521462204,125.68796446524487,367.43238374705277
288.2667614366347,120.5882363627216,126.50021582926628,362.5565528850037
294.42539354935235,127.06037238116693,126.8261858567606,359.00495529421903
303.51771564481055,130.00303498609767,128.54228133564408,352.4271088102677
301.69920572561597,123.6206802284282,128.951369674552,354.8468905378259
310.22883556120644,113.84629384017325,130.55370439424024,360.17208962964344
302.06964121916275,136.84335577107308,132.401514884663,352.4506326989961
295.1093412724549,114.49850228284845,132.99461729577882,357.04258805801373
294.1444658887127,136.0803399500367,132.02761570578042,350.9280116921431
290.7264319677719,127.58215749724008,131.73924335448572,349.7862483170967
290.5117361932854,129.2315259749335,131.71574897768895,350.41397925721765
287.15359140439455,133.42955981357193,130.99552417787663,348.36946215901185
282.5182015007916,131.90751270572903,130.91831776376907,347.52017024913306
276.57453178211836,126.50926472982286,131.37118988544177,350.4571290763116
273.84796559526535,147.0678471999699,131.68769267769636,344.2684728945625
274.76232605020795,147.4121796741782,131.7812791399043,338.84545583432947
276.1393015251227,153.19318549467488,130.55053883479684,332.78299978110465
276.4156058284862,141.98748268052486,129.3320562833104,334.910733076641
282.5139544729086,128.6912322044442,129.59836596773215,339.9500247239928
284.9572766672119,128.69149923792867,130.34952417998628,345.6714116241259
275.0232777071578,126.82071293139174,129.86489339220873,352.0008653254566
277.3017717736359,120.17961162648501,129.014568629385,357.72584175423975
274.21802220265624,143.99741299262968,130.2496603921939,348.35925528781956
270.1484972570362,143.61974051298037,130.4621880284901,343.69905382988185
265.6480853924106,142.5824687087466,130.20146371544382,340.5714170527598
266.3069926997862,158.61679703516634,130.09967457238014,332.26025628004726
266.5644583074905,138.49109640493492,129.17529753473255,336.3522909328441
265.6590248243422,127.78689845820855,129.63766389163118,340.65384859997846
262.4373127156054,134.3739510611483,130.6636000109603,343.15134373589586
260.687147008539,143.5878257513758,130.73173027801357,342.0099198101528
262.0490773081939,140.4351743220055,130.17261334058435,338.9281300785613
262.43832145789906,137.09227817838047,130.07344716470158,341.145222433713
264.43160196063116,133.5810931000747,129.49682759409757,343.5184665374681
263.3242826503139,123.08332161834488,129.52877082593818,349.4739046348999
258.75595964456386,119.3091472444128,129.95321762631755,354.6753450518467
256.25115605818735,118.58865718043631,130.43558690691975,356.8708400528275
261.058102276972,128.41641038932994,131.65183076848368,353.15297477883905
261.57143091415844,115.96642361167267,132.15156106639932,357.2653678440413
268.0074061206824,130.37330634505398,132.09282304806587,354.18465749202477
261.1820437332035,153.5683082715227,131.45672645766723,340.7511737196537
260.6257511964635,136.05945285976097,130.2179481106607,342.79581249117524
258.89443156557195,138.99582252067682,129.8422399374462,340.8873766628433
254.72606797086496,130.72699023763693,129.28602279092274,342.0162868801682
254.71044813996895,123.32432479438796,129.8383287607363,347.4979197228429
253.0718800702698,122.63068717080668,129.65544936478,354.1641532906231
257.29059564673463,119.11345230139429,130.0630041737644,356.53511890576016
267.7011432607381,119.33935527523948,130.1431197306696,359.3462180789194
274.50094572525666,116.03743359451772,130.0984521643033,358.98193514336583
274.2624517187323,122.99681659229782,130.26210946741787,358.05190530045456
274.1632181974687,122.81072912214694,130.07439399313168,354.4268587708772
271.6372852730127,123.87300320731364,131.82327512753568,352.9622259881742
261.46835263740627,122.22827308577493,131.843973116644,356.569504664298
260.4220139479067,117.83457851613156,131.67592189800223,358.44071843813674
260.7281424681487,124.60247754333477,131.78059626020146,356.43910770062485
263.51359265092003,145.96748590113893,131.51680191272524,348.9941480528876
267.6612851362645,139.85071650015632,129.67348097935923,344.5775270190374
273.13959445079286,129.66608839011914,128.7113968427953,344.65902727292524
280.41688662491237,127.61874402266622,128.00214273289848,349.6853593150401
275.5427345933097,120.77014623154875,128.7341656681741,352.8720482673312
273.30205883946087,133.3835079225148,130.31725300617887,351.0228311415026
262.3983075730743,127.69409530099637,130.96952406312184,350.45112919337737
256.8335292999027,122.28253662611365,131.09509043612522,352.16503176042795
263.97996057563546,131.802335530201,129.71090593946928,353.33574202720445
269.3233276959286,136.28018682653942,130.1954783089904,348.7775928784363
269.205850839796,128.51233376961886,130.44823670723568,348.687420658232
270.0624038691932,129.83908770505587,130.5830877826882,348.67392290584246
270.5183976199067,111.85521895679483,131.03740289070478,356.1717564564417
264.1343261811829,123.69084349854631,132.7754172891484,356.2938461485735
258.25395240608407,120.13304364547253,133.11524542101114,357.31780347496033
251.94173703286424,114.89419531285108,133.5263754624948,360.82068048001645
253.08198570955756,116.50913133151997,132.79195619500754,358.4258857880499
256.36846381095125,123.0509586319063,131.31744922241418,359.66756478255314
250.81428440302068,127.03264742646343,132.01569661096823,355.4777748971437
253.134366472303,136.58812998248777,131.19273480203924,350.373027741638
248.04205748555808,145.02320631892286,131.15930944819752,342.08193180857495
244.2452006798081,135.5588399866864,130.97314873489887,342.808977613917
251.5847322805032,115.80433002064541,129.08077815283238,350.5757337520537
252.11386509522413,128.6972841259367,128.89079740450552,351.4725075788246
251.41167891628197,116.65842524335571,129.43281202675598,354.93058690099343
252.12177356751585,110.35913229321403,129.3648679358895,360.53625001837884
249.3537933510596,118.64818581416813,129.99562216534127,361.9756314560849
247.49430113193114,102.68140586359021,130.18807299993003,369.0018408170796
247.71374985577694,110.44775324575983,130.97319639097586,367.69493512286977
244.42447676647976,113.54976287148506,132.38106681502316,365.3433879382986
242.7473935101371,120.21571987452666,133.02464034255524,363.13054875368755
234.46861423477603,130.3930695695213,133.39290980025982,357.34539892424516
231.83679761096857,123.79083171479238,133.70751407906366,356.3082412184808
230.00589478503724,124.38597245508049,133.54304700486742,355.05385967356733
234.0769419382918,124.48036376690646,132.68465173400278,355.068878413622
237.93004525449257,112.64767587724523,132.9312401302878,360.46205646955576
243.67781658230948,119.0049882013077,132.56607715147283,360.9877701469313
244.65018707834895,122.68409432935465,132.3216810795523,357.9709089230945
246.79405430621853,130.56715870669248,132.7442513609042,352.83091504085536
244.64766871362568,118.91412512988771,132.2732657940757,354.84311508325885
240.86204843151262,116.16193929079537,132.01453933635966,359.6971655758547
251.46960705861426,118.51299080904647,132.19096642419746,359.6544906590119
257.9046529313986,125.5902096329896,133.5412402029208,355.7563577520314
256.51929779036766,126.16680248807546,133.94256023573033,353.86618570276744
265.62161219181985,124.31246265889371,135.31856459627804,356.12769450751614
262.05981190613466,123.94554535437192,135.6720097378084,356.78343166880677
262.1614152288622,125.52975783826611,136.1314714993166,357.6596691766043
258.980690618752,126.87997415770684,135.63209422722744,354.9861989576947
257.4741219910445,118.55166890378183,135.8034102889473,354.9889817983084
263.6496756279366,123.83279411803932,135.17352493899133,354.43351199418305
261.1788756425923,118.89550397717531,135.01847430924659,356.61851517324993
270.0358584680025,120.53517638782955,134.98181006528654,356.6904777440618
267.1556117164402,115.60313405368646,134.70744248061206,361.0989287720587
279.1038925718486,121.61799863293874,134.50743495375525,358.95322900198187
285.1051468246278,112.44209387162658,133.43659186872907,362.3285542259001
287.83332430371854,124.1856956148988,132.4632376658576,359.65964526450216
285.0609564570102,121.91215579635221,132.14447896306456,359.1972587303307
284.1858770000723,117.64076204930015,133.0661067904955,357.71759959204957
279.02267210907013,116.25803662288504,132.52611776115953,358.14351735428835
274.220263708445,121.79622359785924,132.38693984958022,357.14188381419103
267.07649301662417,121.6071707313605,132.76222403870284,358.1201153964355
255.29809908398826,117.93263487402209,132.81703016874513,359.7716558878152
251.1420546762747,125.46328430202817,131.95296961588608,357.0253089284705
237.13002140810852,122.43784395086368,132.0580278972136,355.2096272643139
226.13947835188816,118.84003060676778,132.73762322596295,355.95048863268147
214.6835244343986,113.41999607702712,132.67456691909632,357.7283132768796
210.53212072584074,110.8783929865277,132.79625155636586,363.05029547113355
203.81587110887824,104.27525811690217,133.96598967426306,365.15017425732066
197.33780111155926,104.37924348528466,133.0565710446334,368.78604745747583
187.68654245118265,108.77295808208237,133.80639023001066,368.1479140707652
181.16118211073297,93.22662091247142,134.18683999111022,373.72331736811697
169.0854605258288,106.57428950118452,134.3894706761773,373.5160134853685
159.18986196334617,98.27821733174216,134.7598513796338,374.5594670283548
159.7592663528202,100.27230434884186,135.76264750104588,371.6308722473521
147.9427242381336,103.07743138901819,138.0110843610343,373.1615082884594
138.75285732582978,104.88815288083833,140.14148575766342,369.65749047834015
141.0240534384355,91.33118628479454,139.12892374981342,372.80083689369434
145.62307546119672,99.72856510466698,139.11400424652732,373.78644042948656
149.91925563450422,83.86522401430679,138.90441443824238,383.02620702182804
159.70181475954175,87.67018580358035,138.65467437725425,385.72685606748746
161.0115561075772,91.85842034686988,139.6349567435155,386.99564206971456
165.98703070626743,91.18456028145883,141.1058234183274,389.37477766303056
165.02545593845588,77.6728736000324,142.13258716503296,395.6173893071334
163.66424310536337,78.74755713535916,143.08517342520452,398.36746443237223
171.41200618838965,72.48995726234477,143.7534217495084,402.71673247674084
176.0063083673271,63.571840594721294,144.21181865811295,408.90013664176075
182.9406125732052,64.37563266594327,144.53839781502137,411.6064086241947
192.73746297871386,52.94676265631364,143.1323648506837,418.393836143454
190.82470266294314,58.782681223812375,142.74280283680886,420.5252741167939
192.35566922819805,57.45259798227028,141.75999558749413,424.11723846193104
195.51082148088844,57.89705265020626,140.36599519359407,426.0357748906007
191.1298686633126,63.4744551286648,140.7088601488141,425.6971072475264
190.91642116119093,69.75735512506765,142.17877075230825,422.33210338204003
187.0720498551661,72.12461053324785,144.3479020057153,413.86567041602143
191.9081430202376,75.13150383516901,144.91696571371932,410.4572419359584
201.15612326417173,74.09487712850463,143.73154828615378,410.5680980123273
206.77215109196158,75.08240570539158,143.19585607967076,409.9196430790887
203.07374191986867,73.56734629143031,143.97797267596232,411.4234432376921
194.1931181806175,73.1970227855374,144.55178118962087,413.2667045330396
182.48751965641782,73.14064950296842,147.90892207041767,413.057297738526
164.60387468859008,64.37436092623281,150.9173085026552,413.8164602801808
145.25894964626605,57.80925043802449,154.45568458827987,419.73242640048784
130.80651930699082,50.54528573817845,154.79329024668868,424.0270679889006
121.81925745102284,40.74095269392265,154.8383381743229,427.53876447292004
114.25086142607995,30.500428968472505,153.5315629482077,430.4057620123213
109.30549768166429,23.47862018534667,152.24831163149702,428.3785692605798
103.01928159961099,25.22150988492635,150.40861820814024,426.67366697476274
86.81081509099782,30.044942029934532,149.38651008767127,432.725893642388
63.282424728990605,20.00425814055933,151.63114176383414,440.5777005690876
44.52268674123452,20.371464924836147,151.0732480494049,448.47965575205984
31.12791724596633,18.848962974623362,153.1343705970702,452.725299019589
16.4746078352958,27.48544349564969,154.42949001350402,452.0141684981662
19.682639741741127,42.20077546569624,152.09952391789852,443.95455443905456
12.124935731692943,66.07871484493754,154.02275988751882,428.2759233002009
12.828518531819086,63.882046538009064,154.30352749382476,419.55517376293477
17.003508202327737,63.52231241312239,153.46686859882186,416.2928707820105
40.81325695160655,71.57518321740113,151.40520954020565,408.8975898362948
47.297979150982115,104.1393296799614,149.26777636429387,394.5776503352465
57.499986181402306,96.3036872705012,145.43962328062634,392.0466264993818
68.8730036724815,97.90470538451115,143.47686199536736,387.7784939655147
82.4046282100808,96.5477125860049,141.42360933435333,387.0060112474027
98.75075233676225,68.40680732037941,138.9291703003508,398.1039495557533
107.96005465003583,81.99526072064651,135.58470526883536,396.230494293305
110.1924671004148,67.51800227031424,134.96921556171145,401.91811780712874
107.69591225967982,66.70427321714158,134.45139422816678,404.749688562438
104.61418539555959,78.30169938507046,132.58240777086036,405.1913680564142
91.2919100802469,61.29539290404236,132.5372058227504,411.38115844766963
86.63051000228079,83.7444798711675,132.362707738021,405.14387318529435
87.82557230832323,108.97348951434935,134.5601099241844,392.80126756470213
96.57853849461455,99.55616883794659,134.18615463290058,388.63651926907016
104.91913271367281,103.93450251413915,134.48495810762586,380.33619312371246
116.93403353976117,89.100402890498,135.60690320532706,384.5060555790026
132.65557001653218,85.36350489573195,138.04730650910923,390.8258546241072
145.41560850450907,57.67931690056497,141.21002982612427,401.5689025504763
146.01427242914843,67.95235092182062,141.2019280081489,408.5300538225402
148.4780989165588,69.2095205558281,141.57178374991145,413.083120732046
150.60053208158575,35.483155933003786,142.98089242977574,425.0971788656341
136.57242356017508,43.09802779713715,146.26411829217713,428.7584625879289
139.95796752447055,41.7223757404403,146.04357367184429,433.8549045358715
126.8129993188559,60.67231058032411,147.30787341009994,431.0004450123539
129.6944852624125,74.94774995746181,144.9557780355142,424.48724783766835
137.4570824122836,59.68797169726372,140.8397100175103,425.2923935762042
144.71926435532296,73.8822750481151,138.93902529250335,422.89726183482856
161.18487519225363,51.12708264997144,138.27442806932564,426.858116601819
178.69490552436704,65.91074702824795,137.24489169709096,427.0131141239525
197.25364911866137,59.99630194634551,137.1232236002992,427.34595345310163
216.64006291444377,42.384009937572785,136.46773991132224,429.55887594110607
235.58193760768705,24.20781253869083,134.6738342748357,436.2860857260526
241.97443114761785,19.210950041687994,133.93177016860693,439.3645294242819
243.8749608623648,11.427550899465103,134.73106922528856,443.48093307829555
234.64280040506475,4.546280874787499,137.25814286358252,451.20747049169495
219.68323126851655,13.232607929333085,143.15169024007247,452.0771278602649
201.1877746950237,19.535418229608922,148.13648842734136,453.4882108653651
181.9741498916832,20.351935804629164,152.65124718929582,457.922827940819
170.51986434324635,11.56070460836986,155.70458032535404,462.91993075997334
149.69826804590963,16.855766740571994,157.9114516614826,466.9186240920046
131.6053641808638,13.071105264885432,156.11612306955277,469.00092512031256
112.79268929624534,17.972585380378575,154.9066339716022,465.7538182561781
101.18474543597902,19.063506444413946,154.06546907983014,465.2976239352286
79.8950712153264,16.7954640857657,154.79343812660414,467.300426849394
62.218387752602155,35.59902099020772,155.94006753374208,464.14741460300996
43.18521541609937,40.83124248299691,159.03881424532187,452.9132042734336
15.669766751568005,30.851342864011087,162.20650280363265,449.8420224475625
-2.2667956101176543,33.37878482904364,160.9905123841817,447.98234206020675
-2.2168948192130244,36.46817615242742,156.0548877432904,445.90923272658006
-6.92182072521004,35.00622791907574,151.34216856376833,445.68659761140475
-6.951558941582533,33.24766623568448,144.90060072313685,444.6525220188367
-5.582021198850811,32.53948900834155,140.87096761476386,446.36947402200735
0.39983930851494165,38.652265409007725,139.6158609493976,442.6429723147302
-3.630889600276376,44.09725120160397,135.24945278492456,439.61001347825595
-12.111296259385433,39.07058143894841,127.50505827843564,442.9091201201137
-12.845082580268212,18.505292119445613,127.49183088758554,442.9175597820685
-8.842029275259321,-3.444368481773296,127.49181539542664,442.9175279571626
-4.048309243025585,-29.246915032307385,127.49180914596161,442.91746511340654
-0.26301984464318906,-39.95430660788449,127.49192813362065,442.9139152109719
3.370522041184813,-42.28840399146168,127.49250116509575,442.91013579599735
4.7317279345012295,-39.65590670796945,127.52591728221047,442.7658244222197
-6.082485295499609,1.5219751475425483,125.88894762404809,434.6456106379535
-3.8205841829778677,29.219768224971148,122.49392874422708,438.5149361347076
8.88447851971263,9.766648452421435,122.66397301658046,445.3953806968969
42.235545314003005,14.674872481041234,124.7937943840544,452.35281455188874
46.54548074489222,18.406509076992705,129.91302874688535,454.81124374493453
54.828777705628056,17.429790186826978,134.10711979245468,458.0662279796956
93.15116610595453,20.47715981207449,137.0810105943408,458.3604538590529
100.55376567602863,18.92903504573954,141.5116169656672,460.027643409423
117.50259944379042,19.11082712400753,144.51254333273152,458.77801814809345
137.7674854196372,34.42039535258036,148.03794334759067,452.4071193008111
154.54486018872637,45.6256143341958,148.81763976278148,443.69792092345665
163.33759413575575,51.10579185695289,148.34461579267295,439.0940998821539
171.2599779666377,55.58170315856276,145.9037015473519,432.7125687980992
176.36851379160305,63.62768078860037,145.0886246026214,429.3757176029654
190.2365188944121,69.36442899003754,143.1999807300111,423.54822301588695
193.19461365825182,63.81744503599805,141.7185298383485,420.12445067433214
197.97598638173005,63.26193878141075,141.43544938467818,418.4748216086471
206.1318772564878,60.71754162739944,142.62478724881015,415.323647616804
210.3522218382733,64.77923700785104,143.54813369162343,413.18645480435663
215.23497420994767,59.014658232341134,145.03758233267413,417.5221151744377
223.64652988365592,54.607212037418265,146.26630509170292,421.69901565907105
229.13515543319826,61.29857876452735,147.46634109436383,419.2532071392401
235.51379534863173,68.40013799497859,147.26900350898032,414.6147401675954
244.34831330931732,65.68603418443195,147.93024026216966,410.8747739987107
250.44719785299247,69.87119516222594,147.45306081257573,410.21220474774304
259.6239927618576,79.68197488543734,146.7381028155242,407.14067124126166
262.5113836932742,77.28578994113971,146.00577185753713,401.62159589365086
261.8677854948006,79.14625410044522,145.9559596590177,400.2065617114687
262.3206289494294,80.38656029988667,146.31843535790674,398.02411886586566
256.6887719874341,80.62840386871426,146.53370262662392,398.33658986314776
253.50910348473016,85.86920127536902,145.1105546237921,397.707548417453
260.7805450607168,80.48674186509669,144.78379982112304,398.21042900710165
258.14528096592346,70.8114976300323,140.99097924056815,405.35886345348774
255.28073666435031,67.55320078037926,137.34473024300638,409.610551461647
254.94999819713814,63.86916477829283,134.38549990394742,414.93996031693985
254.49286264616654,56.98325794504939,132.83547108866958,418.1846095241982
252.42573549144055,61.714878707727706,132.27495649248192,421.9075137813123
248.07758859877794,55.667650437996656,133.01565287714186,424.0251779852641
244.83896352909744,65.88240569664481,133.73578622191667,422.40420399750883
232.51016535097193,62.52569770747678,134.33186486271356,419.2996115529933
229.85622640274548,61.20644249038864,135.48851766913964,421.05768306333385
233.0528301300428,66.36189416186284,137.43383026459384,421.00525502403536
235.2853082568781,57.608330872836376,139.60020354736122,425.1857519634164
229.88564016785315,44.80778505294123,142.072641150582,429.095778768612
232.92488521524365,42.699015534870995,143.18898481129418,431.10599663776026
238.72836787802413,46.83603862580222,143.47980276515213,427.1219795048175
246.1824476859261,64.03399053128135,143.17375687310312,421.9120116679803
249.00693470843257,72.04307277735393,142.99020307421443,413.54687232613423
244.81723907719305,74.56758908559803,144.427538634484,408.9445050562685
242.12312942343735,79.23045361742774,144.98113222101762,406.8267609169255
234.01591389805088,67.25957041478824,145.0283784420786,410.7510541013793
230.17589116084383,52.420496830751404,144.29640990892437,415.6042768004588
228.41509123824704,36.2491089350566,145.16701664536853,418.40766584258085
221.8737212299384,41.07173801559617,145.62541946563573,425.46841849998316
219.10113737086158,30.538957830254702,146.5988560932437,428.6758531840206
217.01798891778435,46.57372823074377,146.71938664579102,427.9407487996684
222.58178140097556,51.40560854395471,145.2248096826435,422.809424067259
232.96950662108787,64.97534828284867,143.58139735887391,418.2949064424984
245.2243984172821,76.61391788148057,141.10547683411244,409.69799833959496
257.3723742905951,91.64717879296944,138.75697954000105,398.68346130360453
268.1516252710004,96.28004118600853,137.40861971481056,389.00364630136653
279.0513599566322,96.70991906155609,136.10173838675988,383.089762380258
287.05383378365946,107.34779867522701,134.55455726560336,377.22981469161243
291.45230163956273,106.19230313933926,134.4377343925418,372.8088192407134
292.70995443478375,109.28662522374103,133.73417480334345,369.01922149296087
288.35750853270304,116.4407591644397,133.6154915876685,364.12894238872417
278.49692563368677,115.83017054198353,133.60231671797632,360.09306053634646
269.61256902170544,114.28293435471102,132.44666012992727,362.20657212454887
265.01232822386766,109.83179933842396,131.1735289402635,363.92961575865496
256.42548981315775,110.82287875171914,130.62306940914428,363.6071772336927
249.58453444321157,118.08562926533443,131.14802633739112,360.4350926493332
245.1356733662036,121.75311856515611,131.3481595708138,358.31255310990105
234.05387043801676,122.51287812897903,131.95717520196771,355.78975477311826
230.64587358136552,117.48856801558554,132.09670197343672,356.1448411025053
225.7579612134549,121.06275108017041,131.7612453142995,356.6110770622638
227.64138112142368,113.34435912436496,130.06238793358835,359.2886751828591
232.56641841084164,119.56187184128214,129.2848965532998,359.23788227008185
240.028068274121,114.2632239756872,128.59148574275667,358.9515901640525
248.0204939910708,115.1729756595937,128.85328691200652,360.0522993034874
255.44364825185386,122.58339199303634,129.60748421929782,357.78748641962216
261.7629084889388,130.24535123045936,129.03788006592873,353.5037166798225
269.8963200092751,136.248222282514,128.27463425761698,346.5496456038504
271.9591667539727,155.3140234049261,127.67930122850312,337.67740271876744
274.0161402916938,136.01127390107732,126.33133463516243,338.46612545083025
274.42331839045914,134.743031654454,126.45279722902119,340.85516867610966
275.00208186347686,131.55887307221082,126.4172783682366,342.54257286909944
272.96136243754285,124.73451728694465,126.9612738206753,346.81902720696576
270.673548750973,136.08494829109395,127.3781969129617,348.9930221475197
261.2307499761289,112.65054210533006,128.26027921911964,352.9003705908248
252.90263599052182,118.2875521998339,129.78712982522148,356.7627277364119
255.00375747479396,113.61702112024645,129.58613092482295,360.00626859050254
258.0785544025023,110.55334273128909,128.9649117413424,363.7007132571349
260.97338164680946,104.41894326080376,129.04602246192596,368.2279221750648
264.13654014623575,96.49671990034986,129.1481884724118,372.5941489100107
267.3185486022865,90.56412963484652,129.31802032282246,378.24482233805105
266.87495925553685,89.59638909501982,130.10824652581326,382.0755692353467
270.90050780649415,89.53561283957393,130.46081401282692,384.90378106325505
275.1227248755847,87.6808615797504,130.87478117316866,385.5408949339153
277.9557487319655,97.35064641201083,131.92413034151056,384.4850796181493
282.8086586462032,103.98998554808566,131.81771198703427,381.4073767640905
277.6737090372813,109.3020398195124,132.47804928471203,373.4943323215025
274.38833728627475,112.7572207897924,132.8158335162478,370.00018961540906
270.1200674937672,110.45729571750206,132.83872029974933,368.1030733979902
262.76862606055994,110.08593415097701,132.22733028560958,367.86496705373014
256.85150189273713,108.04412568965043,131.37996469913605,367.41817750131617
253.0168937354147,113.98320408939279,130.71485713072428,365.9205272173344
251.31662660349122,111.04369445067434,129.84524979300878,367.456395402242
255.62472793562233,117.05697318868684,128.43156606871844,362.60653661090936
258.2515363798807,111.21620286112847,128.52459072072907,363.17500200967845
263.7100221352703,107.79778453945363,128.89054576939802,365.80401871436845
264.2066619706313,109.03911724749807,130.16351647060915,368.7748192368477
260.14919269561847,103.59981863271503,133.5836322323962,371.4731662985671
245.34145923821833,114.19537512825335,134.2841363786418,369.1861480035354
238.01773628428256,129.78211046476164,133.6272819782858,361.8771411366711
226.61658463965802,122.54226532600495,131.39678840779368,359.44950757690424
227.34482096354446,127.2241966478505,128.84824053132965,355.57177326344384
216.63198984517786,121.1693099944259,128.1526240052455,354.57887399338875
209.6054401803093,112.72276502378395,127.2919450299289,360.26629739261944
198.3053203932866,94.60433668089092,129.001561511323,365.61368874637424
198.44471535495217,102.93072089362619,129.76211566033376,369.8914146293754
190.64300034029503,110.6641183295429,131.4016889925655,370.48808869064743
180.093277362116,121.71702073400473,132.5381012727761,364.3298089061378
172.23059202523433,138.61467431494356,133.55295406323864,353.8393818864721
168.80561367524905,155.1188928218921,132.69868569988523,341.0646389491131
175.5015339046334,141.35099958012927,132.55609660677817,340.8483807549044
187.55640451742227,120.31026791000934,131.5273375894524,349.6984254855251
198.479328915838,125.54504790978132,131.12322310658573,352.53073869307343
204.805609726611,123.07182424081503,130.3661015866633,355.7202919193727
205.6427334103211,127.74472041261845,129.95395455817894,356.8003227874358
201.89981074017916,143.64020948606046,130.10217153389982,346.24905449467775
202.45703273571723,142.70742860183466,129.18584307045353,341.65305219910346
206.77629240712153,149.59134273397513,128.56890823844816,336.00555760639236
207.56685090657555,120.92628342009155,128.6389978521271,346.1968403271771
198.51135912256746,100.18840272590543,128.60321094284836,361.0433731236304
191.17303269977447,99.90281399675558,130.26185174162035,368.8242907438258
181.1253106009352,81.66585520387275,132.74739451107627,375.8201352094743
186.3510262832641,93.48144472614695,133.79982934209718,380.45689668616615
197.5739228084189,97.66928978889729,132.85904689664594,381.29667687469134
212.66270561209961,102.04263026629937,132.32328884543688,379.73165609521067
229.8807634865554,104.40530682254808,131.34361306844917,375.7885206045165
246.96060529816089,108.31403225985215,130.18193435856827,371.10687485991326
260.2265241268526,100.53124183984482,129.37924556593083,371.33481779862177
272.19538195533033,123.56246379927697,129.49485746940027,362.74586554845865
281.6663182679514,112.51096321770194,129.09573234171665,362.94018484210187
286.6969302584656,123.15919217180277,129.59290088540746,359.35775433868537
290.90132193095803,98.86014365757941,129.93764422804472,366.5298259765071
288.63019497899467,112.10798274570456,129.51469436991704,369.3531366003056
282.12223015140063,93.57545459019519,129.66086351179945,372.3299551488732
286.4294185166327,107.72615835039798,129.27030079195538,373.7319930630379
285.7339652035273,106.2919384645451,129.31938086005317,372.70765753757877
281.92965217026324,103.21888764597799,129.8328669462651,370.6689342311705
278.9575020163845,112.00693128947287,129.92666619353662,369.3846750996983
279.3590765995543,98.79306005827306,131.23122786551497,373.7880282951302
280.9692961499079,107.99469634587575,131.89644536003783,373.6182876718291
281.09252255108765,105.26140299204715,132.2313804947473,370.2274753926699
276.5202450472785,86.50513307273613,132.160077042893,378.3303587066337
279.94582799343164,102.20398995809924,131.76943380225902,379.08899793273366
279.275792240157,127.80119137590933,132.49315704220686,367.2812032208928
276.8488229188863,133.51209123792887,132.13340540383393,357.3666260300797
276.75138610608974,139.74649972977758,131.76087797790566,348.5571642099565
272.7649055365449,142.53343485172567,131.55824669451005,342.34510000110214
271.28909438318965,126.98652629353495,131.02399267942792,344.4998321107697
268.2195431791607,119.76375714790268,131.4680086082987,344.9368121287188
265.932825095825,119.75069758774617,131.06958007465272,352.40410337198716
266.5621486182438,113.6191791978764,131.4099266888347,359.1922980801935
271.71120678498573,123.57488392477967,131.73016229169122,356.97015483122095
270.14218750763763,120.43012961249457,132.60215456075812,357.5257271459767
276.2483617549627,126.52854886211452,131.5884554725411,355.4481208244712
285.74490064865904,120.84748097428425,130.6712882533857,356.4753051993749
294.31580404537317,125.81403705321202,129.30964427123672,352.9785209757845
302.9205997938124,119.03435813707259,129.56762212555455,356.6415718164862
305.11509004119114,117.42987604497941,130.00699646630736,359.7259987338817
304.0013755315797,121.16394571286506,131.0651802424577,356.51689975379276
308.9964695130902,132.27888563614283,131.41490278663892,351.3026964056503
313.00150439629704,135.04049175355578,132.8661643877179,349.04503311529766
317.0478017481207,139.67764400384618,132.9175478029669,344.6277370719007
310.8455778240915,159.4911958482445,133.62033549477536,335.04013648063824
303.118399578197,142.57005071545527,133.8016741032636,334.94541121276944
289.1127026131806,127.44863698450087,134.2186008702105,339.7426553311724
277.75141048414014,116.32113844755875,135.14732183178256,347.12781559780564
267.444190906724,100.0636241490119,135.46979931669307,358.14602374507024
263.83110774108195,118.56286292196341,135.12455260781604,358.57214870771213
250.65734896547076,118.50915570663406,136.25720161350614,357.15362796533617
244.58057806737085,148.90536333575398,136.00600879819473,343.76837060504556
238.921295964738,140.35873991033293,134.98882909934667,340.48205507795797
232.67030130162433,144.85989676511628,133.76866571561305,337.29962614546037
225.63879482301076,136.01793627868432,132.69621781926358,336.6778544455948
219.38830526326308,119.15540718027668,131.81617162442788,345.93289425556924
224.53628782785938,101.86253487326323,131.49787144274504,359.26015307552876
224.13685592946453,118.05968369316389,132.19836337616954,362.1724540990575
215.17789288306523,112.15386965871767,133.023147913182,363.90698427518873
203.6421838483193,114.69080630002134,134.20269929871395,363.52005929198936
198.18229435031412,110.50085996676182,133.81941967045668,365.91393902286995
192.8645313229261,114.18729546052282,133.71291939619218,366.26268716452887
191.1573972227098,123.71469311332396,134.22395502216193,362.30402795206624
194.9382303358792,111.4746332331782,133.62948859822177,363.97350165522886
197.13067425847012,107.31883554242569,134.10399291917764,368.4551087955382
199.6782782040492,118.85130709982087,135.10734917596872,364.75082623372634
201.86862377792414,113.7156648525542,135.62242905483012,362.83746889018596
207.31748870453757,117.34277530668402,135.62880629541434,362.16929372396123
207.04185177232168,122.36908017751281,135.24226747387962,359.1376681551247
211.87758356667013,112.6170780007703,133.51033997984828,363.61319293249886
218.45050863416947,105.54436442388234,133.99591474871923,367.6381652980668
231.19011425492744,113.67968455058516,134.7069634406749,363.5719327366167
240.3254281278242,120.83987160307376,134.5662242294273,362.37661299107555
242.42568717497943,127.15991269213956,133.33968370088223,357.0522475564132
242.85272486130327,134.07737342845343,133.20338254059496,350.35125867427007
232.76785174974992,139.9048714747965,133.21664225247113,345.6855699851484
221.72313165401494,140.7039512471833,131.57466574167066,341.7485597037567
210.48495621563302,132.20868188207584,131.69652824563173,342.42278945875194
206.52211285460925,121.20660004637531,131.48737114138532,349.36602097072915
200.71379603722932,117.96692793201746,131.88924685683367,357.8174618810397
196.03098539613404,98.14098803762585,132.81611882566972,365.05258217885614
198.57672423783131,96.74829510889381,133.0962331871055,374.25559298672914
199.45259410815453,98.03876125518903,134.15365892421175,377.31646395875663
201.52050102510503,96.09985722906382,134.6951598486115,377.4113127882135
211.64676866304399,112.78580051895733,133.99709654233808,372.22820031731317
224.36538275082725,105.02941862882119,133.7758298230704,371.7110759445093
230.4210114323617,106.13220644639432,133.7874028509317,373.1868641303927
242.23692418478197,87.49738041088631,133.88821284413802,380.4074782680591
248.13236583034262,83.63764244089003,133.97000830973062,388.32562173429676
251.67224606642196,67.00233846492011,134.81468392994861,398.391559733844
248.2980926029701,90.02228050670595,135.04950542518122,394.49034752527234
236.35608589429913,87.9287136430656,134.22719521886592,393.2987156695147
234.95193329920835,77.3990561310475,133.67544710818993,396.51203955890736
233.92834527522328,86.90825577835986,133.1244132982194,393.5659211480717
232.504118491067,95.5200068681851,132.8683663343817,385.9317744371712
234.4716215806768,99.64603581927372,132.4124410706131,379.9968108610133
230.80628044505104,98.0529191440819,132.55614357120425,379.6626310510728
226.10193280527278,105.36503564279994,132.4250048282388,375.22635677098293
225.06828027170423,111.10838262644518,131.58028205952994,369.16670338062727
228.3280119167226,111.32903161365854,131.25184498027812,366.228943776333
232.92966218243347,114.77971211469594,130.3096251907387,364.63935082922035
237.72213439257368,115.76616767264812,129.40523229938896,361.3373377931881
240.32215052039703,108.45962364613848,129.5951646242781,361.8474452324989
245.0476801201617,118.2111814425781,129.70757149683135,361.72203807467827
244.9684227637679,109.04359692201558,129.31252392610298,364.90025711885505
247.15674707511943,118.74315768872304,129.47474373067655,361.89434313548895
249.93799907776113,132.0279495817025,128.51232116917976,355.9985111805847
253.8533432940678,123.0452327488781,127.30051253164089,355.2337068854181
257.4393308121777,128.03964160996873,126.01985581664913,351.45705213473343
256.2806098790091,126.81328346851748,125.39496565364371,351.16783936337566
251.8336562157932,139.3168747621508,124.36327674289285,347.6974056622174
245.24426188016474,134.53740477306948,124.53625944491148,347.607422720153
234.6042962245785,127.94687620870909,125.33337215256833,346.4273949108245
240.24392717185268,143.94990136934945,124.78305885115964,344.58514578278107
238.14819223839174,148.51721946857768,124.71081392773726,339.7358174685409
242.64775187423436,146.85416875296886,124.89834874693341,337.27300040458033
250.08930149912104,137.86003090629796,124.93109918282897,340.57719502034644
253.10771956907448,139.79329061188184,125.5025460858298,342.52520216710104
251.24003419432012,134.36951225643625,126.55061233857336,342.7806596882339
247.62926023712518,121.60381411378978,128.49616976681824,347.85758247804347
250.85908510361733,117.86286249915034,129.58382990932222,352.5583801889813
249.30824809894256,123.127441452683,130.88374252989308,352.33056619976264
252.80551003521043,121.0617118079229,131.6718567303249,353.8154648203375
253.63311584256414,113.51175219480731,131.45242015719765,359.56487726403697
250.58684994719266,119.75541304986083,131.67481377960567,363.0151986050774
249.79051990446948,121.62759890942033,131.88755755474168,360.79613728310653
248.44824205626824,125.7311959407503,131.3240425342862,359.305454946826
246.52486474105402,120.09074822370351,131.82266288546356,358.941850602172
249.6713948450503,127.14104502501354,131.33717647278962,357.5077656741735
249.03641479435169,124.3210805808169,131.50251611749127,359.2482280479794
255.66123628042362,129.1930647962315,131.925934516197,357.58469537001884
259.45811515345264,127.63108456979367,132.31379088299298,356.5865926629519
260.67841259123696,120.27612375720406,132.274938942605,356.25437809580933
262.8608884329882,101.51035538090338,132.7554243089682,363.0039572220679
259.06761662624933,94.99617299964996,133.53668389916106,371.749134595201
256.39405966133404,90.6919335539138,134.14688128693837,378.7559736198444
245.95577032833955,83.70490723665193,136.43343119011004,383.9356336686137
242.85159804099058,92.62820319804504,135.68241135059287,386.0481176735619
241.86110177955166,86.50152796871913,135.89584243777125,384.80532479114925
238.58952595482677,99.33056124355647,135.06732670211971,381.55264230519526
238.89044169110494,95.47139981239167,134.48655865607287,379.7514110293413
236.50599320525822,96.0737351982925,133.5532332805068,379.40456273535716
233.23108202040626,80.02346737932871,133.11029832980665,384.6090355223326
237.48145103697397,94.2363630665674,132.56224040760264,381.6301492839636
234.41868643447071,97.83212788379913,132.48312397891166,379.1892786384528
226.9917466063063,102.46934258281544,133.09914486296265,377.95467372619896
229.76357162181995,116.46208308720168,131.10973291291373,372.4014017323191
231.29996574745758,104.49577025751839,131.2567189078543,373.81700049044053
235.37546112551433,116.74301882656115,129.79875946277596,365.3057387115469
218.36147811876916,102.68332183306794,132.1942791872038,367.4642733998273
212.5717893100985,102.66249373725157,130.69403262851975,369.2468268893192
216.7832658850854,116.3697101311451,129.83637612847878,369.96455619564836
216.7160452551933,102.44637391032862,130.12756098922753,369.7969406886729
218.68524095707406,102.6383460777136,129.62428110814056,371.31003254870427
208.9863506894295,85.05497468641477,129.85005312902533,378.92264477710273
199.51780795171618,91.33935163061824,130.73333420686902,382.48938130617626
190.97939804575532,96.28497370139829,130.76305967369797,385.73433139374214
182.971757858862,84.84660048597434,131.11843366015552,392.6718736085866
176.59002842089177,93.19079053156781,132.57474741738255,389.2773348793992
176.83669454320565,87.87413242990363,132.35983374351173,389.1211785027715
170.851645586639,96.80813847485658,132.66893140487502,385.4462873692865
172.7283417398851,96.54909277635716,132.49004156649193,386.3138970653881
172.1730100759299,98.16665026933259,131.21403001342088,382.37196260474013
171.46661843682344,100.7376472030843,129.61617267044852,378.2843882547538
169.69540589458336,95.04354821521775,128.70634202906808,382.1306622307005
170.17647810971937,89.73551024043786,127.77867213557263,386.2574393597647
169.57319977190207,94.7996023846244,127.98893520683329,388.58482815336185
171.4932321653476,86.06089575217615,129.0990132803548,391.42533765544096
176.7876716512419,92.14597528372997,130.6104350974456,394.2508422352166
178.71138697756768,88.95924876399658,131.6549145209354,394.42527441210405
180.1942471269317,79.6578686734226,133.50078584742093,400.64657154240973
179.29075415074726,90.4084598518402,134.9599659719338,401.5344444376497
172.19203203301907,80.73279500166723,136.26051479875977,402.5042700791578
170.90671822819195,66.55467279621266,136.2731742687656,409.72311100190774
169.6096504231517,80.27722811388759,136.7862258658609,409.3038106082571
170.35071871651567,71.52113703917021,137.16875156875238,406.7396206110854
178.5194620521782,57.27520241145345,136.8641704760406,412.5355937178373
185.4524835910929,58.7671795589649,137.6427292201106,413.81231485311224
184.47157151132873,61.09295219172043,137.86373130284147,414.771506434525
178.2722751177246,67.74024419870332,140.63432001595305,411.9440835991481
160.5038278486483,71.43386826967259,142.73791072109785,406.93813304555795
151.11621125951905,64.56553617870668,141.99244535199307,414.1289607788203
156.36653047762655,67.25794386404374,140.4151448521794,416.13276673840744
156.09495606753325,58.436923770721904,140.35026305512898,418.85063166259994
163.04773236080732,70.83780344932873,139.11457512312182,415.95292885445855
160.20907400796088,67.66921060300109,139.7212598479187,414.83584609160846
164.9623422831158,75.8411772281373,138.968660065187,411.30108737899474
168.1931904603357,90.79959627500801,137.16932628627816,405.28643281796815
171.14598528094052,97.9933038853093,134.68862930902424,396.59228732697983
172.2401521451634,102.33538189583356,131.0872071396834,389.48158842778037
170.0680314878336,103.35495004255424,128.25319766470068,383.2107469455878
169.59574682169062,110.84264906592006,126.72257206595637,380.79912205406856
167.60082675605318,112.87207082456445,125.3194602318992,377.1089346654247
176.20143620654284,102.92031879638978,124.60769750767773,375.2366303874235
186.5733997918832,103.66781676343544,123.6968487213964,375.1793002734539
197.24763956195582,99.98937890099796,124.70070034275017,377.4507811390149
206.4563565509816,86.2803676972162,124.44335967219371,384.1353097416468
230.66613003630994,78.471133528184,124.70271437390036,391.6959997212517
228.83168600771523,67.71377864010302,127.61869861200557,395.9660882205582
228.34804971021137,67.85482089156162,129.60491082130926,396.9079275200168
228.4043838925608,63.199583014057055,128.1774930965259,405.368188316835
224.82727550887262,62.202561669907794,127.08837604737388,411.77791236728564
220.5114864867345,62.84500706668581,127.32970293198218,411.32522978991994
215.1312030536716,66.06638853723507,127.48463224775395,410.9505925736139
207.47098867785763,76.51854219308399,126.85210670708452,408.24086343269244
205.63226661049748,84.92137932364835,126.75049167012821,405.4856976707092
192.33776240631454,78.33062734161274,127.20688403540328,404.84715711726335
185.68466460170828,78.6882772412257,128.63779831069243,406.76461116706696
181.77410105913148,63.80216811196078,131.64752498233287,417.6726479070421
165.6966959601749,47.04323283785868,131.99604550739446,427.1970148846897
159.99460349781637,45.729935012283136,130.54243185575655,433.41655515788057
145.75394002729865,40.15016425617256,130.97347917948238,438.3112975520597
137.0605536673811,37.99820719010091,130.19047307546495,439.8501987046956
128.9643279380804,36.202054063486884,130.45861766455954,440.96290285945867
120.15067839183602,37.39167343996132,129.7371103758227,443.15675132193337
121.1569990615445,50.32712814045021,129.75005111152478,439.842402437313
118.35791767745847,56.995016746769835,129.6654531642122,433.7574601665378
112.23656078494929,40.28172566456095,129.4522066754879,439.07955014345555
108.37819964458028,37.36962941428948,129.77057204170566,439.0713962046369
105.97188132909918,35.83937554140738,128.7829199954523,442.5158090929468
109.28535192642998,44.37300966069779,131.48294413282193,440.6506435154988
117.5512034728562,54.6604108159365,132.66114094231324,434.83801676501895
125.36439957918856,56.85172657883575,134.49233311075204,430.1262926472195
129.55763480110096,61.53845687922592,136.31671719726168,427.41930066673945
134.74418862264184,61.468353328508215,136.73069031895048,427.1549315560071
137.70018849133993,60.46969683259215,137.0831611587943,428.627551654811
135.30169457495117,58.01193624983847,136.26864395998606,431.06730330051244
128.96707307616714,47.50679349642641,135.07695937576705,437.07585598110364
125.27859223636037,45.82730353785388,133.9575898404758,440.56781523164943
125.60441448999576,39.15423762456231,132.91408866282538,445.3922671799977
130.9833486952012,48.44972002984423,132.58645420779786,440.38933223088407
135.52314114447861,51.661197104013524,131.5601978233421,439.15229259899445
145.4716979035407,56.53634821094471,129.23816326945132,437.8509325695803
157.54511611294998,65.41572596443604,127.75122942326458,430.8680683666138
167.49240108236737,79.83634610418181,126.48002488665152,420.77680519893863
168.2793531599816,78.81762864129601,126.81006534297236,411.59838643360916
171.9342274757152,93.97433670720795,126.303794952472,399.3721513930939
172.08593940426147,99.43877030915559,126.78793698235378,390.1828787679416
165.3083053794152,109.16979822978615,128.37642532318404,385.24721395603837
174.0195001543739,106.39027257020791,130.11764050959476,381.1882366344478
162.40148195210398,110.67075240805593,135.1100360144764,379.33613020353323
171.35864646432043,107.28026695897998,138.5678230789107,377.445310025025
180.48763712261206,93.53501403747978,139.5782476766341,381.5049839588457
181.1071999035775,60.94434783985059,139.47368806414315,396.66004834873297
178.35850118539923,53.04085368539049,138.9951519487114,409.3422409823755
176.20936139058693,47.05345928527504,138.75050045847146,420.50928915388704
171.9869056892825,42.39724073446928,139.76571053280276,430.4834910560471
167.91044671453892,33.6599999725247,139.47127035088127,440.84364514921117
166.64150717935118,23.9399185789257,138.7360077987134,449.69996089051074
159.50166147026926,16.822707595106465,136.67985517696025,455.9790391348521
162.57526097968454,18.024064742624176,135.4678535114927,458.0951198532444
164.42475324135063,10.96363443702458,134.45204645932145,461.8521756472439
170.5423801942008,7.069530409874744,133.8888888060625,466.5339438726709
183.03645634915205,3.6624666495848714,133.65768115253204,470.71419316220204
198.3004916839286,-7.183194072809556,135.0757507722856,475.47285927251824
213.92230287963264,-10.908355799503624,135.30180725966173,480
232.03707583106404,-16.708431330509484,136.38455917784378,480
