1
160.1036,58.8352,49.1567,171.5761
158.2783,55.7658,52.3783,171.9527
156.4818,53.2132,54.9948,172.8830
155.0376,52.5468,56.9652,173.3612
153.7292,51.9640,58.6890,174.2394
160.5887,51.4128,60.3960,174.6594
161.3198,51.0891,61.7523,174.8825
158.0111,50.1922,61.7057,175.6545
157.6104,50.7198,61.7770,175.3373
154.2809,50.5687,61.5737,175.1361
154.0533,51.9677,61.0004,175.1765
153.2542,52.3468,60.3074,174.5591
153.2916,51.3982,60.3324,173.8692
149.3534,54.0966,59.9034,172.4332
149.8998,53.0124,59.7419,171.8502
144.9023,51.9848,58.7148,171.0840
144.0242,51.6157,58.4829,171.0386
142.2258,48.6204,58.6437,171.4413
141.5676,47.6527,58.7628,171.5409
142.3070,47.5230,58.6413,171.4815
142.2432,48.2011,58.8306,171.7041
143.7259,52.8407,59.5842,170.8779
144.5869,52.8142,60.1619,169.2951
146.9356,53.3318,61.3594,167.4718
145.6090,54.4544,62.6636,165.5636
142.5549,54.3872,63.2075,164.3746
142.6768,56.0443,63.4212,163.2375
138.9718,57.3544,61.8277,161.9869
140.1569,57.7109,60.5733,161.2311
137.8528,59.7232,59.3815,159.2608
138.5475,60.1695,58.2358,158.6929
139.0983,61.4120,57.6876,157.2413
139.5746,59.1625,57.2127,156.4997
137.9771,62.0534,57.3751,155.7245
137.7194,63.4594,57.2175,154.6884
134.5477,61.9414,58.0447,153.6940
135.3195,62.6669,58.9561,152.8126
137.7016,64.7852,58.9900,152.4793
131.3922,61.4086,59.9397,151.3080
129.3187,63.5830,60.9043,149.9981
129.5382,63.5208,62.0150,148.9846
128.9724,65.0052,62.7872,149.0567
128.9405,63.9958,63.5926,148.7199
131.5400,65.6491,63.0880,148.2528
130.5709,66.5339,62.5776,147.7446
132.0808,69.1623,61.3373,146.5392
133.2243,68.7367,60.0944,145.6535
135.9509,70.0197,59.1847,145.3444
136.1654,69.1722,58.4529,145.1875
141.2843,71.3954,58.0204,144.5042
142.5082,68.3763,57.8787,144.6797
145.5626,69.5671,58.9246,144.8564
144.8666,69.7426,59.9987,145.0289
147.7232,70.4237,61.5276,145.5298
148.3200,69.8468,63.0327,145.8554
149.4152,70.9130,64.9282,146.6573
149.3817,71.6003,66.6421,147.1314
154.1974,67.9800,67.7707,147.9336
151.4611,67.9823,69.3147,148.9977
155.6213,66.6307,71.2405,149.5796
154.9382,66.0848,72.4517,150.8428
159.1729,65.3031,74.3517,151.9903
159.7599,66.1073,75.6317,152.7448
161.4151,65.5217,77.0295,153.3091
160.9369,64.5345,78.3198,153.8793
163.6401,68.2916,79.3240,154.7281
164.8605,67.8438,80.4532,155.4429
168.5370,67.6380,80.8621,156.6510
168.7454,68.5247,81.3234,157.9763
172.3010,64.2983,82.1640,159.2137
172.4379,66.0004,83.2196,160.5183
176.9678,64.8224,83.9776,162.8898
178.1306,64.7254,84.6473,164.8603
182.3047,63.0070,85.0955,165.4758
180.8528,61.7679,85.1216,166.3106
189.3588,63.2034,84.9499,166.4788
191.5279,64.3709,84.7046,166.9375
199.5643,61.7306,82.3799,167.7376
201.3509,60.8098,81.1645,169.1258
206.8587,55.9645,80.5570,170.3746
208.7413,55.7876,80.5804,171.4709
210.0265,53.7744,80.7511,173.1201
210.9268,54.9413,80.5474,174.7949
217.6478,54.2937,79.6809,174.7213
221.8867,55.9567,79.4262,174.0855
213.7881,53.1548,78.3240,175.6766
217.7186,51.2205,78.3117,176.6658
214.4005,51.7524,77.6937,177.2557
212.0801,51.4139,77.0847,177.1162
211.1359,53.1740,76.9663,177.2633
210.3927,52.3263,76.2886,176.2976
207.4222,58.0287,76.1734,175.1033
207.9471,57.8329,76.0772,173.7634
206.3311,62.3518,76.4720,171.5039
204.3162,62.5548,76.5936,169.3569
200.9253,67.7601,78.6077,166.4609
200.0615,69.6445,79.9246,164.2987
191.7167,74.1907,82.0571,160.5252
186.6094,78.5440,84.1608,157.2897
197.9550,80.8736,83.6569,154.2441
194.6061,83.9855,83.6857,151.1973
193.0209,85.1401,84.1804,148.4986
193.1629,90.6483,84.1082,145.7723
192.8900,92.5951,83.5458,143.1657
193.9856,93.7950,83.0336,141.2428
196.9928,95.0861,82.3508,139.7178
194.2871,95.1246,83.8619,137.1259
196.0569,96.5190,82.7966,135.9342
196.6185,95.5700,81.9730,134.2107
195.8553,95.4937,81.3478,132.8763
197.2663,93.5303,80.8170,132.1451
199.2130,93.1420,80.1270,131.8591
197.4451,93.3594,81.0371,131.5435
200.8323,93.0766,80.3417,131.9602
204.9712,91.8099,80.1328,133.1541
210.6522,88.8584,80.1070,134.3558
211.9265,89.3047,79.7870,134.7108
211.4100,84.8871,80.0185,134.3581
205.2466,84.7098,79.8964,133.5702
197.4010,82.6027,79.7864,133.5663
187.7433,80.1649,78.1566,134.4921
178.4370,70.0280,76.6773,135.9671
170.2719,58.8515,74.8573,138.4674
160.1451,40.2192,74.3536,138.0693
152.9876,32.2063,73.6911,137.9876
152.8889,26.2806,73.9039,137.9431
153.4214,22.5522,73.6316,137.2975
152.6374,24.5816,73.9477,136.5459
145.4063,23.0402,73.0873,136.7120
143.6845,23.0023,72.5991,136.6765
142.9504,18.5616,71.7325,137.7032
144.0590,12.6485,71.8123,137.2461
144.8815,19.7846,71.1826,138.3551
146.9472,22.2748,69.5200,138.9647
150.0862,22.4354,68.0423,139.8329
147.8379,22.9228,68.2409,140.9788
157.8641,24.9293,65.9184,142.8071
166.1264,33.6530,64.9306,145.1853
172.7058,39.1939,64.7823,146.6653
180.1440,48.9864,64.0650,146.7168
188.0894,60.6110,63.3087,145.9722
196.3525,66.1499,63.8324,144.9660
203.7469,71.5923,63.8055,144.2716
210.5336,76.2158,63.3070,143.1888
218.3124,79.0932,62.9969,141.0987
223.4123,78.5049,63.3670,139.8657
229.1027,79.5488,64.4122,138.4327
233.1848,80.7990,64.8183,136.8322
237.7075,81.8471,63.9497,135.3987
241.4103,84.2190,63.5127,133.2277
245.9356,83.5862,63.8927,130.8652
249.2415,82.7920,63.8787,129.6203
249.8252,81.3766,62.9856,129.2867
246.3363,81.4453,63.4528,128.7153
244.7473,81.4409,63.5496,128.4186
244.3335,81.1514,63.6395,128.1728
242.6615,80.5710,63.6360,127.9133
242.6572,81.7257,63.2792,128.1912
242.3203,82.6656,63.2494,128.6002
240.3706,83.1468,63.0177,129.1941
239.1036,82.3889,63.2985,129.5642
237.5807,80.2659,63.2849,130.2801
235.3105,79.3206,64.0250,130.4033
232.6222,78.1713,64.2437,131.4927
227.2485,76.4886,64.9956,132.2823
220.6835,77.1452,65.0636,133.7915
215.3767,72.9736,65.0352,136.2172
211.1069,69.1835,64.9517,139.2753
204.0821,66.2798,65.8163,141.1150
196.7993,63.1657,67.2872,142.8097
188.4321,61.7223,68.6770,144.8248
184.6936,60.3324,68.3148,146.9310
180.9289,58.6170,68.7778,148.9721
179.4450,59.5650,69.0637,151.8463
178.4165,61.2989,69.1363,154.5557
175.5453,63.5704,70.1652,155.9194
172.0258,68.0806,70.7471,156.5544
171.2281,70.0341,71.4316,157.0874
170.3831,71.2619,72.1764,157.8903
170.6015,72.6263,73.5383,157.8593
168.6117,75.0896,74.9808,157.1423
165.5125,79.0360,76.0788,155.1758
163.4861,82.8032,77.7425,152.8748
160.5959,85.8349,79.0337,150.9651
160.0175,87.8703,80.2961,149.2196
159.6610,87.8694,81.3737,147.7952
158.6504,88.8852,82.2377,146.1659
157.9044,90.2802,82.7689,145.4608
157.7475,92.7319,83.2334,144.5192
158.7208,94.9723,83.8180,143.7942
163.1253,93.5217,83.4950,143.5174
164.6778,96.4914,83.8160,142.5404
167.3279,95.1644,83.6545,142.4203
175.0229,94.2629,84.6329,140.9119
180.2221,91.3346,84.1174,141.0574
183.7595,91.5875,84.0804,141.1990
184.7708,89.8015,84.7952,141.5187
182.9681,88.4671,84.9045,141.7982
181.5444,90.6936,84.9562,141.4780
181.1488,90.5664,84.8130,141.4410
181.4278,89.6182,84.8841,141.7600
183.4039,89.4953,85.1369,142.4996
186.0320,88.0763,86.0507,142.9341
197.9766,84.9854,85.8739,143.4789
198.1986,84.2336,85.9700,143.9845
208.8877,80.3714,85.9740,143.2924
203.3023,81.5718,87.7994,143.0206
211.9585,79.1572,88.4770,143.2135
211.1303,80.1274,89.4906,142.8759
212.6279,77.0025,90.5627,143.0166
214.2355,76.1273,92.1915,143.0152
214.9641,75.7057,93.0845,144.3722
214.3025,74.8772,94.1552,145.4846
214.4380,70.5659,95.2016,146.9610
211.9052,70.2643,96.0403,148.5719
211.4322,70.2363,96.0622,149.6828
212.0519,66.3673,95.4767,151.6837
209.0623,65.5942,97.4318,151.0913
206.5609,66.0347,98.5007,150.4659
205.2863,72.5947,98.6067,150.6766
204.0215,67.4435,99.3754,149.9426
196.7243,62.7911,99.6112,150.6920
189.2101,71.6318,99.5912,150.9667
184.8017,67.3536,99.3153,150.5161
193.2727,65.8539,98.9891,151.0431
198.9509,69.6538,98.5622,149.2265
203.6562,79.9383,97.7333,147.8921
200.4087,73.6957,97.3765,147.1308
208.5184,77.8074,97.0945,146.2809
212.8991,80.9554,96.9720,145.0974
212.7071,75.9011,98.7614,142.8929
214.3435,77.2135,98.5812,142.5348
214.7244,77.4337,98.3268,142.0635
214.8517,78.6319,97.9459,141.3531
213.4601,80.0063,98.3388,140.4247
220.7597,77.1652,95.2263,142.5028
225.3985,82.0870,93.6881,143.1280
228.1953,80.9688,93.6578,142.9699
229.4143,84.7290,93.9415,141.8066
224.9601,86.2690,94.3106,140.3708
222.5369,88.3830,94.5898,139.4084
221.5072,88.8681,93.9062,139.2363
220.0079,92.0704,94.2200,138.3173
218.2464,92.1715,94.6480,138.5663
211.9320,93.0315,95.7349,138.4372
212.5057,91.3221,96.1828,138.9038
209.9899,89.9596,97.0611,139.4735
209.8462,87.6787,97.1432,140.7122
209.2264,89.8023,96.9301,141.1288
205.2870,87.9680,97.3472,141.0600
205.1453,87.1899,97.2805,141.6832
204.5047,85.7264,97.2140,142.3898
201.7454,87.8135,97.5261,142.2062
199.7269,82.6107,96.9097,143.0339
198.3810,84.0102,96.9250,142.2765
197.3471,85.5541,97.3999,141.3631
195.0740,89.0072,97.3992,140.4707
193.3550,86.7544,96.7767,140.8820
191.4886,82.5961,96.3609,141.5500
190.4053,78.9047,96.2425,141.6414
189.6924,75.8706,96.7633,141.2341
174.2389,71.7313,97.1018,142.3112
172.7897,69.1972,97.1695,142.2281
168.4232,67.3087,98.1688,141.7127
170.1808,69.8235,98.2613,142.2741
173.6113,69.9763,97.3316,144.5143
174.9720,70.1153,96.2740,145.7234
168.9823,65.6999,95.9804,145.9138
174.1821,63.8444,95.0675,146.3921
179.5465,65.4244,94.1024,146.7023
183.5679,68.7856,93.9286,146.7917
185.0452,69.0521,93.6428,145.9856
187.8303,72.3935,94.0235,145.5416
192.4752,74.5040,91.6965,147.6015
183.9762,74.2997,90.6723,146.6523
182.4469,76.3221,90.7343,146.5591
180.4202,78.9611,90.5633,146.2099
181.3532,79.7298,89.5985,145.2995
180.3779,79.9081,89.3475,144.0866
186.4902,79.8770,88.5222,143.0982
191.0852,83.6269,88.4376,142.8256
188.9637,85.4572,88.2598,141.2550
184.2569,86.3920,88.6773,140.1037
183.5151,88.9159,88.6551,139.4627
181.9540,87.3500,89.2290,139.0963
185.1122,87.7377,88.7058,140.0075
189.0796,88.2122,88.6760,140.7241
193.5513,87.8083,89.1221,140.4968
195.2869,87.0290,88.8328,141.3813
196.4091,86.1349,89.2939,142.0353
200.2841,84.3944,89.6418,142.0292
200.3942,84.4476,90.2912,141.5800
197.8607,84.1810,90.2336,141.9649
200.8418,80.5509,90.0799,143.3591
201.7092,79.5238,90.2700,143.9823
200.7772,76.6880,90.5171,145.0784
200.7453,74.8737,90.1876,146.3920
200.1917,73.4585,89.7229,147.8203
198.9747,74.0433,89.5210,148.6378
197.4241,73.0741,90.2035,149.2658
193.6557,73.9650,91.2546,148.3682
195.4333,71.1953,91.2822,149.0502
195.2151,69.2139,91.4646,150.2047
196.8581,67.0495,91.2208,152.1651
195.6920,65.0395,91.0887,153.7891
193.0186,64.9746,90.9234,155.0814
194.3039,63.7401,91.4194,156.0952
193.1858,61.2832,91.9818,157.5147
191.2741,59.7440,91.8705,158.2189
188.7903,59.9746,92.2367,158.3407
188.4004,56.9971,92.1920,159.6379
188.3428,54.9713,92.2220,159.0158
187.4976,55.5427,92.7041,158.3473
189.3604,54.6829,92.9268,157.4184
191.2577,54.9364,93.3554,157.8205
191.5450,58.0157,93.3621,158.1402
190.7789,61.6320,93.4969,158.6161
192.5245,60.7545,93.7815,158.9131
192.2176,58.9364,94.1886,159.1017
194.3250,63.5813,94.8740,159.1553
194.5773,64.6018,95.4903,158.3866
192.5193,64.0408,95.8145,158.6318
191.8105,65.9687,96.1250,159.2283
190.6632,65.4834,95.9652,158.6934
191.3642,66.7610,95.5880,158.7677
193.1824,67.5093,95.0626,159.0432
191.9018,70.0096,94.9493,159.4561
191.9654,71.5059,95.1791,159.6485
190.7472,70.1453,95.6681,159.6095
191.3403,69.5754,96.5073,159.6703
194.0688,71.0441,97.5294,159.7697
195.0016,71.5432,96.9916,160.6818
191.5296,71.2495,97.5739,159.5742
192.0356,72.8031,97.7125,158.8746
189.1808,74.0169,98.0064,157.7675
188.1945,74.1493,97.9184,157.6047
190.6193,75.7578,97.8112,157.4243
191.8909,75.5339,97.1421,156.8234
194.0432,76.4829,96.8237,155.9285
196.9149,76.0261,96.2831,155.8380
201.2367,74.2071,95.9903,156.0253
204.9975,70.2778,96.0179,157.3968
210.6611,70.2682,96.3210,158.1521
215.3493,68.7277,96.8476,158.4436
220.4889,65.4194,97.4641,159.0366
227.1083,62.6549,95.0889,163.4458
230.9773,59.8975,93.2359,167.5093
235.4443,59.5826,91.4600,170.8587
237.2150,60.0054,90.3181,173.3035
240.0565,55.6053,89.4691,176.8931
242.7525,54.6858,88.8587,179.3372
243.6432,53.3716,88.0036,181.3923
245.4893,54.3123,86.8714,183.3089
247.9312,53.3453,85.1216,185.5401
251.7030,48.3933,83.5695,188.3797
254.9763,46.7585,82.4514,190.9929
257.0826,43.6562,81.8770,194.1131
261.2026,38.9679,82.4880,197.3620
265.7556,38.4781,83.4195,200.3450
267.3104,36.3408,84.6888,202.3904
266.6453,35.6710,85.1354,205.6336
263.3120,37.8221,85.6667,207.0806
259.7961,33.8166,85.0403,208.4315
255.6167,36.9603,84.7843,209.6429
252.8899,38.9600,83.8169,210.0361
250.8858,33.8259,83.3797,211.8384
247.9934,29.3747,83.6639,212.9500
242.4704,26.4772,83.5740,214.3855
234.0748,30.3254,83.0770,214.6296
228.7536,28.2899,82.4932,214.2352
225.3241,30.4889,81.6657,214.0202
218.6442,30.8478,83.3084,212.3128
211.9792,29.7317,85.5408,210.0514
203.9310,35.0115,87.6098,208.1802
195.0210,35.1682,90.2540,204.8914
185.6095,34.5258,92.8566,201.7337
173.8068,35.4680,94.7626,199.7464
169.9612,36.0930,96.9884,198.1047
165.8455,36.5828,98.9531,197.5033
162.1772,36.0136,99.5863,196.1437
162.5594,35.3435,98.6282,195.1158
164.0100,38.8957,97.6854,194.3553
160.0539,36.8246,97.7562,192.2074
155.4001,39.7805,98.9394,190.1408
151.6546,41.7917,99.9191,188.0493
149.3897,42.0048,100.7026,186.5841
147.9827,45.1653,100.3975,185.8207
146.4365,42.4027,101.1207,184.1575
147.8742,46.3383,99.9286,184.5287
147.0446,46.6592,101.0648,182.2570
146.2401,45.7719,102.4349,180.1069
144.8869,43.0713,100.3291,180.7309
134.4869,49.7943,99.9929,179.6138
142.2299,47.0467,97.9014,179.8273
147.2929,52.5052,97.9489,179.0696
148.1733,51.9002,97.2277,180.1340
145.7135,51.5625,94.4621,180.0847
148.4987,52.7759,91.7187,179.6623
152.2761,56.2939,89.1683,178.6540
152.3015,52.1656,87.1507,177.7058
151.6047,50.4627,85.6566,177.2795
150.5091,51.0313,85.8092,176.8485
151.9899,54.1909,84.0127,177.6233
152.9185,54.4660,82.3101,178.0213
150.3419,51.2542,82.5399,177.5496
148.7641,50.2612,82.1382,178.3040
150.6555,47.9597,83.2260,178.2963
150.0545,46.6590,84.0342,177.9872
149.2559,46.3477,84.2620,177.5420
150.1659,45.4891,84.2232,177.2140
151.1579,42.7680,83.9648,177.8980
150.2369,41.1631,84.4460,179.4673
148.9285,43.9009,84.3057,181.1564
151.0892,45.4361,83.8234,183.5016
152.1960,46.9399,83.2866,185.7810
151.3487,49.5342,82.2774,186.9881
151.8673,55.6262,81.1051,186.2480
152.0181,61.7352,80.2555,184.1331
153.9010,65.1022,79.8592,181.8403
154.4141,72.1378,79.6831,179.0874
155.5306,77.7206,80.2327,175.0259
156.0730,82.6411,80.3585,170.5952
154.5325,85.3353,81.2862,167.2541
153.7025,88.6907,82.2938,163.6946
154.1537,91.9144,83.2197,160.3146
151.8392,94.0671,83.9332,157.1513
149.9054,95.4193,84.3902,154.4631
148.4562,96.2234,84.9662,152.1295
148.6986,98.2601,85.4833,150.2413
148.8081,98.7527,85.8709,148.3672
147.8221,99.2183,86.0942,147.1109
148.0414,98.7356,85.8545,146.9812
145.8505,98.6050,86.0821,146.2604
146.5578,98.0017,85.1836,146.4015
147.6497,98.3689,85.6115,145.0015
150.6713,96.0554,85.7068,144.0524
153.0547,93.9530,85.6579,142.9092
152.6555,88.2978,86.3876,141.0811
153.9955,85.4863,87.4148,139.8170
151.9488,86.9360,87.4579,139.6619
161.6797,86.2778,86.2303,140.4484
172.2940,89.1331,87.7251,137.9359
177.7388,94.2913,87.1560,137.1725
179.5720,97.9637,86.5825,136.9599
180.5250,98.5267,86.5303,136.2834
181.6680,96.8052,86.5229,135.8790
183.8703,98.5467,86.2124,135.5337
185.3773,97.3995,85.8285,135.2589
184.6991,96.3726,85.4203,135.1689
186.9599,94.0266,84.4630,135.2218
188.3886,94.0072,82.9977,134.3459
191.1141,94.5930,82.2308,133.0660
195.1361,93.4047,82.2495,131.3754
200.3533,94.0876,81.4681,131.0630
203.3707,94.8772,80.0850,130.0269
208.0532,93.8363,79.0194,129.6344
211.6082,94.3629,78.9770,128.9964
215.1581,92.9501,79.7430,128.7799
217.8996,89.9649,80.6481,129.2897
220.4933,87.4223,80.7477,130.4260
224.3445,83.3237,80.7306,132.3115
223.9930,82.5311,80.5493,133.4423
221.9520,80.2562,80.4186,134.0798
220.5855,78.6015,80.0990,134.5281
219.6829,76.7695,76.5267,136.6400
210.5141,74.5802,76.4929,135.5688
213.3005,74.2450,73.1572,137.1520
210.0589,74.8492,70.6440,137.8035
206.7282,74.7955,69.2022,138.0830
202.8072,76.9137,68.0451,137.6572
197.8896,79.2551,67.4000,136.2992
195.0935,83.1962,66.4877,134.4012
192.4908,86.1997,65.3891,132.4089
191.8157,89.1897,64.8395,130.2229
190.7588,90.8757,64.1277,128.4066
192.8051,94.8395,63.3890,126.4765
191.7675,97.4390,62.8919,124.1539
190.2106,99.1859,62.0862,122.0325
189.2822,100.5005,62.0042,120.0726
190.6777,100.7526,62.4967,118.0001
191.8914,103.3592,62.6142,116.1364
193.9385,103.8479,62.9438,114.5676
195.0346,102.1416,63.1058,113.2273
193.8173,102.1843,63.7030,111.6696
191.1971,102.7943,63.6142,110.8083
186.7821,101.9534,62.8229,110.0545
183.3136,102.1153,61.7368,109.7856
181.9163,103.6664,61.1470,108.5121
181.4807,103.6295,60.4531,107.1471
182.3241,105.9655,59.8161,105.9537
181.6791,107.3592,59.0426,105.2520
182.4362,108.1942,58.5569,105.0053
182.6704,108.0925,58.4156,104.9223
181.8900,106.4720,58.3032,104.7690
182.0240,107.2516,58.1351,104.8209
182.5184,107.5649,57.4769,104.9638
185.2928,106.2635,56.6065,105.1943
185.3381,107.4509,57.2132,104.6955
186.1171,110.2513,56.7636,105.0328
189.0619,111.0673,56.6480,104.4292
190.5728,113.4374,56.0444,103.3682
191.1138,116.1378,56.0904,102.2359
192.3732,117.6214,56.1967,101.1136
197.3013,118.4310,56.1559,100.5149
199.3925,116.8681,56.1725,100.2847
203.1473,119.4634,56.1576,99.8513
206.7348,120.6132,56.8295,99.4646
207.2144,119.9712,57.6064,99.3203
205.8656,118.0475,58.2092,99.8403
205.1309,114.5264,58.6275,100.9147
203.8439,114.1942,59.1438,101.4519
201.1826,111.0630,59.0516,102.4215
197.2996,108.3198,59.7149,103.2032
194.2437,106.9105,59.2918,105.2880
187.6209,103.6313,61.2049,104.4911
191.8983,100.4047,60.2508,106.8674
190.4944,92.7842,58.1985,111.0688
193.0415,94.2518,57.8170,112.4421
189.0364,87.5988,56.7962,115.1905
186.3208,84.3340,55.6014,118.9339
186.0047,77.2385,54.1325,123.0856
187.2710,71.2574,52.8959,126.5589
188.2852,67.7198,51.8108,129.7337
190.6316,69.3441,51.4391,131.2483
191.8148,71.0707,51.8542,132.7274
195.8333,71.6795,52.1863,134.3320
199.0253,70.6896,53.7432,135.1853
199.8225,70.5286,55.3749,135.1144
201.8498,69.5699,57.5080,135.0960
204.4552,70.4888,59.8793,134.5606
208.4909,72.1185,62.0649,134.1338
210.0924,71.4044,64.7824,133.1855
213.4983,71.9980,67.7679,132.4332
224.9733,70.1158,69.5346,132.1867
226.1246,68.9276,70.7628,131.3285
226.1761,69.3006,71.5843,130.3255
229.2142,72.0157,72.8019,129.3050
232.0770,72.5390,74.2968,127.8544
236.4486,69.1359,75.6422,127.4152
240.3075,68.4879,76.7282,127.3763
243.5292,67.4648,77.6236,127.4474
245.2067,66.3583,77.6356,128.6869
250.3214,66.3483,77.9570,129.3784
254.5648,67.9702,78.7561,130.0763
257.1327,66.6966,78.9618,130.8167
258.0184,66.0375,79.0641,130.8455
257.5450,64.8949,78.7982,130.4325
256.2060,63.6218,78.4397,129.6864
257.6780,63.2455,78.4195,129.0926
261.4089,64.8802,75.5739,130.4291
260.4594,62.0025,73.9502,130.4155
263.2130,62.4094,72.4714,131.0659
266.4891,59.2693,71.2659,132.3359
270.0327,58.0842,69.6949,135.0141
271.8838,55.1874,69.4341,137.1615
272.7677,54.3515,68.9011,138.4684
271.6387,47.3623,68.6904,141.8981
270.0526,45.7626,68.2263,145.5022
267.5067,43.7572,67.3124,150.4609
265.2906,39.6135,65.9920,156.3315
262.5514,38.5981,64.9156,161.6839
259.4925,41.1344,64.6646,165.7234
258.4931,43.7431,64.7570,168.7644
258.0226,50.3508,65.3103,169.4825
259.0454,52.4899,66.2514,170.0076
257.3607,57.5619,67.5024,168.9607
253.6032,51.3390,70.0302,168.6392
248.3078,53.3436,73.2904,167.8880
242.2202,53.4477,76.8503,167.4480
236.7059,53.3938,80.8236,167.0273
229.5660,52.1093,84.1818,166.6771
218.6653,45.0176,86.0988,168.0139
216.0376,44.0710,87.0650,169.5396
207.7050,41.8155,88.2172,172.6894
198.4733,45.9769,90.3986,175.2407
189.9709,48.6521,90.8085,179.4002
180.8457,47.5720,91.9368,183.8939
167.6300,37.9414,93.6558,189.2432
156.7920,42.5459,95.1569,194.3226
146.5605,27.4953,95.3851,201.5280
133.2131,27.4261,95.9383,207.2349
122.3288,24.4075,95.9650,214.0517
110.8295,22.8695,95.9139,220.6818
99.9167,25.2385,96.5380,225.8604
91.7780,14.7659,97.0139,229.9379
86.7660,16.7081,98.7749,232.8366
79.7345,15.1832,100.5139,235.1812
73.8987,18.1759,101.0570,238.5590
68.9179,17.5520,101.8634,241.2292
65.7368,26.5805,103.6446,242.6831
64.0985,36.1088,105.7803,240.9947
57.9359,34.7580,106.9971,238.6482
54.9458,47.0515,107.2469,235.1871
56.1536,43.6672,109.8434,232.0510
57.1420,49.0045,111.3580,228.5705
51.6414,57.6727,113.4666,224.0250
50.2217,61.9486,115.0696,219.5323
47.7366,66.1653,117.3264,213.8929
49.1730,69.0585,117.9542,208.8368
53.7495,73.1063,117.8596,203.8730
55.0020,74.8136,116.9924,199.4273
62.8496,76.6870,116.1852,194.8111
63.4014,78.2999,115.4387,190.5879
59.0778,85.8183,115.8518,184.9475
58.3494,87.0385,115.5372,180.2658
58.1100,85.4008,114.7994,174.2622
60.0250,86.7115,114.4577,169.9412
62.5689,85.2987,113.3767,165.4764
63.8025,85.8515,112.2929,161.7525
73.7402,79.5459,110.1345,159.6810
78.7673,79.9432,108.9611,157.7673
86.7650,74.6094,106.3772,156.0290
88.3359,76.4259,104.5302,154.1501
90.1764,75.9775,102.1996,151.6575
93.1020,78.8841,100.1213,149.3502
90.5028,75.8357,98.5911,146.3185
90.3190,80.0420,97.2234,143.9086
90.5772,78.6578,96.8737,141.2239
91.0157,79.0671,96.9594,139.0636
92.3432,79.6979,96.7122,137.2627
92.7909,80.2804,96.4290,135.9402
94.9051,78.4766,96.6888,134.6205
95.3789,78.0843,96.7827,133.6535
98.7132,73.9526,96.8577,133.3315
98.4338,75.8060,96.2356,132.6015
102.3331,76.7364,95.1787,130.3348
102.0521,78.1625,94.4041,128.2027
104.4899,79.5746,93.8526,125.4908
106.7441,82.7087,92.9444,123.0914
108.1945,84.4321,91.6157,121.4747
108.3676,83.9183,90.6886,120.1133
110.2870,84.7703,89.6857,119.2029
112.1304,83.8216,88.8060,118.3533
113.9075,83.7524,87.2001,117.9611
114.2472,84.3550,86.0294,117.1288
123.0307,83.7814,85.4837,115.8389
120.9519,83.9368,85.0140,115.0530
127.4521,81.1286,84.0303,115.0879
127.4147,79.1585,83.5332,114.8756
133.6557,77.5254,83.8491,114.3766
133.8508,77.8212,84.2889,113.8487
133.3918,80.9338,83.4687,113.7637
133.6991,81.0796,82.6917,113.5215
141.0455,85.7594,82.3205,112.8552
143.6005,82.9790,81.2169,113.1507
146.5335,89.3094,81.1210,112.2727
146.7510,89.6048,80.9456,111.9772
146.7416,88.5094,82.1026,112.0908
146.5251,87.8409,83.0043,112.2595
157.1383,84.6768,82.8524,112.7965
155.2625,82.9109,82.7514,113.2749
155.4982,85.2052,83.1968,114.1639
155.5328,84.8520,83.8359,114.8665
154.5978,83.8547,84.4632,115.6609
153.7822,84.0165,85.0522,116.2326
154.2647,82.1750,85.6288,117.0323
153.6533,80.8439,85.7961,117.9904
152.4240,76.3751,85.9164,119.4024
151.9932,78.5282,86.6343,120.1575
155.9219,71.0366,85.2131,122.5507
